:break:
1298880208 -8.59138 41.1628
1298880220 -8.59137 41.1628
1298880230 -8.59136 41.1628
1298880267 -8.59139 41.1628
1298880270 -8.5914 41.1628
1298880273 -8.59141 41.1628
1298880275 -8.59142 41.1628
1298880277 -8.59143 41.1628
1298880281 -8.59144 41.1628
1298880285 -8.59145 41.1628
1298880537 -8.59146 41.1628
1298880542 -8.59147 41.1628
1298880968 -8.59139 41.1627
1298880969 -8.59138 41.1627
1298880970 -8.59136 41.1627
1298880972 -8.59134 41.1627
1298880989 -8.59133 41.1627
1298881013 -8.59132 41.1627
1298881024 -8.59131 41.1627
1298881054 -8.59135 41.1627
1298881200 -8.59136 41.1627
