:break:
1298880011 -8.62099 41.1615
1298880018 -8.62098 41.1615
1298880029 -8.62097 41.1615
1298880038 -8.62096 41.1615
1298880135 -8.621 41.1615
1298880137 -8.621 41.1614
1298880139 -8.62101 41.1614
1298880142 -8.62102 41.1614
1298880148 -8.62103 41.1614
1298880157 -8.62099 41.1614
1298880162 -8.62098 41.1614
1298880166 -8.62097 41.1614
1298880176 -8.62096 41.1614
1298880215 -8.62104 41.1614
1298880219 -8.62105 41.1614
1298880255 -8.62095 41.1615
1298880258 -8.62094 41.1615
1298880261 -8.62093 41.1615
1298880265 -8.62092 41.1615
1298880274 -8.62091 41.1615
1298880283 -8.62092 41.1614
1298880284 -8.62093 41.1614
1298880286 -8.62095 41.1614
1298880337 -8.62097 41.1613
1298880338 -8.62096 41.1613
1298880341 -8.62095 41.1613
1298880344 -8.62094 41.1613
1298880379 -8.62098 41.1613
1298880381 -8.62099 41.1613
1298880401 -8.621 41.1613
1298880407 -8.62101 41.1613
1298880411 -8.62102 41.1613
1298880438 -8.62103 41.1613
1298880441 -8.62104 41.1613
1298880451 -8.62105 41.1613
1298880496 -8.62096 41.1612
1298880499 -8.62097 41.1612
1298880510 -8.62095 41.1612
1298880511 -8.62094 41.1612
1298880534 -8.62093 41.1612
1298880536 -8.62092 41.1612
1298880687 -8.62091 41.1612
1298880690 -8.6209 41.1612
1298880708 -8.62098 41.1612
1298880709 -8.62099 41.1612
1298880711 -8.621 41.1612
1298880726 -8.62106 41.1613
1298880729 -8.62107 41.1613
1298880736 -8.62108 41.1613
1298880739 -8.62109 41.1613
1298880745 -8.6211 41.1613
1298880750 -8.6211 41.1614
1298880950 -8.62104 41.1612
1298880951 -8.62103 41.1612
1298880962 -8.62105 41.1612
1298881026 -8.62111 41.1613
1298881031 -8.62111 41.1612
1298881044 -8.62112 41.1612
1298881049 -8.62112 41.1613
1298881051 -8.62113 41.1613
1298881067 -8.62114 41.1613
1298881089 -8.62114 41.1612
1298881090 -8.62115 41.1612
1298881105 -8.62116 41.1612
1298881154 -8.62117 41.1612
1298881186 -8.62118 41.1612
1298881198 -8.62118 41.1613
1298881200 -8.62118 41.1613
