:break:
1298880590 -8.5799 41.1859
:break:
1298880604 -8.57984 41.186
1298880606 -8.57983 41.186
1298880615 -8.57982 41.186
1298880626 -8.57981 41.186
1298880758 -8.57981 41.1861
1298880761 -8.5798 41.1861
1298880770 -8.57979 41.1861
1298880781 -8.57978 41.1861
1298880787 -8.57977 41.1861
1298880799 -8.57976 41.1861
1298880813 -8.57978 41.186
1298880814 -8.57979 41.186
1298880816 -8.57975 41.186
1298880818 -8.57973 41.186
1298880819 -8.57972 41.186
1298880820 -8.5797 41.1859
1298880821 -8.57971 41.1859
1298880822 -8.57972 41.1859
1298880823 -8.57976 41.1858
1298880824 -8.57977 41.1858
1298880825 -8.57978 41.1858
1298880827 -8.57979 41.1857
1298880828 -8.5798 41.1857
1298880830 -8.57981 41.1857
1298880831 -8.57982 41.1857
1298880832 -8.57984 41.1857
1298880834 -8.57985 41.1857
1298880835 -8.57986 41.1856
1298880836 -8.57988 41.1856
1298880837 -8.57989 41.1856
1298880838 -8.57991 41.1856
1298880839 -8.57992 41.1856
1298880840 -8.57994 41.1856
1298880841 -8.57998 41.1856
1298880842 -8.58001 41.1856
1298880843 -8.58003 41.1856
1298880844 -8.58007 41.1857
1298880845 -8.58011 41.1857
1298880846 -8.58018 41.1857
1298880847 -8.58024 41.1857
1298880848 -8.5803 41.1858
1298880849 -8.58038 41.1858
1298880850 -8.58045 41.1858
1298880851 -8.58052 41.1859
1298880852 -8.58059 41.1859
1298880853 -8.58065 41.1859
1298880854 -8.58071 41.1859
1298880855 -8.58076 41.186
1298880856 -8.58082 41.186
1298880857 -8.58086 41.186
1298880858 -8.58091 41.186
1298880859 -8.58094 41.186
1298880860 -8.58098 41.186
1298880861 -8.581 41.186
1298880862 -8.58101 41.1861
1298880863 -8.58103 41.1861
1298880864 -8.58105 41.1861
1298880865 -8.58106 41.1861
1298880866 -8.58108 41.1861
1298880868 -8.58109 41.186
1298880872 -8.5811 41.186
1298880873 -8.58112 41.186
1298880874 -8.58116 41.186
1298880875 -8.5812 41.186
1298880876 -8.58125 41.1859
1298880877 -8.58129 41.1859
1298880878 -8.58133 41.1858
1298880879 -8.58137 41.1858
1298880880 -8.58144 41.1857
1298880881 -8.58147 41.1857
1298880882 -8.58151 41.1856
1298880883 -8.58155 41.1856
1298880884 -8.58158 41.1855
1298880885 -8.58162 41.1855
1298880886 -8.58165 41.1854
1298880887 -8.58169 41.1854
1298880888 -8.58172 41.1853
1298880889 -8.58174 41.1853
1298880890 -8.58176 41.1852
1298880891 -8.58179 41.1852
1298880892 -8.58181 41.1851
1298880893 -8.58182 41.185
1298880894 -8.58185 41.1849
1298880895 -8.58188 41.1848
1298880896 -8.58191 41.1847
1298880897 -8.58196 41.1847
1298880898 -8.582 41.1846
1298880899 -8.58204 41.1845
1298880900 -8.58209 41.1844
1298880901 -8.58214 41.1843
1298880902 -8.5822 41.1842
1298880903 -8.58225 41.1841
1298880904 -8.58229 41.184
1298880905 -8.58235 41.1839
1298880906 -8.58242 41.1838
1298880907 -8.58246 41.1837
1298880908 -8.58251 41.1836
1298880909 -8.58253 41.1836
1298880910 -8.58252 41.1835
1298880911 -8.58252 41.1834
1298880913 -8.58253 41.1833
1298880914 -8.58254 41.1833
1298880916 -8.58255 41.1832
1298880917 -8.58257 41.1832
1298880919 -8.58258 41.1831
1298880921 -8.58259 41.1831
1298880940 -8.5826 41.1831
1298880942 -8.5826 41.183
1298880943 -8.58261 41.183
1298880944 -8.58262 41.183
1298880946 -8.58263 41.183
1298880948 -8.58264 41.1829
1298880949 -8.58265 41.1829
1298880950 -8.58266 41.1829
1298880951 -8.58268 41.1829
1298880952 -8.58268 41.1828
1298880953 -8.5827 41.1828
1298880954 -8.58271 41.1828
1298880955 -8.58272 41.1827
1298880965 -8.58271 41.1827
1298880970 -8.58273 41.1827
1298880971 -8.58275 41.1826
1298880972 -8.58276 41.1826
1298880973 -8.58278 41.1825
1298880974 -8.5828 41.1825
1298880975 -8.58282 41.1824
1298880976 -8.58286 41.1823
1298880977 -8.5829 41.1823
1298880978 -8.58296 41.1822
1298880979 -8.58296 41.1821
1298880980 -8.58299 41.182
1298880981 -8.58302 41.1819
1298880982 -8.58306 41.1818
1298880983 -8.58308 41.1818
1298880984 -8.58308 41.1817
1298880985 -8.5831 41.1817
1298880986 -8.58312 41.1816
1298880987 -8.58314 41.1816
1298880988 -8.58315 41.1816
1298880989 -8.58316 41.1816
1298880990 -8.58317 41.1815
1298880993 -8.58316 41.1815
1298880994 -8.58315 41.1815
1298880999 -8.58314 41.1815
1298881022 -8.58313 41.1815
1298881060 -8.58314 41.1814
1298881061 -8.58316 41.1814
1298881062 -8.58317 41.1814
1298881063 -8.58319 41.1813
1298881064 -8.58322 41.1813
1298881065 -8.58323 41.1813
1298881066 -8.58324 41.1812
1298881068 -8.58325 41.1812
1298881069 -8.58326 41.1812
1298881071 -8.58328 41.1811
1298881072 -8.58327 41.1811
1298881073 -8.58325 41.181
1298881074 -8.58322 41.181
1298881075 -8.58318 41.181
1298881076 -8.58317 41.181
1298881077 -8.58315 41.181
1298881078 -8.58314 41.181
1298881079 -8.58313 41.181
1298881086 -8.58316 41.181
1298881200 -8.58313 41.181
