:break:
1298880006 -8.56134 41.2004
1298880007 -8.56133 41.2005
1298880008 -8.5613 41.2006
1298880009 -8.56127 41.2007
1298880010 -8.56123 41.2007
1298880011 -8.56121 41.2008
1298880012 -8.56117 41.2009
1298880013 -8.56111 41.201
1298880014 -8.56103 41.201
1298880015 -8.56094 41.2011
:break:
1298880017 -8.56071 41.2012
1298880018 -8.56058 41.2013
1298880019 -8.56044 41.2013
1298880020 -8.56031 41.2014
1298880021 -8.56021 41.2015
1298880022 -8.56012 41.2016
1298880023 -8.56003 41.2017
1298880024 -8.55994 41.2018
1298880025 -8.55985 41.2019
1298880026 -8.55975 41.202
1298880027 -8.55966 41.2021
1298880028 -8.55959 41.2022
1298880029 -8.55952 41.2023
1298880030 -8.55947 41.2024
1298880031 -8.55942 41.2025
1298880032 -8.55938 41.2026
1298880033 -8.55935 41.2027
1298880034 -8.55931 41.2028
1298880035 -8.55929 41.2029
1298880036 -8.55926 41.203
1298880037 -8.55924 41.203
1298880038 -8.55922 41.2031
1298880039 -8.55922 41.2032
1298880040 -8.5592 41.2032
1298880041 -8.55919 41.2032
1298880042 -8.55918 41.2033
1298880043 -8.55917 41.2033
1298880045 -8.55921 41.2033
1298880046 -8.55925 41.2034
1298880047 -8.5593 41.2034
1298880048 -8.55935 41.2034
1298880049 -8.5594 41.2033
1298880050 -8.55946 41.2033
1298880051 -8.55953 41.2033
1298880052 -8.55962 41.2033
1298880053 -8.55971 41.2033
1298880054 -8.55981 41.2033
1298880055 -8.55991 41.2032
1298880056 -8.56002 41.2032
1298880057 -8.56013 41.2032
1298880058 -8.56022 41.2032
1298880059 -8.56033 41.2031
1298880060 -8.56043 41.2031
1298880061 -8.56054 41.2031
1298880062 -8.56064 41.203
1298880063 -8.56075 41.203
1298880064 -8.56085 41.203
1298880065 -8.56096 41.2029
1298880066 -8.56108 41.2029
1298880067 -8.56119 41.2029
1298880068 -8.5613 41.2028
1298880069 -8.56142 41.2028
1298880070 -8.56153 41.2028
1298880071 -8.56165 41.2028
1298880072 -8.56175 41.2027
1298880073 -8.56187 41.2027
1298880074 -8.56199 41.2027
1298880075 -8.56211 41.2027
1298880076 -8.56223 41.2027
1298880077 -8.56234 41.2027
1298880078 -8.56246 41.2027
1298880079 -8.56256 41.2027
1298880080 -8.56266 41.2028
1298880081 -8.56275 41.2028
1298880082 -8.56283 41.2028
1298880083 -8.56291 41.2028
1298880084 -8.56295 41.2029
1298880085 -8.56297 41.2029
1298880086 -8.56295 41.203
1298880087 -8.56291 41.2031
1298880088 -8.56287 41.2032
1298880089 -8.56283 41.2032
1298880090 -8.5628 41.2033
1298880091 -8.56275 41.2034
1298880092 -8.56273 41.2035
1298880093 -8.56269 41.2036
1298880094 -8.56265 41.2037
1298880095 -8.56262 41.2037
1298880096 -8.56255 41.2038
1298880097 -8.56249 41.2038
1298880098 -8.56239 41.2038
1298880099 -8.56229 41.2038
1298880100 -8.5622 41.2037
1298880101 -8.56211 41.2037
1298880102 -8.56202 41.2037
1298880103 -8.56192 41.2036
1298880104 -8.56181 41.2036
1298880105 -8.56171 41.2036
1298880106 -8.56163 41.2036
1298880107 -8.56156 41.2036
1298880108 -8.56151 41.2036
1298880109 -8.56146 41.2037
1298880110 -8.56142 41.2038
1298880111 -8.56138 41.2039
1298880112 -8.56133 41.204
1298880113 -8.56129 41.2041
1298880114 -8.56127 41.2041
1298880115 -8.56124 41.2042
1298880116 -8.56121 41.2043
1298880117 -8.56118 41.2044
1298880118 -8.56114 41.2045
1298880119 -8.56111 41.2045
1298880120 -8.56107 41.2046
1298880121 -8.56103 41.2047
1298880122 -8.56101 41.2048
1298880123 -8.56097 41.2049
1298880124 -8.56094 41.205
1298880125 -8.56091 41.2051
1298880126 -8.56087 41.2051
1298880127 -8.56085 41.2052
1298880128 -8.56082 41.2053
1298880129 -8.56079 41.2053
1298880130 -8.56075 41.2054
1298880131 -8.56073 41.2054
1298880132 -8.56071 41.2055
1298880133 -8.5607 41.2055
1298880139 -8.56072 41.2055
1298880140 -8.56074 41.2055
1298880141 -8.56077 41.2055
1298880142 -8.56084 41.2056
1298880143 -8.56089 41.2056
1298880144 -8.56094 41.2056
1298880145 -8.56101 41.2056
1298880146 -8.56107 41.2056
1298880147 -8.56113 41.2056
1298880148 -8.5612 41.2057
1298880149 -8.56127 41.2057
1298880150 -8.5613 41.2057
1298880151 -8.56133 41.2057
1298880153 -8.56132 41.2058
1298880154 -8.5613 41.2058
1298880155 -8.56129 41.2059
1298880156 -8.56126 41.2059
1298880157 -8.56124 41.206
1298880158 -8.56121 41.206
1298880159 -8.56119 41.2061
1298880160 -8.56119 41.2062
1298880161 -8.56117 41.2062
1298880162 -8.56114 41.2063
1298880163 -8.56112 41.2063
1298880164 -8.5611 41.2064
1298880165 -8.56108 41.2065
1298880166 -8.56105 41.2065
1298880167 -8.56103 41.2066
1298880168 -8.56101 41.2067
1298880169 -8.56098 41.2067
1298880170 -8.56095 41.2068
1298880171 -8.56094 41.2068
1298880172 -8.56094 41.2069
1298880173 -8.56095 41.2069
1298880174 -8.56097 41.2069
1298880175 -8.56099 41.2069
1298880176 -8.56101 41.2069
1298880177 -8.56102 41.2069
1298880178 -8.56103 41.207
1298880179 -8.56105 41.207
1298880180 -8.56108 41.207
1298880181 -8.56109 41.207
1298880182 -8.56111 41.2069
1298880183 -8.56112 41.2069
1298880187 -8.56113 41.2069
1298880189 -8.56114 41.2069
1298880192 -8.56115 41.2069
1298880197 -8.56116 41.2069
1298880204 -8.56117 41.2069
1298880212 -8.56118 41.2069
1298880217 -8.56119 41.2069
1298880223 -8.5612 41.2069
1298880229 -8.56121 41.2069
1298880241 -8.56122 41.2069
1298880246 -8.56123 41.2069
1298880252 -8.56124 41.2069
1298880261 -8.56125 41.2069
1298880276 -8.56126 41.2069
1298880336 -8.56123 41.2068
1298880337 -8.56122 41.2068
1298880341 -8.56121 41.2068
1298880348 -8.5612 41.2068
1298880405 -8.5611 41.2069
1298880407 -8.56109 41.2069
1298880411 -8.56108 41.2069
1298880435 -8.5611 41.207
1298880450 -8.56111 41.207
1298880459 -8.56112 41.207
1298880522 -8.56113 41.207
1298880638 -8.56107 41.2069
1298880639 -8.56106 41.2069
1298880641 -8.56106 41.2068
1298880643 -8.56107 41.2068
1298880648 -8.56108 41.2068
1298880675 -8.56105 41.2069
1298880681 -8.56104 41.2069
1298880732 -8.56103 41.2069
1298880736 -8.561 41.2069
1298880738 -8.56098 41.2069
1298880740 -8.56096 41.2069
1298880746 -8.56093 41.2069
1298880749 -8.56092 41.2069
1298880757 -8.56092 41.2068
1298880760 -8.56091 41.2068
1298880764 -8.5609 41.2068
1298880771 -8.56093 41.2068
1298880780 -8.56091 41.2069
1298880789 -8.56096 41.2068
1298880790 -8.56097 41.2068
1298880791 -8.56098 41.2068
1298880792 -8.56099 41.2068
1298880793 -8.561 41.2068
1298880794 -8.56101 41.2068
1298880795 -8.56102 41.2068
1298880796 -8.56103 41.2068
1298880800 -8.56104 41.2068
1298880801 -8.56105 41.2068
1298880813 -8.56109 41.2068
1298880815 -8.5611 41.2068
1298880820 -8.56111 41.2068
1298880821 -8.56112 41.2068
1298880827 -8.56112 41.2067
1298880835 -8.56111 41.2067
1298880838 -8.5611 41.2067
1298880845 -8.56113 41.2068
1298880852 -8.56114 41.2068
1298880932 -8.56099 41.2067
1298880935 -8.561 41.2067
1298880940 -8.56102 41.2067
1298880949 -8.56103 41.2067
1298881043 -8.56115 41.2068
:break:
1298881050 -8.56113 41.2068
:break:
1298881052 -8.56112 41.2068
:break:
1298881054 -8.56111 41.2068
1298881055 -8.5611 41.2068
1298881057 -8.56109 41.2068
1298881058 -8.56108 41.2068
:break:
1298881080 -8.56112 41.2068
1298881082 -8.56113 41.2068
:break:
1298881088 -8.56113 41.2068
:break:
1298881120 -8.56109 41.2068
1298881122 -8.56109 41.2069
1298881123 -8.56111 41.2069
1298881127 -8.56112 41.2069
:break:
1298881131 -8.56114 41.2069
1298881132 -8.56115 41.2069
1298881133 -8.56116 41.2068
1298881135 -8.56117 41.2068
1298881136 -8.56118 41.2068
1298881138 -8.56119 41.2068
1298881139 -8.5612 41.2068
1298881141 -8.56121 41.2068
1298881142 -8.56121 41.2067
1298881144 -8.56122 41.2067
1298881146 -8.5612 41.2067
1298881147 -8.56119 41.2067
1298881148 -8.56118 41.2067
1298881150 -8.56117 41.2067
1298881151 -8.56116 41.2067
1298881154 -8.56115 41.2067
1298881167 -8.56113 41.2067
1298881168 -8.56112 41.2067
1298881169 -8.5611 41.2067
1298881170 -8.56109 41.2067
1298881178 -8.5611 41.2067
