:break:
1298880007 -8.58003 41.1593
1298880009 -8.58002 41.1593
1298880010 -8.58001 41.1593
1298880021 -8.58 41.1593
1298880022 -8.57999 41.1593
1298880028 -8.57998 41.1593
1298880029 -8.57997 41.1593
1298880031 -8.57996 41.1593
1298880032 -8.57995 41.1593
1298880035 -8.57994 41.1593
1298880037 -8.57993 41.1593
1298880089 -8.57996 41.1594
1298880091 -8.57997 41.1594
1298880097 -8.57998 41.1594
1298880102 -8.57999 41.1594
1298880107 -8.58 41.1594
1298880145 -8.58 41.1595
1298880154 -8.58001 41.1595
1298880191 -8.58001 41.1594
1298880211 -8.58002 41.1594
1298880217 -8.58003 41.1595
1298880225 -8.58004 41.1595
1298880315 -8.58002 41.1595
1298880351 -8.58005 41.1595
1298880371 -8.58006 41.1595
1298880382 -8.58007 41.1595
1298880400 -8.58007 41.1594
1298880404 -8.58008 41.1594
1298880419 -8.58008 41.1595
1298880487 -8.58004 41.1594
1298880488 -8.58005 41.1594
1298880490 -8.58009 41.1594
1298880491 -8.5801 41.1594
1298880492 -8.58012 41.1594
1298880493 -8.58014 41.1594
1298880494 -8.58017 41.1594
1298880495 -8.58019 41.1594
1298880525 -8.58018 41.1594
1298880654 -8.58019 41.1595
1298880663 -8.5802 41.1595
1298880672 -8.5802 41.1594
1298880688 -8.58021 41.1594
1298880689 -8.58022 41.1594
1298880690 -8.58023 41.1594
1298880692 -8.58024 41.1594
1298880693 -8.58025 41.1594
1298880842 -8.58016 41.1593
1298880844 -8.58015 41.1593
1298880849 -8.58014 41.1593
1298880853 -8.58013 41.1593
1298880857 -8.58012 41.1593
1298880867 -8.58011 41.1593
1298880937 -8.58017 41.1593
1298880938 -8.58018 41.1593
1298880939 -8.58019 41.1593
1298880940 -8.58022 41.1593
1298880941 -8.58024 41.1593
1298880942 -8.58026 41.1593
1298880943 -8.58028 41.1593
1298880944 -8.58032 41.1593
1298880945 -8.58036 41.1593
1298880946 -8.58038 41.1593
1298880947 -8.58041 41.1593
1298880948 -8.58047 41.1594
1298880949 -8.58052 41.1594
1298880950 -8.58059 41.1594
1298880951 -8.58066 41.1594
1298880952 -8.58074 41.1594
1298880953 -8.5808 41.1594
1298880954 -8.58084 41.1594
1298880955 -8.58089 41.1594
1298880956 -8.58093 41.1594
1298880957 -8.58098 41.1594
1298880958 -8.58102 41.1594
1298880959 -8.58108 41.1594
1298880960 -8.58115 41.1594
1298880961 -8.58122 41.1594
1298880962 -8.58131 41.1594
1298880963 -8.5814 41.1593
1298880964 -8.58148 41.1593
1298880965 -8.58157 41.1593
1298880966 -8.58166 41.1593
1298880967 -8.58175 41.1593
1298880968 -8.58182 41.1592
1298880969 -8.5819 41.1592
1298880970 -8.58195 41.1592
1298880971 -8.58199 41.1591
1298880972 -8.582 41.159
1298880973 -8.58202 41.159
1298880974 -8.58203 41.159
1298880975 -8.58204 41.159
1298880976 -8.58204 41.1589
1298880977 -8.58205 41.1589
1298880978 -8.58207 41.1589
1298880979 -8.58208 41.1589
1298880980 -8.5821 41.1588
1298880981 -8.58213 41.1588
1298880982 -8.58218 41.1588
1298880983 -8.58225 41.1587
1298880984 -8.58232 41.1588
1298880985 -8.58239 41.1588
1298880986 -8.58248 41.1588
1298880987 -8.5826 41.1589
1298880988 -8.5827 41.1589
1298880989 -8.58279 41.1589
1298880990 -8.58289 41.1589
1298880991 -8.58296 41.1589
1298880992 -8.58304 41.1589
1298880993 -8.5831 41.1589
1298880994 -8.58318 41.1589
1298880995 -8.58326 41.1588
1298880996 -8.58336 41.1588
1298880997 -8.58347 41.1587
1298880998 -8.58359 41.1587
1298880999 -8.5837 41.1586
1298881000 -8.5838 41.1586
1298881001 -8.58391 41.1585
1298881002 -8.58402 41.1585
1298881003 -8.58414 41.1584
1298881004 -8.58426 41.1583
1298881005 -8.58438 41.1583
1298881006 -8.58451 41.1582
1298881007 -8.58464 41.1582
1298881008 -8.58477 41.1581
1298881009 -8.58489 41.1581
1298881010 -8.58501 41.158
1298881011 -8.58513 41.158
1298881012 -8.58524 41.1579
1298881013 -8.58534 41.1579
1298881014 -8.58545 41.1578
1298881015 -8.58555 41.1578
1298881016 -8.58565 41.1577
1298881017 -8.58574 41.1577
1298881018 -8.58584 41.1577
1298881019 -8.58594 41.1576
1298881020 -8.58604 41.1576
1298881021 -8.58614 41.1576
1298881022 -8.58625 41.1576
1298881023 -8.58637 41.1576
1298881024 -8.5865 41.1576
1298881025 -8.58662 41.1576
1298881026 -8.58676 41.1576
1298881027 -8.58689 41.1575
1298881028 -8.58704 41.1575
1298881029 -8.58718 41.1575
1298881030 -8.58732 41.1575
1298881031 -8.58747 41.1575
1298881032 -8.58761 41.1574
1298881033 -8.58775 41.1574
1298881034 -8.58788 41.1574
1298881035 -8.58801 41.1574
1298881036 -8.58813 41.1573
1298881037 -8.58826 41.1573
1298881038 -8.58838 41.1573
1298881039 -8.58848 41.1573
1298881040 -8.58859 41.1573
1298881041 -8.5887 41.1573
1298881042 -8.58882 41.1572
1298881043 -8.58892 41.1572
1298881044 -8.58904 41.1572
1298881045 -8.58915 41.1572
1298881046 -8.58927 41.1571
1298881047 -8.58938 41.1571
1298881048 -8.58947 41.1571
1298881049 -8.58955 41.1571
1298881050 -8.58962 41.1571
1298881051 -8.58968 41.1571
1298881052 -8.58974 41.1571
1298881053 -8.58979 41.1571
1298881054 -8.58984 41.157
1298881055 -8.58989 41.157
1298881056 -8.58994 41.157
1298881057 -8.58999 41.157
1298881058 -8.59002 41.157
1298881059 -8.59005 41.157
1298881060 -8.59007 41.157
1298881061 -8.59008 41.157
1298881062 -8.59009 41.157
1298881067 -8.5901 41.157
1298881068 -8.59012 41.1569
1298881069 -8.59013 41.1569
1298881075 -8.59015 41.1569
1298881076 -8.59018 41.1569
1298881077 -8.5902 41.1569
1298881078 -8.59025 41.1569
1298881079 -8.5903 41.1569
1298881080 -8.59036 41.1569
1298881081 -8.5904 41.1568
1298881082 -8.59045 41.1568
1298881083 -8.59051 41.1568
1298881084 -8.59058 41.1568
1298881085 -8.59067 41.1567
1298881086 -8.59076 41.1567
1298881087 -8.59085 41.1567
1298881088 -8.59092 41.1566
1298881089 -8.59099 41.1566
1298881090 -8.59104 41.1566
1298881091 -8.59108 41.1566
1298881092 -8.5911 41.1566
1298881093 -8.59112 41.1566
1298881094 -8.59114 41.1566
1298881097 -8.59115 41.1566
1298881120 -8.59113 41.1566
1298881141 -8.59114 41.1565
1298881142 -8.59115 41.1565
1298881143 -8.59114 41.1564
1298881144 -8.59115 41.1564
1298881145 -8.59116 41.1564
1298881146 -8.59118 41.1563
1298881147 -8.59125 41.1563
1298881148 -8.59132 41.1563
1298881149 -8.5914 41.1563
1298881150 -8.5915 41.1562
1298881151 -8.59161 41.1562
1298881152 -8.59172 41.1562
1298881153 -8.59184 41.1562
1298881154 -8.59197 41.1562
1298881155 -8.5921 41.1562
1298881156 -8.59225 41.1562
1298881157 -8.59241 41.1562
1298881158 -8.59257 41.1562
1298881159 -8.59273 41.1562
1298881160 -8.59289 41.1562
1298881161 -8.59306 41.1562
1298881162 -8.59321 41.1561
1298881163 -8.59334 41.1561
1298881164 -8.59347 41.1561
1298881165 -8.59359 41.1561
1298881166 -8.59369 41.1561
1298881167 -8.59379 41.1561
1298881168 -8.59388 41.1561
1298881169 -8.59397 41.1561
1298881170 -8.59406 41.1561
1298881171 -8.59412 41.1561
1298881172 -8.59416 41.1562
1298881173 -8.59418 41.1562
1298881174 -8.59419 41.1562
1298881175 -8.5942 41.1562
1298881193 -8.59421 41.1562
1298881195 -8.59422 41.1562
1298881197 -8.59423 41.1562
1298881199 -8.59423 41.1561
1298881200 -8.59423 41.1561
