:break:
1298880032 -8.61954 41.1484
1298880037 -8.61954 41.1485
1298880068 -8.61955 41.1484
1298880076 -8.61956 41.1484
1298880110 -8.61955 41.1483
1298880115 -8.61954 41.1483
1298880135 -8.61953 41.1483
1298880139 -8.61952 41.1483
1298880161 -8.61952 41.1484
1298880172 -8.61953 41.1484
1298880222 -8.61951 41.1484
1298880226 -8.6195 41.1484
1298880232 -8.61949 41.1484
1298880334 -8.61955 41.1485
1298880380 -8.61957 41.1484
1298880463 -8.61957 41.1485
1298880466 -8.61958 41.1485
1298880469 -8.61959 41.1485
1298880472 -8.6196 41.1485
1298880474 -8.61961 41.1485
1298880496 -8.61962 41.1485
1298880505 -8.61963 41.1485
1298880513 -8.61958 41.1484
1298880536 -8.61951 41.1483
1298880539 -8.6195 41.1483
1298880568 -8.61956 41.1483
1298880569 -8.61957 41.1483
1298880570 -8.61958 41.1483
1298880571 -8.61959 41.1483
1298880573 -8.6196 41.1483
1298880575 -8.61961 41.1483
1298880579 -8.61962 41.1483
1298880581 -8.61963 41.1483
1298880583 -8.61964 41.1483
1298880588 -8.61965 41.1483
1298880593 -8.61966 41.1483
1298880627 -8.61967 41.1483
1298880631 -8.61968 41.1483
1298880632 -8.61968 41.1482
1298880645 -8.61967 41.1482
1298881200 -8.61959 41.1483
