:break:
1298880203 -8.64899 41.1549
1298880214 -8.649 41.1549
1298880215 -8.64901 41.1548
1298880216 -8.64902 41.1548
1298880217 -8.64903 41.1548
1298880219 -8.64904 41.1548
1298880220 -8.64905 41.1548
1298880226 -8.64906 41.1548
1298880229 -8.64906 41.1547
1298880230 -8.64907 41.1547
1298880237 -8.64908 41.1547
1298880241 -8.64909 41.1547
1298880260 -8.6491 41.1547
1298880267 -8.64911 41.1547
1298880331 -8.64905 41.1547
1298880435 -8.64912 41.1547
1298880786 -8.64909 41.1546
1298880787 -8.6491 41.1546
1298880788 -8.64912 41.1546
1298880789 -8.64913 41.1546
1298880794 -8.64913 41.1545
1298880796 -8.64914 41.1545
1298880805 -8.64915 41.1545
1298880820 -8.64916 41.1545
1298880823 -8.64917 41.1545
1298880825 -8.64918 41.1545
1298880827 -8.64919 41.1545
1298880829 -8.6492 41.1545
1298880832 -8.64921 41.1545
1298880834 -8.64922 41.1545
1298880839 -8.64923 41.1545
1298880842 -8.64924 41.1545
1298880845 -8.64925 41.1545
1298880848 -8.64926 41.1545
1298880851 -8.64927 41.1545
1298880854 -8.64928 41.1545
1298880857 -8.64929 41.1545
1298880862 -8.6493 41.1545
1298880866 -8.64931 41.1545
1298880876 -8.64932 41.1545
1298880880 -8.64933 41.1545
1298880884 -8.64934 41.1545
1298880888 -8.64935 41.1545
1298880892 -8.64936 41.1545
1298880895 -8.64937 41.1545
1298880897 -8.64938 41.1545
1298880901 -8.64939 41.1544
1298880902 -8.6494 41.1544
1298880907 -8.64941 41.1544
1298880908 -8.64942 41.1544
1298880909 -8.64943 41.1544
1298880915 -8.64944 41.1544
1298880916 -8.64945 41.1544
1298880917 -8.64946 41.1544
1298880919 -8.64947 41.1544
1298880922 -8.64948 41.1544
1298880924 -8.64949 41.1544
1298880932 -8.6495 41.1544
1298880934 -8.64951 41.1544
1298880936 -8.64952 41.1544
1298880938 -8.64953 41.1544
1298880940 -8.64954 41.1544
1298880943 -8.64955 41.1544
1298880946 -8.64956 41.1544
1298880948 -8.64957 41.1544
1298880955 -8.64958 41.1544
1298881025 -8.6494 41.1545
1298881028 -8.64939 41.1545
1298881062 -8.64941 41.1545
1298881063 -8.64942 41.1545
1298881066 -8.64943 41.1545
1298881071 -8.64944 41.1545
1298881072 -8.64945 41.1545
1298881078 -8.64946 41.1545
1298881079 -8.64947 41.1545
1298881082 -8.64948 41.1545
1298881091 -8.64949 41.1545
1298881097 -8.64937 41.1544
1298881098 -8.64936 41.1544
1298881100 -8.64934 41.1544
1298881101 -8.64933 41.1544
1298881102 -8.64932 41.1544
1298881103 -8.64931 41.1544
1298881105 -8.6493 41.1544
1298881106 -8.64929 41.1544
1298881107 -8.64928 41.1544
1298881109 -8.64927 41.1544
1298881111 -8.64926 41.1544
1298881114 -8.64925 41.1544
1298881116 -8.64924 41.1544
1298881120 -8.64923 41.1544
1298881124 -8.64922 41.1544
1298881200 -8.64916 41.1545
