:break:
1298880069 -8.61082 41.1505
1298880070 -8.61083 41.1504
1298880071 -8.61084 41.1504
1298880072 -8.61087 41.1503
1298880073 -8.61089 41.1503
1298880074 -8.61093 41.1502
1298880075 -8.61096 41.1502
1298880076 -8.61098 41.1501
1298880077 -8.61104 41.1501
1298880078 -8.61108 41.15
1298880079 -8.61111 41.1499
1298880080 -8.61116 41.1499
1298880081 -8.61119 41.1498
1298880082 -8.6112 41.1497
1298880083 -8.61118 41.1496
1298880085 -8.61117 41.1495
1298880086 -8.61116 41.1494
1298880087 -8.61112 41.1493
1298880088 -8.61107 41.1493
1298880089 -8.61101 41.1493
1298880090 -8.61093 41.1493
1298880091 -8.61086 41.1493
1298880092 -8.61079 41.1493
1298880093 -8.61075 41.1492
1298880094 -8.6107 41.1492
1298880095 -8.61068 41.1492
1298880096 -8.61066 41.1492
1298880097 -8.61065 41.1492
1298880117 -8.61066 41.1493
1298880125 -8.61067 41.1492
1298880162 -8.61064 41.1492
1298880163 -8.6106 41.1492
1298880164 -8.61054 41.1492
1298880165 -8.61048 41.1492
1298880166 -8.61039 41.1492
1298880167 -8.6103 41.1492
1298880168 -8.6102 41.1492
1298880169 -8.61008 41.1492
1298880170 -8.60998 41.1492
1298880171 -8.60986 41.1492
1298880172 -8.60974 41.1492
1298880173 -8.60963 41.1492
1298880174 -8.60953 41.1491
1298880175 -8.60944 41.1491
1298880176 -8.60933 41.1491
1298880177 -8.60922 41.1491
1298880178 -8.60911 41.1491
1298880179 -8.609 41.1491
1298880180 -8.60888 41.1491
1298880181 -8.60877 41.149
1298880182 -8.60865 41.149
1298880183 -8.60854 41.149
1298880184 -8.60843 41.1489
1298880185 -8.60834 41.1489
1298880186 -8.60823 41.1488
1298880187 -8.60811 41.1488
1298880188 -8.60801 41.1488
1298880189 -8.60792 41.1488
1298880190 -8.60784 41.1488
1298880191 -8.60776 41.1487
1298880192 -8.60769 41.1487
1298880193 -8.60762 41.1487
1298880194 -8.60755 41.1486
1298880195 -8.60747 41.1486
1298880196 -8.6074 41.1486
1298880197 -8.60734 41.1486
1298880198 -8.60728 41.1486
1298880199 -8.60721 41.1486
1298880200 -8.60715 41.1486
1298880201 -8.6071 41.1485
1298880202 -8.60704 41.1485
1298880203 -8.607 41.1485
1298880204 -8.60693 41.1485
1298880205 -8.60688 41.1485
1298880206 -8.60684 41.1485
1298880207 -8.60679 41.1485
1298880208 -8.60675 41.1485
1298880209 -8.60672 41.1485
1298880210 -8.60669 41.1484
1298880211 -8.60666 41.1484
1298880212 -8.60663 41.1484
1298880213 -8.6066 41.1484
1298880214 -8.60656 41.1484
1298880215 -8.6065 41.1484
1298880216 -8.60645 41.1484
1298880217 -8.60642 41.1484
1298880218 -8.60637 41.1483
1298880219 -8.6063 41.1483
1298880220 -8.60623 41.1483
1298880221 -8.60614 41.1483
1298880222 -8.60605 41.1483
1298880223 -8.60595 41.1482
1298880224 -8.60585 41.1482
1298880225 -8.60576 41.1482
1298880226 -8.60567 41.1481
1298880227 -8.60558 41.1481
1298880228 -8.60548 41.1481
1298880229 -8.60539 41.1481
1298880230 -8.60529 41.148
1298880231 -8.60518 41.148
1298880232 -8.60508 41.148
1298880233 -8.60498 41.148
1298880234 -8.60489 41.148
1298880235 -8.6048 41.1479
1298880236 -8.60471 41.1479
1298880237 -8.60463 41.1479
1298880238 -8.60454 41.1479
1298880239 -8.60446 41.1479
1298880240 -8.60438 41.1478
1298880241 -8.60433 41.1478
1298880242 -8.60431 41.1478
1298880245 -8.6043 41.1478
1298880259 -8.60432 41.1478
1298880280 -8.60429 41.1478
1298880281 -8.60424 41.1478
1298880282 -8.6042 41.1478
1298880283 -8.60413 41.1478
1298880284 -8.60407 41.1477
1298880285 -8.604 41.1477
1298880286 -8.60392 41.1477
1298880287 -8.60383 41.1476
1298880288 -8.60373 41.1476
1298880289 -8.60362 41.1476
1298880290 -8.60352 41.1476
1298880291 -8.60343 41.1476
1298880292 -8.60333 41.1475
1298880293 -8.60323 41.1475
1298880294 -8.60312 41.1475
1298880295 -8.60301 41.1475
1298880296 -8.60289 41.1474
1298880297 -8.60279 41.1474
1298880298 -8.60268 41.1474
1298880299 -8.60259 41.1474
1298880300 -8.60251 41.1474
1298880301 -8.60243 41.1473
1298880302 -8.60236 41.1473
1298880303 -8.60233 41.1473
1298880304 -8.60231 41.1473
1298880305 -8.6023 41.1473
1298880309 -8.60232 41.1473
1298880313 -8.60234 41.1473
1298880316 -8.60235 41.1473
1298880320 -8.60237 41.1473
1298880326 -8.60238 41.1473
1298880361 -8.60229 41.1473
1298880362 -8.60224 41.1473
1298880363 -8.60219 41.1473
1298880364 -8.60215 41.1472
1298880365 -8.60207 41.1472
1298880366 -8.60201 41.1472
1298880367 -8.60192 41.1472
1298880368 -8.60183 41.1472
1298880369 -8.60175 41.1472
1298880370 -8.60166 41.1472
1298880371 -8.60157 41.1473
1298880372 -8.60148 41.1473
1298880373 -8.6014 41.1473
1298880374 -8.60131 41.1473
1298880375 -8.60122 41.1473
1298880376 -8.60113 41.1474
1298880377 -8.60104 41.1474
1298880378 -8.60095 41.1474
1298880379 -8.60087 41.1475
1298880380 -8.60079 41.1475
1298880381 -8.60072 41.1475
1298880382 -8.60065 41.1475
1298880383 -8.60058 41.1476
1298880384 -8.60052 41.1476
1298880385 -8.60044 41.1476
1298880386 -8.60037 41.1476
1298880387 -8.60031 41.1477
1298880388 -8.60021 41.1476
1298880389 -8.60012 41.1477
1298880390 -8.60003 41.1477
1298880391 -8.59995 41.1478
1298880392 -8.59985 41.1478
1298880393 -8.59972 41.1479
1298880394 -8.59965 41.1479
1298880395 -8.59958 41.1479
1298880396 -8.59951 41.148
1298880397 -8.59944 41.148
1298880398 -8.59937 41.148
1298880399 -8.5993 41.148
1298880400 -8.59927 41.148
1298880401 -8.59925 41.148
1298880402 -8.59924 41.148
1298880407 -8.59924 41.1481
1298880412 -8.59923 41.1481
1298880413 -8.59922 41.1481
1298880415 -8.59921 41.148
1298880417 -8.59922 41.148
1298880426 -8.59923 41.148
1298880433 -8.59918 41.148
1298880434 -8.59913 41.148
1298880435 -8.59909 41.1481
1298880436 -8.59903 41.1481
1298880437 -8.59898 41.1481
1298880438 -8.59892 41.1481
1298880439 -8.59887 41.1481
1298880440 -8.59882 41.1482
1298880441 -8.59876 41.1482
1298880442 -8.5987 41.1482
1298880443 -8.59864 41.1482
1298880444 -8.59856 41.1483
1298880445 -8.59848 41.1483
1298880446 -8.59841 41.1483
1298880447 -8.59833 41.1484
1298880448 -8.59826 41.1484
1298880449 -8.5982 41.1485
1298880450 -8.59813 41.1485
1298880451 -8.59806 41.1485
1298880452 -8.59798 41.1486
1298880453 -8.5979 41.1486
1298880454 -8.5978 41.1487
1298880455 -8.5977 41.1488
1298880456 -8.59761 41.1488
1298880457 -8.59748 41.1489
1298880458 -8.59738 41.149
1298880459 -8.59726 41.1491
1298880460 -8.59714 41.1491
1298880461 -8.59703 41.1492
1298880462 -8.5969 41.1493
1298880463 -8.59677 41.1494
1298880464 -8.59664 41.1495
1298880465 -8.5965 41.1496
1298880466 -8.59638 41.1496
1298880467 -8.59624 41.1497
1298880468 -8.59612 41.1498
1298880469 -8.596 41.1499
1298880470 -8.5959 41.1499
1298880471 -8.59584 41.1499
1298880472 -8.59581 41.15
1298880473 -8.5958 41.15
1298880474 -8.59579 41.15
1298880475 -8.59577 41.15
1298880476 -8.59576 41.15
1298880477 -8.59573 41.15
1298880478 -8.59569 41.15
1298880479 -8.59564 41.15
1298880480 -8.59559 41.1501
1298880481 -8.59553 41.1501
1298880482 -8.59547 41.1501
1298880483 -8.59539 41.1502
1298880484 -8.5953 41.1502
1298880485 -8.59521 41.1503
1298880486 -8.59511 41.1503
1298880487 -8.59502 41.1504
1298880488 -8.59494 41.1504
1298880489 -8.59486 41.1504
1298880490 -8.59479 41.1505
1298880491 -8.59474 41.1505
1298880492 -8.59471 41.1505
1298880493 -8.59469 41.1505
1298880495 -8.59469 41.1506
1298880505 -8.59468 41.1506
1298880509 -8.59467 41.1506
1298880512 -8.59466 41.1506
1298880515 -8.59465 41.1506
1298880517 -8.59464 41.1506
1298880518 -8.59462 41.1506
1298880519 -8.59461 41.1506
1298880529 -8.59459 41.1506
1298880530 -8.59458 41.1506
1298880531 -8.59454 41.1507
1298880532 -8.5945 41.1507
1298880533 -8.59446 41.1507
1298880534 -8.59441 41.1507
1298880535 -8.59437 41.1507
1298880536 -8.59433 41.1508
1298880537 -8.59428 41.1508
1298880538 -8.59422 41.1508
1298880539 -8.59415 41.1508
1298880540 -8.59409 41.1509
1298880541 -8.594 41.1509
1298880542 -8.59392 41.1509
1298880543 -8.59384 41.1509
1298880544 -8.59375 41.1509
1298880545 -8.59365 41.1509
1298880546 -8.59355 41.1509
1298880547 -8.59344 41.1508
1298880548 -8.59332 41.1508
1298880549 -8.59318 41.1507
1298880550 -8.59304 41.1507
1298880551 -8.59289 41.1506
1298880552 -8.59275 41.1506
1298880553 -8.59259 41.1505
1298880554 -8.59242 41.1505
1298880555 -8.59226 41.1504
1298880556 -8.5921 41.1504
1298880557 -8.59194 41.1503
1298880558 -8.59179 41.1503
1298880559 -8.59164 41.1503
1298880560 -8.59148 41.1502
1298880561 -8.59133 41.1502
1298880562 -8.59118 41.1502
1298880563 -8.59102 41.1501
1298880564 -8.59088 41.1501
1298880565 -8.59073 41.15
1298880566 -8.59057 41.15
1298880567 -8.59042 41.15
1298880568 -8.59027 41.1499
1298880569 -8.59011 41.1499
1298880570 -8.58995 41.1498
1298880571 -8.5898 41.1498
1298880572 -8.58965 41.1497
1298880573 -8.5895 41.1497
1298880574 -8.58934 41.1497
1298880575 -8.58917 41.1496
1298880576 -8.58901 41.1496
1298880577 -8.58884 41.1495
1298880578 -8.58868 41.1495
1298880579 -8.58851 41.1494
1298880580 -8.58836 41.1494
1298880581 -8.58821 41.1494
1298880582 -8.58806 41.1493
1298880583 -8.58793 41.1493
1298880584 -8.58778 41.1493
1298880585 -8.58763 41.1492
1298880586 -8.58748 41.1492
1298880587 -8.58734 41.1491
1298880588 -8.58721 41.1491
1298880589 -8.5871 41.1491
1298880590 -8.58697 41.1491
1298880591 -8.58686 41.149
1298880592 -8.58676 41.149
1298880593 -8.58667 41.149
1298880594 -8.58658 41.149
1298880595 -8.58651 41.1489
1298880596 -8.58645 41.1489
1298880597 -8.58639 41.1489
1298880598 -8.58632 41.1489
1298880599 -8.58625 41.1488
1298880600 -8.58618 41.1488
1298880601 -8.5861 41.1488
1298880602 -8.58605 41.1488
1298880603 -8.58602 41.1488
1298880604 -8.58598 41.1488
1298880605 -8.58595 41.1488
1298880606 -8.58591 41.1488
1298880607 -8.58587 41.1488
1298880608 -8.58584 41.1488
1298880609 -8.58581 41.1488
1298880610 -8.58581 41.1487
1298880612 -8.58583 41.1487
1298880613 -8.58584 41.1487
1298880614 -8.58586 41.1487
1298880615 -8.58587 41.1486
1298880620 -8.58588 41.1486
1298880623 -8.58589 41.1486
1298880626 -8.5859 41.1486
1298880630 -8.58591 41.1486
1298880635 -8.58592 41.1486
1298881024 -8.58593 41.1486
1298881200 -8.58592 41.1486
