:break:
1298880068 -8.60035 41.1742
1298880078 -8.60036 41.1742
1298880106 -8.60032 41.1742
1298880107 -8.60029 41.1742
1298880108 -8.60027 41.1742
1298880109 -8.60023 41.1743
1298880110 -8.60018 41.1743
1298880111 -8.60014 41.1743
1298880112 -8.6001 41.1743
1298880113 -8.60006 41.1744
1298880114 -8.60002 41.1744
1298880115 -8.59999 41.1744
1298880116 -8.59998 41.1744
1298880117 -8.59997 41.1744
1298880118 -8.59996 41.1745
1298880119 -8.59995 41.1745
1298880121 -8.59994 41.1745
1298880124 -8.59993 41.1745
1298880128 -8.59992 41.1745
1298880133 -8.5999 41.1745
1298880134 -8.59987 41.1745
1298880135 -8.59982 41.1746
1298880136 -8.59976 41.1746
1298880137 -8.59968 41.1746
1298880138 -8.59959 41.1747
1298880139 -8.5995 41.1747
1298880140 -8.59939 41.1747
1298880141 -8.59929 41.1747
1298880142 -8.59919 41.1747
1298880143 -8.59908 41.1747
1298880144 -8.599 41.1747
1298880145 -8.59894 41.1747
1298880146 -8.59891 41.1747
1298880147 -8.59889 41.1747
1298880148 -8.59889 41.1748
1298880149 -8.59891 41.1748
1298880150 -8.59895 41.1748
1298880151 -8.59901 41.1748
1298880152 -8.59909 41.1748
1298880153 -8.59919 41.1748
1298880154 -8.5993 41.1747
1298880155 -8.59942 41.1747
1298880156 -8.59951 41.1747
1298880158 -8.59965 41.1747
1298880159 -8.59969 41.1747
1298880160 -8.59972 41.1747
1298880161 -8.59976 41.1747
1298880162 -8.59981 41.1747
1298880163 -8.59988 41.1746
1298880164 -8.59994 41.1746
1298880165 -8.60002 41.1745
1298880166 -8.60011 41.1745
1298880167 -8.60021 41.1744
1298880168 -8.60031 41.1743
1298880169 -8.60042 41.1743
1298880170 -8.60054 41.1742
1298880171 -8.60064 41.1741
1298880172 -8.60077 41.174
1298880173 -8.6009 41.1739
1298880174 -8.60105 41.1739
1298880175 -8.60121 41.1738
1298880176 -8.60138 41.1738
1298880177 -8.60157 41.1738
1298880178 -8.60177 41.1738
1298880179 -8.60196 41.1738
1298880180 -8.60215 41.1738
1298880181 -8.60234 41.1738
1298880182 -8.60251 41.1738
1298880183 -8.60268 41.1738
1298880184 -8.60284 41.1738
1298880185 -8.60299 41.1738
1298880186 -8.60314 41.1738
1298880187 -8.60328 41.1737
1298880188 -8.6034 41.1737
1298880189 -8.60349 41.1737
1298880190 -8.60357 41.1737
1298880191 -8.60366 41.1737
1298880192 -8.60376 41.1737
1298880193 -8.60387 41.1737
1298880194 -8.60399 41.1737
1298880195 -8.60413 41.1737
1298880196 -8.60427 41.1737
1298880197 -8.6044 41.1737
1298880198 -8.60454 41.1737
1298880199 -8.60466 41.1737
1298880200 -8.60475 41.1737
1298880201 -8.60481 41.1737
1298880202 -8.60485 41.1737
1298880203 -8.60486 41.1737
1298880204 -8.60487 41.1737
1298880209 -8.60489 41.1737
1298880210 -8.60492 41.1737
1298880211 -8.60497 41.1737
1298880212 -8.60504 41.1737
1298880213 -8.60511 41.1737
1298880214 -8.6052 41.1738
1298880215 -8.6053 41.1738
1298880216 -8.60542 41.1738
1298880217 -8.60554 41.1737
1298880218 -8.60563 41.1737
1298880219 -8.60571 41.1737
1298880220 -8.60577 41.1737
1298880221 -8.60581 41.1736
1298880222 -8.60582 41.1736
1298880223 -8.60581 41.1735
1298880224 -8.60579 41.1734
1298880225 -8.60576 41.1733
1298880226 -8.60576 41.1732
1298880227 -8.60577 41.1731
1298880228 -8.60584 41.173
1298880229 -8.60594 41.173
1298880230 -8.60608 41.1729
1298880231 -8.60624 41.1729
1298880232 -8.6064 41.1729
1298880233 -8.60656 41.1729
1298880234 -8.6067 41.1729
1298880235 -8.60684 41.1729
1298880236 -8.60698 41.1729
1298880237 -8.60712 41.1729
1298880238 -8.60727 41.173
1298880239 -8.60741 41.1731
1298880240 -8.60754 41.1732
1298880241 -8.60765 41.1732
1298880242 -8.60778 41.1733
1298880243 -8.60792 41.1734
1298880244 -8.60804 41.1735
1298880245 -8.60818 41.1736
1298880246 -8.60831 41.1737
1298880247 -8.60846 41.1737
1298880248 -8.6086 41.1738
1298880249 -8.60875 41.1739
1298880250 -8.60891 41.1739
1298880251 -8.60909 41.174
1298880252 -8.60927 41.1741
1298880253 -8.60945 41.1741
1298880254 -8.60965 41.1742
1298880255 -8.60987 41.1742
1298880256 -8.61008 41.1743
1298880257 -8.61032 41.1743
1298880258 -8.61055 41.1744
1298880259 -8.6108 41.1744
1298880260 -8.61106 41.1745
1298880261 -8.61131 41.1745
1298880262 -8.61155 41.1745
1298880263 -8.6118 41.1745
1298880264 -8.61205 41.1745
1298880265 -8.61231 41.1745
1298880266 -8.61258 41.1746
1298880267 -8.61286 41.1746
1298880268 -8.61313 41.1746
1298880269 -8.61341 41.1745
1298880270 -8.61369 41.1745
1298880271 -8.61396 41.1745
1298880272 -8.61424 41.1745
1298880273 -8.6145 41.1744
1298880274 -8.61476 41.1744
1298880275 -8.61503 41.1743
1298880276 -8.61529 41.1743
1298880277 -8.61557 41.1742
1298880278 -8.61584 41.1742
1298880279 -8.61611 41.1741
1298880280 -8.6164 41.1741
1298880281 -8.61669 41.1741
1298880282 -8.61698 41.174
1298880283 -8.61727 41.174
1298880284 -8.61755 41.174
1298880285 -8.61784 41.1739
1298880286 -8.61813 41.1739
1298880287 -8.61842 41.1739
1298880288 -8.61871 41.1738
1298880289 -8.61899 41.1738
1298880290 -8.61927 41.1738
1298880291 -8.61955 41.1737
1298880292 -8.61984 41.1737
1298880293 -8.62012 41.1737
1298880294 -8.6204 41.1737
1298880295 -8.62068 41.1736
1298880296 -8.62095 41.1736
1298880297 -8.62122 41.1736
1298880298 -8.62148 41.1736
1298880299 -8.62174 41.1735
1298880300 -8.62199 41.1735
1298880301 -8.62225 41.1735
1298880302 -8.62252 41.1734
1298880303 -8.62279 41.1734
1298880304 -8.62306 41.1734
1298880305 -8.62333 41.1734
1298880306 -8.6236 41.1733
1298880307 -8.62389 41.1733
1298880308 -8.62418 41.1733
1298880309 -8.62448 41.1733
1298880310 -8.62477 41.1732
1298880311 -8.62507 41.1732
1298880312 -8.62536 41.1732
1298880313 -8.62565 41.1731
1298880314 -8.62594 41.1731
1298880315 -8.62624 41.1731
1298880316 -8.62654 41.173
1298880317 -8.62683 41.173
1298880318 -8.62713 41.173
1298880319 -8.62741 41.1729
1298880320 -8.62768 41.1729
1298880321 -8.62794 41.1729
1298880322 -8.62821 41.1728
1298880323 -8.62847 41.1728
1298880324 -8.62874 41.1727
1298880325 -8.62901 41.1727
1298880326 -8.62929 41.1726
1298880327 -8.62957 41.1726
1298880328 -8.62986 41.1725
1298880329 -8.63015 41.1724
1298880330 -8.63043 41.1724
1298880331 -8.63073 41.1723
1298880332 -8.63104 41.1722
1298880333 -8.63134 41.1722
1298880334 -8.63165 41.1721
1298880335 -8.63194 41.172
1298880336 -8.63225 41.172
1298880337 -8.63255 41.1719
1298880338 -8.63284 41.1719
1298880339 -8.63313 41.1718
1298880340 -8.63341 41.1718
1298880341 -8.6337 41.1717
1298880342 -8.63397 41.1716
1298880343 -8.63423 41.1716
1298880344 -8.63448 41.1715
1298880345 -8.63473 41.1715
1298880346 -8.63497 41.1714
1298880347 -8.63521 41.1714
1298880348 -8.63546 41.1713
1298880349 -8.6357 41.1713
1298880350 -8.63594 41.1712
1298880351 -8.63617 41.1711
1298880352 -8.63641 41.1711
1298880353 -8.63663 41.171
1298880354 -8.63685 41.1709
1298880355 -8.63707 41.1708
1298880356 -8.63727 41.1707
1298880357 -8.63748 41.1706
1298880358 -8.63769 41.1705
1298880359 -8.63789 41.1704
1298880360 -8.63807 41.1703
1298880361 -8.63824 41.1702
1298880362 -8.6384 41.1701
1298880363 -8.63854 41.17
1298880364 -8.63869 41.1699
1298880365 -8.63883 41.1698
1298880366 -8.63897 41.1697
1298880367 -8.63911 41.1696
1298880368 -8.63924 41.1695
1298880369 -8.63939 41.1694
1298880370 -8.63955 41.1692
1298880371 -8.63971 41.1691
1298880372 -8.63987 41.169
1298880373 -8.64005 41.1689
1298880374 -8.64023 41.1688
1298880375 -8.64041 41.1687
1298880376 -8.64063 41.1686
1298880377 -8.64086 41.1685
1298880378 -8.6411 41.1684
1298880379 -8.64134 41.1684
1298880380 -8.6416 41.1684
1298880381 -8.64184 41.1684
1298880382 -8.64206 41.1683
1298880383 -8.64226 41.1683
1298880384 -8.64246 41.1683
1298880385 -8.64263 41.1683
1298880386 -8.64279 41.1682
1298880387 -8.64295 41.1682
1298880388 -8.64311 41.1682
1298880389 -8.64325 41.1683
1298880390 -8.64338 41.1684
1298880391 -8.6435 41.1685
1298880392 -8.64361 41.1685
1298880393 -8.64372 41.1686
1298880394 -8.6438 41.1687
1298880395 -8.64386 41.1688
1298880396 -8.64389 41.1689
1298880397 -8.64388 41.169
1298880398 -8.64384 41.169
1298880399 -8.64381 41.1691
1298880400 -8.64376 41.1691
1298880401 -8.64372 41.1692
1298880402 -8.64366 41.1692
1298880403 -8.6436 41.1693
1298880404 -8.64351 41.1693
1298880405 -8.64342 41.1694
1298880406 -8.64332 41.1695
1298880407 -8.64322 41.1696
1298880408 -8.64311 41.1697
1298880409 -8.64302 41.1698
1298880410 -8.64292 41.1699
1298880411 -8.64283 41.17
1298880412 -8.64275 41.17
1298880413 -8.64267 41.1701
1298880414 -8.6426 41.1702
1298880415 -8.64251 41.1703
1298880416 -8.64242 41.1703
1298880417 -8.64233 41.1704
1298880418 -8.64224 41.1705
1298880419 -8.64216 41.1706
1298880420 -8.6421 41.1706
1298880421 -8.64208 41.1707
1298880422 -8.64209 41.1708
1298880423 -8.64213 41.1708
1298880424 -8.6422 41.1708
1298880425 -8.64225 41.1708
1298880426 -8.6423 41.1708
1298880427 -8.64236 41.1707
1298880428 -8.64242 41.1706
1298880429 -8.64249 41.1706
1298880430 -8.64257 41.1705
1298880431 -8.64266 41.1705
1298880432 -8.64276 41.1704
1298880433 -8.64287 41.1704
1298880434 -8.64299 41.1704
1298880435 -8.64311 41.1704
1298880436 -8.64324 41.1704
1298880437 -8.64336 41.1704
1298880438 -8.64346 41.1704
1298880439 -8.64355 41.1704
1298880440 -8.64362 41.1704
1298880441 -8.64368 41.1704
1298880442 -8.64373 41.1704
1298880443 -8.64376 41.1704
1298880444 -8.6438 41.1704
1298880445 -8.64382 41.1703
1298880446 -8.64383 41.1703
1298880447 -8.64384 41.1702
1298880448 -8.64384 41.1701
1298880449 -8.64385 41.17
1298880450 -8.64386 41.1699
1298880451 -8.64389 41.1698
1298880452 -8.64393 41.1696
1298880453 -8.644 41.1695
1298880454 -8.64411 41.1694
1298880455 -8.64422 41.1693
1298880456 -8.64433 41.1692
1298880457 -8.64443 41.1692
:break:
1298880460 -8.64471 41.169
1298880461 -8.64484 41.1689
1298880462 -8.64498 41.1688
1298880463 -8.64511 41.1687
1298880464 -8.64526 41.1686
1298880465 -8.64542 41.1686
1298880466 -8.64557 41.1685
1298880467 -8.64574 41.1684
1298880468 -8.6459 41.1683
1298880469 -8.64605 41.1683
1298880470 -8.64616 41.1683
1298880471 -8.64626 41.1682
1298880472 -8.64631 41.1682
1298880473 -8.64632 41.1681
1298880474 -8.64629 41.1681
1298880475 -8.64625 41.168
1298880476 -8.64619 41.168
1298880477 -8.64613 41.1679
1298880478 -8.64608 41.1678
1298880479 -8.64605 41.1678
1298880480 -8.64606 41.1678
1298880481 -8.6461 41.1677
1298880482 -8.64618 41.1677
1298880483 -8.64628 41.1677
1298880484 -8.6464 41.1676
1298880485 -8.64652 41.1676
1298880486 -8.64665 41.1675
1298880487 -8.64679 41.1675
1298880488 -8.64691 41.1674
1298880489 -8.64703 41.1673
1298880490 -8.64713 41.1672
1298880491 -8.64722 41.1671
1298880492 -8.64727 41.167
1298880493 -8.64732 41.1669
1298880494 -8.64734 41.1667
1298880495 -8.64736 41.1667
1298880496 -8.64739 41.1666
1298880497 -8.64742 41.1666
1298880498 -8.64746 41.1666
1298880499 -8.64751 41.1666
1298880500 -8.64756 41.1666
1298880501 -8.64762 41.1666
1298880502 -8.6477 41.1666
1298880503 -8.64779 41.1667
1298880504 -8.64791 41.1667
1298880505 -8.64803 41.1667
1298880506 -8.64814 41.1668
1298880507 -8.64826 41.1668
1298880508 -8.64839 41.1669
1298880509 -8.64851 41.167
1298880510 -8.64863 41.1671
1298880511 -8.64877 41.1671
1298880512 -8.64889 41.1672
1298880513 -8.64901 41.1673
1298880514 -8.6491 41.1673
1298880515 -8.64918 41.1674
1298880516 -8.64924 41.1674
1298880517 -8.6493 41.1674
1298880518 -8.64933 41.1674
1298880519 -8.64937 41.1675
1298880520 -8.6494 41.1675
1298880521 -8.64941 41.1675
1298880522 -8.64943 41.1675
1298880529 -8.64942 41.1675
1298880533 -8.64939 41.1675
1298880534 -8.64938 41.1675
1298880539 -8.64937 41.1674
1298880544 -8.64936 41.1674
1298880564 -8.64938 41.1674
1298880567 -8.64939 41.1674
1298880570 -8.6494 41.1674
1298880581 -8.64941 41.1674
1298880586 -8.64942 41.1674
1298880592 -8.64943 41.1674
1298880609 -8.64944 41.1674
1298880617 -8.64945 41.1674
1298880622 -8.64946 41.1674
1298880645 -8.64947 41.1674
1298880660 -8.64948 41.1674
1298880666 -8.64949 41.1674
1298880679 -8.6495 41.1674
1298880682 -8.64951 41.1674
1298880688 -8.64952 41.1674
1298880693 -8.64953 41.1674
1298880700 -8.64954 41.1674
1298880705 -8.64955 41.1674
1298880709 -8.64956 41.1674
1298880712 -8.64957 41.1674
1298880716 -8.64958 41.1674
1298880774 -8.64954 41.1675
1298880775 -8.64955 41.1675
1298880779 -8.64956 41.1675
1298880783 -8.64953 41.1675
1298880784 -8.64952 41.1675
1298880785 -8.64951 41.1675
1298880787 -8.6495 41.1675
1298880789 -8.64949 41.1675
1298880793 -8.64948 41.1675
1298880796 -8.64947 41.1675
1298880807 -8.64946 41.1675
1298880813 -8.64945 41.1675
1298880821 -8.64944 41.1675
1298881030 -8.64956 41.1673
1298881035 -8.64955 41.1673
1298881041 -8.64954 41.1673
1298881046 -8.64953 41.1673
1298881049 -8.64952 41.1673
1298881063 -8.64951 41.1673
1298881068 -8.6495 41.1673
1298881069 -8.6495 41.1672
1298881070 -8.64949 41.1672
1298881073 -8.64948 41.1672
1298881075 -8.64947 41.1672
1298881077 -8.64946 41.1672
1298881079 -8.64945 41.1672
1298881080 -8.64944 41.1672
1298881084 -8.64943 41.1672
1298881086 -8.64942 41.1672
1298881087 -8.64942 41.1671
1298881127 -8.64941 41.1672
1298881138 -8.6494 41.1672
1298881139 -8.6494 41.1673
1298881149 -8.64939 41.1673
1298881154 -8.64938 41.1673
1298881160 -8.64937 41.1673
1298881164 -8.64936 41.1673
1298881172 -8.64935 41.1673
1298881193 -8.64941 41.1673
1298881195 -8.64942 41.1673
1298881199 -8.64943 41.1673
1298881200 -8.64943 41.1673
