:break:
1298880149 -8.59994 41.1827
1298880151 -8.59995 41.1827
1298880163 -8.59996 41.1827
1298880199 -8.59997 41.1827
1298880210 -8.59997 41.1826
1298880221 -8.59998 41.1826
1298880244 -8.59998 41.1827
1298880248 -8.59999 41.1827
1298880285 -8.59993 41.1827
1298880324 -8.59992 41.1827
1298880329 -8.59991 41.1827
1298880332 -8.5999 41.1827
1298880498 -8.59996 41.1826
1298880502 -8.59995 41.1826
1298880970 -8.59989 41.1827
1298880975 -8.59988 41.1827
1298881056 -8.59994 41.1826
1298881200 -8.5999 41.1827
