:break:
1298880133 -8.56835 41.1516
1298880148 -8.56836 41.1516
1298880169 -8.56834 41.1516
1298880181 -8.56835 41.1517
1298880183 -8.56836 41.1517
1298880185 -8.56837 41.1516
1298880186 -8.56838 41.1516
1298880187 -8.56839 41.1516
1298880188 -8.5684 41.1516
1298880189 -8.56841 41.1516
1298880191 -8.56843 41.1516
1298880192 -8.56846 41.1516
1298880193 -8.56849 41.1516
1298880194 -8.56852 41.1516
1298880195 -8.56858 41.1516
1298880196 -8.56863 41.1516
1298880197 -8.5687 41.1516
1298880198 -8.56877 41.1516
1298880199 -8.56885 41.1516
1298880200 -8.56893 41.1516
1298880201 -8.56901 41.1516
1298880202 -8.5691 41.1517
1298880203 -8.56919 41.1517
1298880204 -8.5693 41.1517
1298880205 -8.5694 41.1517
1298880206 -8.5695 41.1517
1298880207 -8.5696 41.1517
1298880208 -8.5697 41.1517
1298880209 -8.56981 41.1517
1298880210 -8.56991 41.1518
1298880211 -8.57002 41.1518
1298880212 -8.57012 41.1518
1298880213 -8.57022 41.1518
1298880214 -8.57033 41.1518
1298880215 -8.57044 41.1518
1298880216 -8.57054 41.1518
1298880217 -8.57066 41.1518
1298880218 -8.57075 41.1519
1298880219 -8.57086 41.1519
1298880220 -8.57096 41.1519
1298880221 -8.57106 41.1519
1298880222 -8.57116 41.1519
1298880223 -8.57127 41.1519
1298880224 -8.57137 41.1519
1298880225 -8.57149 41.1519
1298880226 -8.57161 41.1519
1298880227 -8.57174 41.1518
1298880228 -8.57186 41.1518
1298880229 -8.57198 41.1518
1298880230 -8.5721 41.1518
1298880231 -8.57224 41.1518
1298880232 -8.57238 41.1519
1298880233 -8.57254 41.1519
1298880234 -8.57268 41.1519
1298880235 -8.57283 41.1519
1298880236 -8.57299 41.1519
1298880237 -8.57313 41.1519
1298880238 -8.57327 41.1519
1298880239 -8.57341 41.1519
1298880240 -8.57353 41.1519
1298880241 -8.57362 41.1519
1298880242 -8.57371 41.1519
1298880243 -8.5738 41.1519
1298880244 -8.57385 41.1518
1298880245 -8.5739 41.1518
1298880246 -8.57395 41.1518
1298880247 -8.574 41.1517
1298880248 -8.57405 41.1517
1298880249 -8.5741 41.1518
1298880250 -8.57415 41.1518
1298880251 -8.57419 41.1519
1298880252 -8.57423 41.1519
1298880253 -8.57426 41.152
1298880254 -8.57429 41.152
1298880255 -8.57433 41.1521
1298880256 -8.57435 41.1521
1298880257 -8.57437 41.1521
1298880258 -8.5744 41.1521
1298880259 -8.57443 41.1521
1298880260 -8.57449 41.1521
1298880261 -8.57454 41.1521
1298880262 -8.57461 41.152
1298880263 -8.5747 41.152
1298880264 -8.57478 41.1519
1298880265 -8.57485 41.1518
1298880266 -8.5749 41.1517
1298880267 -8.57496 41.1516
1298880268 -8.575 41.1515
1298880269 -8.57505 41.1514
1298880270 -8.57508 41.1513
1298880271 -8.57513 41.1511
1298880272 -8.57518 41.151
1298880273 -8.57526 41.1509
1298880274 -8.57538 41.1508
1298880275 -8.57552 41.1507
1298880276 -8.57569 41.1507
1298880277 -8.57585 41.1506
1298880278 -8.57601 41.1506
1298880279 -8.57618 41.1507
1298880280 -8.57634 41.1506
1298880281 -8.5765 41.1506
1298880282 -8.57664 41.1505
1298880283 -8.57677 41.1505
1298880284 -8.57691 41.1504
1298880285 -8.57705 41.1503
1298880286 -8.57717 41.1502
1298880287 -8.57731 41.1501
1298880288 -8.57745 41.15
1298880289 -8.57759 41.15
1298880290 -8.57773 41.1499
1298880291 -8.57787 41.1498
1298880292 -8.57801 41.1497
1298880293 -8.57812 41.1496
1298880294 -8.57822 41.1495
1298880295 -8.57829 41.1494
1298880296 -8.57834 41.1493
1298880297 -8.57838 41.1492
1298880298 -8.57841 41.1491
1298880299 -8.57845 41.149
1298880300 -8.57848 41.1489
1298880301 -8.5785 41.1488
1298880302 -8.57854 41.1487
1298880303 -8.57858 41.1486
1298880304 -8.57862 41.1485
1298880305 -8.57868 41.1485
1298880306 -8.57876 41.1484
1298880307 -8.57884 41.1484
1298880308 -8.57892 41.1483
1298880309 -8.579 41.1483
1298880310 -8.57909 41.1482
1298880311 -8.57917 41.1481
1298880312 -8.57925 41.1481
1298880313 -8.57932 41.148
1298880314 -8.57939 41.1479
1298880315 -8.57947 41.1478
1298880316 -8.57954 41.1477
1298880317 -8.57961 41.1476
1298880318 -8.57968 41.1475
1298880319 -8.57975 41.1474
1298880320 -8.57981 41.1473
1298880321 -8.57986 41.1473
1298880322 -8.57991 41.1472
1298880323 -8.57994 41.1471
1298880324 -8.57994 41.147
1298880326 -8.57992 41.1469
1298880327 -8.57987 41.1468
1298880328 -8.57981 41.1468
1298880329 -8.57974 41.1467
1298880330 -8.57966 41.1466
1298880331 -8.57958 41.1466
1298880332 -8.57951 41.1465
1298880333 -8.57946 41.1464
1298880334 -8.57941 41.1464
1298880335 -8.57937 41.1464
1298880336 -8.57935 41.1464
1298880338 -8.57934 41.1464
1298880339 -8.57934 41.1463
1298880348 -8.57933 41.1464
1298880349 -8.57933 41.1463
1298880351 -8.57932 41.1463
1298880353 -8.57931 41.1463
1298880361 -8.5793 41.1463
1298880365 -8.57929 41.1463
1298880392 -8.57934 41.1462
1298880393 -8.57937 41.1462
1298880394 -8.5794 41.1461
1298880395 -8.57944 41.1461
1298880396 -8.57946 41.146
1298880397 -8.57948 41.146
1298880398 -8.57949 41.1459
1298880399 -8.57951 41.1459
1298880400 -8.57952 41.1459
1298880409 -8.57953 41.1459
1298880425 -8.57954 41.1459
1298880455 -8.57955 41.1458
1298880456 -8.57956 41.1458
1298880457 -8.57957 41.1458
1298880459 -8.57958 41.1458
1298880460 -8.57959 41.1458
1298880461 -8.57961 41.1457
1298880462 -8.57963 41.1457
1298880463 -8.57964 41.1457
1298880464 -8.57966 41.1456
1298880465 -8.57967 41.1456
1298880466 -8.5797 41.1456
1298880467 -8.57973 41.1455
1298880468 -8.57975 41.1455
1298880469 -8.57978 41.1454
1298880470 -8.57982 41.1454
1298880471 -8.57986 41.1454
1298880472 -8.57991 41.1453
1298880473 -8.57995 41.1453
1298880474 -8.58001 41.1453
1298880475 -8.58008 41.1453
1298880476 -8.58014 41.1452
1298880477 -8.58022 41.1452
1298880478 -8.58028 41.1452
1298880479 -8.58036 41.1452
1298880480 -8.58043 41.1451
1298880481 -8.5805 41.1451
1298880482 -8.58057 41.1451
1298880483 -8.58065 41.1451
1298880484 -8.58071 41.1451
1298880485 -8.58078 41.1451
1298880486 -8.58084 41.145
1298880487 -8.5809 41.145
1298880488 -8.58098 41.145
1298880489 -8.58105 41.145
1298880490 -8.58111 41.145
1298880491 -8.58118 41.145
1298880492 -8.58125 41.145
1298880493 -8.5813 41.145
1298880494 -8.58136 41.1449
1298880495 -8.58141 41.1449
1298880496 -8.58148 41.1449
1298880497 -8.58155 41.1449
1298880498 -8.58162 41.1449
1298880499 -8.58169 41.1449
1298880500 -8.58177 41.1449
1298880501 -8.58184 41.1449
1298880502 -8.58191 41.1449
1298880503 -8.58198 41.1449
1298880504 -8.58203 41.1449
1298880505 -8.58208 41.1449
1298880506 -8.58212 41.1449
1298880507 -8.58215 41.1449
1298880508 -8.58217 41.1449
1298880509 -8.58218 41.1449
1298880529 -8.58219 41.1449
1298880536 -8.5822 41.1449
1298880537 -8.58222 41.1449
1298880538 -8.58226 41.1449
1298880539 -8.58228 41.1449
1298880540 -8.5823 41.1449
1298880541 -8.58233 41.1449
1298880542 -8.58235 41.1449
1298880543 -8.58237 41.1449
1298880544 -8.58239 41.1449
1298880545 -8.58242 41.1449
1298880546 -8.58245 41.1449
1298880547 -8.58249 41.1449
1298880548 -8.58252 41.1449
1298880549 -8.58255 41.145
1298880550 -8.58259 41.145
1298880551 -8.58263 41.145
1298880552 -8.58268 41.145
1298880553 -8.58273 41.145
1298880554 -8.58278 41.145
1298880555 -8.58282 41.145
1298880556 -8.58287 41.1451
1298880557 -8.5829 41.1451
1298880558 -8.58294 41.1451
1298880559 -8.58298 41.1451
1298880560 -8.583 41.1451
1298880561 -8.58303 41.1452
1298880562 -8.58305 41.1452
1298880563 -8.58308 41.1452
1298880564 -8.58309 41.1452
1298880565 -8.5831 41.1452
1298880566 -8.58311 41.1453
1298880567 -8.58312 41.1453
1298880568 -8.58313 41.1453
1298880569 -8.58315 41.1453
1298880570 -8.58317 41.1453
1298880571 -8.58318 41.1453
1298880572 -8.5832 41.1453
1298880579 -8.58321 41.1453
1298880580 -8.58322 41.1453
1298880581 -8.58323 41.1453
1298880582 -8.58324 41.1453
1298880584 -8.58325 41.1453
1298880601 -8.58326 41.1453
1298880602 -8.58328 41.1454
1298880603 -8.58331 41.1454
1298880604 -8.58334 41.1454
1298880605 -8.58336 41.1454
1298880606 -8.58338 41.1455
1298880607 -8.5834 41.1455
1298880608 -8.58342 41.1455
1298880609 -8.58343 41.1455
1298880610 -8.58345 41.1456
1298880611 -8.58348 41.1456
1298880612 -8.58351 41.1456
1298880613 -8.58353 41.1456
1298880614 -8.58355 41.1457
1298880615 -8.58358 41.1457
1298880616 -8.58361 41.1457
1298880617 -8.58365 41.1457
1298880618 -8.58368 41.1458
1298880619 -8.58371 41.1458
1298880620 -8.58375 41.1458
1298880621 -8.58378 41.1459
1298880622 -8.58381 41.1459
1298880623 -8.58386 41.1459
1298880624 -8.58389 41.146
1298880625 -8.58394 41.146
1298880626 -8.58398 41.146
1298880627 -8.58402 41.1461
1298880628 -8.58405 41.1461
1298880629 -8.58407 41.1462
1298880630 -8.58411 41.1462
1298880631 -8.58414 41.1462
1298880632 -8.58417 41.1462
1298880633 -8.58421 41.1463
1298880634 -8.58424 41.1463
1298880635 -8.58426 41.1463
1298880636 -8.58429 41.1463
1298880637 -8.5843 41.1464
1298880638 -8.58431 41.1464
1298880639 -8.58433 41.1464
1298880650 -8.58434 41.1464
1298880656 -8.58435 41.1464
1298880657 -8.58436 41.1464
1298880658 -8.58438 41.1464
1298880659 -8.5844 41.1464
1298880660 -8.58442 41.1464
1298880661 -8.58442 41.1465
1298880662 -8.58444 41.1465
1298880663 -8.58446 41.1465
1298880664 -8.58448 41.1465
1298880665 -8.58449 41.1465
1298880666 -8.58451 41.1465
1298880667 -8.58453 41.1465
1298880668 -8.58456 41.1465
1298880669 -8.58459 41.1466
1298880670 -8.5846 41.1466
1298880671 -8.58463 41.1466
1298880672 -8.58466 41.1466
1298880673 -8.58469 41.1466
1298880674 -8.5847 41.1466
1298880675 -8.58473 41.1466
1298880676 -8.58475 41.1466
1298880677 -8.58478 41.1466
1298880678 -8.58479 41.1466
1298880679 -8.58481 41.1466
1298880680 -8.58484 41.1466
1298880681 -8.58486 41.1467
1298880682 -8.58488 41.1467
1298880683 -8.58491 41.1467
1298880684 -8.58494 41.1467
1298880685 -8.58497 41.1467
1298880686 -8.58499 41.1467
1298880687 -8.58503 41.1467
1298880688 -8.58506 41.1467
1298880689 -8.58508 41.1467
1298880690 -8.58511 41.1467
1298880691 -8.58514 41.1467
1298880692 -8.58516 41.1467
1298880693 -8.58519 41.1467
1298880694 -8.58522 41.1467
1298880695 -8.58524 41.1467
1298880696 -8.58527 41.1468
1298880697 -8.5853 41.1468
1298880698 -8.58532 41.1468
1298880699 -8.58533 41.1468
1298880701 -8.58534 41.1468
1298880702 -8.5854 41.1468
1298880703 -8.58543 41.1468
1298880704 -8.5855 41.1468
1298880705 -8.58557 41.1468
:break:
1298880711 -8.58584 41.1467
1298880712 -8.58588 41.1466
1298880713 -8.58581 41.1467
1298880714 -8.58576 41.1468
1298880715 -8.58582 41.1469
1298880716 -8.58584 41.1469
1298880717 -8.58589 41.1469
1298880718 -8.58593 41.147
1298880719 -8.586 41.147
1298880720 -8.58604 41.147
1298880721 -8.58609 41.147
1298880722 -8.58614 41.147
1298880723 -8.58618 41.147
1298880724 -8.58623 41.147
1298880725 -8.58626 41.147
1298880726 -8.58629 41.147
1298880727 -8.58633 41.1471
1298880728 -8.5864 41.1471
1298880729 -8.58646 41.1471
1298880730 -8.58651 41.1471
1298880731 -8.58658 41.1471
1298880732 -8.58664 41.1471
1298880733 -8.58672 41.1472
1298880734 -8.58679 41.1472
1298880735 -8.58686 41.1472
1298880736 -8.58691 41.1473
1298880737 -8.58697 41.1473
1298880738 -8.58701 41.1473
1298880739 -8.58703 41.1473
1298880740 -8.58704 41.1473
1298880741 -8.58705 41.1473
1298880742 -8.58708 41.1473
1298880743 -8.58709 41.1473
1298880744 -8.5871 41.1473
1298880747 -8.58711 41.1473
1298880755 -8.58712 41.1473
1298880756 -8.58713 41.1474
1298880759 -8.58712 41.1474
1298880760 -8.58711 41.1474
1298880761 -8.58708 41.1474
1298880762 -8.58705 41.1475
1298880763 -8.58702 41.1475
1298880764 -8.58698 41.1475
1298880765 -8.58695 41.1475
1298880766 -8.58693 41.1475
1298880767 -8.5869 41.1475
1298880768 -8.58687 41.1475
1298880769 -8.58685 41.1475
1298880770 -8.58682 41.1476
1298880771 -8.58679 41.1476
1298880772 -8.58676 41.1476
1298880773 -8.58673 41.1476
1298880774 -8.5867 41.1476
1298880775 -8.58667 41.1476
1298880776 -8.58665 41.1476
1298880777 -8.58662 41.1476
1298880778 -8.58659 41.1477
1298880779 -8.58658 41.1477
1298880780 -8.58656 41.1477
1298880781 -8.58654 41.1477
1298880782 -8.58652 41.1477
1298880783 -8.5865 41.1477
1298880785 -8.58649 41.1477
1298880786 -8.58648 41.1477
1298880787 -8.58647 41.1477
1298880793 -8.58646 41.1477
1298880796 -8.58645 41.1477
1298880797 -8.58644 41.1477
1298880798 -8.58642 41.1477
1298880799 -8.58641 41.1477
1298880800 -8.5864 41.1477
1298880801 -8.58638 41.1477
1298880802 -8.58636 41.1478
1298880803 -8.58634 41.1478
1298880804 -8.58632 41.1478
1298880805 -8.5863 41.1478
1298880806 -8.58628 41.1478
1298880807 -8.58626 41.1478
1298880808 -8.58624 41.1479
1298880809 -8.58622 41.1479
1298880810 -8.5862 41.148
1298880811 -8.58618 41.148
1298880812 -8.58617 41.1481
1298880813 -8.58615 41.1481
1298880814 -8.58615 41.1482
1298880815 -8.58614 41.1482
1298880816 -8.58613 41.1482
1298880817 -8.58613 41.1483
1298880818 -8.58612 41.1483
1298880819 -8.58611 41.1484
1298880820 -8.58611 41.1485
1298880821 -8.5861 41.1485
1298880822 -8.58609 41.1486
1298880823 -8.58608 41.1486
1298880824 -8.58607 41.1487
1298880825 -8.58606 41.1487
1298880826 -8.58605 41.1488
1298880827 -8.58604 41.1488
1298880828 -8.58605 41.1489
1298880830 -8.58608 41.149
1298880831 -8.58614 41.149
1298880832 -8.58619 41.149
1298880833 -8.58625 41.149
1298880834 -8.58633 41.149
1298880835 -8.5864 41.149
1298880836 -8.58645 41.149
1298880837 -8.58647 41.149
1298880841 -8.58649 41.149
1298880842 -8.58651 41.149
1298880843 -8.58653 41.149
1298880844 -8.58654 41.149
1298880846 -8.58655 41.149
1298880847 -8.58657 41.149
1298880848 -8.5866 41.149
1298880849 -8.58667 41.149
1298880850 -8.58673 41.149
1298880851 -8.58681 41.149
1298880852 -8.5869 41.1491
1298880853 -8.58701 41.1491
1298880854 -8.58712 41.1491
1298880855 -8.58723 41.1492
1298880856 -8.58736 41.1492
1298880857 -8.58749 41.1492
1298880858 -8.58762 41.1493
1298880859 -8.58775 41.1493
1298880860 -8.5879 41.1493
1298880861 -8.58802 41.1494
1298880862 -8.58814 41.1494
1298880863 -8.58827 41.1495
1298880864 -8.5884 41.1495
1298880865 -8.58855 41.1495
1298880866 -8.58869 41.1496
1298880867 -8.58884 41.1496
1298880868 -8.589 41.1496
1298880869 -8.58916 41.1497
1298880870 -8.58932 41.1497
1298880871 -8.58948 41.1498
1298880872 -8.58965 41.1498
1298880873 -8.58981 41.1499
1298880874 -8.58997 41.1499
1298880875 -8.59012 41.1499
1298880876 -8.59028 41.15
1298880877 -8.59042 41.15
1298880878 -8.59057 41.1501
1298880879 -8.59072 41.1501
1298880880 -8.59086 41.1501
1298880881 -8.59099 41.1502
1298880882 -8.59113 41.1502
1298880883 -8.59126 41.1502
1298880884 -8.59141 41.1503
1298880885 -8.59155 41.1503
1298880886 -8.5917 41.1504
1298880887 -8.59184 41.1504
1298880888 -8.59198 41.1504
1298880889 -8.59209 41.1505
1298880890 -8.59221 41.1505
1298880891 -8.59231 41.1505
1298880892 -8.59242 41.1506
1298880893 -8.59251 41.1506
1298880894 -8.59259 41.1506
1298880895 -8.59266 41.1506
1298880896 -8.59271 41.1506
1298880897 -8.59273 41.1506
1298880898 -8.59274 41.1506
1298880912 -8.59275 41.1506
1298880913 -8.59278 41.1506
1298880914 -8.59282 41.1506
1298880915 -8.59287 41.1507
1298880916 -8.59291 41.1507
1298880917 -8.59296 41.1507
1298880918 -8.59301 41.1507
1298880919 -8.59307 41.1507
1298880920 -8.59312 41.1507
1298880921 -8.59317 41.1507
1298880922 -8.59322 41.1507
1298880923 -8.59325 41.1507
1298880924 -8.59327 41.1507
1298880925 -8.59329 41.1507
1298880926 -8.59331 41.1507
1298880927 -8.59332 41.1508
1298880937 -8.59331 41.1508
1298880940 -8.5933 41.1508
1298880943 -8.59329 41.1508
1298880947 -8.59328 41.1508
1298880952 -8.59327 41.1508
1298880988 -8.59333 41.1508
1298880989 -8.59337 41.1508
1298880990 -8.59342 41.1508
1298880991 -8.59345 41.1508
1298880992 -8.5935 41.1509
1298880993 -8.59353 41.1509
1298880994 -8.59357 41.1509
1298880995 -8.59361 41.151
1298880996 -8.59365 41.151
1298880997 -8.5937 41.151
1298880998 -8.59377 41.151
1298880999 -8.59384 41.151
1298881000 -8.59392 41.151
1298881001 -8.59401 41.151
1298881002 -8.5941 41.151
1298881003 -8.59418 41.1511
1298881004 -8.59424 41.1511
1298881005 -8.59431 41.1512
1298881006 -8.59435 41.1513
1298881007 -8.5944 41.1514
1298881008 -8.59444 41.1516
1298881009 -8.59448 41.1517
1298881010 -8.59451 41.1518
1298881011 -8.59455 41.1519
1298881012 -8.59459 41.152
1298881013 -8.59462 41.1521
1298881014 -8.59466 41.1523
1298881015 -8.59469 41.1524
1298881016 -8.59471 41.1524
1298881017 -8.59474 41.1525
1298881018 -8.59476 41.1526
1298881019 -8.59478 41.1527
1298881020 -8.5948 41.1527
1298881021 -8.59483 41.1528
1298881022 -8.59486 41.1529
1298881023 -8.59488 41.153
1298881024 -8.59491 41.1531
1298881025 -8.59494 41.1531
1298881026 -8.59496 41.1532
1298881027 -8.59499 41.1533
1298881028 -8.59502 41.1534
1298881029 -8.59505 41.1534
1298881030 -8.59507 41.1535
1298881031 -8.5951 41.1536
1298881032 -8.59514 41.1537
1298881033 -8.59516 41.1538
1298881034 -8.59519 41.1538
1298881035 -8.59522 41.1539
1298881036 -8.59524 41.154
1298881037 -8.59527 41.1541
1298881038 -8.5953 41.1541
1298881039 -8.59531 41.1542
1298881040 -8.59535 41.1543
1298881041 -8.59537 41.1544
1298881042 -8.59539 41.1544
1298881043 -8.59538 41.1545
1298881044 -8.5954 41.1546
1298881045 -8.59546 41.1546
1298881046 -8.59553 41.1546
1298881047 -8.5956 41.1546
1298881048 -8.59566 41.1546
1298881049 -8.5957 41.1546
1298881050 -8.59574 41.1545
1298881051 -8.59577 41.1544
1298881052 -8.59583 41.1544
1298881053 -8.59588 41.1543
1298881054 -8.59595 41.1542
1298881055 -8.59601 41.154
1298881056 -8.59606 41.154
1298881057 -8.59612 41.1539
1298881058 -8.59618 41.1538
1298881059 -8.59626 41.1538
1298881060 -8.59635 41.1538
1298881061 -8.59647 41.1538
1298881062 -8.5966 41.1538
1298881063 -8.59675 41.1538
1298881064 -8.59691 41.1537
1298881065 -8.59707 41.1537
1298881066 -8.59722 41.1537
1298881067 -8.59737 41.1537
1298881068 -8.59749 41.1536
1298881069 -8.59761 41.1536
1298881070 -8.59772 41.1536
1298881071 -8.59783 41.1536
1298881072 -8.59793 41.1536
1298881073 -8.59805 41.1536
1298881074 -8.5982 41.1536
1298881075 -8.59837 41.1535
1298881076 -8.59853 41.1535
1298881077 -8.59866 41.1535
1298881078 -8.59879 41.1535
1298881079 -8.59891 41.1535
1298881080 -8.59901 41.1535
1298881081 -8.59909 41.1535
1298881082 -8.59915 41.1534
1298881083 -8.59919 41.1535
1298881084 -8.59922 41.1535
1298881085 -8.59923 41.1534
1298881086 -8.59924 41.1535
1298881087 -8.59926 41.1534
1298881088 -8.59929 41.1534
1298881089 -8.59936 41.1534
1298881090 -8.59942 41.1534
1298881091 -8.59949 41.1534
1298881092 -8.59958 41.1534
1298881093 -8.59965 41.1534
1298881094 -8.59974 41.1533
1298881095 -8.59982 41.1533
1298881096 -8.59991 41.1533
1298881097 -8.6 41.1533
1298881098 -8.60009 41.1533
1298881099 -8.60018 41.1533
1298881100 -8.60025 41.1533
1298881101 -8.60032 41.1533
1298881102 -8.6004 41.1533
1298881103 -8.60049 41.1533
1298881104 -8.60057 41.1533
1298881105 -8.60066 41.1533
1298881106 -8.60073 41.1533
1298881107 -8.6008 41.1533
1298881108 -8.60088 41.1533
1298881109 -8.60095 41.1534
1298881110 -8.60106 41.1533
1298881111 -8.60115 41.1533
1298881112 -8.60124 41.1533
1298881113 -8.60132 41.1533
1298881114 -8.60139 41.1533
1298881115 -8.60146 41.1533
1298881116 -8.60155 41.1533
1298881117 -8.60163 41.1533
1298881118 -8.60171 41.1533
1298881119 -8.60179 41.1533
1298881120 -8.60187 41.1533
1298881121 -8.60192 41.1533
1298881122 -8.60197 41.1533
1298881123 -8.60201 41.1533
1298881124 -8.60205 41.1533
1298881125 -8.60206 41.1533
1298881134 -8.60207 41.1533
1298881135 -8.6021 41.1533
1298881136 -8.60215 41.1533
1298881137 -8.6022 41.1533
1298881138 -8.60225 41.1533
1298881139 -8.6023 41.1533
1298881140 -8.60234 41.1533
1298881141 -8.60238 41.1534
1298881142 -8.6024 41.1534
1298881143 -8.60241 41.1534
1298881144 -8.60243 41.1535
1298881145 -8.60243 41.1536
1298881146 -8.60245 41.1537
1298881147 -8.60246 41.1537
1298881148 -8.60246 41.1538
1298881149 -8.60247 41.1539
1298881150 -8.60249 41.154
1298881151 -8.6025 41.1541
1298881153 -8.6025 41.1542
1298881154 -8.60251 41.1543
1298881155 -8.60251 41.1544
1298881156 -8.60252 41.1544
1298881157 -8.60253 41.1545
1298881158 -8.60256 41.1545
1298881159 -8.6026 41.1546
1298881160 -8.60261 41.1546
1298881161 -8.60263 41.1546
1298881162 -8.60265 41.1546
1298881163 -8.60267 41.1546
1298881164 -8.6027 41.1546
1298881165 -8.60272 41.1546
1298881166 -8.60274 41.1546
1298881167 -8.60276 41.1546
1298881168 -8.60277 41.1546
1298881169 -8.60278 41.1545
1298881170 -8.60277 41.1545
1298881177 -8.60276 41.1545
1298881180 -8.60275 41.1545
1298881188 -8.60279 41.1546
1298881189 -8.60284 41.1546
1298881190 -8.6029 41.1546
1298881191 -8.60297 41.1546
1298881192 -8.60305 41.1546
1298881193 -8.60314 41.1546
1298881194 -8.60323 41.1546
1298881195 -8.60332 41.1546
1298881196 -8.60342 41.1546
1298881197 -8.60351 41.1547
1298881198 -8.6036 41.1547
1298881199 -8.60367 41.1547
1298881200 -8.60374 41.1547
