:break:
1298880027 -8.62012 41.1477
1298880028 -8.62013 41.1477
1298880029 -8.62014 41.1477
1298880031 -8.62015 41.1477
1298880036 -8.62016 41.1477
1298880064 -8.6202 41.1477
1298880065 -8.62024 41.1476
1298880066 -8.62028 41.1476
1298880067 -8.62033 41.1475
1298880068 -8.62037 41.1474
1298880069 -8.6204 41.1474
1298880070 -8.62042 41.1473
1298880071 -8.62042 41.1472
1298880072 -8.6204 41.1471
1298880073 -8.62039 41.1471
1298880074 -8.62037 41.147
1298880075 -8.62035 41.1469
1298880076 -8.62033 41.1468
1298880077 -8.62031 41.1467
1298880078 -8.62029 41.1467
1298880079 -8.62028 41.1466
1298880080 -8.62028 41.1465
1298880081 -8.62027 41.1465
1298880082 -8.62026 41.1464
1298880085 -8.62027 41.1464
1298880096 -8.62025 41.1464
1298880112 -8.62024 41.1464
1298880113 -8.62023 41.1463
1298880114 -8.62022 41.1463
1298880115 -8.62021 41.1463
1298880116 -8.6202 41.1462
1298880117 -8.62018 41.1462
1298880118 -8.62019 41.1461
1298880119 -8.6202 41.1461
1298880120 -8.62023 41.1461
1298880121 -8.62028 41.146
1298880122 -8.62034 41.146
1298880123 -8.62042 41.146
1298880124 -8.6205 41.146
1298880125 -8.6206 41.146
1298880126 -8.62069 41.146
1298880127 -8.6208 41.146
1298880128 -8.62092 41.146
1298880129 -8.62104 41.1459
1298880130 -8.62115 41.1459
1298880131 -8.62127 41.1459
1298880132 -8.6214 41.1459
1298880133 -8.62151 41.1459
1298880134 -8.62164 41.1459
1298880135 -8.62176 41.1458
1298880136 -8.62188 41.1458
1298880137 -8.62201 41.1458
1298880138 -8.62213 41.1458
1298880139 -8.62225 41.1458
1298880140 -8.62238 41.1458
1298880141 -8.6225 41.1458
1298880142 -8.62263 41.1457
1298880143 -8.62276 41.1457
1298880144 -8.62289 41.1457
1298880145 -8.62303 41.1457
1298880146 -8.62316 41.1457
1298880147 -8.6233 41.1457
1298880148 -8.62343 41.1457
1298880149 -8.62358 41.1457
1298880150 -8.62371 41.1457
1298880151 -8.62385 41.1456
1298880152 -8.62398 41.1456
1298880153 -8.62412 41.1456
1298880154 -8.62426 41.1456
1298880155 -8.6244 41.1456
1298880156 -8.62455 41.1456
1298880157 -8.62469 41.1456
1298880158 -8.62484 41.1455
1298880159 -8.62498 41.1455
1298880160 -8.62513 41.1455
1298880161 -8.62528 41.1455
1298880162 -8.62544 41.1455
1298880163 -8.62559 41.1455
1298880164 -8.62574 41.1455
1298880165 -8.6259 41.1455
1298880166 -8.62605 41.1454
1298880167 -8.62619 41.1454
1298880168 -8.62635 41.1454
1298880169 -8.6265 41.1454
1298880170 -8.62665 41.1454
1298880171 -8.62681 41.1454
1298880172 -8.62696 41.1454
1298880173 -8.62711 41.1453
1298880174 -8.62726 41.1453
1298880175 -8.62742 41.1453
1298880176 -8.62756 41.1453
1298880177 -8.6277 41.1453
1298880178 -8.62781 41.1453
1298880179 -8.62792 41.1453
1298880180 -8.62802 41.1453
1298880181 -8.62811 41.1453
1298880182 -8.62819 41.1453
1298880183 -8.62826 41.1453
1298880184 -8.62834 41.1454
1298880185 -8.62841 41.1454
1298880186 -8.62849 41.1455
1298880187 -8.62857 41.1456
1298880188 -8.62866 41.1456
1298880189 -8.62874 41.1457
1298880190 -8.62882 41.1457
1298880191 -8.6289 41.1458
1298880192 -8.62898 41.1459
1298880193 -8.62907 41.1459
1298880194 -8.62916 41.146
1298880195 -8.62924 41.146
1298880196 -8.62931 41.1461
1298880197 -8.62939 41.1462
1298880198 -8.62945 41.1463
1298880199 -8.62952 41.1463
1298880200 -8.62959 41.1464
1298880201 -8.62966 41.1464
1298880202 -8.62974 41.1464
1298880203 -8.62981 41.1464
1298880204 -8.6299 41.1464
1298880205 -8.62999 41.1464
1298880206 -8.63009 41.1464
1298880207 -8.63019 41.1464
1298880208 -8.63029 41.1464
1298880209 -8.6304 41.1464
1298880210 -8.6305 41.1464
1298880211 -8.63062 41.1464
1298880212 -8.63073 41.1464
1298880213 -8.63085 41.1464
1298880214 -8.63096 41.1464
1298880215 -8.63106 41.1464
1298880216 -8.63116 41.1464
1298880217 -8.63126 41.1464
1298880218 -8.63135 41.1464
1298880219 -8.63144 41.1464
1298880220 -8.63151 41.1464
1298880221 -8.63158 41.1464
1298880222 -8.63164 41.1464
1298880223 -8.63169 41.1464
1298880224 -8.63176 41.1464
1298880225 -8.63185 41.1464
1298880226 -8.63194 41.1465
1298880227 -8.63205 41.1465
1298880228 -8.63216 41.1466
1298880229 -8.63227 41.1467
1298880230 -8.63238 41.1467
1298880231 -8.63249 41.1468
1298880232 -8.63259 41.1468
1298880233 -8.63269 41.1469
1298880234 -8.63279 41.1469
1298880235 -8.63289 41.147
1298880236 -8.63299 41.147
1298880237 -8.63309 41.1471
1298880238 -8.6332 41.1472
1298880239 -8.6333 41.1472
1298880240 -8.6334 41.1473
1298880241 -8.63351 41.1473
1298880242 -8.63361 41.1474
1298880243 -8.63371 41.1475
1298880244 -8.63382 41.1475
1298880245 -8.63392 41.1475
1298880246 -8.63403 41.1476
1298880247 -8.63415 41.1476
1298880248 -8.63427 41.1477
1298880249 -8.63438 41.1477
1298880250 -8.6345 41.1477
1298880251 -8.63462 41.1478
1298880252 -8.63474 41.1478
1298880253 -8.63486 41.1478
1298880254 -8.63499 41.1479
1298880255 -8.63511 41.1479
1298880256 -8.63523 41.148
1298880257 -8.63536 41.148
1298880258 -8.63547 41.148
1298880259 -8.6356 41.1481
1298880260 -8.63572 41.1481
1298880261 -8.63584 41.1481
1298880262 -8.63596 41.1482
1298880263 -8.63608 41.1482
1298880264 -8.6362 41.1482
1298880265 -8.63633 41.1482
1298880266 -8.63645 41.1483
1298880267 -8.63657 41.1483
1298880268 -8.63669 41.1483
1298880269 -8.63681 41.1483
1298880270 -8.63693 41.1483
1298880271 -8.63706 41.1483
1298880272 -8.63718 41.1484
1298880273 -8.63731 41.1484
1298880274 -8.63744 41.1484
1298880275 -8.63758 41.1484
1298880276 -8.63772 41.1484
1298880277 -8.63786 41.1484
1298880278 -8.638 41.1484
1298880279 -8.63814 41.1484
1298880280 -8.63828 41.1484
1298880281 -8.63842 41.1484
1298880282 -8.63857 41.1484
1298880283 -8.6387 41.1484
1298880284 -8.63885 41.1485
1298880285 -8.63899 41.1485
1298880286 -8.63914 41.1485
1298880287 -8.63928 41.1485
1298880288 -8.63942 41.1485
1298880289 -8.63958 41.1485
1298880290 -8.63972 41.1485
1298880291 -8.63987 41.1485
1298880292 -8.64002 41.1485
1298880293 -8.64017 41.1485
1298880294 -8.64032 41.1485
1298880295 -8.64047 41.1485
1298880296 -8.64062 41.1485
1298880297 -8.64077 41.1485
1298880298 -8.64092 41.1484
1298880299 -8.64106 41.1484
1298880300 -8.64121 41.1483
1298880301 -8.64136 41.1483
1298880302 -8.64151 41.1483
1298880303 -8.64166 41.1482
1298880304 -8.64182 41.1482
1298880305 -8.64197 41.1482
1298880306 -8.64212 41.1481
1298880307 -8.64228 41.1481
1298880308 -8.6424 41.1481
1298880309 -8.64251 41.1481
1298880310 -8.6426 41.1481
1298880311 -8.64265 41.1481
1298880312 -8.64269 41.1481
1298880313 -8.6427 41.148
1298880315 -8.64271 41.148
1298880319 -8.64273 41.148
1298880320 -8.64277 41.148
1298880321 -8.64284 41.148
1298880322 -8.64292 41.148
1298880323 -8.64303 41.148
1298880324 -8.64315 41.1481
1298880325 -8.64328 41.1481
1298880326 -8.6434 41.1481
1298880327 -8.64354 41.1481
1298880328 -8.64367 41.1481
1298880329 -8.64382 41.1481
1298880330 -8.64396 41.1482
1298880331 -8.6441 41.1482
1298880332 -8.64423 41.1482
1298880333 -8.64437 41.1482
1298880334 -8.6445 41.1482
1298880335 -8.64464 41.1482
1298880336 -8.64478 41.1483
1298880337 -8.64491 41.1483
1298880338 -8.64505 41.1483
1298880339 -8.64518 41.1483
1298880340 -8.64531 41.1483
1298880341 -8.64542 41.1484
1298880342 -8.6455 41.1484
1298880343 -8.64558 41.1484
1298880344 -8.64565 41.1484
1298880345 -8.64572 41.1484
1298880346 -8.6458 41.1484
1298880347 -8.64589 41.1484
1298880348 -8.64598 41.1484
1298880349 -8.64607 41.1485
1298880350 -8.64618 41.1485
1298880351 -8.6463 41.1485
1298880352 -8.64642 41.1485
1298880353 -8.64654 41.1485
1298880354 -8.64667 41.1485
1298880355 -8.6468 41.1485
1298880356 -8.64694 41.1485
1298880357 -8.64706 41.1485
1298880358 -8.6472 41.1485
1298880359 -8.64732 41.1485
1298880360 -8.64744 41.1485
1298880361 -8.64756 41.1485
1298880362 -8.64767 41.1485
1298880363 -8.64778 41.1484
1298880364 -8.64788 41.1484
1298880365 -8.64797 41.1484
1298880366 -8.64806 41.1484
1298880367 -8.64814 41.1484
1298880368 -8.64823 41.1483
1298880369 -8.6483 41.1483
1298880370 -8.64836 41.1483
1298880371 -8.64841 41.1483
1298880372 -8.64846 41.1483
1298880373 -8.6485 41.1483
1298880374 -8.64852 41.1483
1298880375 -8.64854 41.1483
1298880376 -8.64856 41.1483
1298880377 -8.64858 41.1484
1298880378 -8.6486 41.1484
1298880379 -8.64863 41.1484
1298880380 -8.64866 41.1484
1298880381 -8.64869 41.1485
1298880382 -8.64871 41.1485
1298880383 -8.64875 41.1485
1298880384 -8.64878 41.1486
1298880385 -8.6488 41.1486
1298880386 -8.64883 41.1486
1298880387 -8.64886 41.1487
1298880388 -8.64888 41.1487
1298880389 -8.6489 41.1487
1298880390 -8.64893 41.1487
1298880391 -8.64895 41.1488
1298880392 -8.64896 41.1488
1298880393 -8.64898 41.1488
1298880394 -8.64899 41.1489
1298880395 -8.649 41.1489
1298880397 -8.64901 41.1489
1298880399 -8.64902 41.1489
1298880402 -8.64903 41.1489
1298880404 -8.64904 41.1489
1298880405 -8.64905 41.1489
1298880406 -8.64906 41.1489
1298880407 -8.64907 41.1489
1298880408 -8.64908 41.1489
1298880409 -8.6491 41.1489
1298880414 -8.64909 41.1489
1298880431 -8.64905 41.149
1298880432 -8.64904 41.149
1298880440 -8.64893 41.1488
1298880441 -8.64892 41.1487
1298880442 -8.64891 41.1487
1298880444 -8.64889 41.1487
1298880446 -8.64888 41.1486
1298880447 -8.64887 41.1486
1298880454 -8.64889 41.1486
1298880456 -8.6489 41.1486
1298880614 -8.64891 41.1486
1298880620 -8.64892 41.1486
1298880777 -8.64893 41.1486
1298881200 -8.64891 41.1486
