:break:
1298880106 -8.60458 41.1614
1298880109 -8.60459 41.1614
1298880117 -8.60459 41.1613
1298880139 -8.6046 41.1614
1298880142 -8.60461 41.1614
1298880155 -8.60461 41.1613
1298880170 -8.60462 41.1613
1298880189 -8.6046 41.1613
1298880203 -8.60463 41.1613
1298880216 -8.60464 41.1613
1298880219 -8.60465 41.1613
1298880221 -8.60466 41.1613
1298880224 -8.60467 41.1613
1298880258 -8.60462 41.1614
1298880303 -8.60457 41.1614
1298880304 -8.60456 41.1614
1298880305 -8.60455 41.1614
1298880307 -8.60454 41.1614
1298880309 -8.60453 41.1614
1298880311 -8.60452 41.1614
1298880315 -8.60451 41.1614
1298880316 -8.60451 41.1615
1298880321 -8.60452 41.1615
1298880505 -8.60463 41.1614
1298880700 -8.60468 41.1612
1298880706 -8.60469 41.1612
1298880709 -8.6047 41.1612
1298880713 -8.60471 41.1612
1298880719 -8.60472 41.1612
1298880724 -8.60473 41.1612
1298880772 -8.60468 41.1613
1298880787 -8.60469 41.1613
1298880795 -8.6047 41.1613
1298880808 -8.60474 41.1612
1298880892 -8.60476 41.1612
1298880893 -8.60477 41.1612
1298880898 -8.60478 41.1612
1298880902 -8.60479 41.1612
1298880903 -8.60479 41.1611
1298880912 -8.6048 41.1611
1298880918 -8.60478 41.1611
1298880924 -8.60483 41.1611
1298880925 -8.60486 41.1611
1298880926 -8.6049 41.161
1298880927 -8.60494 41.161
1298880928 -8.60495 41.1609
1298880929 -8.60497 41.1609
1298880930 -8.60498 41.1609
1298880931 -8.60499 41.1609
1298880933 -8.605 41.1609
1298880935 -8.605 41.1608
1298880937 -8.60501 41.1608
1298880944 -8.60502 41.1608
1298880946 -8.60503 41.1608
1298880949 -8.60504 41.1608
1298880972 -8.60503 41.1607
1298880973 -8.60504 41.1607
1298880974 -8.60506 41.1607
1298880975 -8.60509 41.1607
1298880976 -8.60513 41.1606
1298880977 -8.60519 41.1606
1298880978 -8.60524 41.1605
1298880979 -8.60529 41.1605
1298880980 -8.60534 41.1604
1298880981 -8.60539 41.1603
1298880982 -8.60546 41.1602
1298880983 -8.6055 41.1602
1298880984 -8.60555 41.1601
1298880985 -8.60559 41.16
1298880986 -8.60562 41.16
1298880987 -8.60565 41.1599
1298880988 -8.60566 41.1599
1298880989 -8.60567 41.1599
1298880990 -8.60567 41.1598
1298880992 -8.60569 41.1598
1298880993 -8.60571 41.1598
1298880994 -8.60575 41.1597
1298880995 -8.60577 41.1597
1298880996 -8.6058 41.1596
1298880997 -8.60582 41.1596
1298880998 -8.60583 41.1596
1298881002 -8.60581 41.1596
1298881005 -8.60582 41.1595
1298881006 -8.60583 41.1595
1298881007 -8.60584 41.1595
1298881008 -8.60585 41.1595
1298881009 -8.60588 41.1594
1298881010 -8.60594 41.1594
1298881011 -8.60595 41.1593
1298881012 -8.60597 41.1593
1298881016 -8.606 41.1592
1298881017 -8.60603 41.1592
1298881018 -8.60604 41.1592
1298881020 -8.60605 41.1592
1298881021 -8.60604 41.1591
1298881022 -8.60603 41.1591
1298881023 -8.606 41.1591
1298881024 -8.60596 41.1591
1298881025 -8.60593 41.1591
1298881026 -8.60587 41.159
1298881027 -8.60584 41.159
1298881028 -8.60581 41.159
1298881029 -8.6058 41.159
1298881030 -8.60579 41.159
1298881037 -8.60579 41.1591
1298881041 -8.60578 41.1591
1298881042 -8.60576 41.1591
1298881043 -8.60573 41.159
1298881044 -8.60568 41.159
1298881045 -8.60564 41.159
1298881046 -8.6056 41.159
1298881047 -8.60559 41.159
1298881048 -8.60558 41.159
1298881055 -8.60557 41.159
1298881056 -8.60555 41.1589
1298881057 -8.6055 41.1589
1298881058 -8.60542 41.1589
1298881059 -8.60537 41.1589
1298881060 -8.6053 41.1589
1298881061 -8.60524 41.1589
1298881062 -8.60519 41.1589
1298881063 -8.60516 41.1589
1298881064 -8.60515 41.1589
1298881065 -8.60514 41.1589
1298881067 -8.60513 41.1589
1298881069 -8.6051 41.1589
1298881070 -8.60507 41.1589
1298881071 -8.60504 41.1588
1298881072 -8.60502 41.1588
1298881073 -8.60498 41.1588
1298881074 -8.60495 41.1588
1298881075 -8.60491 41.1588
1298881076 -8.60486 41.1588
1298881077 -8.60483 41.1588
1298881078 -8.60478 41.1588
1298881079 -8.60475 41.1588
1298881080 -8.6047 41.1588
1298881081 -8.60466 41.1588
1298881082 -8.60461 41.1587
1298881083 -8.60457 41.1587
1298881084 -8.60455 41.1587
1298881085 -8.60453 41.1587
1298881086 -8.60453 41.1586
1298881087 -8.60453 41.1585
1298881089 -8.60453 41.1584
1298881091 -8.60453 41.1583
1298881092 -8.60454 41.1583
1298881093 -8.60456 41.1582
1298881095 -8.60457 41.1581
1298881097 -8.60458 41.1581
1298881099 -8.60458 41.158
1298881100 -8.60459 41.158
1298881102 -8.60459 41.1579
1298881103 -8.60459 41.1578
1298881105 -8.60459 41.1577
1298881107 -8.6046 41.1576
1298881108 -8.6046 41.1575
1298881109 -8.60461 41.1575
1298881110 -8.60462 41.1574
1298881111 -8.60463 41.1574
1298881112 -8.60464 41.1573
1298881113 -8.60465 41.1572
1298881114 -8.60466 41.1572
1298881115 -8.60467 41.1572
1298881116 -8.60468 41.1572
1298881117 -8.60469 41.1572
1298881118 -8.6047 41.1572
1298881129 -8.60464 41.1572
1298881130 -8.60463 41.1572
1298881131 -8.60462 41.1572
1298881133 -8.60461 41.1572
1298881136 -8.6046 41.1572
1298881139 -8.60459 41.1572
1298881154 -8.60463 41.1571
1298881155 -8.60462 41.1571
1298881156 -8.60464 41.157
1298881158 -8.60465 41.1569
1298881159 -8.60468 41.1568
1298881160 -8.60469 41.1567
1298881161 -8.6047 41.1567
1298881162 -8.60468 41.1566
1298881163 -8.6047 41.1566
1298881164 -8.60472 41.1565
1298881165 -8.60473 41.1565
1298881166 -8.60475 41.1565
1298881168 -8.60474 41.1565
1298881169 -8.60474 41.1564
1298881171 -8.60471 41.1565
1298881172 -8.60469 41.1565
1298881173 -8.60468 41.1565
1298881175 -8.60467 41.1564
1298881177 -8.60466 41.1564
1298881178 -8.60465 41.1564
1298881179 -8.60463 41.1565
1298881181 -8.60462 41.1565
1298881182 -8.60462 41.1566
1298881183 -8.60461 41.1566
1298881184 -8.6046 41.1567
1298881185 -8.60458 41.1567
1298881186 -8.60458 41.1568
1298881187 -8.60458 41.1569
1298881188 -8.60457 41.157
1298881189 -8.60456 41.1571
1298881190 -8.60455 41.1572
1298881193 -8.60468 41.1573
1298881194 -8.60468 41.1574
1298881195 -8.60471 41.1574
1298881196 -8.6047 41.1575
1298881198 -8.60469 41.1575
1298881200 -8.60469 41.1576
