:break:
1298880106 -8.6117 41.1727
1298880122 -8.61169 41.1727
1298880130 -8.61168 41.1727
1298880142 -8.61171 41.1727
1298880143 -8.61172 41.1727
1298880145 -8.61173 41.1727
1298880148 -8.61174 41.1727
1298880155 -8.61174 41.1726
1298880168 -8.61173 41.1726
1298880173 -8.61172 41.1726
1298880191 -8.61175 41.1726
1298880195 -8.61176 41.1726
1298880221 -8.61171 41.1726
1298880223 -8.6117 41.1726
1298880233 -8.61167 41.1727
1298880237 -8.61166 41.1727
1298880240 -8.61165 41.1727
1298880307 -8.61166 41.1728
1298880478 -8.61175 41.1727
1298880479 -8.61176 41.1727
1298880481 -8.61177 41.1727
1298880483 -8.61178 41.1727
1298880487 -8.61179 41.1727
1298880610 -8.61165 41.1728
1298880613 -8.61164 41.1728
1298880622 -8.61167 41.1728
1298880694 -8.6118 41.1727
1298880718 -8.61175 41.1728
1298880720 -8.61174 41.1728
1298880749 -8.61172 41.1728
1298880750 -8.61171 41.1728
1298880754 -8.6117 41.1728
1298880763 -8.61173 41.1728
1298880860 -8.61181 41.1727
1298880862 -8.61182 41.1727
1298880863 -8.61183 41.1727
1298880865 -8.61184 41.1727
1298880866 -8.61185 41.1727
1298880867 -8.61186 41.1727
1298880868 -8.61187 41.1727
1298880872 -8.61188 41.1726
1298880874 -8.61189 41.1726
1298880876 -8.6119 41.1726
1298880923 -8.61178 41.1728
1298880925 -8.61177 41.1728
1298880926 -8.61176 41.1728
1298880991 -8.61188 41.1727
1298881002 -8.61186 41.1728
1298881010 -8.61189 41.1727
1298881012 -8.6119 41.1727
1298881031 -8.61191 41.1727
1298881033 -8.61192 41.1727
1298881035 -8.61193 41.1727
1298881038 -8.61194 41.1727
1298881062 -8.61191 41.1728
1298881063 -8.6119 41.1728
1298881064 -8.61189 41.1728
1298881065 -8.61188 41.1728
1298881071 -8.61195 41.1727
1298881087 -8.61196 41.1727
1298881106 -8.61187 41.1728
1298881110 -8.61185 41.1728
1298881131 -8.61192 41.1728
1298881132 -8.61193 41.1728
1298881133 -8.61194 41.1728
1298881134 -8.61195 41.1728
1298881174 -8.61196 41.1728
1298881182 -8.61197 41.1728
1298881185 -8.61198 41.1728
1298881200 -8.61196 41.1728
