:break:
1298880090 -8.60323 41.1546
1298880091 -8.60331 41.1546
1298880092 -8.6034 41.1547
1298880093 -8.60349 41.1547
1298880094 -8.6036 41.1547
1298880095 -8.60369 41.1547
1298880096 -8.60378 41.1547
1298880097 -8.60387 41.1547
1298880098 -8.60395 41.1547
1298880099 -8.60403 41.1548
1298880100 -8.60411 41.1548
1298880101 -8.60418 41.1548
1298880102 -8.60423 41.1548
1298880103 -8.60428 41.1548
1298880104 -8.60431 41.1548
1298880105 -8.60432 41.1548
1298880106 -8.60434 41.1548
1298880107 -8.60435 41.1548
1298880110 -8.60436 41.1548
1298880112 -8.60437 41.1548
1298880121 -8.60438 41.1548
1298880122 -8.60439 41.1548
1298880123 -8.6044 41.1548
1298880124 -8.60442 41.1548
1298880125 -8.60445 41.1548
1298880126 -8.6045 41.1548
1298880127 -8.60455 41.1548
1298880128 -8.60459 41.1548
1298880129 -8.60465 41.1548
1298880130 -8.60467 41.1548
1298880132 -8.60467 41.1547
1298880133 -8.60466 41.1546
1298880134 -8.60468 41.1546
1298880135 -8.60472 41.1545
1298880136 -8.60475 41.1544
1298880137 -8.60477 41.1543
1298880138 -8.60478 41.1542
1298880139 -8.60473 41.154
1298880140 -8.6047 41.1539
1298880141 -8.60472 41.1538
1298880142 -8.60474 41.1537
1298880143 -8.60479 41.1537
1298880144 -8.60485 41.1536
1298880145 -8.60492 41.1536
1298880146 -8.60499 41.1537
1298880147 -8.60506 41.1537
1298880148 -8.60516 41.1537
1298880149 -8.60528 41.1537
1298880150 -8.6054 41.1537
1298880151 -8.60553 41.1537
1298880152 -8.60567 41.1537
1298880153 -8.60581 41.1537
1298880154 -8.60595 41.1537
1298880155 -8.60609 41.1537
1298880156 -8.60622 41.1537
1298880157 -8.60637 41.1537
1298880158 -8.6065 41.1537
1298880159 -8.60664 41.1537
1298880160 -8.60677 41.1537
1298880161 -8.60692 41.1537
1298880162 -8.60706 41.1537
1298880163 -8.60721 41.1537
1298880164 -8.60737 41.1537
1298880165 -8.60752 41.1536
1298880166 -8.60766 41.1536
1298880167 -8.60783 41.1536
1298880168 -8.60799 41.1536
1298880169 -8.60816 41.1537
1298880170 -8.60831 41.1537
1298880171 -8.60846 41.1537
1298880172 -8.60859 41.1537
1298880173 -8.60873 41.1537
1298880174 -8.60887 41.1537
1298880175 -8.60896 41.1537
1298880176 -8.60905 41.1536
1298880177 -8.60914 41.1536
1298880178 -8.60922 41.1536
1298880179 -8.60927 41.1536
1298880180 -8.60931 41.1536
1298880181 -8.60933 41.1536
1298880182 -8.60935 41.1537
1298880183 -8.60936 41.1537
1298880187 -8.60945 41.1537
1298880188 -8.60948 41.1536
1298880190 -8.60949 41.1536
1298880191 -8.6095 41.1536
1298880192 -8.60951 41.1537
1298880193 -8.60952 41.1537
1298880200 -8.6095 41.1537
1298880202 -8.6095 41.1538
1298880203 -8.60951 41.1538
1298880204 -8.60954 41.1537
1298880205 -8.60958 41.1537
1298880206 -8.60964 41.1537
1298880207 -8.60971 41.1537
1298880208 -8.60979 41.1537
1298880209 -8.60986 41.1537
1298880210 -8.60994 41.1537
1298880211 -8.61 41.1537
1298880212 -8.61005 41.1537
1298880213 -8.61008 41.1537
1298880214 -8.61007 41.1536
1298880216 -8.61006 41.1535
1298880217 -8.61003 41.1534
1298880218 -8.60999 41.1533
1298880219 -8.60997 41.1532
1298880220 -8.60996 41.1531
1298880221 -8.60997 41.153
1298880222 -8.60996 41.1529
1298880223 -8.60995 41.1528
1298880224 -8.60996 41.1527
1298880225 -8.60996 41.1526
1298880226 -8.60997 41.1525
1298880228 -8.60997 41.1524
1298880229 -8.60998 41.1524
1298880231 -8.60999 41.1524
1298880232 -8.60999 41.1523
1298880234 -8.61 41.1523
1298880237 -8.61001 41.1523
1298880241 -8.61001 41.1522
1298880242 -8.61002 41.1522
1298880243 -8.61002 41.1521
1298880244 -8.61004 41.152
1298880245 -8.61007 41.152
1298880246 -8.6101 41.1519
1298880247 -8.61016 41.1518
1298880248 -8.61021 41.1517
1298880249 -8.61028 41.1516
1298880250 -8.61034 41.1515
1298880251 -8.6104 41.1514
1298880252 -8.61047 41.1513
1298880253 -8.61053 41.1513
1298880254 -8.6106 41.1512
1298880255 -8.61065 41.1511
1298880256 -8.6107 41.1511
1298880257 -8.61074 41.151
1298880258 -8.61076 41.151
1298880259 -8.61078 41.151
1298880260 -8.61079 41.1509
1298880261 -8.61081 41.1509
1298880262 -8.61082 41.1509
1298880263 -8.61085 41.1509
1298880264 -8.61087 41.1508
1298880265 -8.61088 41.1508
1298880266 -8.61088 41.1507
1298880267 -8.61086 41.1506
1298880268 -8.61084 41.1506
1298880269 -8.61084 41.1505
1298880270 -8.61085 41.1505
1298880271 -8.61086 41.1504
1298880272 -8.61089 41.1504
1298880273 -8.61095 41.1503
1298880274 -8.61101 41.1502
1298880275 -8.61107 41.1502
1298880276 -8.61113 41.1501
1298880277 -8.61116 41.1501
1298880278 -8.61119 41.15
1298880279 -8.61121 41.1499
1298880280 -8.61124 41.1498
1298880281 -8.61125 41.1498
1298880282 -8.61125 41.1497
1298880283 -8.61125 41.1496
1298880284 -8.61126 41.1496
1298880285 -8.6113 41.1495
1298880286 -8.61132 41.1494
1298880287 -8.61131 41.1494
1298880289 -8.61133 41.1493
1298880290 -8.61136 41.1493
1298880291 -8.61143 41.1492
1298880292 -8.61148 41.1492
1298880293 -8.61155 41.1491
1298880294 -8.61163 41.1491
1298880295 -8.6117 41.1491
1298880296 -8.61178 41.149
1298880297 -8.61186 41.149
1298880298 -8.61196 41.1489
1298880299 -8.61202 41.1489
1298880300 -8.61206 41.1489
1298880301 -8.61209 41.1489
1298880302 -8.61211 41.1488
1298880303 -8.61213 41.1488
1298880304 -8.61214 41.1487
1298880305 -8.61215 41.1487
1298880306 -8.61216 41.1486
1298880307 -8.61214 41.1485
1298880309 -8.61214 41.1484
1298880311 -8.61214 41.1483
1298880312 -8.61212 41.1483
1298880313 -8.61213 41.1482
1298880314 -8.61215 41.1482
1298880315 -8.61218 41.1482
1298880316 -8.61224 41.1481
1298880317 -8.61232 41.1481
1298880318 -8.61238 41.1481
1298880319 -8.61248 41.1482
1298880320 -8.61259 41.1482
1298880321 -8.6127 41.1482
1298880322 -8.61285 41.1482
1298880323 -8.61295 41.1482
1298880324 -8.61305 41.1483
:break:
1298880371 -8.62115 41.1475
1298880372 -8.62126 41.1475
1298880373 -8.62135 41.1475
1298880374 -8.62142 41.1475
1298880375 -8.62147 41.1475
1298880376 -8.62151 41.1475
1298880377 -8.62157 41.1475
1298880378 -8.62161 41.1475
1298880379 -8.62167 41.1475
1298880380 -8.62172 41.1475
1298880381 -8.62177 41.1475
1298880382 -8.62183 41.1475
1298880383 -8.62189 41.1475
1298880384 -8.62195 41.1476
1298880385 -8.62198 41.1476
1298880386 -8.62202 41.1476
1298880387 -8.62204 41.1476
1298880388 -8.62206 41.1476
1298880389 -8.62207 41.1476
1298880396 -8.62206 41.1477
1298880398 -8.62205 41.1477
1298880406 -8.62204 41.1477
1298880421 -8.62203 41.1477
1298880449 -8.62205 41.1476
1298880469 -8.62207 41.1477
1298880470 -8.62209 41.1477
1298880471 -8.62212 41.1477
1298880472 -8.62215 41.1477
1298880473 -8.62221 41.1477
1298880474 -8.62226 41.1477
1298880475 -8.62232 41.1477
1298880476 -8.62239 41.1477
1298880477 -8.62246 41.1477
1298880478 -8.62254 41.1478
1298880479 -8.62263 41.1478
1298880480 -8.62272 41.1478
1298880481 -8.6228 41.1478
1298880482 -8.6229 41.1479
1298880483 -8.62299 41.1479
1298880484 -8.62309 41.1479
1298880485 -8.6232 41.1479
1298880486 -8.62331 41.148
1298880487 -8.62342 41.148
1298880488 -8.62354 41.148
1298880489 -8.62367 41.1481
1298880490 -8.6238 41.1481
1298880491 -8.62393 41.1481
1298880492 -8.62405 41.1482
1298880493 -8.62418 41.1482
1298880494 -8.6243 41.1483
1298880495 -8.6244 41.1484
1298880496 -8.6245 41.1484
1298880497 -8.62462 41.1485
1298880498 -8.62473 41.1485
1298880499 -8.62484 41.1486
1298880500 -8.62496 41.1486
1298880501 -8.62509 41.1486
1298880502 -8.62519 41.1487
1298880503 -8.62528 41.1487
1298880504 -8.62537 41.1488
1298880505 -8.62542 41.1489
1298880506 -8.62546 41.149
1298880507 -8.62549 41.149
1298880508 -8.62553 41.1491
1298880509 -8.62556 41.1492
1298880510 -8.62558 41.1493
1298880511 -8.62559 41.1494
1298880512 -8.6256 41.1495
1298880513 -8.62562 41.1496
1298880514 -8.62565 41.1497
1298880515 -8.62568 41.1498
1298880516 -8.62571 41.1499
1298880517 -8.62574 41.15
1298880518 -8.62576 41.1501
1298880519 -8.62579 41.1502
1298880520 -8.6258 41.1503
1298880521 -8.62582 41.1504
1298880522 -8.62583 41.1504
1298880523 -8.62583 41.1505
1298880525 -8.62584 41.1506
1298880527 -8.62585 41.1506
1298880528 -8.62586 41.1506
1298880530 -8.62588 41.1506
1298880531 -8.6259 41.1506
1298880532 -8.62592 41.1506
1298880534 -8.62594 41.1506
1298880535 -8.62595 41.1506
1298880536 -8.62596 41.1506
1298880537 -8.62597 41.1506
1298880538 -8.626 41.1507
1298880539 -8.62601 41.1507
1298880540 -8.62602 41.1508
1298880541 -8.62601 41.1508
1298880542 -8.62599 41.1509
1298880543 -8.62597 41.151
1298880544 -8.62596 41.151
1298880545 -8.62594 41.1511
1298880547 -8.62594 41.1512
1298880548 -8.62594 41.1513
1298880549 -8.62595 41.1514
1298880550 -8.62596 41.1515
1298880551 -8.62597 41.1516
1298880552 -8.626 41.1517
1298880553 -8.62601 41.1518
1298880554 -8.626 41.1519
1298880555 -8.62602 41.152
1298880556 -8.62605 41.1521
1298880557 -8.62605 41.1522
1298880558 -8.62608 41.1523
1298880559 -8.6261 41.1524
1298880560 -8.62614 41.1525
1298880561 -8.62618 41.1526
1298880562 -8.62621 41.1527
1298880563 -8.62624 41.1528
1298880564 -8.62627 41.1529
1298880565 -8.6263 41.153
1298880566 -8.62634 41.1531
1298880567 -8.62636 41.1532
1298880568 -8.6264 41.1533
1298880569 -8.62643 41.1535
1298880570 -8.62646 41.1536
1298880571 -8.6265 41.1537
1298880572 -8.62654 41.1538
1298880573 -8.62655 41.1539
1298880574 -8.6266 41.154
1298880575 -8.62664 41.1541
1298880576 -8.62666 41.1542
1298880577 -8.6267 41.1543
1298880578 -8.62674 41.1544
1298880579 -8.62678 41.1545
1298880580 -8.62682 41.1546
1298880581 -8.62684 41.1547
1298880582 -8.62687 41.1548
1298880583 -8.62691 41.1549
1298880584 -8.62693 41.155
1298880585 -8.62699 41.1551
1298880586 -8.62703 41.1552
1298880587 -8.62709 41.1553
1298880588 -8.62715 41.1553
1298880589 -8.62719 41.1554
1298880590 -8.62722 41.1554
1298880591 -8.62725 41.1555
1298880592 -8.62726 41.1555
1298880593 -8.62728 41.1555
1298880594 -8.6273 41.1555
1298880595 -8.62733 41.1556
1298880596 -8.62735 41.1556
1298880597 -8.62737 41.1556
1298880598 -8.62739 41.1556
1298880599 -8.62742 41.1557
1298880600 -8.62744 41.1557
1298880601 -8.62747 41.1557
1298880602 -8.62752 41.1558
1298880603 -8.62756 41.1558
1298880604 -8.62761 41.1559
1298880605 -8.62765 41.1559
1298880606 -8.62771 41.156
1298880607 -8.62776 41.1561
1298880608 -8.62782 41.1561
1298880609 -8.62788 41.1562
1298880610 -8.62793 41.1563
1298880611 -8.62799 41.1563
1298880612 -8.62804 41.1564
1298880613 -8.62808 41.1565
1298880614 -8.62813 41.1565
1298880615 -8.62817 41.1565
1298880616 -8.6282 41.1566
1298880617 -8.62823 41.1566
1298880618 -8.62825 41.1566
1298880619 -8.62827 41.1567
1298880620 -8.62828 41.1567
1298880621 -8.62829 41.1567
1298880649 -8.62831 41.1567
1298880650 -8.62834 41.1568
1298880651 -8.62836 41.1568
1298880652 -8.62839 41.1568
1298880653 -8.62842 41.1568
1298880654 -8.62844 41.1569
1298880655 -8.62847 41.1569
1298880656 -8.62849 41.1569
1298880657 -8.62851 41.157
1298880658 -8.62853 41.157
1298880659 -8.62855 41.157
1298880661 -8.62855 41.1571
1298880663 -8.62854 41.1571
1298880664 -8.62852 41.1571
1298880666 -8.62851 41.1571
1298880667 -8.6285 41.1571
1298880668 -8.62848 41.1571
1298880669 -8.62846 41.1571
1298880670 -8.62844 41.1572
1298880671 -8.62843 41.1572
1298880673 -8.62842 41.1572
1298880674 -8.62841 41.1572
1298880675 -8.62839 41.1572
1298880676 -8.62837 41.1572
1298880677 -8.62834 41.1572
1298880678 -8.62831 41.1572
1298880679 -8.62829 41.1572
1298880680 -8.62828 41.1573
1298880681 -8.62826 41.1573
1298880682 -8.62825 41.1573
1298880683 -8.62824 41.1573
1298880685 -8.62823 41.1573
1298880686 -8.62821 41.1573
1298880687 -8.62819 41.1574
1298880688 -8.62817 41.1574
1298880689 -8.62814 41.1574
1298880690 -8.62812 41.1575
1298880691 -8.6281 41.1575
1298880692 -8.62807 41.1575
1298880693 -8.62804 41.1576
1298880694 -8.62803 41.1576
1298880695 -8.62806 41.1576
1298880696 -8.62808 41.1576
1298880697 -8.62809 41.1577
1298880698 -8.62811 41.1577
1298880699 -8.62813 41.1578
1298880700 -8.62816 41.1578
1298880701 -8.62817 41.1579
1298880702 -8.62821 41.158
1298880703 -8.62824 41.1581
1298880704 -8.62825 41.1582
1298880705 -8.6283 41.1583
1298880706 -8.62834 41.1584
1298880707 -8.62842 41.1585
1298880708 -8.62845 41.1586
1298880709 -8.62852 41.1587
1298880710 -8.62858 41.1588
1298880711 -8.62863 41.1588
1298880712 -8.62871 41.1589
1298880713 -8.62877 41.1589
1298880714 -8.62882 41.1589
1298880715 -8.62885 41.159
1298880716 -8.62888 41.159
1298880717 -8.62889 41.1591
1298880719 -8.62887 41.1592
1298880720 -8.62884 41.1593
1298880721 -8.62881 41.1593
1298880722 -8.62879 41.1594
1298880723 -8.62877 41.1595
1298880724 -8.62874 41.1595
1298880725 -8.62872 41.1596
1298880726 -8.62871 41.1597
1298880727 -8.62868 41.1598
1298880728 -8.62866 41.1598
1298880729 -8.62863 41.1599
1298880730 -8.62861 41.1599
1298880731 -8.62861 41.16
1298880734 -8.6286 41.16
1298880735 -8.62858 41.1601
1298880736 -8.62856 41.1601
1298880737 -8.62854 41.1602
1298880738 -8.62853 41.1602
1298880739 -8.62852 41.1602
1298880741 -8.62851 41.1603
1298880742 -8.6285 41.1603
1298880743 -8.62849 41.1603
1298880745 -8.62848 41.1604
1298880746 -8.62849 41.1604
1298880747 -8.62847 41.1604
1298880748 -8.62846 41.1604
1298880749 -8.62845 41.1605
1298880750 -8.62843 41.1605
1298880751 -8.62842 41.1606
1298880752 -8.62841 41.1606
1298880753 -8.62839 41.1607
1298880754 -8.62837 41.1607
1298880755 -8.62836 41.1608
1298880756 -8.62835 41.1608
1298880757 -8.62834 41.1609
1298880758 -8.62831 41.161
1298880759 -8.62828 41.1611
1298880760 -8.62825 41.1612
1298880761 -8.6282 41.1613
1298880762 -8.62817 41.1614
1298880763 -8.62814 41.1615
1298880764 -8.62811 41.1616
1298880765 -8.62808 41.1617
1298880766 -8.62805 41.1618
1298880767 -8.628 41.1619
1298880768 -8.62796 41.162
1298880769 -8.62791 41.1621
1298880770 -8.62788 41.1622
1298880771 -8.62784 41.1623
1298880772 -8.62781 41.1624
1298880773 -8.62777 41.1625
1298880774 -8.62773 41.1626
1298880775 -8.62772 41.1626
1298880776 -8.62771 41.1627
1298880777 -8.62769 41.1627
1298880778 -8.62768 41.1628
1298880780 -8.62767 41.1628
1298880783 -8.62766 41.1628
1298880785 -8.62765 41.1629
1298880786 -8.62764 41.1629
1298880787 -8.62763 41.1629
1298880790 -8.62763 41.163
1298880792 -8.62762 41.163
1298880801 -8.62761 41.163
1298880804 -8.62761 41.1631
1298880805 -8.6276 41.1631
1298880806 -8.62759 41.1631
1298880807 -8.62757 41.1632
1298880808 -8.62755 41.1632
1298880809 -8.62753 41.1633
1298880810 -8.6275 41.1634
1298880811 -8.62746 41.1635
1298880812 -8.62744 41.1636
1298880813 -8.6274 41.1637
1298880814 -8.62737 41.1638
1298880815 -8.62733 41.1639
1298880816 -8.62727 41.1641
1298880817 -8.62723 41.1642
1298880818 -8.62718 41.1644
1298880819 -8.62714 41.1645
1298880820 -8.62709 41.1647
1298880821 -8.62706 41.1648
1298880822 -8.62703 41.1649
1298880823 -8.627 41.1651
1298880824 -8.62696 41.1652
1298880825 -8.62692 41.1653
1298880826 -8.6269 41.1654
1298880827 -8.62686 41.1655
1298880828 -8.62683 41.1656
1298880829 -8.6268 41.1658
1298880830 -8.62676 41.1659
1298880831 -8.62673 41.166
1298880832 -8.6267 41.1661
1298880833 -8.62667 41.1662
1298880834 -8.62664 41.1663
1298880835 -8.62662 41.1664
1298880836 -8.62659 41.1664
1298880837 -8.62656 41.1665
1298880838 -8.62654 41.1666
1298880839 -8.62652 41.1666
1298880840 -8.6265 41.1667
1298880841 -8.62648 41.1667
1298880842 -8.62647 41.1667
1298880843 -8.62646 41.1668
1298880844 -8.62645 41.1668
1298880851 -8.62644 41.1668
1298880852 -8.62643 41.1668
1298880853 -8.62642 41.1669
1298880855 -8.62643 41.1669
1298880856 -8.62645 41.1669
1298880857 -8.62649 41.1669
1298880858 -8.62653 41.1669
1298880859 -8.62655 41.1669
1298880860 -8.62658 41.1669
1298880861 -8.6266 41.1669
1298880862 -8.62662 41.1669
1298880863 -8.62663 41.1669
1298880882 -8.62661 41.1669
1298880915 -8.62664 41.1669
1298880916 -8.62666 41.1669
1298880917 -8.62668 41.1669
1298880918 -8.6267 41.1669
1298880919 -8.62672 41.1669
1298880920 -8.62673 41.1669
1298880921 -8.62675 41.1669
1298880922 -8.62676 41.1669
1298880923 -8.62677 41.1669
1298880928 -8.62676 41.167
1298880929 -8.62675 41.167
1298880940 -8.62674 41.167
1298880953 -8.62673 41.167
1298881003 -8.62677 41.167
1298881026 -8.62678 41.167
1298881050 -8.62679 41.167
1298881135 -8.6268 41.167
1298881145 -8.62681 41.167
1298881148 -8.62682 41.167
1298881200 -8.62676 41.167
