:break:
1298880070 -8.59151 41.1628
1298880086 -8.59152 41.1628
1298880099 -8.59153 41.1628
1298880137 -8.5915 41.1628
1298880163 -8.59149 41.1628
1298880167 -8.59148 41.1628
1298880354 -8.59153 41.1627
1298880363 -8.59152 41.1627
1298880366 -8.59151 41.1627
1298880369 -8.5915 41.1627
1298880403 -8.59154 41.1628
1298880409 -8.59155 41.1628
1298880556 -8.59154 41.1627
1298880736 -8.59155 41.1627
1298880738 -8.59156 41.1627
1298880742 -8.59157 41.1627
1298880752 -8.59157 41.1628
1298880760 -8.59156 41.1628
1298880792 -8.59147 41.1628
1298880796 -8.59146 41.1628
1298880800 -8.59145 41.1628
1298880983 -8.59144 41.1628
1298880984 -8.59141 41.1628
1298880985 -8.59139 41.1627
1298880986 -8.59138 41.1627
1298880987 -8.59137 41.1627
1298880995 -8.59137 41.1628
1298881005 -8.59136 41.1628
1298881034 -8.59138 41.1628
1298881072 -8.59139 41.1628
1298881136 -8.59136 41.1627
1298881200 -8.59137 41.1627
