:break:
1298880603 -8.62757 41.1578
1298880609 -8.62756 41.1578
1298880619 -8.62758 41.1578
1298880621 -8.62759 41.1578
1298880624 -8.6276 41.1578
1298880629 -8.62761 41.1578
1298880732 -8.62762 41.1578
1298880757 -8.62755 41.1578
1298880792 -8.62763 41.1578
1298880815 -8.62763 41.1577
1298880819 -8.62764 41.1577
1298880820 -8.62765 41.1577
1298880823 -8.62766 41.1577
1298880824 -8.62767 41.1577
1298880826 -8.62768 41.1577
1298880828 -8.62769 41.1577
1298880849 -8.6277 41.1577
1298880853 -8.62771 41.1577
1298880856 -8.62772 41.1577
1298880861 -8.62773 41.1577
1298880862 -8.62773 41.1576
1298880876 -8.62772 41.1576
1298880903 -8.62762 41.1577
1298881068 -8.62761 41.1577
1298881140 -8.62779 41.1577
1298881141 -8.62785 41.1578
1298881142 -8.6279 41.1578
1298881143 -8.62795 41.1578
1298881144 -8.62799 41.1578
1298881145 -8.62801 41.1579
1298881146 -8.62805 41.1578
1298881147 -8.62808 41.1579
1298881148 -8.6281 41.1579
1298881149 -8.62814 41.1578
1298881150 -8.62815 41.1578
1298881152 -8.62812 41.1578
1298881153 -8.62811 41.1578
1298881154 -8.62813 41.1578
1298881155 -8.62816 41.1578
1298881156 -8.62817 41.1577
1298881160 -8.62819 41.1577
1298881161 -8.62822 41.1577
1298881162 -8.62825 41.1577
1298881163 -8.6283 41.1577
1298881164 -8.62834 41.1578
1298881165 -8.62833 41.1578
1298881166 -8.62824 41.158
1298881167 -8.62825 41.1581
1298881168 -8.62825 41.1582
1298881169 -8.62827 41.1583
1298881170 -8.62832 41.1584
1298881171 -8.62839 41.1585
1298881172 -8.62849 41.1585
1298881173 -8.6286 41.1586
1298881174 -8.62868 41.1587
1298881175 -8.62875 41.1588
1298881176 -8.62886 41.1588
1298881177 -8.62897 41.1588
1298881178 -8.62907 41.1588
1298881179 -8.62916 41.1589
1298881180 -8.62921 41.1589
1298881181 -8.62926 41.1589
1298881182 -8.62931 41.1589
1298881183 -8.62934 41.1589
1298881184 -8.62936 41.1589
1298881185 -8.62938 41.1589
1298881189 -8.62937 41.1589
1298881192 -8.62935 41.1589
1298881197 -8.6294 41.1589
1298881198 -8.62942 41.1589
1298881199 -8.62944 41.1588
1298881200 -8.62948 41.1588
