:break:
1298880118 -8.63981 41.1596
1298880119 -8.63982 41.1596
1298880122 -8.63983 41.1596
1298880123 -8.63983 41.1597
1298880124 -8.63984 41.1597
1298880128 -8.63985 41.1597
1298880130 -8.63986 41.1597
1298880132 -8.63987 41.1597
1298880136 -8.63988 41.1597
1298880138 -8.63989 41.1597
1298880142 -8.6399 41.1597
1298880148 -8.63991 41.1597
1298880234 -8.63982 41.1597
1298880238 -8.63981 41.1597
1298880244 -8.6398 41.1597
1298880247 -8.63979 41.1597
1298880257 -8.6398 41.1598
1298880267 -8.63979 41.1598
1298880270 -8.63978 41.1597
1298880297 -8.63977 41.1597
1298880298 -8.63977 41.1596
1298880362 -8.63976 41.1597
1298880377 -8.63975 41.1597
1298880386 -8.63974 41.1597
1298880582 -8.63992 41.1597
1298880585 -8.63993 41.1597
1298880588 -8.63994 41.1597
1298880591 -8.63995 41.1597
1298880817 -8.63981 41.1598
1298880822 -8.63982 41.1598
1298880880 -8.63983 41.1598
1298880925 -8.63985 41.1598
1298880932 -8.63984 41.1598
1298881171 -8.63986 41.1598
1298881178 -8.63987 41.1598
1298881200 -8.63987 41.1597
