:break:
1298880601 -8.58951 41.1696
1298880603 -8.5895 41.1696
1298880625 -8.5893 41.1696
1298880629 -8.58929 41.1696
1298880632 -8.58927 41.1696
1298880633 -8.58926 41.1696
1298880635 -8.58925 41.1696
1298880636 -8.58924 41.1696
1298880638 -8.58923 41.1696
1298880640 -8.58921 41.1696
1298880643 -8.5892 41.1696
1298880659 -8.58922 41.1696
1298880671 -8.58928 41.1696
1298880682 -8.58931 41.1696
1298880686 -8.58932 41.1696
1298880691 -8.58933 41.1696
1298880741 -8.58926 41.1697
1298880749 -8.58925 41.1697
1298880772 -8.58927 41.1697
1298880813 -8.58934 41.1696
1298880817 -8.58935 41.1696
1298880820 -8.58936 41.1696
1298880904 -8.58929 41.1697
1298880910 -8.5893 41.1697
1298880919 -8.58931 41.1697
1298881022 -8.58928 41.1697
1298881200 -8.58928 41.1697
