:break:
1298880058 -8.62105 41.1616
1298880071 -8.62104 41.1616
1298880142 -8.62106 41.1616
1298880168 -8.62107 41.1616
1298880206 -8.62103 41.1616
1298880282 -8.62108 41.1616
1298880286 -8.62108 41.1615
1298880287 -8.62109 41.1615
1298880291 -8.6211 41.1615
1298880293 -8.62111 41.1615
1298880295 -8.62112 41.1614
1298880299 -8.62113 41.1614
1298880323 -8.62114 41.1614
1298880345 -8.62111 41.1614
1298880352 -8.6211 41.1614
1298880359 -8.62109 41.1614
1298880364 -8.62108 41.1614
1298880368 -8.62107 41.1614
1298880371 -8.62106 41.1614
1298880377 -8.62105 41.1614
1298880380 -8.62104 41.1614
1298880382 -8.62103 41.1614
1298880384 -8.62102 41.1614
1298880405 -8.62101 41.1614
1298880409 -8.621 41.1614
1298880412 -8.62099 41.1614
1298880417 -8.62098 41.1614
1298880420 -8.62097 41.1614
1298880423 -8.62096 41.1614
1298880429 -8.62095 41.1614
1298880432 -8.62094 41.1614
1298880433 -8.62093 41.1614
1298880436 -8.62092 41.1614
1298880438 -8.62091 41.1614
1298880440 -8.6209 41.1614
1298880442 -8.62089 41.1614
1298880444 -8.62088 41.1613
1298880446 -8.62088 41.1614
1298880470 -8.62091 41.1613
1298880471 -8.6209 41.1613
1298880473 -8.62089 41.1613
1298880516 -8.62092 41.1613
1298880518 -8.62093 41.1613
1298880520 -8.62094 41.1613
1298880523 -8.62095 41.1613
1298880524 -8.62096 41.1613
1298880527 -8.62097 41.1613
1298880528 -8.62098 41.1613
1298880698 -8.62099 41.1613
1298880703 -8.621 41.1613
1298880714 -8.62101 41.1613
1298880852 -8.62108 41.1613
1298880857 -8.62107 41.1613
1298880871 -8.62109 41.1613
1298880883 -8.62106 41.1613
1298880895 -8.62105 41.1613
1298880910 -8.62104 41.1613
1298880913 -8.62103 41.1613
1298880916 -8.62102 41.1613
1298880956 -8.6211 41.1613
1298880960 -8.62111 41.1613
1298880981 -8.62105 41.1612
1298880982 -8.62104 41.1612
1298880985 -8.62103 41.1612
1298880988 -8.62102 41.1612
1298881010 -8.62101 41.1612
1298881054 -8.62112 41.1613
1298881058 -8.62113 41.1613
1298881062 -8.62114 41.1613
1298881081 -8.62113 41.1612
1298881084 -8.62112 41.1612
1298881086 -8.62111 41.1612
1298881088 -8.6211 41.1612
1298881090 -8.62109 41.1612
1298881095 -8.62108 41.1612
1298881115 -8.62107 41.1612
1298881198 -8.62106 41.1612
1298881200 -8.62105 41.1612
