:break:
1298880074 -8.57978 41.1685
1298880075 -8.57977 41.1686
1298880076 -8.57975 41.1688
1298880077 -8.57971 41.1689
1298880078 -8.57966 41.169
1298880079 -8.57958 41.1692
1298880080 -8.57949 41.1693
1298880081 -8.57939 41.1694
1298880082 -8.57928 41.1696
1298880083 -8.57917 41.1697
1298880084 -8.57905 41.1698
1298880085 -8.57894 41.17
1298880086 -8.57884 41.1701
1298880087 -8.57875 41.1702
1298880088 -8.57866 41.1703
1298880089 -8.57858 41.1704
1298880090 -8.57851 41.1705
1298880091 -8.57845 41.1706
1298880092 -8.5784 41.1706
1298880093 -8.57838 41.1707
1298880094 -8.57838 41.1708
1298880095 -8.57841 41.1708
1298880096 -8.57849 41.1709
1298880097 -8.57858 41.1709
1298880098 -8.57868 41.1709
1298880099 -8.57878 41.171
1298880100 -8.57887 41.171
1298880101 -8.57895 41.1711
1298880102 -8.579 41.1711
1298880103 -8.57902 41.1712
1298880104 -8.57904 41.1713
1298880105 -8.57904 41.1714
1298880106 -8.57902 41.1715
1298880107 -8.57899 41.1716
1298880108 -8.57894 41.1717
1298880109 -8.5789 41.1718
1298880110 -8.57884 41.1718
1298880111 -8.57877 41.1719
1298880112 -8.57869 41.172
1298880113 -8.57861 41.1721
1298880114 -8.57852 41.1722
1298880115 -8.57842 41.1723
1298880116 -8.57832 41.1724
1298880117 -8.57822 41.1725
1298880118 -8.5781 41.1726
1298880119 -8.57798 41.1727
1298880120 -8.57786 41.1728
1298880121 -8.57775 41.1729
1298880122 -8.57763 41.1729
1298880123 -8.57751 41.173
1298880124 -8.5774 41.1731
1298880125 -8.57729 41.1732
1298880126 -8.57718 41.1733
1298880127 -8.57707 41.1734
1298880128 -8.57695 41.1735
1298880129 -8.57686 41.1736
1298880130 -8.57675 41.1737
1298880131 -8.57664 41.1737
1298880132 -8.57653 41.1738
1298880133 -8.57642 41.1739
1298880134 -8.57633 41.174
1298880135 -8.57624 41.1741
1298880136 -8.57615 41.1742
1298880137 -8.57609 41.1743
1298880138 -8.57604 41.1744
1298880139 -8.57599 41.1745
1298880140 -8.57596 41.1746
1298880141 -8.57592 41.1747
1298880142 -8.57589 41.1749
1298880143 -8.57586 41.175
1298880144 -8.57583 41.1751
1298880145 -8.5758 41.1753
1298880146 -8.57577 41.1754
1298880147 -8.57574 41.1755
1298880148 -8.5757 41.1757
1298880149 -8.57567 41.1758
1298880150 -8.57562 41.176
1298880151 -8.57558 41.1761
1298880152 -8.57553 41.1762
1298880153 -8.57549 41.1763
1298880154 -8.57543 41.1765
1298880155 -8.57537 41.1766
1298880156 -8.57532 41.1767
1298880157 -8.57525 41.1768
1298880158 -8.5752 41.177
1298880159 -8.57515 41.1771
1298880160 -8.57509 41.1772
1298880161 -8.57504 41.1773
1298880162 -8.57498 41.1773
1298880163 -8.57494 41.1774
1298880164 -8.5749 41.1775
1298880165 -8.57486 41.1775
1298880166 -8.57479 41.1776
1298880167 -8.57471 41.1776
1298880168 -8.57463 41.1776
1298880169 -8.57454 41.1776
1298880170 -8.57447 41.1776
1298880171 -8.5744 41.1776
1298880172 -8.57431 41.1776
1298880173 -8.57423 41.1776
1298880174 -8.57413 41.1776
1298880175 -8.57404 41.1776
1298880176 -8.57395 41.1776
1298880177 -8.57387 41.1776
1298880178 -8.5738 41.1776
1298880179 -8.57373 41.1776
1298880180 -8.57367 41.1776
1298880181 -8.5736 41.1777
1298880182 -8.57353 41.1777
1298880183 -8.57344 41.1776
1298880184 -8.57337 41.1776
1298880185 -8.5733 41.1776
1298880186 -8.57323 41.1776
1298880187 -8.57316 41.1775
1298880188 -8.57309 41.1775
1298880189 -8.57302 41.1774
1298880190 -8.57295 41.1773
1298880191 -8.57288 41.1773
1298880192 -8.57279 41.1773
1298880193 -8.57271 41.1772
1298880194 -8.57262 41.1772
1298880195 -8.57253 41.1772
1298880196 -8.57245 41.1772
1298880197 -8.57237 41.1771
1298880198 -8.57231 41.1771
1298880199 -8.57226 41.1771
1298880200 -8.57222 41.1771
1298880201 -8.57219 41.177
1298880202 -8.57215 41.177
1298880203 -8.57211 41.177
1298880204 -8.57208 41.177
1298880205 -8.57205 41.1769
1298880206 -8.57201 41.1769
1298880207 -8.572 41.1769
1298880208 -8.57198 41.1768
1298880209 -8.57196 41.1768
1298880211 -8.57195 41.1767
1298880237 -8.57196 41.1767
1298880243 -8.57194 41.1767
1298880244 -8.57192 41.1767
1298880251 -8.57197 41.1767
1298880252 -8.57198 41.1767
1298880256 -8.57194 41.1768
1298880257 -8.57195 41.1768
1298880258 -8.57197 41.1768
1298880260 -8.57204 41.1769
1298880262 -8.57212 41.177
1298880263 -8.57218 41.177
1298880264 -8.57224 41.1771
1298880265 -8.5723 41.1771
1298880266 -8.57236 41.1771
1298880267 -8.57244 41.1772
1298880268 -8.57252 41.1772
1298880269 -8.57261 41.1772
1298880270 -8.5727 41.1773
1298880271 -8.5728 41.1773
1298880272 -8.57289 41.1773
1298880273 -8.57298 41.1774
1298880274 -8.57305 41.1774
1298880275 -8.57312 41.1775
1298880276 -8.57318 41.1775
1298880277 -8.57327 41.1776
1298880278 -8.57334 41.1776
1298880279 -8.57341 41.1776
1298880280 -8.57348 41.1777
1298880281 -8.57356 41.1777
1298880282 -8.57364 41.1777
1298880283 -8.57372 41.1776
1298880284 -8.57381 41.1776
1298880285 -8.57391 41.1776
1298880286 -8.57401 41.1776
1298880287 -8.57411 41.1776
1298880288 -8.57421 41.1776
1298880291 -8.57448 41.1776
1298880292 -8.57455 41.1776
1298880293 -8.57461 41.1777
1298880294 -8.57465 41.1777
1298880295 -8.5747 41.1778
1298880296 -8.57478 41.1778
1298880297 -8.57485 41.1778
1298880298 -8.5749 41.1777
1298880299 -8.57492 41.1777
1298880300 -8.57492 41.1776
1298880301 -8.57492 41.1775
1298880303 -8.57498 41.1774
1298880304 -8.57503 41.1773
1298880305 -8.57508 41.1772
1298880306 -8.57514 41.1771
1298880308 -8.57525 41.1769
1298880309 -8.57532 41.1768
1298880310 -8.57536 41.1767
1298880311 -8.57542 41.1765
1298880312 -8.57547 41.1764
1298880313 -8.57551 41.1763
1298880314 -8.57555 41.1762
1298880315 -8.5756 41.1761
1298880316 -8.57564 41.176
1298880317 -8.57568 41.1758
1298880318 -8.57572 41.1757
1298880319 -8.57576 41.1756
1298880320 -8.57579 41.1754
1298880321 -8.57582 41.1753
1298880322 -8.57585 41.1752
1298880323 -8.57587 41.1751
1298880324 -8.5759 41.1749
1298880325 -8.57592 41.1748
1298880326 -8.57594 41.1747
1298880328 -8.57598 41.1746
1298880329 -8.576 41.1745
1298880331 -8.57607 41.1743
1298880332 -8.57613 41.1742
1298880333 -8.57619 41.1742
1298880334 -8.57627 41.1741
1298880335 -8.57635 41.174
1298880336 -8.57644 41.1739
1298880338 -8.57663 41.1738
1298880339 -8.57674 41.1737
1298880340 -8.57685 41.1736
1298880343 -8.57719 41.1733
1298880344 -8.57732 41.1732
1298880345 -8.57744 41.1731
1298880346 -8.57756 41.173
1298880347 -8.57769 41.1729
1298880348 -8.57782 41.1728
1298880349 -8.57794 41.1727
1298880350 -8.57807 41.1726
1298880351 -8.57821 41.1725
1298880352 -8.57833 41.1724
1298880353 -8.57846 41.1723
1298880354 -8.57858 41.1722
1298880355 -8.57869 41.1721
1298880356 -8.57879 41.1719
1298880357 -8.57887 41.1718
1298880359 -8.57901 41.1716
1298880360 -8.57905 41.1715
1298880361 -8.57909 41.1714
1298880362 -8.57909 41.1713
1298880363 -8.57907 41.1712
1298880364 -8.57903 41.1711
1298880365 -8.57897 41.171
1298880366 -8.57889 41.1709
1298880367 -8.5788 41.1709
1298880368 -8.5787 41.1709
1298880369 -8.57861 41.1709
1298880370 -8.57852 41.1708
1298880371 -8.57846 41.1708
1298880372 -8.57842 41.1707
1298880373 -8.5784 41.1707
1298880374 -8.57841 41.1706
1298880375 -8.57845 41.1705
1298880376 -8.5785 41.1705
1298880377 -8.57857 41.1704
1298880378 -8.57863 41.1703
1298880379 -8.57871 41.1702
1298880380 -8.57881 41.1701
1298880381 -8.5789 41.17
1298880382 -8.579 41.1699
1298880383 -8.5791 41.1698
1298880384 -8.57919 41.1697
1298880386 -8.57937 41.1695
1298880387 -8.57945 41.1694
1298880388 -8.57953 41.1692
1298880389 -8.57961 41.1691
1298880390 -8.57967 41.169
1298880391 -8.57972 41.1689
1298880392 -8.57976 41.1688
1298880393 -8.57979 41.1687
1298880394 -8.57981 41.1686
1298880395 -8.57982 41.1684
1298880396 -8.57983 41.1683
1298880397 -8.57982 41.1682
1298880398 -8.5798 41.1682
1298880399 -8.57978 41.1681
1298880400 -8.57976 41.168
1298880401 -8.57975 41.1679
1298880402 -8.57975 41.1677
1298880403 -8.57975 41.1676
1298880404 -8.57975 41.1675
1298880405 -8.57978 41.1674
1298880406 -8.57981 41.1673
1298880407 -8.57984 41.1672
1298880408 -8.5799 41.1671
1298880409 -8.57996 41.167
1298880410 -8.58003 41.1669
1298880411 -8.5801 41.1668
1298880412 -8.58019 41.1667
1298880413 -8.58028 41.1666
1298880414 -8.58038 41.1665
1298880415 -8.58048 41.1664
1298880416 -8.58057 41.1663
1298880417 -8.58066 41.1663
1298880418 -8.58075 41.1662
1298880419 -8.58083 41.1662
1298880420 -8.5809 41.1661
1298880421 -8.58095 41.1661
1298880422 -8.581 41.166
1298880423 -8.58102 41.166
1298880424 -8.58105 41.166
1298880425 -8.58107 41.166
1298880426 -8.58109 41.166
1298880428 -8.58108 41.1659
1298880429 -8.58105 41.1659
1298880430 -8.58101 41.1659
1298880431 -8.58096 41.1659
1298880432 -8.5809 41.1659
1298880433 -8.58083 41.1659
1298880434 -8.58077 41.1659
1298880435 -8.58069 41.1658
1298880436 -8.5806 41.1658
1298880437 -8.58051 41.1658
1298880438 -8.58042 41.1658
1298880439 -8.58032 41.1658
1298880440 -8.58023 41.1657
1298880441 -8.58014 41.1657
1298880442 -8.58004 41.1657
1298880443 -8.57995 41.1657
1298880444 -8.57987 41.1656
1298880445 -8.57979 41.1656
1298880446 -8.57971 41.1656
1298880447 -8.57964 41.1655
1298880448 -8.57957 41.1655
1298880449 -8.57952 41.1655
1298880450 -8.57947 41.1654
1298880451 -8.57942 41.1654
1298880452 -8.57937 41.1653
1298880453 -8.57934 41.1653
1298880454 -8.57931 41.1653
1298880455 -8.57927 41.1653
1298880456 -8.57921 41.1653
1298880457 -8.57916 41.1654
1298880458 -8.5791 41.1654
1298880459 -8.57904 41.1655
1298880460 -8.57897 41.1655
1298880461 -8.57891 41.1656
1298880462 -8.57884 41.1656
1298880463 -8.57877 41.1657
1298880464 -8.57871 41.1658
1298880465 -8.57865 41.1658
1298880466 -8.57858 41.1659
1298880467 -8.57852 41.1659
1298880468 -8.57847 41.166
1298880469 -8.57843 41.166
1298880470 -8.57839 41.1661
1298880471 -8.57834 41.1661
1298880472 -8.5783 41.1661
1298880473 -8.57825 41.1661
1298880474 -8.5782 41.166
1298880475 -8.57814 41.166
1298880476 -8.57808 41.166
1298880477 -8.57801 41.1659
1298880478 -8.57794 41.1659
1298880479 -8.57788 41.1658
1298880480 -8.57785 41.1658
1298880481 -8.57783 41.1657
1298880483 -8.57782 41.1657
1298880484 -8.57781 41.1656
1298880485 -8.5778 41.1656
1298880486 -8.57779 41.1655
1298880487 -8.57776 41.1655
1298880488 -8.57769 41.1654
1298880489 -8.5776 41.1653
1298880490 -8.5775 41.1653
1298880491 -8.57737 41.1653
1298880492 -8.57724 41.1653
1298880493 -8.57712 41.1653
1298880494 -8.57701 41.1652
1298880495 -8.5769 41.1651
1298880496 -8.57682 41.165
1298880497 -8.57675 41.1649
1298880498 -8.57671 41.1648
1298880499 -8.57672 41.1647
1298880500 -8.57675 41.1645
1298880501 -8.57679 41.1644
1298880502 -8.57685 41.1643
1298880503 -8.57689 41.1641
1298880504 -8.57695 41.164
1298880505 -8.577 41.1638
1298880506 -8.57706 41.1637
1298880507 -8.57712 41.1635
1298880508 -8.57717 41.1633
1298880509 -8.57723 41.1632
1298880510 -8.57728 41.163
1298880511 -8.57733 41.1629
1298880512 -8.5774 41.1627
1298880513 -8.57745 41.1626
1298880514 -8.5775 41.1624
1298880515 -8.57756 41.1623
1298880516 -8.57761 41.1621
1298880517 -8.57766 41.162
1298880518 -8.5777 41.1619
1298880519 -8.57775 41.1617
1298880520 -8.57778 41.1616
1298880521 -8.57781 41.1615
1298880522 -8.57783 41.1614
1298880523 -8.57784 41.1613
1298880524 -8.57785 41.1612
1298880525 -8.57788 41.1611
1298880526 -8.57794 41.1611
1298880527 -8.578 41.161
1298880528 -8.57806 41.1609
1298880529 -8.57812 41.1609
1298880530 -8.57817 41.1608
1298880531 -8.57822 41.1607
1298880532 -8.57829 41.1606
1298880533 -8.57834 41.1606
1298880534 -8.5784 41.1605
1298880535 -8.57842 41.1604
1298880536 -8.57846 41.1604
1298880537 -8.57849 41.1604
1298880538 -8.57851 41.1603
1298880539 -8.57855 41.1603
1298880540 -8.57859 41.1603
1298880541 -8.57864 41.1603
1298880542 -8.57868 41.1602
1298880543 -8.57872 41.1602
1298880544 -8.57876 41.1602
1298880545 -8.5788 41.1602
1298880546 -8.57884 41.1601
1298880547 -8.57889 41.1601
1298880548 -8.57895 41.1601
1298880549 -8.57901 41.16
1298880550 -8.57906 41.16
1298880551 -8.57911 41.16
1298880552 -8.57916 41.1599
1298880553 -8.57921 41.1599
1298880554 -8.57927 41.1599
1298880555 -8.57932 41.1598
1298880556 -8.57938 41.1598
1298880557 -8.57943 41.1597
1298880558 -8.57948 41.1597
1298880559 -8.57954 41.1597
1298880560 -8.57957 41.1597
1298880561 -8.57961 41.1596
1298880562 -8.57965 41.1596
1298880563 -8.57966 41.1596
1298880564 -8.57968 41.1596
1298880565 -8.57969 41.1596
1298880566 -8.57971 41.1596
1298880567 -8.57972 41.1596
1298880568 -8.57973 41.1596
1298880569 -8.57974 41.1596
1298880570 -8.57975 41.1596
1298880571 -8.57977 41.1596
1298880572 -8.5798 41.1596
1298880573 -8.57983 41.1595
1298880574 -8.57986 41.1595
1298880575 -8.57989 41.1595
1298880576 -8.57991 41.1595
1298880577 -8.57993 41.1595
1298880578 -8.57994 41.1595
1298880579 -8.57996 41.1595
1298880582 -8.57997 41.1595
1298880598 -8.57995 41.1594
1298880601 -8.57996 41.1594
1298880611 -8.57998 41.1595
1298880631 -8.57999 41.1595
1298880648 -8.57998 41.1594
1298880661 -8.57997 41.1594
1298880668 -8.57994 41.1594
1298880675 -8.57993 41.1594
1298880739 -8.57999 41.1594
1298880741 -8.58 41.1594
1298880756 -8.58 41.1595
1298880763 -8.58001 41.1595
1298880775 -8.58002 41.1595
1298880779 -8.58003 41.1595
1298880781 -8.58004 41.1595
1298880787 -8.58005 41.1595
1298880792 -8.58006 41.1595
1298880794 -8.58007 41.1595
1298880797 -8.58008 41.1595
1298880800 -8.58009 41.1595
1298880829 -8.5801 41.1595
1298880990 -8.5801 41.1594
1298880991 -8.58011 41.1594
1298880992 -8.58013 41.1594
1298880993 -8.58014 41.1594
1298880994 -8.58015 41.1594
1298880995 -8.58016 41.1594
1298880996 -8.58017 41.1594
1298881024 -8.58016 41.1593
1298881025 -8.58017 41.1593
1298881029 -8.58018 41.1594
1298881031 -8.58018 41.1593
1298881039 -8.58015 41.1593
1298881044 -8.58014 41.1593
1298881091 -8.58012 41.1594
1298881094 -8.58012 41.1593
1298881103 -8.58011 41.1593
1298881156 -8.58013 41.1593
1298881200 -8.58011 41.1594
