:break:
1298881047 -8.55384 41.2288
1298881048 -8.55383 41.2289
1298881052 -8.55385 41.2289
1298881053 -8.55394 41.2288
1298881054 -8.55413 41.2286
1298881055 -8.55417 41.2286
1298881056 -8.5542 41.2286
1298881057 -8.55422 41.2286
1298881058 -8.55429 41.2286
1298881059 -8.55434 41.2286
1298881060 -8.55437 41.2286
1298881061 -8.5544 41.2285
1298881062 -8.55442 41.2285
1298881063 -8.55443 41.2284
1298881064 -8.55445 41.2284
1298881065 -8.55444 41.2283
1298881066 -8.55445 41.2282
1298881067 -8.55445 41.2281
1298881068 -8.55443 41.228
1298881069 -8.55443 41.2279
1298881070 -8.55442 41.2278
1298881071 -8.55441 41.2277
1298881072 -8.5544 41.2276
1298881073 -8.55439 41.2275
1298881074 -8.55438 41.2274
1298881075 -8.55437 41.2273
1298881076 -8.55436 41.2272
1298881077 -8.55435 41.227
1298881079 -8.55434 41.2269
1298881080 -8.55433 41.2268
1298881081 -8.55432 41.2267
1298881082 -8.55431 41.2265
:break:
1298881085 -8.55398 41.2266
1298881086 -8.55397 41.2265
1298881087 -8.55397 41.2264
1298881088 -8.55397 41.2263
1298881089 -8.55397 41.2262
1298881090 -8.55399 41.2261
1298881091 -8.55401 41.2259
1298881092 -8.55406 41.2258
1298881093 -8.55413 41.2257
1298881094 -8.55421 41.2256
1298881095 -8.55431 41.2255
1298881096 -8.55442 41.2254
1298881097 -8.55454 41.2253
1298881098 -8.55465 41.2252
1298881099 -8.55476 41.2251
1298881100 -8.55488 41.225
1298881101 -8.55499 41.2249
1298881102 -8.55511 41.2248
1298881103 -8.55524 41.2247
1298881104 -8.55536 41.2246
1298881105 -8.55549 41.2245
1298881106 -8.55561 41.2244
1298881107 -8.55573 41.2243
1298881108 -8.55583 41.2242
1298881109 -8.55593 41.224
1298881110 -8.55601 41.2239
1298881111 -8.55608 41.2238
1298881112 -8.55615 41.2237
1298881113 -8.55623 41.2235
1298881114 -8.5563 41.2234
1298881115 -8.55637 41.2233
1298881116 -8.55644 41.2232
1298881117 -8.55651 41.2231
1298881118 -8.55657 41.2229
1298881119 -8.55663 41.2228
1298881120 -8.5567 41.2227
1298881121 -8.55676 41.2226
1298881122 -8.55682 41.2225
1298881123 -8.55688 41.2224
1298881124 -8.55693 41.2224
1298881125 -8.55698 41.2223
1298881126 -8.55701 41.2223
1298881127 -8.55704 41.2222
1298881128 -8.55706 41.2222
1298881129 -8.55708 41.2222
1298881130 -8.5571 41.2222
1298881131 -8.55712 41.2222
1298881132 -8.55715 41.2221
1298881133 -8.55717 41.2221
1298881134 -8.55725 41.2221
1298881135 -8.55733 41.222
1298881136 -8.5574 41.222
1298881137 -8.55747 41.222
1298881138 -8.55756 41.2219
1298881139 -8.55765 41.2219
1298881140 -8.55774 41.2218
1298881141 -8.55782 41.2218
1298881142 -8.55791 41.2218
1298881143 -8.558 41.2217
1298881144 -8.55809 41.2217
1298881145 -8.55819 41.2216
1298881146 -8.55828 41.2216
1298881147 -8.55836 41.2215
1298881148 -8.55844 41.2214
1298881149 -8.55851 41.2213
1298881150 -8.55856 41.2212
1298881151 -8.55858 41.2211
1298881152 -8.5586 41.221
1298881153 -8.55863 41.2209
1298881154 -8.55867 41.2208
1298881155 -8.55869 41.2207
1298881156 -8.55873 41.2206
1298881157 -8.55876 41.2206
1298881158 -8.55878 41.2205
1298881159 -8.55879 41.2205
1298881160 -8.55881 41.2205
1298881161 -8.55883 41.2205
1298881162 -8.55885 41.2205
1298881163 -8.55888 41.2204
1298881164 -8.55893 41.2204
1298881165 -8.55896 41.2203
1298881166 -8.55899 41.2203
1298881167 -8.55901 41.2202
1298881168 -8.55902 41.2202
1298881169 -8.55895 41.2201
1298881170 -8.5589 41.2201
1298881171 -8.55887 41.22
1298881172 -8.55884 41.22
1298881173 -8.55882 41.2199
1298881174 -8.55882 41.2198
1298881175 -8.55882 41.2197
1298881176 -8.55881 41.2197
1298881177 -8.55881 41.2196
1298881178 -8.55882 41.2195
1298881179 -8.55882 41.2194
1298881180 -8.55882 41.2193
1298881182 -8.55882 41.2192
1298881183 -8.55881 41.2191
1298881184 -8.55881 41.219
1298881185 -8.5588 41.2189
1298881186 -8.5588 41.2188
1298881187 -8.5588 41.2187
1298881189 -8.55879 41.2186
1298881190 -8.55879 41.2185
1298881191 -8.55879 41.2184
1298881192 -8.55879 41.2183
1298881193 -8.5588 41.2182
1298881194 -8.5588 41.218
1298881195 -8.55879 41.2179
1298881196 -8.55879 41.2178
1298881197 -8.55879 41.2177
1298881198 -8.55878 41.2176
1298881199 -8.55879 41.2174
1298881200 -8.55879 41.2173
