:break:
1298880148 -8.60946 41.1772
1298880166 -8.60947 41.1772
1298880172 -8.60948 41.1772
1298880177 -8.60949 41.1772
1298880181 -8.6095 41.1772
1298880187 -8.60951 41.1772
1298880252 -8.60945 41.1772
1298880320 -8.60952 41.1772
1298880325 -8.60953 41.1772
1298880331 -8.60954 41.1772
1298880339 -8.60955 41.1772
1298880343 -8.60956 41.1772
1298880348 -8.60957 41.1772
1298880373 -8.60958 41.1772
1298880507 -8.60959 41.1772
1298880512 -8.6096 41.1772
1298880718 -8.60944 41.1772
1298880729 -8.60943 41.1772
1298880932 -8.60945 41.1773
1298880940 -8.60944 41.1773
1298880945 -8.60943 41.1773
1298880951 -8.60942 41.1773
1298880957 -8.60941 41.1773
1298880964 -8.6094 41.1773
1298880971 -8.60939 41.1773
1298880978 -8.60938 41.1773
1298880983 -8.60937 41.1773
1298881014 -8.6094 41.1772
1298881033 -8.60941 41.1772
1298881037 -8.60942 41.1772
1298881194 -8.60951 41.1773
1298881200 -8.60951 41.1773
