:break:
1298880015 -8.5979 41.1591
1298880016 -8.59777 41.1592
1298880017 -8.59765 41.1592
1298880018 -8.59753 41.1593
1298880019 -8.5974 41.1593
1298880020 -8.59726 41.1594
1298880021 -8.59712 41.1594
1298880022 -8.59699 41.1595
1298880023 -8.59685 41.1595
1298880024 -8.59671 41.1595
1298880025 -8.59657 41.1596
1298880026 -8.59644 41.1596
1298880027 -8.5963 41.1597
1298880028 -8.59615 41.1597
1298880029 -8.59602 41.1598
1298880030 -8.59588 41.1598
1298880031 -8.59575 41.1598
1298880032 -8.5956 41.1599
1298880033 -8.59547 41.1599
1298880034 -8.59533 41.16
1298880035 -8.5952 41.16
1298880036 -8.59506 41.16
1298880037 -8.59492 41.1601
1298880038 -8.59479 41.1601
1298880039 -8.59466 41.1602
1298880040 -8.59453 41.1602
1298880041 -8.59441 41.1602
1298880042 -8.59432 41.1603
1298880043 -8.59422 41.1603
1298880044 -8.59412 41.1603
1298880045 -8.59403 41.1604
1298880046 -8.59397 41.1604
1298880047 -8.59394 41.1604
1298880048 -8.59393 41.1605
1298880050 -8.59394 41.1605
1298880053 -8.59395 41.1605
1298880055 -8.59396 41.1605
1298880073 -8.59397 41.1606
1298880074 -8.59401 41.1606
1298880075 -8.59407 41.1606
1298880076 -8.59415 41.1606
1298880077 -8.59423 41.1607
1298880078 -8.59433 41.1607
1298880079 -8.59444 41.1607
1298880080 -8.59455 41.1607
1298880081 -8.59466 41.1607
1298880082 -8.59477 41.1607
1298880083 -8.59487 41.1607
1298880084 -8.59497 41.1607
1298880085 -8.59506 41.1608
1298880086 -8.59516 41.1608
1298880087 -8.59525 41.1608
1298880088 -8.59534 41.1608
1298880089 -8.59542 41.1608
1298880090 -8.59549 41.1608
1298880091 -8.59556 41.1608
1298880092 -8.59561 41.1609
1298880093 -8.59565 41.1609
1298880094 -8.59567 41.1609
1298880100 -8.59567 41.1608
1298880102 -8.59568 41.1608
1298880105 -8.59569 41.1608
1298880110 -8.5957 41.1608
1298880112 -8.59571 41.1608
1298880114 -8.59572 41.1608
1298880116 -8.59574 41.1608
1298880117 -8.59576 41.1608
1298880118 -8.5958 41.1608
1298880119 -8.59585 41.1608
1298880120 -8.5959 41.1608
1298880121 -8.59595 41.1608
1298880122 -8.596 41.1608
1298880123 -8.59604 41.1608
1298880124 -8.59609 41.1608
1298880125 -8.59614 41.1608
1298880126 -8.59619 41.1609
1298880127 -8.59623 41.1609
1298880128 -8.59628 41.1609
1298880129 -8.59635 41.1609
1298880130 -8.59644 41.1609
1298880131 -8.59652 41.1609
1298880132 -8.5966 41.1609
1298880133 -8.59667 41.1609
1298880134 -8.59672 41.1609
1298880135 -8.59675 41.161
1298880137 -8.59674 41.161
1298880139 -8.59673 41.1611
1298880140 -8.59672 41.1611
1298880142 -8.59671 41.1612
1298880143 -8.59668 41.1612
1298880144 -8.59666 41.1613
1298880145 -8.59664 41.1613
1298880146 -8.59663 41.1614
1298880147 -8.59662 41.1614
1298880148 -8.59658 41.1615
1298880149 -8.59657 41.1616
1298880150 -8.59659 41.1616
1298880151 -8.59658 41.1617
1298880152 -8.59657 41.1617
1298880153 -8.59652 41.1617
1298880154 -8.59647 41.1617
1298880155 -8.59639 41.1617
1298880156 -8.59631 41.1617
1298880157 -8.59622 41.1617
1298880158 -8.59612 41.1617
1298880159 -8.59601 41.1617
1298880160 -8.5959 41.1617
1298880161 -8.59578 41.1617
1298880162 -8.59567 41.1616
1298880163 -8.59555 41.1616
1298880164 -8.59543 41.1616
1298880165 -8.59531 41.1616
1298880166 -8.59519 41.1615
1298880167 -8.59507 41.1615
1298880168 -8.59495 41.1615
1298880169 -8.59483 41.1615
1298880170 -8.59471 41.1615
1298880171 -8.59459 41.1615
1298880172 -8.5945 41.1615
1298880173 -8.59439 41.1614
1298880174 -8.5943 41.1614
1298880175 -8.59422 41.1614
1298880176 -8.59416 41.1614
1298880177 -8.59412 41.1614
1298880178 -8.59406 41.1614
1298880179 -8.59399 41.1614
1298880180 -8.59391 41.1614
1298880181 -8.59381 41.1614
1298880182 -8.59371 41.1614
1298880183 -8.59361 41.1614
1298880184 -8.5935 41.1614
1298880185 -8.5934 41.1615
1298880186 -8.59329 41.1615
1298880187 -8.5932 41.1616
1298880188 -8.59311 41.1616
1298880189 -8.59303 41.1617
1298880190 -8.59296 41.1617
1298880191 -8.59289 41.1618
1298880192 -8.59285 41.1618
1298880193 -8.59282 41.1618
1298880194 -8.5928 41.1619
1298880197 -8.59283 41.162
1298880198 -8.59287 41.162
1298880199 -8.5929 41.1621
1298880200 -8.59294 41.1621
1298880201 -8.59297 41.1622
1298880202 -8.59298 41.1623
1298880203 -8.59297 41.1624
1298880204 -8.59295 41.1625
1298880205 -8.59291 41.1626
1298880206 -8.59286 41.1627
1298880207 -8.59279 41.1627
1298880208 -8.59271 41.1628
1298880209 -8.59262 41.1629
1298880210 -8.59253 41.1629
1298880211 -8.59244 41.163
1298880212 -8.59233 41.163
1298880213 -8.59222 41.163
1298880214 -8.59211 41.163
1298880215 -8.592 41.163
1298880216 -8.59192 41.163
1298880217 -8.59186 41.163
1298880218 -8.59181 41.163
1298880219 -8.59176 41.1629
1298880220 -8.59172 41.1629
1298880221 -8.59168 41.1629
1298880222 -8.59164 41.1629
1298880223 -8.59161 41.1629
1298880224 -8.59159 41.1629
1298880225 -8.59157 41.1629
1298880226 -8.59156 41.1628
1298880231 -8.59157 41.1628
1298880238 -8.59156 41.1629
1298880245 -8.59155 41.1629
1298880257 -8.59155 41.1628
1298880276 -8.59154 41.1628
1298880285 -8.59153 41.1628
1298880314 -8.59158 41.1628
1298880316 -8.59159 41.1628
1298880456 -8.5916 41.1628
1298880643 -8.59152 41.1628
1298880647 -8.59151 41.1628
1298880721 -8.59161 41.1628
1298880728 -8.59162 41.1628
1298880993 -8.5915 41.1628
1298880994 -8.59149 41.1628
1298880995 -8.59148 41.1628
1298880996 -8.59147 41.1628
1298880998 -8.59146 41.1628
1298880999 -8.59145 41.1628
1298881007 -8.59144 41.1628
1298881028 -8.59143 41.1628
1298881044 -8.59142 41.1628
1298881049 -8.59142 41.1627
1298881061 -8.59141 41.1627
1298881088 -8.59141 41.1628
1298881170 -8.59146 41.1627
1298881176 -8.59145 41.1627
1298881200 -8.59146 41.1627
