:break:
1298881053 -8.57452 41.1624
1298881054 -8.57457 41.1624
1298881055 -8.57462 41.1623
1298881056 -8.57467 41.1623
1298881057 -8.57471 41.1623
1298881058 -8.57476 41.1623
1298881059 -8.5748 41.1623
1298881060 -8.57485 41.1622
1298881061 -8.5749 41.1622
1298881062 -8.57497 41.1622
1298881063 -8.57504 41.1622
1298881064 -8.5751 41.1621
1298881065 -8.57517 41.1621
1298881066 -8.57524 41.1621
1298881067 -8.57531 41.1621
1298881068 -8.57539 41.162
1298881069 -8.57548 41.162
1298881070 -8.57557 41.162
1298881071 -8.57564 41.162
1298881072 -8.57571 41.1619
1298881073 -8.57578 41.1619
1298881074 -8.57586 41.1618
1298881075 -8.57593 41.1618
1298881076 -8.57599 41.1617
1298881077 -8.57605 41.1617
1298881078 -8.57612 41.1616
1298881079 -8.57619 41.1616
1298881080 -8.57626 41.1615
1298881081 -8.57632 41.1615
1298881082 -8.57635 41.1614
1298881083 -8.57639 41.1614
1298881084 -8.57648 41.1613
1298881085 -8.5766 41.1613
1298881086 -8.57669 41.1612
1298881087 -8.57677 41.1612
1298881088 -8.57686 41.1611
1298881089 -8.57696 41.1611
1298881090 -8.57705 41.161
1298881091 -8.57716 41.161
1298881092 -8.57726 41.1609
1298881093 -8.57737 41.1609
1298881094 -8.57747 41.1608
1298881095 -8.57758 41.1608
1298881096 -8.57768 41.1607
1298881097 -8.57778 41.1607
1298881098 -8.57788 41.1606
1298881099 -8.57797 41.1606
1298881100 -8.57804 41.1605
1298881101 -8.57812 41.1605
1298881102 -8.57819 41.1605
1298881103 -8.57825 41.1604
1298881104 -8.57831 41.1604
1298881105 -8.57839 41.1604
1298881106 -8.57846 41.1603
1298881107 -8.57852 41.1603
1298881108 -8.57858 41.1603
1298881109 -8.57867 41.1602
1298881110 -8.57875 41.1602
1298881111 -8.57884 41.1601
1298881112 -8.57891 41.1601
1298881113 -8.57899 41.16
1298881114 -8.57906 41.16
1298881115 -8.57913 41.1599
1298881116 -8.5792 41.1599
1298881117 -8.57928 41.1598
1298881118 -8.57934 41.1598
1298881119 -8.5794 41.1598
1298881120 -8.57947 41.1597
1298881121 -8.57954 41.1597
1298881122 -8.57958 41.1596
1298881123 -8.57964 41.1596
1298881124 -8.57969 41.1596
1298881125 -8.57974 41.1596
1298881126 -8.57978 41.1595
1298881127 -8.57984 41.1595
1298881128 -8.57988 41.1595
1298881129 -8.57992 41.1595
1298881130 -8.57993 41.1595
1298881131 -8.57995 41.1595
1298881132 -8.57998 41.1595
1298881133 -8.58 41.1595
1298881134 -8.58001 41.1595
1298881135 -8.58003 41.1594
1298881136 -8.58004 41.1594
1298881137 -8.58005 41.1594
1298881138 -8.58007 41.1594
1298881139 -8.58006 41.1594
1298881148 -8.5801 41.1594
1298881149 -8.58011 41.1594
1298881152 -8.58012 41.1594
1298881154 -8.58013 41.1594
1298881155 -8.58014 41.1594
1298881157 -8.58016 41.1594
1298881160 -8.58009 41.1594
1298881162 -8.58003 41.1593
1298881167 -8.58008 41.1594
1298881170 -8.58008 41.1593
1298881176 -8.58009 41.1593
1298881191 -8.5801 41.1595
1298881196 -8.58012 41.1595
1298881197 -8.58014 41.1596
1298881198 -8.58015 41.1596
1298881200 -8.58014 41.1596
