:break:
1298880016 -8.61178 41.1728
1298880028 -8.61179 41.1728
1298880050 -8.61177 41.1728
1298880095 -8.61176 41.1728
1298880100 -8.61175 41.1728
1298880104 -8.61174 41.1728
1298880110 -8.61173 41.1728
1298880192 -8.61178 41.1727
1298880199 -8.61179 41.1727
1298880203 -8.6118 41.1727
1298880210 -8.61181 41.1727
1298880270 -8.61177 41.1727
1298880274 -8.61176 41.1727
1298880279 -8.61175 41.1727
1298880283 -8.61174 41.1727
1298880358 -8.61182 41.1727
1298880361 -8.61183 41.1727
1298880364 -8.61184 41.1727
1298880367 -8.61185 41.1727
1298880373 -8.61185 41.1728
1298880379 -8.61184 41.1728
1298880429 -8.61182 41.1728
1298880430 -8.61181 41.1728
1298880432 -8.6118 41.1728
1298880518 -8.61183 41.1728
1298880584 -8.61186 41.1728
1298880647 -8.61187 41.1728
1298880649 -8.61188 41.1728
1298880652 -8.61189 41.1728
1298880655 -8.6119 41.1728
1298880657 -8.61191 41.1728
1298880660 -8.61192 41.1728
1298880664 -8.61193 41.1728
1298880667 -8.61194 41.1728
1298880670 -8.61195 41.1728
1298880672 -8.61196 41.1728
1298880679 -8.61197 41.1728
1298880833 -8.61198 41.1728
1298880834 -8.61199 41.1728
1298880836 -8.612 41.1728
1298880839 -8.61201 41.1728
1298880845 -8.61202 41.1728
1298880866 -8.612 41.1727
1298880902 -8.61203 41.1728
1298880910 -8.61204 41.1728
1298880921 -8.61203 41.1727
1298880926 -8.61204 41.1727
1298880928 -8.61205 41.1727
1298880930 -8.61205 41.1728
1298881002 -8.61207 41.1728
1298881003 -8.61208 41.1728
1298881008 -8.61209 41.1728
1298881014 -8.6121 41.1728
1298881025 -8.61209 41.1727
1298881029 -8.61208 41.1727
1298881031 -8.61207 41.1727
1298881038 -8.6121 41.1727
1298881042 -8.61211 41.1727
1298881045 -8.61212 41.1727
1298881048 -8.61213 41.1727
1298881058 -8.61214 41.1727
1298881071 -8.61213 41.1728
1298881074 -8.61214 41.1728
1298881099 -8.61212 41.1728
1298881101 -8.61211 41.1728
1298881112 -8.61206 41.1728
1298881170 -8.61215 41.1728
1298881175 -8.61216 41.1728
1298881176 -8.61217 41.1728
1298881200 -8.61211 41.1728
