:break:
1298880009 -8.62783 41.1757
1298880014 -8.62782 41.1757
1298880042 -8.62781 41.1757
1298880050 -8.62784 41.1757
1298880053 -8.62785 41.1757
1298880055 -8.62786 41.1757
1298880058 -8.62787 41.1757
1298880059 -8.62788 41.1757
1298880061 -8.62789 41.1757
1298880065 -8.6279 41.1757
1298880069 -8.62791 41.1757
1298880071 -8.62792 41.1757
1298880073 -8.62793 41.1757
1298880075 -8.62794 41.1757
1298880087 -8.62795 41.1757
1298880282 -8.62796 41.1757
1298880288 -8.62797 41.1757
1298880330 -8.6279 41.1756
1298880333 -8.62789 41.1756
1298880334 -8.62788 41.1756
1298880336 -8.62787 41.1755
1298880339 -8.62786 41.1755
1298880341 -8.62785 41.1755
1298880344 -8.62784 41.1755
1298880347 -8.62783 41.1755
1298880351 -8.62782 41.1755
1298880359 -8.62781 41.1755
1298880372 -8.62781 41.1756
1298880406 -8.6278 41.1756
1298880414 -8.62779 41.1756
1298880494 -8.6278 41.1755
1298880527 -8.62782 41.1756
1298880539 -8.62783 41.1756
1298880669 -8.62779 41.1755
1298880710 -8.62785 41.1754
1298880711 -8.62786 41.1754
1298880717 -8.62787 41.1754
1298880824 -8.62782 41.1754
1298880835 -8.62783 41.1754
1298880844 -8.62781 41.1754
1298880848 -8.6278 41.1754
1298880852 -8.62779 41.1754
1298880857 -8.62778 41.1754
1298880861 -8.62778 41.1755
1298880864 -8.62777 41.1755
1298880877 -8.62776 41.1755
1298880878 -8.62776 41.1754
1298880886 -8.62777 41.1754
1298881200 -8.6278 41.1754
