:break:
1298880021 -8.61287 41.155
1298880022 -8.61298 41.155
1298880023 -8.61307 41.155
1298880024 -8.61315 41.1551
1298880025 -8.61321 41.1551
1298880026 -8.61326 41.1552
1298880027 -8.61332 41.1552
1298880028 -8.61339 41.1552
1298880029 -8.61347 41.1553
1298880030 -8.61357 41.1553
1298880031 -8.61366 41.1553
1298880032 -8.61374 41.1553
1298880033 -8.61382 41.1554
1298880034 -8.6139 41.1554
1298880035 -8.61397 41.1554
1298880036 -8.61403 41.1554
1298880037 -8.61411 41.1554
1298880038 -8.61418 41.1554
1298880039 -8.61422 41.1554
1298880040 -8.61427 41.1555
1298880041 -8.6143 41.1555
1298880042 -8.61435 41.1555
1298880043 -8.6144 41.1555
1298880044 -8.61444 41.1555
1298880045 -8.61449 41.1555
1298880046 -8.61454 41.1555
1298880047 -8.61459 41.1555
1298880048 -8.61465 41.1556
1298880049 -8.6147 41.1556
1298880050 -8.61475 41.1556
1298880051 -8.61479 41.1556
1298880052 -8.61482 41.1556
1298880053 -8.61484 41.1556
1298880054 -8.61485 41.1556
1298880055 -8.61486 41.1556
1298880056 -8.61488 41.1556
1298880057 -8.61489 41.1556
1298880058 -8.6149 41.1556
1298880059 -8.61491 41.1556
1298880060 -8.61492 41.1556
1298880061 -8.61493 41.1556
1298880062 -8.61494 41.1556
1298880066 -8.61495 41.1556
1298880068 -8.61496 41.1556
1298880070 -8.61497 41.1556
1298880073 -8.61498 41.1556
1298880074 -8.61499 41.1556
1298880075 -8.61503 41.1556
1298880076 -8.61508 41.1556
1298880077 -8.6152 41.1556
1298880078 -8.61528 41.1557
1298880079 -8.61536 41.1557
1298880080 -8.61545 41.1557
1298880081 -8.61554 41.1557
1298880082 -8.61564 41.1557
1298880083 -8.61575 41.1557
1298880084 -8.61588 41.1557
1298880085 -8.61601 41.1558
1298880086 -8.61612 41.1558
1298880087 -8.61624 41.1558
1298880088 -8.61636 41.1559
1298880089 -8.61648 41.1559
1298880090 -8.61663 41.1559
1298880091 -8.61678 41.1559
1298880092 -8.61694 41.156
1298880093 -8.61709 41.156
1298880094 -8.61724 41.156
1298880095 -8.61738 41.156
1298880096 -8.61754 41.1561
1298880097 -8.61766 41.1561
1298880098 -8.6178 41.1561
1298880099 -8.61794 41.1561
1298880100 -8.61808 41.1562
1298880101 -8.61821 41.1562
1298880102 -8.61835 41.1562
1298880103 -8.61848 41.1562
1298880104 -8.6186 41.1562
1298880105 -8.6187 41.1563
1298880106 -8.61879 41.1563
1298880107 -8.61884 41.1563
1298880108 -8.6189 41.1563
1298880109 -8.61895 41.1563
1298880110 -8.61901 41.1563
1298880111 -8.61908 41.1563
1298880112 -8.61916 41.1563
1298880113 -8.61924 41.1563
1298880114 -8.61932 41.1563
1298880115 -8.61941 41.1563
1298880116 -8.61952 41.1563
1298880117 -8.61963 41.1563
1298880118 -8.61974 41.1563
1298880119 -8.61984 41.1563
1298880120 -8.61995 41.1564
1298880121 -8.62005 41.1564
1298880122 -8.62016 41.1564
1298880123 -8.62025 41.1564
1298880124 -8.62034 41.1564
1298880125 -8.62043 41.1565
1298880126 -8.62047 41.1565
1298880127 -8.62049 41.1565
1298880128 -8.62052 41.1565
1298880129 -8.62055 41.1565
1298880130 -8.6206 41.1565
1298880131 -8.62067 41.1565
1298880132 -8.62073 41.1565
1298880133 -8.62081 41.1565
1298880134 -8.62089 41.1566
1298880135 -8.621 41.1566
1298880136 -8.62109 41.1566
1298880137 -8.62118 41.1566
1298880138 -8.62125 41.1566
1298880139 -8.62133 41.1567
1298880140 -8.62142 41.1567
1298880141 -8.62153 41.1567
1298880142 -8.62163 41.1567
1298880143 -8.62172 41.1568
1298880144 -8.62179 41.1568
1298880145 -8.62186 41.1568
1298880146 -8.62194 41.1568
1298880147 -8.622 41.1568
1298880148 -8.62207 41.1568
1298880149 -8.62215 41.1568
1298880150 -8.62224 41.1569
1298880151 -8.62233 41.1569
1298880152 -8.62241 41.1569
1298880153 -8.62249 41.1569
1298880154 -8.62256 41.1569
1298880155 -8.62265 41.157
1298880156 -8.62274 41.157
1298880157 -8.62284 41.157
1298880158 -8.62294 41.157
1298880159 -8.62304 41.157
1298880160 -8.62315 41.157
1298880161 -8.62326 41.157
1298880162 -8.62338 41.157
1298880163 -8.62349 41.1571
1298880164 -8.62361 41.1571
1298880165 -8.62372 41.1571
1298880166 -8.62384 41.1571
1298880167 -8.62395 41.1571
1298880168 -8.62408 41.1571
1298880169 -8.6242 41.1572
1298880170 -8.62432 41.1572
1298880171 -8.62444 41.1572
1298880172 -8.62456 41.1572
1298880173 -8.62467 41.1572
1298880174 -8.62478 41.1572
1298880175 -8.62489 41.1573
1298880176 -8.62498 41.1573
1298880177 -8.62506 41.1573
1298880178 -8.62513 41.1573
1298880179 -8.62518 41.1573
1298880180 -8.62519 41.1573
1298880181 -8.62519 41.1574
1298880197 -8.6252 41.1574
1298880201 -8.62521 41.1574
1298880204 -8.62522 41.1574
1298880206 -8.62523 41.1574
1298880209 -8.62524 41.1574
1298880212 -8.62525 41.1574
1298880219 -8.62526 41.1574
1298880220 -8.62527 41.1574
1298880221 -8.6253 41.1574
1298880222 -8.62536 41.1574
1298880223 -8.62543 41.1574
1298880224 -8.62551 41.1574
1298880225 -8.62562 41.1574
1298880226 -8.62574 41.1575
1298880227 -8.62588 41.1575
1298880228 -8.62603 41.1575
1298880229 -8.62618 41.1575
1298880230 -8.62634 41.1576
1298880231 -8.62649 41.1576
1298880232 -8.62663 41.1576
1298880233 -8.62675 41.1576
1298880234 -8.62686 41.1576
1298880235 -8.62697 41.1576
1298880236 -8.62707 41.1577
1298880237 -8.62714 41.1577
1298880238 -8.62718 41.1576
1298880239 -8.62721 41.1576
1298880240 -8.62724 41.1576
1298880241 -8.62725 41.1576
1298880242 -8.62726 41.1576
1298880243 -8.62728 41.1577
1298880244 -8.6273 41.1577
1298880245 -8.62731 41.1577
1298880246 -8.62732 41.1577
1298880247 -8.62733 41.1577
1298880251 -8.62732 41.1576
1298880257 -8.62733 41.1576
1298880267 -8.62734 41.1576
1298880273 -8.62735 41.1576
1298880291 -8.62736 41.1576
1298880294 -8.62737 41.1576
1298880299 -8.62738 41.1576
1298880304 -8.62739 41.1576
1298880305 -8.62739 41.1575
1298880308 -8.6274 41.1575
1298880310 -8.62741 41.1575
1298880311 -8.62742 41.1575
1298880313 -8.62743 41.1575
1298880316 -8.62744 41.1575
1298880364 -8.62746 41.1575
1298880365 -8.62747 41.1575
1298880366 -8.62748 41.1575
1298880367 -8.62749 41.1575
1298880368 -8.62749 41.1576
1298880369 -8.62748 41.1576
1298880372 -8.62747 41.1576
1298880399 -8.6275 41.1576
1298880405 -8.62751 41.1576
1298880411 -8.62751 41.1575
1298880412 -8.62752 41.1575
1298880458 -8.6275 41.1575
1298880476 -8.62753 41.1576
1298880477 -8.62755 41.1576
1298880478 -8.62756 41.1576
1298880479 -8.62757 41.1576
1298880490 -8.62754 41.1576
1298880533 -8.62758 41.1576
1298880537 -8.62759 41.1576
1298880590 -8.62757 41.1577
1298880592 -8.62758 41.1577
1298880611 -8.62759 41.1577
1298880625 -8.62756 41.1577
1298880631 -8.62755 41.1577
1298880678 -8.62754 41.1577
1298880680 -8.62753 41.1577
1298880687 -8.62752 41.1577
1298880690 -8.62751 41.1577
1298880696 -8.6275 41.1577
1298880779 -8.62749 41.1577
1298881012 -8.62748 41.1577
1298881043 -8.6276 41.1576
1298881048 -8.62761 41.1577
1298881056 -8.62762 41.1577
1298881065 -8.62763 41.1577
1298881072 -8.62764 41.1577
1298881078 -8.62765 41.1577
1298881082 -8.62766 41.1577
1298881087 -8.62766 41.1576
1298881090 -8.62767 41.1576
1298881108 -8.62765 41.1576
1298881112 -8.62764 41.1576
1298881115 -8.62763 41.1576
1298881123 -8.62762 41.1576
1298881127 -8.62761 41.1576
1298881148 -8.6276 41.1577
1298881166 -8.62747 41.1577
1298881167 -8.62746 41.1577
1298881168 -8.62745 41.1577
1298881169 -8.62744 41.1577
1298881172 -8.62743 41.1577
1298881191 -8.62752 41.1576
1298881200 -8.62749 41.1576
