:break:
1298880321 -8.59974 41.1824
1298880322 -8.59976 41.1824
1298880323 -8.59976 41.1825
1298880324 -8.59977 41.1825
1298880325 -8.59978 41.1825
1298880328 -8.59979 41.1825
1298880340 -8.59975 41.1825
1298880341 -8.59974 41.1825
1298880349 -8.59975 41.1824
1298880355 -8.59977 41.1824
1298880372 -8.59977 41.1826
1298880373 -8.59976 41.1826
1298880374 -8.59975 41.1826
1298880378 -8.59973 41.1826
1298880380 -8.59972 41.1826
1298880386 -8.59971 41.1826
1298880400 -8.59971 41.1825
1298880405 -8.59972 41.1825
1298880409 -8.5997 41.1826
1298880411 -8.59969 41.1826
1298880439 -8.59968 41.1826
1298880444 -8.59967 41.1826
1298880449 -8.59966 41.1826
1298880454 -8.59965 41.1826
1298880700 -8.59969 41.1825
1298880702 -8.5997 41.1825
1298881200 -8.59967 41.1826
