:break:
1298880140 -8.63051 41.1549
1298880149 -8.63052 41.1549
1298880155 -8.6305 41.1549
1298880158 -8.63049 41.1549
1298880159 -8.63048 41.1549
1298880160 -8.63047 41.1549
1298880161 -8.63046 41.1549
1298880162 -8.63045 41.1549
1298880164 -8.63044 41.1549
1298880165 -8.63043 41.1549
1298880167 -8.63042 41.1549
1298880170 -8.63041 41.1549
1298880171 -8.6304 41.1549
1298880174 -8.63039 41.1549
1298880178 -8.63038 41.1549
1298880290 -8.63037 41.1549
1298880292 -8.63036 41.1549
1298880295 -8.63035 41.1549
1298880298 -8.63034 41.1549
1298880303 -8.63033 41.1549
1298880314 -8.63032 41.1549
1298880318 -8.63031 41.1549
1298880700 -8.6305 41.155
1298880705 -8.63051 41.155
1298880719 -8.63052 41.155
1298880756 -8.63053 41.155
1298880757 -8.63054 41.155
1298880759 -8.63055 41.155
1298880761 -8.63056 41.155
1298880767 -8.63057 41.155
1298880777 -8.63058 41.155
1298880902 -8.63059 41.155
1298881006 -8.6306 41.155
1298881069 -8.63058 41.1551
1298881076 -8.63059 41.1551
1298881200 -8.63054 41.155
