:break:
1298880053 -8.61322 41.1671
1298880059 -8.61323 41.1671
1298880124 -8.61321 41.1671
1298880129 -8.6132 41.1671
1298880134 -8.61319 41.1671
1298880146 -8.61318 41.1671
1298880152 -8.61317 41.1671
1298880162 -8.61316 41.1671
1298880165 -8.61315 41.1671
1298880169 -8.61314 41.1671
1298880170 -8.61314 41.167
1298880172 -8.61315 41.167
1298880173 -8.61316 41.167
1298880174 -8.61317 41.167
1298880175 -8.61318 41.167
1298880177 -8.61319 41.167
1298880181 -8.6132 41.167
1298880185 -8.61321 41.167
1298880189 -8.61322 41.167
1298880190 -8.61322 41.1669
1298880196 -8.61323 41.1669
1298880198 -8.61324 41.1669
1298880199 -8.61325 41.1669
1298880200 -8.61326 41.1669
1298880203 -8.61327 41.1669
1298880225 -8.61328 41.1669
1298880237 -8.61329 41.1669
1298880243 -8.6133 41.1669
1298880246 -8.61331 41.1669
1298880251 -8.61332 41.1669
1298880280 -8.61332 41.167
1298880304 -8.61333 41.1669
1298880380 -8.61333 41.167
1298880395 -8.61334 41.167
1298880409 -8.61335 41.167
1298880449 -8.61336 41.167
1298880500 -8.61337 41.167
1298880594 -8.61334 41.1669
1298880694 -8.61335 41.1669
1298880706 -8.61336 41.1669
1298880741 -8.61331 41.167
1298881200 -8.61332 41.1669
