:break:
1298880001 -8.58587 41.1485
1298880004 -8.58586 41.1485
1298880014 -8.58585 41.1485
1298880030 -8.58584 41.1485
1298880038 -8.58588 41.1485
1298880039 -8.58589 41.1485
1298880041 -8.5859 41.1485
1298880042 -8.58592 41.1485
1298880043 -8.58593 41.1485
1298880044 -8.58594 41.1485
1298880045 -8.58595 41.1485
1298880046 -8.58596 41.1485
1298880047 -8.58597 41.1485
1298880048 -8.58598 41.1485
1298880049 -8.58598 41.1484
1298880050 -8.58599 41.1484
1298880051 -8.586 41.1484
1298880052 -8.58601 41.1484
1298880054 -8.58602 41.1484
1298880056 -8.58603 41.1484
1298880086 -8.58601 41.1485
1298880087 -8.586 41.1485
1298880163 -8.58591 41.1485
1298880241 -8.58583 41.1485
1298880264 -8.58582 41.1485
1298880290 -8.58586 41.1484
1298880327 -8.5858 41.1485
1298880336 -8.58581 41.1485
1298880365 -8.58579 41.1485
1298880370 -8.58578 41.1485
1298880380 -8.58577 41.1485
1298880391 -8.58576 41.1485
1298880413 -8.58575 41.1485
1298880418 -8.58574 41.1485
1298880426 -8.58573 41.1485
1298880433 -8.58572 41.1485
1298880439 -8.58571 41.1485
1298880446 -8.5857 41.1485
1298880448 -8.58569 41.1485
1298880450 -8.58568 41.1485
1298880464 -8.58568 41.1486
1298880773 -8.58567 41.1486
1298880797 -8.58569 41.1486
1298880990 -8.5857 41.1486
1298881077 -8.58577 41.1486
1298881079 -8.58579 41.1486
1298881080 -8.5858 41.1486
1298881081 -8.58581 41.1486
1298881082 -8.58582 41.1486
1298881083 -8.58583 41.1486
1298881084 -8.58584 41.1486
1298881089 -8.58584 41.1487
1298881093 -8.58583 41.1488
1298881094 -8.58581 41.1488
1298881095 -8.58581 41.1489
1298881097 -8.58583 41.1489
1298881098 -8.58587 41.1489
1298881099 -8.58589 41.1489
1298881100 -8.58592 41.1489
1298881101 -8.58595 41.1489
1298881102 -8.58598 41.149
1298881103 -8.58602 41.149
1298881104 -8.58605 41.149
1298881105 -8.58609 41.149
1298881106 -8.58612 41.149
1298881107 -8.58614 41.149
1298881108 -8.58613 41.149
1298881112 -8.58618 41.149
1298881113 -8.58623 41.149
1298881114 -8.58629 41.149
1298881115 -8.58635 41.149
1298881116 -8.58642 41.149
1298881117 -8.5865 41.149
1298881118 -8.58657 41.149
1298881119 -8.58665 41.149
1298881120 -8.58673 41.149
1298881121 -8.58681 41.149
1298881122 -8.58688 41.1491
1298881123 -8.58696 41.1491
1298881124 -8.58704 41.1491
1298881125 -8.58714 41.1491
1298881126 -8.58725 41.1492
1298881127 -8.58737 41.1492
1298881128 -8.58749 41.1492
1298881129 -8.5876 41.1493
1298881130 -8.58772 41.1493
1298881131 -8.58784 41.1493
1298881132 -8.58794 41.1494
1298881133 -8.58806 41.1494
1298881134 -8.58817 41.1494
1298881135 -8.5883 41.1495
1298881136 -8.58844 41.1495
1298881137 -8.58858 41.1495
1298881138 -8.58872 41.1496
1298881139 -8.58885 41.1496
1298881140 -8.589 41.1497
1298881141 -8.58912 41.1497
1298881142 -8.58926 41.1497
1298881143 -8.58938 41.1498
1298881144 -8.5895 41.1498
1298881145 -8.5896 41.1499
1298881146 -8.58968 41.1499
1298881147 -8.58974 41.1499
1298881148 -8.58978 41.1499
1298881150 -8.58979 41.1499
1298881151 -8.5898 41.1499
1298881152 -8.58982 41.1499
1298881154 -8.58985 41.1499
1298881155 -8.58987 41.1499
1298881156 -8.58991 41.1499
1298881157 -8.58996 41.1499
1298881158 -8.59002 41.1499
1298881159 -8.59009 41.15
1298881160 -8.59014 41.15
1298881161 -8.59019 41.15
1298881162 -8.59027 41.15
1298881163 -8.59037 41.1501
1298881164 -8.59048 41.1501
1298881165 -8.59058 41.1501
1298881166 -8.59069 41.1501
1298881167 -8.59081 41.1502
1298881168 -8.59093 41.1502
1298881169 -8.59106 41.1503
1298881170 -8.59119 41.1503
1298881171 -8.59134 41.1503
1298881172 -8.59147 41.1504
1298881173 -8.59162 41.1504
1298881174 -8.59175 41.1504
1298881175 -8.59188 41.1505
1298881176 -8.59199 41.1505
1298881177 -8.59209 41.1505
1298881178 -8.59217 41.1506
1298881179 -8.59224 41.1506
1298881180 -8.59227 41.1506
1298881181 -8.5923 41.1506
1298881182 -8.59231 41.1506
1298881183 -8.59232 41.1506
1298881184 -8.59234 41.1506
1298881185 -8.59235 41.1506
1298881186 -8.59236 41.1506
1298881187 -8.59239 41.1506
1298881188 -8.59243 41.1506
1298881189 -8.59245 41.1506
1298881190 -8.59247 41.1506
1298881191 -8.5925 41.1506
1298881192 -8.59252 41.1507
1298881193 -8.59253 41.1507
1298881194 -8.59255 41.1507
1298881195 -8.59258 41.1507
1298881196 -8.59261 41.1507
1298881197 -8.59263 41.1507
1298881198 -8.59265 41.1507
1298881199 -8.59267 41.1507
1298881200 -8.59269 41.1507
