:break:
1298880089 -8.57163 41.0958
1298880091 -8.57164 41.0958
1298880092 -8.57165 41.0958
1298880111 -8.57162 41.0958
1298880113 -8.57161 41.0958
1298880114 -8.5716 41.0958
1298880117 -8.57159 41.0958
1298880127 -8.57158 41.0958
1298880140 -8.57157 41.0958
1298880150 -8.57156 41.0958
1298880169 -8.57155 41.0958
1298880170 -8.57152 41.0958
1298880171 -8.57148 41.0958
1298880172 -8.57149 41.0958
1298880173 -8.57153 41.0958
1298880174 -8.57161 41.0957
1298880175 -8.5716 41.0957
1298880176 -8.57159 41.0957
1298880178 -8.57157 41.0957
1298880179 -8.57155 41.0957
1298880180 -8.57152 41.0957
1298880181 -8.5715 41.0958
1298880183 -8.57146 41.0958
1298880184 -8.57143 41.0958
1298880185 -8.57139 41.0958
1298880186 -8.57136 41.0958
1298880187 -8.57133 41.0958
1298880188 -8.57129 41.0958
1298880189 -8.57128 41.0957
1298880191 -8.57127 41.0957
1298880192 -8.57125 41.0957
1298880193 -8.57122 41.0957
1298880194 -8.57121 41.0957
1298880196 -8.57123 41.0957
1298880197 -8.57124 41.0957
1298880218 -8.57126 41.0957
1298880240 -8.57122 41.0958
1298880241 -8.57123 41.0958
1298880242 -8.57126 41.0959
1298880243 -8.57127 41.096
1298880245 -8.57128 41.0961
1298880246 -8.57129 41.0962
1298880247 -8.5713 41.0962
1298880248 -8.57131 41.0963
1298880250 -8.57128 41.0964
1298880251 -8.57127 41.0965
1298880252 -8.57121 41.0965
1298880253 -8.57115 41.0966
1298880254 -8.57106 41.0967
1298880255 -8.57095 41.0968
1298880256 -8.57086 41.0968
1298880257 -8.57077 41.0969
1298880258 -8.57068 41.0969
1298880259 -8.57059 41.097
1298880260 -8.57052 41.0971
1298880261 -8.57047 41.0971
1298880262 -8.57038 41.0972
1298880263 -8.57029 41.0973
1298880264 -8.5702 41.0973
1298880265 -8.57011 41.0974
1298880266 -8.57002 41.0975
1298880267 -8.56994 41.0975
1298880268 -8.56986 41.0976
1298880269 -8.56981 41.0977
1298880270 -8.56976 41.0977
1298880271 -8.56973 41.0978
1298880272 -8.5697 41.0979
1298880273 -8.56967 41.0979
1298880274 -8.56965 41.098
1298880275 -8.56962 41.0981
1298880276 -8.56961 41.0981
1298880278 -8.56959 41.0982
1298880279 -8.56959 41.0983
1298880280 -8.5696 41.0983
1298880281 -8.56963 41.0984
1298880282 -8.56967 41.0985
1298880283 -8.56972 41.0985
1298880284 -8.56978 41.0986
1298880285 -8.56985 41.0986
1298880286 -8.56992 41.0986
1298880287 -8.56998 41.0987
1298880288 -8.57004 41.0987
1298880289 -8.57011 41.0988
1298880290 -8.57019 41.0988
1298880291 -8.57027 41.0989
1298880292 -8.57032 41.0989
1298880293 -8.5704 41.099
1298880294 -8.5705 41.0991
1298880295 -8.57058 41.0992
1298880296 -8.57066 41.0993
1298880297 -8.57075 41.0993
1298880298 -8.57084 41.0994
1298880299 -8.57093 41.0995
1298880300 -8.57105 41.0996
:break:
1298880303 -8.57134 41.0998
1298880304 -8.57142 41.1
1298880305 -8.57146 41.1
1298880306 -8.57154 41.1001
1298880307 -8.57157 41.1002
1298880308 -8.5716 41.1003
1298880309 -8.5716 41.1004
1298880310 -8.57162 41.1006
1298880311 -8.57165 41.1007
1298880312 -8.57166 41.1008
1298880313 -8.57167 41.101
1298880314 -8.57169 41.1011
1298880315 -8.57171 41.1012
1298880316 -8.57173 41.1013
1298880317 -8.57175 41.1014
1298880318 -8.57177 41.1015
1298880319 -8.57179 41.1015
1298880320 -8.57181 41.1016
1298880321 -8.57183 41.1017
1298880322 -8.57184 41.1018
1298880323 -8.57185 41.1018
1298880324 -8.57186 41.1019
1298880325 -8.57186 41.102
1298880326 -8.57183 41.1021
1298880327 -8.57181 41.1022
1298880328 -8.57179 41.1023
1298880329 -8.57177 41.1024
1298880330 -8.57174 41.1025
1298880331 -8.57173 41.1026
1298880332 -8.57171 41.1026
1298880333 -8.57172 41.1027
1298880334 -8.57175 41.1028
1298880335 -8.5718 41.1028
1298880336 -8.57187 41.1029
1298880337 -8.57192 41.1029
1298880338 -8.57198 41.103
1298880339 -8.57203 41.103
1298880340 -8.57208 41.1031
1298880341 -8.57213 41.1032
1298880342 -8.57219 41.1032
1298880343 -8.57223 41.1033
1298880344 -8.57226 41.1034
1298880345 -8.57229 41.1035
1298880346 -8.57233 41.1035
1298880347 -8.57235 41.1036
1298880348 -8.57237 41.1037
1298880349 -8.57238 41.1038
1298880350 -8.57239 41.1039
1298880351 -8.5724 41.1039
1298880352 -8.57242 41.104
1298880353 -8.57245 41.1041
1298880354 -8.57248 41.1042
1298880355 -8.57252 41.1042
1298880356 -8.57255 41.1043
1298880357 -8.5726 41.1043
1298880358 -8.57263 41.1044
1298880359 -8.57264 41.1044
1298880361 -8.57265 41.1044
1298880374 -8.57262 41.1044
1298880383 -8.57261 41.1044
1298880384 -8.57261 41.1045
1298880385 -8.5726 41.1045
1298880386 -8.57256 41.1045
1298880387 -8.57251 41.1046
1298880388 -8.57246 41.1047
1298880389 -8.57242 41.1047
1298880390 -8.57236 41.1048
1298880391 -8.57233 41.1048
1298880392 -8.5723 41.1048
1298880393 -8.57229 41.1049
1298880394 -8.57231 41.105
1298880395 -8.5723 41.1051
1298880396 -8.5723 41.1052
1298880397 -8.5723 41.1053
1298880399 -8.5723 41.1054
1298880400 -8.5723 41.1055
1298880401 -8.57231 41.1056
1298880402 -8.57231 41.1057
1298880403 -8.5723 41.1058
1298880405 -8.57229 41.1059
1298880406 -8.57231 41.106
1298880407 -8.57236 41.106
1298880408 -8.57242 41.1061
1298880409 -8.57248 41.1062
1298880410 -8.57254 41.1062
1298880411 -8.5726 41.1063
1298880412 -8.57264 41.1064
1298880413 -8.57271 41.1065
1298880414 -8.57279 41.1066
1298880415 -8.57289 41.1067
1298880416 -8.573 41.1067
1298880417 -8.57313 41.1067
1298880418 -8.57328 41.1068
1298880419 -8.57344 41.1068
1298880420 -8.57358 41.1068
1298880421 -8.57371 41.1068
1298880422 -8.57383 41.1068
1298880423 -8.57392 41.1069
1298880424 -8.57399 41.107
1298880425 -8.57406 41.1071
1298880426 -8.57413 41.1072
1298880427 -8.5742 41.1073
1298880428 -8.57427 41.1074
1298880429 -8.57434 41.1075
1298880430 -8.57439 41.1076
1298880431 -8.57444 41.1077
1298880432 -8.57452 41.1077
1298880433 -8.57461 41.1078
1298880434 -8.57471 41.1079
1298880435 -8.57481 41.108
1298880436 -8.57492 41.108
1298880437 -8.57503 41.1081
1298880438 -8.57514 41.1082
1298880439 -8.57524 41.1083
1298880440 -8.57536 41.1084
1298880441 -8.57547 41.1084
1298880442 -8.5756 41.1085
1298880443 -8.5757 41.1086
1298880444 -8.57581 41.1086
1298880445 -8.5759 41.1087
1298880446 -8.57599 41.1087
1298880447 -8.57605 41.1088
1298880448 -8.57607 41.1088
1298880449 -8.57608 41.1088
1298880450 -8.57607 41.1089
1298880451 -8.57606 41.1089
1298880452 -8.57601 41.109
1298880453 -8.57596 41.109
1298880454 -8.5759 41.1091
1298880455 -8.57585 41.1091
1298880456 -8.5758 41.1092
1298880457 -8.57576 41.1092
1298880458 -8.57572 41.1093
1298880459 -8.57569 41.1093
1298880460 -8.57564 41.1094
1298880461 -8.5756 41.1094
1298880462 -8.57556 41.1094
1298880463 -8.57554 41.1094
1298880471 -8.57553 41.1094
1298880479 -8.57552 41.1094
1298880483 -8.57551 41.1094
1298880501 -8.5755 41.1094
1298880546 -8.57549 41.1094
1298880547 -8.57548 41.1094
1298880548 -8.57546 41.1094
1298880549 -8.57545 41.1094
1298880550 -8.57546 41.1095
1298880551 -8.57549 41.1095
1298880552 -8.57553 41.1096
1298880553 -8.5756 41.1096
1298880554 -8.57566 41.1096
1298880555 -8.57574 41.1097
1298880556 -8.57584 41.1097
1298880557 -8.57595 41.1098
1298880558 -8.57606 41.1099
1298880559 -8.57617 41.1099
1298880560 -8.57629 41.11
1298880561 -8.57639 41.1101
1298880562 -8.57651 41.1102
1298880563 -8.57665 41.1103
1298880564 -8.5768 41.1104
1298880565 -8.57695 41.1105
1298880566 -8.5771 41.1106
1298880567 -8.57724 41.1106
1298880568 -8.57739 41.1107
1298880569 -8.57753 41.1108
1298880570 -8.57768 41.1109
1298880571 -8.57783 41.111
1298880572 -8.57798 41.1111
1298880573 -8.57813 41.1112
1298880574 -8.57829 41.1113
1298880575 -8.57844 41.1114
1298880576 -8.57859 41.1115
1298880577 -8.57874 41.1116
1298880578 -8.57887 41.1117
1298880579 -8.57901 41.1118
1298880580 -8.57915 41.1118
1298880581 -8.57929 41.1119
1298880582 -8.57941 41.112
1298880583 -8.57951 41.1121
1298880584 -8.57959 41.1121
1298880585 -8.57966 41.1122
1298880586 -8.57971 41.1122
1298880587 -8.57975 41.1122
1298880588 -8.57978 41.1123
1298880589 -8.5798 41.1123
1298880590 -8.57984 41.1123
1298880591 -8.57987 41.1123
1298880592 -8.57993 41.1124
1298880593 -8.58001 41.1124
1298880594 -8.58007 41.1124
1298880595 -8.58013 41.1125
1298880596 -8.5802 41.1125
1298880597 -8.58028 41.1126
1298880598 -8.58037 41.1126
1298880599 -8.58046 41.1127
1298880600 -8.58055 41.1127
1298880601 -8.58065 41.1128
1298880602 -8.58074 41.1128
1298880603 -8.58084 41.1129
1298880604 -8.58094 41.1129
1298880605 -8.58105 41.113
1298880606 -8.58115 41.113
1298880607 -8.58126 41.1131
1298880608 -8.58138 41.1131
1298880609 -8.58151 41.1132
1298880610 -8.58164 41.1132
1298880611 -8.58177 41.1132
1298880612 -8.58191 41.1133
1298880613 -8.58206 41.1133
1298880614 -8.58219 41.1133
1298880615 -8.58234 41.1133
1298880616 -8.58248 41.1134
1298880617 -8.58263 41.1134
1298880618 -8.58277 41.1134
1298880619 -8.5829 41.1134
1298880620 -8.58304 41.1134
1298880621 -8.58317 41.1134
1298880622 -8.58329 41.1134
1298880623 -8.58343 41.1134
1298880624 -8.58355 41.1134
1298880625 -8.58368 41.1134
1298880626 -8.58378 41.1134
1298880627 -8.58385 41.1134
1298880628 -8.58391 41.1135
1298880629 -8.58398 41.1135
1298880630 -8.58403 41.1135
1298880631 -8.58407 41.1135
1298880632 -8.58413 41.1135
1298880633 -8.58418 41.1135
1298880634 -8.58423 41.1135
1298880635 -8.58427 41.1135
1298880636 -8.5843 41.1135
1298880637 -8.58432 41.1135
1298880638 -8.58434 41.1135
1298880639 -8.58436 41.1135
1298880640 -8.58439 41.1135
1298880641 -8.58442 41.1135
1298880642 -8.58448 41.1135
1298880643 -8.58453 41.1136
1298880644 -8.5846 41.1136
1298880645 -8.58467 41.1136
1298880646 -8.58474 41.1136
1298880647 -8.5848 41.1136
1298880648 -8.58486 41.1136
1298880649 -8.58489 41.1136
1298880650 -8.58493 41.1136
1298880651 -8.58496 41.1136
1298880652 -8.58498 41.1136
1298880653 -8.58501 41.1135
1298880654 -8.58504 41.1135
1298880655 -8.58508 41.1135
1298880656 -8.58514 41.1135
1298880657 -8.58522 41.1135
1298880658 -8.58532 41.1135
1298880659 -8.58541 41.1135
1298880660 -8.5855 41.1136
1298880661 -8.58561 41.1136
1298880662 -8.58574 41.1136
1298880663 -8.58587 41.1136
1298880664 -8.58603 41.1136
1298880665 -8.58616 41.1136
1298880666 -8.58631 41.1136
1298880667 -8.58645 41.1136
1298880668 -8.58659 41.1136
1298880669 -8.58674 41.1136
1298880670 -8.58688 41.1136
1298880671 -8.58702 41.1136
1298880672 -8.58717 41.1136
1298880673 -8.58731 41.1136
1298880674 -8.58747 41.1137
1298880675 -8.58763 41.1137
1298880676 -8.58779 41.1137
1298880677 -8.58795 41.1137
1298880678 -8.58812 41.1137
1298880679 -8.58829 41.1137
1298880680 -8.58845 41.1137
1298880681 -8.58858 41.1137
1298880682 -8.58871 41.1137
1298880683 -8.58883 41.1137
1298880684 -8.58892 41.1137
1298880685 -8.589 41.1138
1298880686 -8.58908 41.1138
1298880687 -8.58914 41.1138
1298880688 -8.58919 41.1138
1298880689 -8.58921 41.1138
1298880690 -8.58924 41.1138
1298880691 -8.58925 41.1138
1298880692 -8.58927 41.1138
1298880698 -8.58926 41.1138
1298880707 -8.58928 41.1138
1298880709 -8.58929 41.1138
1298880711 -8.5893 41.1138
1298880712 -8.58933 41.1138
1298880713 -8.58939 41.1138
1298880714 -8.58947 41.1138
1298880715 -8.58956 41.1138
1298880716 -8.58966 41.1138
1298880717 -8.58976 41.1138
1298880718 -8.58988 41.1138
1298880719 -8.59002 41.1139
1298880720 -8.59015 41.1139
1298880721 -8.59028 41.114
1298880722 -8.59042 41.114
1298880723 -8.59055 41.1141
1298880724 -8.59069 41.1142
1298880725 -8.59082 41.1142
1298880726 -8.59096 41.1143
1298880727 -8.59109 41.1144
1298880728 -8.59123 41.1145
1298880729 -8.59136 41.1146
1298880730 -8.5915 41.1147
1298880731 -8.59163 41.1148
1298880732 -8.59178 41.1149
1298880733 -8.59191 41.115
1298880734 -8.59205 41.1151
1298880735 -8.59218 41.1152
1298880736 -8.59232 41.1153
1298880737 -8.59244 41.1153
1298880738 -8.59257 41.1154
1298880739 -8.59271 41.1155
1298880740 -8.59284 41.1156
1298880741 -8.59298 41.1157
1298880742 -8.59313 41.1158
1298880743 -8.59326 41.1159
1298880744 -8.59339 41.116
1298880745 -8.59351 41.1161
1298880746 -8.59363 41.1161
1298880747 -8.59375 41.1162
1298880748 -8.59386 41.1163
1298880749 -8.59398 41.1164
1298880750 -8.5941 41.1165
1298880751 -8.59423 41.1166
1298880752 -8.59434 41.1166
1298880753 -8.59446 41.1167
1298880754 -8.59458 41.1168
1298880755 -8.59471 41.1169
1298880756 -8.59484 41.117
1298880757 -8.59496 41.117
1298880758 -8.59508 41.1171
1298880759 -8.59521 41.1172
1298880760 -8.59533 41.1173
1298880761 -8.59546 41.1174
1298880762 -8.59558 41.1175
1298880763 -8.59569 41.1175
1298880764 -8.59581 41.1176
1298880765 -8.5959 41.1177
1298880766 -8.59597 41.1177
1298880767 -8.59606 41.1178
1298880768 -8.59614 41.1179
1298880769 -8.59625 41.1179
1298880770 -8.59636 41.118
1298880771 -8.59648 41.1181
1298880772 -8.59661 41.1182
1298880773 -8.59675 41.1183
1298880774 -8.59687 41.1184
1298880775 -8.59701 41.1184
1298880776 -8.59715 41.1185
1298880777 -8.5973 41.1186
1298880778 -8.59745 41.1187
1298880779 -8.59759 41.1188
1298880780 -8.59774 41.1189
1298880781 -8.59789 41.119
1298880782 -8.59804 41.1191
1298880783 -8.59819 41.1192
1298880784 -8.59833 41.1193
1298880785 -8.59847 41.1194
1298880786 -8.5986 41.1195
1298880787 -8.59873 41.1196
1298880788 -8.59886 41.1197
1298880789 -8.59899 41.1197
1298880790 -8.5991 41.1198
1298880791 -8.59917 41.1198
1298880792 -8.59924 41.1198
1298880793 -8.59928 41.1198
1298880794 -8.59936 41.1199
1298880795 -8.59943 41.1199
1298880796 -8.59952 41.1199
1298880797 -8.59962 41.1199
1298880798 -8.59972 41.1199
1298880799 -8.59983 41.12
1298880800 -8.59995 41.12
1298880801 -8.60004 41.12
1298880802 -8.60014 41.1201
1298880803 -8.60021 41.1201
1298880804 -8.60026 41.1202
1298880805 -8.60028 41.1202
1298880806 -8.60029 41.1203
1298880807 -8.60028 41.1203
1298880808 -8.60027 41.1204
1298880809 -8.60026 41.1205
1298880810 -8.60024 41.1206
1298880811 -8.60019 41.1207
1298880812 -8.60011 41.1208
1298880813 -8.59999 41.1209
1298880814 -8.59988 41.1211
1298880815 -8.59975 41.1212
1298880816 -8.59961 41.1213
1298880817 -8.59947 41.1214
1298880818 -8.59933 41.1215
1298880819 -8.59919 41.1216
1298880820 -8.59905 41.1218
1298880821 -8.59891 41.1219
1298880822 -8.59879 41.122
1298880823 -8.59868 41.1222
1298880824 -8.59858 41.1223
1298880825 -8.5985 41.1225
1298880826 -8.59844 41.1226
1298880827 -8.59839 41.1228
1298880828 -8.59837 41.1229
1298880829 -8.59835 41.1231
1298880830 -8.59835 41.1233
1298880831 -8.59834 41.1234
1298880832 -8.59834 41.1236
1298880833 -8.59832 41.1238
1298880834 -8.59831 41.1239
1298880835 -8.5983 41.1241
1298880836 -8.59829 41.1242
1298880837 -8.59829 41.1243
1298880838 -8.59829 41.1244
1298880839 -8.59829 41.1245
1298880840 -8.59829 41.1246
1298880841 -8.59829 41.1247
1298880842 -8.59828 41.1247
1298880843 -8.59826 41.1248
1298880844 -8.59821 41.1248
1298880845 -8.59816 41.1249
1298880846 -8.59811 41.125
1298880847 -8.59808 41.125
1298880848 -8.5981 41.1251
1298880849 -8.59813 41.1252
1298880850 -8.5982 41.1253
1298880851 -8.59828 41.1253
1298880852 -8.59832 41.1254
1298880853 -8.59833 41.1255
1298880854 -8.59833 41.1256
1298880855 -8.59831 41.1257
1298880856 -8.59829 41.1258
1298880857 -8.59827 41.126
1298880858 -8.59824 41.1261
1298880859 -8.59821 41.1262
1298880860 -8.59819 41.1263
1298880861 -8.59816 41.1265
1298880862 -8.59813 41.1266
1298880863 -8.59811 41.1268
1298880864 -8.5981 41.1269
1298880865 -8.59807 41.1271
1298880866 -8.59804 41.1272
1298880867 -8.59802 41.1274
1298880868 -8.59799 41.1275
1298880869 -8.59793 41.1277
1298880870 -8.59789 41.1279
1298880871 -8.59786 41.1281
1298880872 -8.59783 41.1282
1298880873 -8.5978 41.1284
1298880874 -8.59777 41.1286
1298880875 -8.59774 41.1288
1298880876 -8.59772 41.1289
1298880877 -8.59769 41.1291
1298880878 -8.59766 41.1293
1298880879 -8.59764 41.1295
1298880880 -8.5976 41.1296
1298880881 -8.59756 41.1298
1298880882 -8.59752 41.1299
1298880883 -8.59746 41.1301
1298880884 -8.59738 41.1302
1298880885 -8.5973 41.1303
1298880886 -8.59723 41.1304
1298880887 -8.59716 41.1305
1298880888 -8.5971 41.1305
1298880889 -8.59703 41.1306
1298880890 -8.59695 41.1306
1298880891 -8.59685 41.1306
1298880892 -8.59674 41.1307
1298880893 -8.59663 41.1307
1298880894 -8.59654 41.1308
1298880895 -8.5965 41.1308
1298880896 -8.59649 41.1309
1298880897 -8.59654 41.131
1298880898 -8.59662 41.1311
1298880899 -8.59675 41.1311
1298880900 -8.59685 41.1312
1298880901 -8.59692 41.1313
1298880902 -8.59697 41.1314
1298880903 -8.59703 41.1315
1298880904 -8.59708 41.1316
1298880905 -8.59715 41.1317
1298880906 -8.59723 41.1318
1298880907 -8.59734 41.1319
1298880908 -8.59748 41.1321
1298880909 -8.59762 41.1322
1298880910 -8.59777 41.1322
1298880911 -8.59793 41.1323
1298880912 -8.59808 41.1324
1298880913 -8.5982 41.1324
1298880914 -8.59831 41.1325
1298880915 -8.59839 41.1325
1298880916 -8.59847 41.1325
1298880917 -8.59856 41.1326
1298880918 -8.59864 41.1326
1298880919 -8.59874 41.1327
1298880920 -8.59887 41.1327
1298880921 -8.599 41.1328
1298880922 -8.59914 41.1328
1298880923 -8.59928 41.1329
1298880924 -8.5994 41.133
1298880925 -8.59954 41.133
1298880926 -8.59968 41.1331
1298880927 -8.59982 41.1331
1298880928 -8.59997 41.1332
1298880929 -8.60012 41.1333
1298880930 -8.60027 41.1333
1298880931 -8.60042 41.1334
1298880932 -8.60056 41.1335
1298880933 -8.60071 41.1335
1298880934 -8.60086 41.1336
1298880935 -8.60101 41.1337
1298880936 -8.60116 41.1337
1298880937 -8.60132 41.1338
1298880938 -8.60147 41.1339
1298880939 -8.60162 41.134
1298880940 -8.60174 41.134
1298880941 -8.60186 41.1341
1298880942 -8.60196 41.1342
1298880943 -8.60205 41.1343
1298880944 -8.60212 41.1343
1298880945 -8.60217 41.1344
1298880946 -8.60222 41.1345
1298880947 -8.60224 41.1345
1298880948 -8.60226 41.1345
1298880949 -8.60227 41.1346
1298880950 -8.60228 41.1346
1298880952 -8.60229 41.1346
1298880961 -8.60226 41.1346
1298880966 -8.60225 41.1346
1298880971 -8.6023 41.1347
1298880972 -8.60233 41.1347
1298880973 -8.60235 41.1348
1298880974 -8.60237 41.1348
1298880975 -8.60238 41.1348
1298880976 -8.6024 41.1349
1298880978 -8.60241 41.1349
1298880985 -8.6024 41.135
1298880996 -8.60241 41.135
1298880998 -8.60242 41.135
1298880999 -8.60243 41.135
1298881018 -8.60243 41.1351
1298881021 -8.60243 41.1352
1298881024 -8.60243 41.1353
1298881028 -8.60243 41.1354
1298881031 -8.60242 41.1354
1298881032 -8.60242 41.1355
1298881033 -8.60241 41.1355
1298881035 -8.6024 41.1355
1298881037 -8.60239 41.1356
1298881040 -8.60238 41.1356
1298881054 -8.60236 41.1357
1298881055 -8.60234 41.1357
1298881056 -8.60233 41.1358
1298881057 -8.60232 41.1358
1298881058 -8.6023 41.1358
1298881059 -8.60229 41.1358
1298881060 -8.60228 41.1359
1298881061 -8.60227 41.1359
1298881062 -8.60226 41.1359
1298881064 -8.60225 41.1359
1298881081 -8.60224 41.136
1298881082 -8.60223 41.136
1298881083 -8.6022 41.136
1298881084 -8.60217 41.1361
1298881085 -8.60215 41.1361
1298881086 -8.60212 41.1362
1298881087 -8.6021 41.1362
1298881088 -8.60208 41.1362
1298881089 -8.60206 41.1362
1298881090 -8.60206 41.1363
1298881091 -8.60205 41.1363
1298881098 -8.60204 41.1363
1298881103 -8.60203 41.1363
1298881104 -8.60201 41.1363
1298881105 -8.60199 41.1363
1298881106 -8.60197 41.1364
1298881107 -8.60196 41.1364
1298881108 -8.60194 41.1364
1298881109 -8.60193 41.1365
1298881110 -8.60191 41.1365
1298881111 -8.6019 41.1365
1298881112 -8.60189 41.1365
1298881113 -8.60188 41.1365
1298881149 -8.60186 41.1366
1298881150 -8.60183 41.1366
1298881151 -8.6018 41.1367
1298881152 -8.60178 41.1367
1298881153 -8.60176 41.1367
1298881154 -8.60173 41.1368
1298881155 -8.60171 41.1368
1298881156 -8.60168 41.1369
1298881157 -8.60165 41.1369
1298881158 -8.60162 41.1369
1298881159 -8.60161 41.137
1298881160 -8.60158 41.137
1298881161 -8.60156 41.137
1298881162 -8.60154 41.1371
1298881163 -8.60153 41.1371
1298881164 -8.60152 41.1371
1298881165 -8.60151 41.1371
1298881166 -8.60149 41.1372
1298881167 -8.60146 41.1372
1298881168 -8.60144 41.1372
1298881169 -8.60143 41.1373
1298881170 -8.60142 41.1373
1298881171 -8.6014 41.1373
1298881172 -8.60139 41.1373
1298881173 -8.60138 41.1373
1298881174 -8.60137 41.1374
1298881175 -8.60135 41.1374
1298881176 -8.60134 41.1374
1298881177 -8.60132 41.1374
1298881178 -8.6013 41.1375
1298881179 -8.60128 41.1375
1298881180 -8.60126 41.1375
1298881181 -8.60125 41.1376
1298881182 -8.60123 41.1376
1298881183 -8.60121 41.1376
1298881184 -8.60119 41.1377
1298881185 -8.60118 41.1377
1298881186 -8.60116 41.1377
1298881187 -8.60116 41.1378
1298881188 -8.60115 41.1378
1298881189 -8.60114 41.1378
1298881190 -8.60113 41.1378
1298881191 -8.60112 41.1379
1298881192 -8.60111 41.1379
1298881194 -8.6011 41.1379
1298881195 -8.6011 41.138
1298881196 -8.60109 41.138
1298881198 -8.60108 41.1381
1298881199 -8.60107 41.1381
1298881200 -8.60107 41.1382
