:break:
1298880112 -8.61328 41.167
1298880116 -8.61328 41.1669
1298880135 -8.61329 41.167
1298880144 -8.6133 41.167
1298880153 -8.61331 41.167
1298880180 -8.61332 41.167
1298880184 -8.61333 41.1669
1298880185 -8.61334 41.1669
1298880186 -8.61335 41.1669
1298880190 -8.61335 41.1668
1298880197 -8.61334 41.1668
1298880202 -8.61333 41.1668
1298880205 -8.61332 41.1668
1298880214 -8.61331 41.1668
1298880220 -8.6133 41.1668
1298880313 -8.61329 41.1668
1298880314 -8.61328 41.1668
1298880316 -8.61327 41.1668
1298880318 -8.61326 41.1668
1298880324 -8.61325 41.1668
1298880328 -8.61324 41.1668
1298880329 -8.61323 41.1668
1298880362 -8.61329 41.1669
1298880364 -8.6133 41.1669
1298880507 -8.61322 41.1668
1298880556 -8.61322 41.1667
1298880573 -8.61321 41.1667
1298880578 -8.6132 41.1667
1298880623 -8.61323 41.1667
1298880625 -8.61324 41.1667
1298880630 -8.61325 41.1667
1298880911 -8.61329 41.1667
1298880918 -8.6133 41.1667
1298880926 -8.61331 41.1667
1298880931 -8.61332 41.1667
1298881103 -8.61333 41.1667
1298881160 -8.61331 41.1666
1298881164 -8.6133 41.1666
1298881165 -8.61327 41.1666
1298881166 -8.61323 41.1665
1298881167 -8.6132 41.1665
1298881168 -8.61313 41.1665
1298881169 -8.61302 41.1665
1298881170 -8.61291 41.1665
1298881171 -8.61281 41.1665
1298881172 -8.6127 41.1664
1298881173 -8.61259 41.1664
1298881174 -8.61248 41.1664
1298881175 -8.61237 41.1664
1298881176 -8.61228 41.1664
1298881177 -8.6122 41.1663
1298881178 -8.61214 41.1663
1298881179 -8.6121 41.1662
1298881180 -8.61205 41.1661
1298881182 -8.61201 41.166
1298881183 -8.61197 41.1659
1298881184 -8.61193 41.1658
1298881185 -8.61189 41.1657
1298881186 -8.61185 41.1656
1298881187 -8.61179 41.1655
1298881188 -8.61174 41.1654
1298881189 -8.6117 41.1654
1298881190 -8.61165 41.1653
1298881191 -8.61161 41.1652
1298881192 -8.61158 41.1652
1298881193 -8.61156 41.1651
1298881194 -8.61154 41.1651
1298881195 -8.61152 41.1651
1298881196 -8.61153 41.1651
1298881200 -8.61154 41.1651
