:break:
1298880003 -8.60687 41.147
1298880004 -8.60693 41.147
1298880005 -8.60699 41.1471
1298880006 -8.60706 41.1471
1298880007 -8.60716 41.1471
1298880008 -8.60726 41.1471
1298880009 -8.60737 41.1472
1298880010 -8.60747 41.1472
1298880011 -8.60757 41.1472
1298880012 -8.60767 41.1472
1298880013 -8.60776 41.1472
1298880014 -8.60785 41.1473
1298880015 -8.60792 41.1473
1298880016 -8.608 41.1473
1298880017 -8.60807 41.1473
1298880018 -8.60813 41.1473
1298880019 -8.60819 41.1473
1298880020 -8.60824 41.1473
1298880021 -8.60827 41.1474
1298880022 -8.60829 41.1474
1298880023 -8.60832 41.1474
1298880024 -8.60835 41.1474
1298880025 -8.60837 41.1474
1298880026 -8.60838 41.1474
1298880027 -8.6084 41.1474
1298880028 -8.60842 41.1474
1298880029 -8.60846 41.1474
1298880030 -8.60849 41.1474
1298880031 -8.60854 41.1474
1298880032 -8.60862 41.1474
1298880033 -8.6087 41.1474
1298880034 -8.60878 41.1474
1298880035 -8.60885 41.1475
1298880036 -8.60892 41.1475
1298880037 -8.609 41.1475
1298880038 -8.60909 41.1476
1298880039 -8.60918 41.1476
1298880040 -8.60927 41.1476
1298880041 -8.60936 41.1476
1298880042 -8.60945 41.1476
1298880043 -8.60953 41.1477
1298880044 -8.60961 41.1477
1298880045 -8.60969 41.1477
1298880046 -8.60978 41.1477
1298880047 -8.60987 41.1477
1298880048 -8.60997 41.1477
1298880049 -8.61006 41.1477
1298880050 -8.61013 41.1477
1298880051 -8.6102 41.1477
1298880052 -8.61026 41.1478
1298880053 -8.61034 41.1478
1298880054 -8.61041 41.1478
1298880055 -8.61049 41.1478
1298880056 -8.61058 41.1478
1298880057 -8.61066 41.1479
1298880058 -8.61075 41.1479
1298880059 -8.61086 41.1479
1298880060 -8.61097 41.1479
1298880061 -8.61109 41.1479
1298880062 -8.61122 41.1479
1298880063 -8.61134 41.1479
1298880064 -8.61147 41.1479
1298880065 -8.6116 41.1479
1298880066 -8.61172 41.148
1298880067 -8.61185 41.148
1298880068 -8.61197 41.148
1298880069 -8.61208 41.148
1298880070 -8.61218 41.148
1298880071 -8.61228 41.148
1298880072 -8.61238 41.1481
1298880073 -8.61248 41.1481
1298880074 -8.61259 41.1481
1298880075 -8.6127 41.1482
1298880076 -8.61284 41.1482
1298880077 -8.61297 41.1483
1298880078 -8.61312 41.1483
1298880079 -8.61325 41.1483
1298880080 -8.6134 41.1484
:break:
1298880108 -8.61901 41.1479
1298880109 -8.61916 41.1481
1298880110 -8.61928 41.1481
1298880111 -8.61942 41.148
1298880112 -8.61953 41.148
1298880113 -8.61963 41.148
1298880114 -8.6197 41.1479
1298880115 -8.61977 41.1479
1298880116 -8.61983 41.1479
1298880117 -8.61989 41.1479
1298880118 -8.61993 41.1479
1298880119 -8.61998 41.1478
1298880120 -8.62002 41.1478
1298880121 -8.62006 41.1478
1298880122 -8.62008 41.1478
1298880123 -8.62009 41.1477
1298880124 -8.6201 41.1477
1298880126 -8.62011 41.1477
1298880128 -8.62012 41.1477
1298880131 -8.62013 41.1477
1298880169 -8.62015 41.1477
1298880170 -8.62016 41.1476
1298880171 -8.62019 41.1476
1298880172 -8.62023 41.1476
1298880173 -8.62025 41.1476
1298880174 -8.62028 41.1475
1298880175 -8.6203 41.1475
1298880176 -8.62032 41.1475
1298880177 -8.62034 41.1474
1298880179 -8.62035 41.1474
1298880180 -8.62036 41.1474
1298880186 -8.62037 41.1474
1298880189 -8.62038 41.1474
1298880193 -8.62039 41.1474
1298880198 -8.6204 41.1474
1298880205 -8.62041 41.1474
1298880234 -8.62041 41.1473
1298880235 -8.62042 41.1473
1298880236 -8.62043 41.1473
1298880238 -8.62043 41.1472
1298880239 -8.62044 41.1472
1298880241 -8.62043 41.1471
1298880242 -8.62042 41.1471
1298880243 -8.6204 41.147
1298880244 -8.62039 41.1469
1298880245 -8.62037 41.1469
1298880246 -8.62035 41.1468
1298880247 -8.62033 41.1467
1298880248 -8.62031 41.1467
1298880249 -8.62029 41.1466
1298880250 -8.62027 41.1465
1298880251 -8.62025 41.1465
1298880252 -8.62025 41.1464
1298880253 -8.62024 41.1464
1298880256 -8.62023 41.1464
1298880290 -8.62022 41.1464
1298880294 -8.62021 41.1463
1298880295 -8.62019 41.1463
1298880296 -8.62018 41.1462
1298880297 -8.62016 41.1462
1298880298 -8.62012 41.1462
1298880299 -8.62006 41.1461
1298880300 -8.61998 41.1461
1298880301 -8.61989 41.1461
1298880302 -8.61979 41.1461
1298880303 -8.6197 41.1461
1298880304 -8.61961 41.1461
1298880305 -8.61951 41.1461
1298880306 -8.6194 41.1461
1298880307 -8.61929 41.1462
1298880308 -8.61918 41.1462
1298880309 -8.61907 41.1462
1298880310 -8.61894 41.1462
1298880311 -8.61881 41.1462
1298880312 -8.61869 41.1462
1298880313 -8.61854 41.1463
1298880314 -8.61842 41.1463
1298880315 -8.61829 41.1463
1298880316 -8.61818 41.1463
1298880317 -8.61807 41.1463
1298880318 -8.61798 41.1464
1298880319 -8.6179 41.1464
1298880320 -8.61782 41.1464
1298880321 -8.61777 41.1464
1298880322 -8.61773 41.1464
1298880323 -8.6177 41.1464
1298880324 -8.61769 41.1464
1298880325 -8.61768 41.1464
1298880326 -8.61767 41.1464
1298880329 -8.61765 41.1464
1298880330 -8.61764 41.1464
1298880331 -8.61763 41.1463
1298880333 -8.61762 41.1463
1298880341 -8.61761 41.1463
1298880376 -8.61763 41.1462
1298880410 -8.61764 41.1462
1298880443 -8.61765 41.1462
1298880448 -8.61766 41.1462
1298880451 -8.61767 41.1462
1298880455 -8.61768 41.1462
1298880461 -8.61769 41.1462
1298880474 -8.61769 41.1463
1298880477 -8.61768 41.1463
1298880482 -8.61767 41.1463
1298880486 -8.61766 41.1463
1298880492 -8.61765 41.1463
1298880859 -8.6177 41.1462
1298880865 -8.6177 41.1463
1298880920 -8.61764 41.1463
1298881200 -8.61768 41.1462
