:break:
1298880047 -8.61095 41.1455
1298880048 -8.61096 41.1455
1298880053 -8.61097 41.1455
1298880098 -8.61098 41.1455
1298880102 -8.61099 41.1455
1298880106 -8.611 41.1455
1298880128 -8.61094 41.1455
1298880131 -8.61093 41.1455
1298880133 -8.61092 41.1455
1298880134 -8.61091 41.1455
1298880136 -8.6109 41.1455
1298880138 -8.61089 41.1455
1298880140 -8.61088 41.1455
1298880202 -8.61096 41.1456
1298880205 -8.61097 41.1456
1298880282 -8.61101 41.1455
1298880307 -8.61102 41.1455
1298880313 -8.61103 41.1455
1298880435 -8.611 41.1454
1298880437 -8.61101 41.1454
1298880444 -8.61102 41.1454
1298880448 -8.61103 41.1454
1298880449 -8.61104 41.1454
1298880451 -8.61105 41.1454
1298880453 -8.61106 41.1454
1298880459 -8.61107 41.1454
1298880478 -8.61099 41.1454
1298880479 -8.61097 41.1454
1298880481 -8.61096 41.1454
1298880545 -8.61108 41.1454
1298880546 -8.61109 41.1454
1298880548 -8.6111 41.1454
1298880549 -8.61111 41.1454
1298880582 -8.61105 41.1453
1298880583 -8.61106 41.1453
1298880589 -8.61107 41.1453
1298880590 -8.61108 41.1453
1298880591 -8.61109 41.1453
1298880592 -8.6111 41.1453
1298880593 -8.61111 41.1453
1298880594 -8.61112 41.1453
1298880595 -8.61113 41.1453
1298880597 -8.61114 41.1453
1298880598 -8.61115 41.1453
1298880600 -8.61116 41.1453
1298880605 -8.61117 41.1453
1298880606 -8.61118 41.1453
1298880607 -8.61119 41.1453
1298880608 -8.6112 41.1453
1298880609 -8.61121 41.1453
1298880610 -8.61122 41.1453
1298880611 -8.61122 41.1452
1298880612 -8.61116 41.1452
1298880613 -8.61115 41.1452
1298880614 -8.61115 41.1451
1298880615 -8.61116 41.1451
1298880616 -8.61118 41.1451
1298880617 -8.61121 41.1451
1298880618 -8.61124 41.1451
1298880619 -8.61125 41.145
1298880620 -8.61126 41.145
1298880625 -8.61124 41.145
1298880626 -8.61123 41.145
1298880630 -8.61127 41.145
1298880631 -8.61131 41.1449
1298880632 -8.61135 41.1449
1298880633 -8.61139 41.1449
1298880634 -8.61143 41.1449
1298880635 -8.61144 41.1448
1298880636 -8.61146 41.1448
1298880637 -8.61147 41.1448
1298880640 -8.61148 41.1448
1298880641 -8.61149 41.1448
1298880642 -8.61152 41.1448
1298880643 -8.61154 41.1448
1298880644 -8.61157 41.1447
1298880645 -8.61161 41.1447
1298880646 -8.61164 41.1447
1298880647 -8.61167 41.1447
1298880648 -8.6117 41.1447
1298880649 -8.61171 41.1447
1298880650 -8.61174 41.1447
1298880651 -8.61176 41.1447
1298880654 -8.61178 41.1447
1298880655 -8.61178 41.1448
1298880656 -8.61179 41.1448
1298880657 -8.6118 41.1448
1298880658 -8.61181 41.1448
1298880659 -8.61184 41.1449
1298880660 -8.61187 41.1449
1298880661 -8.61189 41.1449
1298880662 -8.61196 41.145
1298880663 -8.61202 41.145
1298880664 -8.61205 41.1451
1298880665 -8.61207 41.1452
1298880666 -8.6121 41.1452
1298880667 -8.61213 41.1453
1298880668 -8.61214 41.1453
1298880669 -8.61215 41.1454
1298880670 -8.61216 41.1454
1298880671 -8.61217 41.1455
1298880674 -8.61218 41.1456
1298880675 -8.61219 41.1456
1298880677 -8.6122 41.1456
1298880679 -8.61221 41.1456
1298880680 -8.61223 41.1457
1298880681 -8.61224 41.1457
1298880683 -8.61224 41.1458
1298880686 -8.61222 41.1458
1298880687 -8.61221 41.1459
1298880690 -8.61222 41.1459
1298880692 -8.61223 41.146
1298880694 -8.61224 41.146
1298880695 -8.61225 41.146
1298880696 -8.61226 41.1461
1298880697 -8.61227 41.1461
1298880698 -8.61228 41.1462
1298880699 -8.61228 41.1463
1298880700 -8.61229 41.1463
1298880701 -8.6123 41.1464
1298880702 -8.61231 41.1465
1298880703 -8.61229 41.1466
1298880704 -8.6123 41.1466
1298880705 -8.61232 41.1467
1298880706 -8.6123 41.1469
1298880707 -8.6123 41.147
1298880708 -8.61229 41.1471
1298880709 -8.61226 41.1472
1298880710 -8.61224 41.1472
1298880711 -8.61221 41.1473
1298880712 -8.61221 41.1474
1298880713 -8.6122 41.1475
1298880714 -8.61221 41.1476
1298880715 -8.6122 41.1476
1298880716 -8.61224 41.1477
1298880717 -8.61232 41.1477
1298880719 -8.61232 41.1478
1298880720 -8.61233 41.1478
1298880721 -8.6124 41.1479
1298880722 -8.61248 41.1479
1298880723 -8.61254 41.1479
1298880724 -8.61259 41.148
1298880725 -8.61266 41.148
1298880726 -8.61275 41.1481
1298880727 -8.61283 41.1481
1298880728 -8.6129 41.1481
:break:
1298880756 -8.6189 41.1481
1298880757 -8.61905 41.1481
1298880758 -8.61918 41.1481
1298880759 -8.61928 41.148
1298880760 -8.61942 41.148
1298880761 -8.61952 41.148
1298880762 -8.61962 41.1479
1298880763 -8.6197 41.1479
1298880764 -8.61978 41.1479
1298880765 -8.61984 41.1479
1298880766 -8.61989 41.1479
1298880767 -8.61994 41.1479
1298880768 -8.61998 41.1478
1298880769 -8.62003 41.1478
1298880770 -8.62006 41.1478
1298880771 -8.62008 41.1477
1298880772 -8.6201 41.1477
1298880773 -8.62011 41.1477
1298880774 -8.62013 41.1477
1298880775 -8.62014 41.1477
1298880777 -8.62015 41.1477
1298880780 -8.62016 41.1477
1298880788 -8.62017 41.1477
1298880793 -8.62017 41.1476
1298880806 -8.62016 41.1476
1298880819 -8.62019 41.1476
1298880820 -8.62021 41.1476
1298880821 -8.62023 41.1476
1298880822 -8.62024 41.1476
1298880823 -8.62025 41.1476
1298880824 -8.62026 41.1475
1298880825 -8.62029 41.1475
1298880826 -8.62032 41.1475
1298880827 -8.62034 41.1474
1298880828 -8.62035 41.1474
1298880829 -8.62037 41.1473
1298880830 -8.62038 41.1473
1298880831 -8.62038 41.1472
1298880833 -8.62037 41.1471
1298880834 -8.62035 41.147
1298880835 -8.62034 41.1469
1298880836 -8.62032 41.1469
1298880837 -8.6203 41.1468
1298880838 -8.62028 41.1467
1298880839 -8.62026 41.1467
1298880840 -8.62025 41.1466
1298880842 -8.62023 41.1465
1298880843 -8.62022 41.1465
1298880844 -8.62021 41.1464
1298880845 -8.6202 41.1464
1298880865 -8.62022 41.1464
1298880870 -8.62023 41.1464
1298880891 -8.62021 41.1463
1298880892 -8.6202 41.1463
1298880893 -8.62018 41.1463
1298880894 -8.62016 41.1462
1298880895 -8.62011 41.1462
1298880896 -8.62006 41.1461
1298880897 -8.61998 41.1461
1298880898 -8.61988 41.1461
1298880899 -8.61977 41.1461
1298880900 -8.61964 41.1461
1298880901 -8.61951 41.1461
1298880902 -8.61937 41.1462
1298880903 -8.61925 41.1462
1298880904 -8.61913 41.1462
1298880905 -8.61902 41.1462
1298880906 -8.61893 41.1462
1298880907 -8.61885 41.1462
1298880908 -8.61877 41.1462
1298880909 -8.6187 41.1463
1298880910 -8.61863 41.1463
1298880911 -8.61858 41.1463
1298880912 -8.61853 41.1463
1298880913 -8.61847 41.1463
1298880914 -8.61841 41.1463
1298880915 -8.61834 41.1463
1298880916 -8.61827 41.1463
1298880917 -8.61818 41.1463
1298880918 -8.61811 41.1463
1298880919 -8.61804 41.1464
1298880920 -8.61798 41.1464
1298880921 -8.61791 41.1464
1298880922 -8.61787 41.1464
1298880923 -8.61782 41.1464
1298880924 -8.61777 41.1464
1298880925 -8.61773 41.1464
1298880926 -8.6177 41.1463
1298880927 -8.61767 41.1463
1298880928 -8.61765 41.1462
1298880929 -8.61763 41.1462
1298880930 -8.61762 41.1461
1298880931 -8.6176 41.1461
1298880932 -8.61758 41.146
1298880933 -8.61756 41.1459
1298880934 -8.61754 41.1458
1298880935 -8.61752 41.1457
1298880936 -8.61749 41.1456
1298880937 -8.61745 41.1455
1298880938 -8.61743 41.1453
1298880939 -8.61739 41.1452
1298880940 -8.61735 41.1451
1298880941 -8.6173 41.145
1298880942 -8.61723 41.1449
1298880943 -8.61715 41.1448
1298880944 -8.61705 41.1448
1298880945 -8.61694 41.1448
1298880946 -8.61684 41.1449
1298880947 -8.61674 41.1449
1298880948 -8.61663 41.145
1298880949 -8.61652 41.145
1298880950 -8.61641 41.1451
1298880951 -8.61629 41.1451
1298880952 -8.61617 41.1452
1298880953 -8.61606 41.1452
1298880954 -8.61594 41.1453
1298880955 -8.61584 41.1453
1298880956 -8.61574 41.1454
1298880957 -8.61564 41.1454
1298880958 -8.61554 41.1455
1298880959 -8.61542 41.1455
1298880960 -8.6153 41.1456
1298880961 -8.61519 41.1456
1298880962 -8.61507 41.1457
1298880963 -8.61495 41.1457
1298880964 -8.61484 41.1458
1298880965 -8.61472 41.1458
1298880966 -8.6146 41.1458
1298880967 -8.61449 41.1459
1298880968 -8.61439 41.1459
1298880969 -8.61428 41.1459
1298880970 -8.61418 41.146
1298880971 -8.6141 41.146
1298880972 -8.61404 41.146
1298880973 -8.614 41.1459
1298880974 -8.61394 41.1459
1298880975 -8.61387 41.1459
1298880976 -8.61379 41.1459
1298880977 -8.61372 41.1458
1298880978 -8.61365 41.1458
1298880979 -8.61357 41.1458
1298880980 -8.61348 41.1458
1298880981 -8.61338 41.1458
1298880982 -8.61328 41.1458
1298880983 -8.61318 41.1459
1298880984 -8.61309 41.1459
1298880985 -8.61301 41.1459
1298880986 -8.61292 41.1459
1298880987 -8.61285 41.1459
1298880988 -8.61278 41.1459
1298880989 -8.61273 41.1459
1298880990 -8.61269 41.146
1298880991 -8.61267 41.146
1298880992 -8.61265 41.146
1298880993 -8.61264 41.146
1298880998 -8.61263 41.146
1298881000 -8.61262 41.146
1298881002 -8.61261 41.146
1298881006 -8.6126 41.146
1298881010 -8.6126 41.1461
1298881012 -8.61259 41.1461
1298881015 -8.61258 41.1461
1298881016 -8.61256 41.1461
1298881017 -8.61253 41.1461
1298881018 -8.6125 41.1461
1298881019 -8.61246 41.1461
1298881020 -8.61242 41.1461
1298881021 -8.61237 41.146
1298881022 -8.61231 41.1461
1298881023 -8.61224 41.1461
1298881024 -8.61217 41.1461
1298881025 -8.61208 41.1461
1298881026 -8.612 41.1461
1298881027 -8.61191 41.1461
1298881028 -8.61183 41.1461
1298881029 -8.61175 41.1461
1298881030 -8.61167 41.1461
1298881031 -8.6116 41.1461
1298881032 -8.61153 41.1461
1298881033 -8.61148 41.1461
1298881034 -8.61146 41.1461
1298881035 -8.61145 41.1461
1298881038 -8.61147 41.1461
1298881041 -8.61149 41.1461
1298881043 -8.6115 41.1461
1298881044 -8.61151 41.1461
1298881045 -8.6115 41.146
1298881046 -8.61148 41.146
1298881047 -8.61144 41.146
1298881048 -8.61141 41.146
1298881049 -8.61135 41.146
1298881050 -8.61129 41.146
1298881051 -8.61123 41.146
1298881052 -8.61117 41.146
1298881053 -8.61111 41.146
1298881054 -8.61106 41.1459
1298881055 -8.61097 41.146
1298881056 -8.61093 41.146
1298881057 -8.61091 41.1459
1298881058 -8.6109 41.1459
1298881059 -8.61089 41.1459
1298881060 -8.61089 41.1458
1298881061 -8.61088 41.1458
1298881063 -8.61087 41.1457
1298881064 -8.61085 41.1457
1298881065 -8.61084 41.1457
1298881066 -8.61083 41.1457
1298881067 -8.61082 41.1457
1298881086 -8.61081 41.1457
1298881114 -8.6108 41.1457
1298881119 -8.61079 41.1457
1298881134 -8.61086 41.1457
1298881144 -8.61088 41.1457
1298881199 -8.61089 41.1457
1298881200 -8.61089 41.1457
