:break:
1298880088 -8.58933 41.1696
1298880110 -8.58934 41.1696
1298880116 -8.58935 41.1696
1298880122 -8.58936 41.1696
1298880134 -8.58937 41.1696
1298880143 -8.58935 41.1695
1298880146 -8.58934 41.1695
1298880152 -8.58933 41.1695
1298880167 -8.58932 41.1696
1298880261 -8.58931 41.1696
1298880274 -8.5893 41.1696
1298880281 -8.58929 41.1696
1298880480 -8.58929 41.1697
1298880481 -8.58927 41.1697
1298880482 -8.58926 41.1697
1298880483 -8.58925 41.1697
1298880494 -8.58924 41.1697
1298880497 -8.58923 41.1697
1298880702 -8.58928 41.1697
1298880839 -8.5893 41.1697
1298880905 -8.58931 41.1697
1298880912 -8.58932 41.1697
1298881192 -8.58935 41.1697
1298881193 -8.58938 41.1697
1298881194 -8.58943 41.1697
1298881195 -8.58948 41.1697
1298881196 -8.58954 41.1696
1298881197 -8.58959 41.1696
1298881198 -8.58966 41.1695
1298881199 -8.58974 41.1695
1298881200 -8.58983 41.1694
