:break:
1298880082 -8.61979 41.1482
1298880115 -8.61978 41.1482
1298880151 -8.61979 41.1481
1298880200 -8.6198 41.1482
1298880207 -8.61981 41.1482
1298880212 -8.61982 41.1482
1298880216 -8.61983 41.1482
1298880224 -8.61984 41.1482
1298880233 -8.61985 41.1482
1298880257 -8.61983 41.1481
1298880260 -8.61982 41.1481
1298880263 -8.61981 41.1481
1298880266 -8.6198 41.1481
1298880277 -8.61978 41.1481
1298880278 -8.61977 41.1481
1298880281 -8.61976 41.1481
1298880286 -8.61975 41.1481
1298880292 -8.61975 41.1482
1298880305 -8.61974 41.1482
1298880346 -8.61973 41.1482
1298880404 -8.61972 41.1482
1298880407 -8.61971 41.1482
1298880409 -8.6197 41.1482
1298880510 -8.61976 41.1482
1298880515 -8.61977 41.1482
1298881200 -8.61978 41.1481
