:break:
1298880112 -8.58297 41.1809
1298880116 -8.58298 41.1809
1298880121 -8.58299 41.1809
1298880139 -8.58299 41.1808
1298880142 -8.58298 41.1808
1298880145 -8.58297 41.1808
1298880166 -8.58296 41.1809
1298880167 -8.58296 41.1808
1298880171 -8.58295 41.1808
1298880172 -8.58293 41.1808
1298880173 -8.5829 41.1808
1298880174 -8.58289 41.1808
1298880175 -8.58288 41.1808
1298880201 -8.58287 41.1808
1298880211 -8.58286 41.1808
1298880216 -8.58286 41.1807
1298880218 -8.58285 41.1807
1298880226 -8.58285 41.1808
1298880227 -8.58284 41.1808
1298880232 -8.58283 41.1808
1298880255 -8.58284 41.1807
1298880256 -8.58283 41.1807
1298880284 -8.58282 41.1807
1298880285 -8.58281 41.1807
1298880287 -8.5828 41.1807
1298880310 -8.58279 41.1807
1298880311 -8.58278 41.1807
1298880313 -8.58277 41.1807
1298880315 -8.58276 41.1806
1298880316 -8.58275 41.1806
1298880335 -8.58277 41.1806
1298880448 -8.58282 41.1808
1298880506 -8.58276 41.1807
1298880511 -8.58275 41.1807
1298880513 -8.58274 41.1807
1298880517 -8.58273 41.1806
1298880520 -8.58272 41.1806
1298880528 -8.58272 41.1805
1298880530 -8.58271 41.1805
1298880535 -8.58271 41.1806
1298880555 -8.58273 41.1807
1298880574 -8.58272 41.1807
1298880577 -8.58271 41.1807
1298880592 -8.5827 41.1806
1298880593 -8.58268 41.1806
1298880594 -8.58266 41.1806
1298880595 -8.58264 41.1806
1298880596 -8.58263 41.1806
1298880597 -8.58262 41.1806
1298880598 -8.58261 41.1806
1298880609 -8.5826 41.1806
1298880639 -8.58259 41.1806
1298880657 -8.58258 41.1806
1298880727 -8.58261 41.1807
1298880736 -8.5826 41.1807
1298880879 -8.58258 41.1805
1298880882 -8.58257 41.1806
1298880952 -8.58259 41.1805
1298880984 -8.58261 41.1805
1298881018 -8.58263 41.1807
1298881038 -8.58262 41.1807
1298881101 -8.58259 41.1807
1298881200 -8.58259 41.1807
