:break:
1298880073 -8.58022 41.1595
1298880074 -8.58022 41.1594
1298880075 -8.58021 41.1594
1298880082 -8.5802 41.1594
1298880103 -8.58023 41.1594
1298880109 -8.58024 41.1594
1298880113 -8.58025 41.1594
1298880117 -8.58026 41.1594
1298880123 -8.58027 41.1594
1298880132 -8.58028 41.1594
1298880147 -8.58029 41.1594
1298880165 -8.5803 41.1594
1298880407 -8.58024 41.1593
1298880410 -8.58023 41.1593
1298880424 -8.58022 41.1593
1298880430 -8.58026 41.1593
1298880431 -8.58027 41.1593
1298880432 -8.58028 41.1593
1298880433 -8.5803 41.1593
1298880434 -8.58035 41.1593
1298880435 -8.5804 41.1593
1298880436 -8.58047 41.1593
1298880437 -8.58055 41.1593
1298880438 -8.58061 41.1594
1298880439 -8.58071 41.1594
1298880440 -8.58083 41.1594
1298880441 -8.58095 41.1594
1298880442 -8.58109 41.1594
1298880443 -8.58123 41.1594
1298880444 -8.58136 41.1594
1298880445 -8.58149 41.1593
1298880446 -8.58161 41.1593
1298880447 -8.58173 41.1593
1298880448 -8.58182 41.1592
1298880449 -8.5819 41.1592
1298880450 -8.58194 41.1591
1298880451 -8.58198 41.159
1298880452 -8.582 41.159
1298880453 -8.58203 41.1589
1298880454 -8.58209 41.1588
1298880455 -8.58217 41.1588
1298880456 -8.58224 41.1588
1298880457 -8.5823 41.1588
1298880458 -8.58235 41.1588
1298880459 -8.58242 41.1589
1298880460 -8.58249 41.1589
1298880461 -8.58261 41.1589
1298880462 -8.58271 41.1589
1298880463 -8.58281 41.1589
1298880464 -8.58289 41.1589
1298880465 -8.58298 41.1589
1298880466 -8.58307 41.1589
1298880467 -8.58315 41.1588
1298880468 -8.58323 41.1588
1298880469 -8.58333 41.1587
1298880470 -8.58343 41.1587
1298880471 -8.58354 41.1586
1298880472 -8.58367 41.1586
1298880473 -8.5838 41.1585
1298880474 -8.58393 41.1585
1298880475 -8.58406 41.1584
1298880476 -8.5842 41.1583
1298880477 -8.58433 41.1583
1298880478 -8.58449 41.1582
1298880479 -8.58464 41.1581
1298880480 -8.58479 41.1581
1298880481 -8.58496 41.158
1298880482 -8.5851 41.1579
1298880483 -8.58524 41.1579
1298880484 -8.58537 41.1578
1298880485 -8.58548 41.1578
1298880486 -8.58559 41.1577
1298880487 -8.58568 41.1577
1298880488 -8.58574 41.1577
1298880489 -8.58576 41.1577
1298880490 -8.58572 41.1576
1298880491 -8.58568 41.1576
1298880492 -8.5856 41.1576
1298880493 -8.58552 41.1575
1298880494 -8.58544 41.1575
1298880495 -8.58537 41.1574
1298880496 -8.58529 41.1574
1298880497 -8.58524 41.1573
1298880498 -8.58519 41.1573
1298880499 -8.58519 41.1572
1298880500 -8.58518 41.1571
1298880501 -8.58518 41.157
1298880502 -8.58517 41.1569
1298880503 -8.58517 41.1568
1298880504 -8.58516 41.1567
1298880505 -8.58516 41.1566
1298880506 -8.58515 41.1565
1298880508 -8.58515 41.1564
1298880510 -8.58516 41.1563
1298880512 -8.58517 41.1563
1298880513 -8.58518 41.1563
1298880514 -8.5852 41.1563
1298880515 -8.58524 41.1563
1298880516 -8.5853 41.1563
1298880517 -8.58539 41.1563
1298880518 -8.58548 41.1563
1298880519 -8.58558 41.1563
1298880520 -8.5857 41.1563
1298880521 -8.58584 41.1563
1298880522 -8.58599 41.1563
1298880523 -8.58614 41.1563
1298880524 -8.5863 41.1563
1298880525 -8.58645 41.1563
1298880526 -8.58661 41.1563
1298880527 -8.58678 41.1562
1298880528 -8.58696 41.1562
1298880529 -8.58715 41.1562
1298880530 -8.58735 41.1562
1298880531 -8.58756 41.1562
1298880532 -8.58777 41.1563
1298880533 -8.588 41.1563
1298880534 -8.58822 41.1563
1298880535 -8.58845 41.1563
1298880536 -8.58867 41.1563
1298880537 -8.5889 41.1563
1298880538 -8.58912 41.1563
1298880539 -8.58934 41.1563
1298880540 -8.58955 41.1563
1298880541 -8.58975 41.1563
1298880542 -8.58995 41.1563
1298880543 -8.59013 41.1563
1298880544 -8.5903 41.1563
1298880545 -8.59046 41.1563
1298880546 -8.5906 41.1563
1298880547 -8.59073 41.1563
1298880548 -8.59082 41.1563
1298880549 -8.59089 41.1563
1298880550 -8.59092 41.1563
1298880551 -8.59094 41.1563
1298880553 -8.59093 41.1563
1298880567 -8.59097 41.1563
1298880568 -8.59102 41.1563
1298880569 -8.59109 41.1563
1298880570 -8.59117 41.1563
1298880571 -8.59126 41.1563
1298880572 -8.59135 41.1563
1298880573 -8.59144 41.1563
1298880574 -8.59154 41.1563
1298880575 -8.59165 41.1563
1298880576 -8.59177 41.1563
1298880577 -8.59189 41.1563
1298880578 -8.59201 41.1563
1298880579 -8.59213 41.1563
1298880580 -8.59226 41.1563
1298880581 -8.59241 41.1563
1298880582 -8.59254 41.1563
1298880583 -8.59268 41.1563
1298880584 -8.59282 41.1563
1298880585 -8.59296 41.1563
1298880586 -8.59309 41.1563
1298880587 -8.59323 41.1563
1298880588 -8.59335 41.1563
1298880589 -8.5935 41.1563
1298880590 -8.59361 41.1563
1298880591 -8.59371 41.1563
1298880592 -8.59379 41.1563
1298880593 -8.59387 41.1563
1298880594 -8.59391 41.1563
1298880595 -8.59393 41.1563
1298880596 -8.59395 41.1563
1298880597 -8.59396 41.1563
1298880598 -8.59397 41.1563
1298880601 -8.59398 41.1563
1298880602 -8.59398 41.1562
1298880604 -8.59399 41.1562
1298880608 -8.594 41.1562
1298880613 -8.594 41.1563
1298880614 -8.59399 41.1563
1298880633 -8.59402 41.1562
1298880634 -8.59406 41.1563
1298880635 -8.59411 41.1563
1298880636 -8.59417 41.1563
1298880637 -8.59423 41.1563
1298880638 -8.59429 41.1563
1298880639 -8.59434 41.1564
1298880640 -8.5944 41.1564
1298880641 -8.59444 41.1564
1298880642 -8.59448 41.1565
1298880643 -8.5945 41.1565
1298880644 -8.59454 41.1565
1298880645 -8.59459 41.1564
1298880646 -8.59466 41.1564
1298880647 -8.59471 41.1564
1298880648 -8.59478 41.1563
1298880649 -8.59482 41.1562
1298880650 -8.59489 41.1561
1298880651 -8.59495 41.156
1298880652 -8.595 41.1559
1298880653 -8.59505 41.1557
1298880654 -8.5951 41.1556
1298880655 -8.59517 41.1555
1298880656 -8.59523 41.1554
1298880657 -8.5953 41.1553
1298880658 -8.59536 41.1552
1298880659 -8.59545 41.1551
1298880660 -8.59551 41.1551
1298880661 -8.59557 41.155
1298880662 -8.5956 41.1549
1298880663 -8.59563 41.1549
1298880664 -8.59562 41.1548
1298880666 -8.5956 41.1548
1298880667 -8.59559 41.1548
1298880669 -8.59558 41.1548
1298880670 -8.59558 41.1547
1298880671 -8.59557 41.1547
1298880674 -8.5956 41.1547
1298880675 -8.59564 41.1547
1298880676 -8.59567 41.1546
1298880677 -8.59573 41.1545
1298880678 -8.59577 41.1545
1298880679 -8.59585 41.1544
1298880680 -8.59593 41.1543
1298880681 -8.59599 41.1542
1298880682 -8.59602 41.1541
1298880683 -8.59606 41.154
1298880684 -8.59611 41.154
1298880685 -8.59614 41.1539
1298880686 -8.59621 41.1539
1298880687 -8.59629 41.1539
1298880688 -8.59645 41.1539
1298880689 -8.59645 41.1538
1298880690 -8.59648 41.1538
1298880691 -8.5965 41.1538
1298880692 -8.59652 41.1538
1298880693 -8.59656 41.1538
1298880694 -8.59657 41.1538
1298880695 -8.59658 41.1538
1298880696 -8.59659 41.1538
1298880697 -8.5966 41.1538
1298880699 -8.59661 41.1538
1298880700 -8.59662 41.1538
1298880702 -8.59663 41.1538
1298880703 -8.59664 41.1538
1298880704 -8.59665 41.1538
1298880705 -8.59666 41.1538
1298880707 -8.59667 41.1538
1298880708 -8.59668 41.1538
1298880710 -8.59669 41.1538
1298880712 -8.5967 41.1538
1298880715 -8.59671 41.1538
1298880718 -8.59673 41.1538
1298880719 -8.59676 41.1538
1298880720 -8.59682 41.1538
1298880721 -8.59688 41.1538
1298880722 -8.59694 41.1537
1298880723 -8.597 41.1537
1298880724 -8.59706 41.1537
1298880725 -8.59714 41.1537
1298880726 -8.59723 41.1537
1298880727 -8.59734 41.1537
1298880728 -8.59744 41.1537
1298880729 -8.59754 41.1537
1298880730 -8.59765 41.1536
1298880731 -8.59777 41.1536
1298880732 -8.59791 41.1536
1298880733 -8.59805 41.1536
1298880734 -8.59821 41.1535
1298880735 -8.59837 41.1535
1298880736 -8.59852 41.1535
1298880737 -8.59867 41.1535
1298880738 -8.59882 41.1534
1298880739 -8.59895 41.1534
1298880740 -8.59906 41.1534
1298880741 -8.59915 41.1534
1298880742 -8.59923 41.1534
1298880743 -8.59929 41.1534
1298880744 -8.59932 41.1534
1298880745 -8.59935 41.1534
1298880746 -8.59936 41.1534
1298880748 -8.59937 41.1534
1298880754 -8.59938 41.1534
1298880772 -8.5994 41.1534
1298880773 -8.59945 41.1534
1298880774 -8.59951 41.1534
1298880775 -8.59957 41.1533
1298880776 -8.59964 41.1533
1298880777 -8.59971 41.1533
1298880778 -8.59978 41.1533
1298880779 -8.59986 41.1533
1298880780 -8.59997 41.1534
1298880781 -8.60008 41.1534
1298880782 -8.60018 41.1534
1298880783 -8.60029 41.1534
1298880784 -8.60042 41.1534
1298880785 -8.60055 41.1534
1298880786 -8.60068 41.1534
1298880787 -8.6008 41.1534
1298880788 -8.60089 41.1535
1298880789 -8.60098 41.1535
1298880790 -8.60107 41.1535
1298880791 -8.60116 41.1536
1298880792 -8.60124 41.1537
1298880793 -8.60135 41.1536
1298880794 -8.60143 41.1536
1298880795 -8.60151 41.1536
1298880796 -8.60153 41.1536
1298880797 -8.60155 41.1536
1298880798 -8.60157 41.1536
1298880799 -8.6016 41.1536
1298880800 -8.60164 41.1535
1298880801 -8.6017 41.1535
1298880802 -8.60176 41.1535
1298880803 -8.6018 41.1535
1298880804 -8.60184 41.1535
1298880805 -8.60185 41.1535
1298880806 -8.60188 41.1535
1298880807 -8.60193 41.1535
1298880808 -8.60197 41.1535
1298880809 -8.60203 41.1535
1298880810 -8.6021 41.1535
1298880811 -8.60214 41.1535
1298880812 -8.60217 41.1536
1298880813 -8.6022 41.1536
1298880814 -8.60224 41.1537
1298880815 -8.60227 41.1537
1298880816 -8.60229 41.1538
1298880817 -8.60234 41.1539
1298880818 -8.60238 41.1539
1298880819 -8.60243 41.154
1298880820 -8.6025 41.1541
1298880821 -8.60252 41.1541
1298880822 -8.60255 41.1542
1298880823 -8.60257 41.1543
1298880824 -8.60261 41.1544
1298880825 -8.60263 41.1544
1298880826 -8.60266 41.1545
1298880827 -8.6027 41.1545
1298880828 -8.60271 41.1545
1298880829 -8.60274 41.1546
1298880830 -8.60276 41.1546
1298880833 -8.60277 41.1546
1298880838 -8.60275 41.1546
1298880842 -8.60272 41.1546
1298880843 -8.60271 41.1546
1298880845 -8.6027 41.1547
1298880847 -8.60272 41.1547
1298880848 -8.60276 41.1547
1298880849 -8.60282 41.1546
1298880850 -8.60288 41.1546
1298880851 -8.60297 41.1546
1298880852 -8.60305 41.1546
1298880853 -8.60314 41.1546
1298880854 -8.60323 41.1546
1298880855 -8.60331 41.1546
1298880856 -8.60339 41.1546
1298880857 -8.60348 41.1547
1298880858 -8.60358 41.1547
1298880859 -8.60368 41.1547
1298880860 -8.60378 41.1547
1298880861 -8.60387 41.1547
1298880862 -8.60399 41.1548
1298880863 -8.6041 41.1548
1298880864 -8.60419 41.1548
1298880865 -8.60426 41.1548
1298880866 -8.60433 41.1548
1298880867 -8.6044 41.1548
1298880868 -8.60447 41.1548
1298880869 -8.6045 41.1548
1298880870 -8.60452 41.1548
1298880871 -8.60453 41.1548
1298880872 -8.60454 41.1548
1298880873 -8.60455 41.1548
1298880875 -8.60454 41.1547
1298880876 -8.60455 41.1547
1298880878 -8.60454 41.1546
1298880879 -8.60451 41.1545
1298880880 -8.6045 41.1545
1298880881 -8.60451 41.1544
1298880882 -8.60454 41.1544
1298880883 -8.60456 41.1543
1298880884 -8.60459 41.1542
1298880885 -8.60464 41.1541
1298880886 -8.60463 41.1541
1298880887 -8.60455 41.154
1298880888 -8.60456 41.154
1298880889 -8.60468 41.154
1298880890 -8.60479 41.154
1298880891 -8.60494 41.154
1298880892 -8.60511 41.1539
1298880893 -8.60525 41.1539
1298880894 -8.60539 41.1539
1298880895 -8.60554 41.1539
1298880896 -8.60569 41.1539
1298880897 -8.60585 41.1539
1298880898 -8.60602 41.1538
1298880899 -8.60617 41.1538
1298880900 -8.60633 41.1538
1298880901 -8.60647 41.1538
1298880902 -8.60661 41.1537
1298880903 -8.60675 41.1537
1298880904 -8.60686 41.1537
1298880905 -8.60698 41.1537
1298880906 -8.6071 41.1537
1298880907 -8.60715 41.1537
1298880908 -8.6072 41.1537
1298880909 -8.60724 41.1537
1298880910 -8.60728 41.1537
1298880911 -8.6073 41.1537
1298880912 -8.60732 41.1536
1298880913 -8.60734 41.1536
1298880914 -8.60736 41.1536
1298880915 -8.60737 41.1536
1298880917 -8.60738 41.1536
1298880930 -8.60739 41.1536
1298880931 -8.60741 41.1536
1298880932 -8.60745 41.1536
1298880933 -8.60748 41.1536
1298880934 -8.60756 41.1536
1298880935 -8.60764 41.1536
1298880936 -8.60773 41.1536
1298880937 -8.60782 41.1536
1298880938 -8.6079 41.1536
1298880939 -8.60799 41.1536
1298880940 -8.60807 41.1536
1298880941 -8.60817 41.1536
1298880942 -8.60827 41.1536
1298880943 -8.60837 41.1536
1298880944 -8.60853 41.1537
1298880945 -8.6087 41.1537
1298880946 -8.60885 41.1537
1298880947 -8.609 41.1537
1298880948 -8.60916 41.1537
1298880949 -8.60931 41.1537
1298880950 -8.60945 41.1537
1298880951 -8.60961 41.1537
1298880952 -8.60976 41.1537
1298880953 -8.60992 41.1537
1298880954 -8.61008 41.1537
1298880955 -8.61025 41.1537
1298880956 -8.61039 41.1537
1298880957 -8.61053 41.1537
1298880958 -8.61068 41.1537
1298880959 -8.61081 41.1538
1298880960 -8.61097 41.1538
1298880961 -8.61111 41.1538
1298880962 -8.61124 41.1538
1298880963 -8.61136 41.1538
1298880964 -8.61145 41.1538
1298880965 -8.61152 41.1538
1298880966 -8.61158 41.1538
1298880967 -8.61165 41.1538
1298880968 -8.61171 41.1538
1298880969 -8.61177 41.1538
1298880970 -8.61178 41.1538
1298880971 -8.6118 41.1538
1298880972 -8.61182 41.1538
1298880973 -8.61184 41.1538
1298880974 -8.61186 41.1538
1298880975 -8.61188 41.1538
1298880976 -8.61191 41.1538
1298880977 -8.61195 41.1538
1298880978 -8.61199 41.1538
1298880979 -8.61203 41.1539
1298880981 -8.61205 41.154
1298880982 -8.61208 41.154
1298880983 -8.61212 41.1541
1298880984 -8.61216 41.1541
1298880985 -8.61217 41.1542
1298880986 -8.61218 41.1543
1298880987 -8.61216 41.1544
1298880989 -8.61215 41.1545
1298880990 -8.61215 41.1546
1298880991 -8.61216 41.1546
1298880993 -8.61214 41.1547
1298880994 -8.61212 41.1547
1298880995 -8.6121 41.1547
1298880996 -8.61211 41.1548
1298880997 -8.61212 41.1548
1298880998 -8.61216 41.1549
1298880999 -8.6122 41.1549
1298881000 -8.61227 41.1549
1298881001 -8.61234 41.155
1298881002 -8.61241 41.155
1298881003 -8.61246 41.155
1298881004 -8.6125 41.155
1298881005 -8.61253 41.155
1298881006 -8.61256 41.155
1298881007 -8.61258 41.155
1298881008 -8.6126 41.155
1298881009 -8.61262 41.155
1298881010 -8.61266 41.155
1298881011 -8.61268 41.155
1298881012 -8.61271 41.155
1298881013 -8.61275 41.155
1298881014 -8.61278 41.155
1298881015 -8.61281 41.155
1298881016 -8.61283 41.155
1298881017 -8.61284 41.155
1298881019 -8.61285 41.155
1298881024 -8.61282 41.155
1298881033 -8.61282 41.1551
1298881036 -8.61281 41.1551
1298881039 -8.6128 41.1551
1298881041 -8.61279 41.1551
1298881043 -8.61278 41.1551
1298881047 -8.61277 41.1551
1298881048 -8.61276 41.1551
1298881050 -8.61275 41.1551
1298881052 -8.61274 41.1551
1298881053 -8.61273 41.1551
1298881056 -8.61272 41.1551
1298881057 -8.61271 41.1551
1298881058 -8.6127 41.1551
1298881059 -8.61269 41.1551
1298881060 -8.61269 41.1552
1298881061 -8.61268 41.1552
1298881063 -8.61267 41.1552
1298881065 -8.61266 41.1552
1298881082 -8.6127 41.1552
1298881084 -8.61271 41.1552
1298881087 -8.61272 41.1552
1298881091 -8.61273 41.1552
1298881096 -8.61274 41.1552
1298881099 -8.61276 41.1552
1298881100 -8.61278 41.1552
1298881101 -8.61282 41.1552
1298881102 -8.61287 41.1552
1298881103 -8.61294 41.1552
1298881104 -8.61301 41.1552
1298881105 -8.61307 41.1552
1298881106 -8.61311 41.1552
1298881107 -8.61316 41.1553
1298881108 -8.6132 41.1553
1298881109 -8.61323 41.1553
1298881110 -8.61328 41.1553
1298881111 -8.61331 41.1553
1298881112 -8.61334 41.1554
1298881113 -8.61339 41.1554
1298881114 -8.61344 41.1554
1298881115 -8.6135 41.1554
1298881116 -8.61354 41.1554
1298881117 -8.61359 41.1554
1298881118 -8.61362 41.1554
1298881119 -8.61365 41.1554
1298881120 -8.61367 41.1554
1298881121 -8.61369 41.1554
1298881122 -8.61371 41.1554
1298881123 -8.61374 41.1554
1298881124 -8.61375 41.1554
1298881125 -8.61377 41.1554
1298881126 -8.61379 41.1554
1298881127 -8.61381 41.1554
1298881128 -8.61384 41.1554
1298881129 -8.61385 41.1554
1298881130 -8.61386 41.1555
1298881131 -8.61388 41.1555
1298881132 -8.61392 41.1555
1298881133 -8.61395 41.1555
1298881134 -8.61396 41.1555
1298881135 -8.61399 41.1555
1298881136 -8.61402 41.1555
1298881137 -8.61404 41.1555
1298881138 -8.61406 41.1555
1298881139 -8.61409 41.1555
1298881140 -8.61411 41.1555
1298881141 -8.61413 41.1555
1298881142 -8.61415 41.1555
1298881143 -8.61419 41.1555
1298881144 -8.61422 41.1555
1298881145 -8.61426 41.1555
1298881146 -8.6143 41.1555
1298881147 -8.61433 41.1555
1298881148 -8.61436 41.1555
1298881149 -8.61438 41.1556
1298881150 -8.6144 41.1556
1298881151 -8.61441 41.1556
1298881152 -8.61443 41.1556
1298881153 -8.61446 41.1556
1298881154 -8.61448 41.1556
1298881155 -8.61449 41.1556
1298881156 -8.61451 41.1556
1298881157 -8.61453 41.1556
1298881158 -8.61455 41.1556
1298881159 -8.61457 41.1556
1298881160 -8.61458 41.1556
1298881162 -8.6146 41.1556
1298881163 -8.61462 41.1556
1298881164 -8.61464 41.1556
1298881165 -8.61466 41.1556
1298881166 -8.61467 41.1556
1298881168 -8.61469 41.1556
1298881169 -8.61471 41.1556
1298881170 -8.61474 41.1557
1298881171 -8.61476 41.1557
1298881172 -8.61478 41.1557
1298881173 -8.61479 41.1557
1298881174 -8.6148 41.1557
1298881175 -8.61482 41.1557
1298881176 -8.61484 41.1557
1298881177 -8.61485 41.1557
1298881178 -8.61488 41.1557
1298881179 -8.6149 41.1557
1298881180 -8.61492 41.1557
1298881181 -8.61495 41.1557
1298881182 -8.61498 41.1557
1298881183 -8.61501 41.1557
1298881184 -8.61504 41.1557
1298881185 -8.61511 41.1557
1298881186 -8.61518 41.1557
1298881187 -8.61525 41.1557
1298881188 -8.61533 41.1557
1298881189 -8.61544 41.1557
1298881190 -8.61553 41.1557
1298881191 -8.61563 41.1558
1298881192 -8.61573 41.1558
1298881193 -8.61584 41.1558
1298881194 -8.61596 41.1559
1298881195 -8.61609 41.1559
1298881196 -8.61621 41.1559
1298881197 -8.61634 41.156
1298881198 -8.61646 41.156
1298881199 -8.61657 41.156
1298881200 -8.61668 41.156
