:break:
1298880265 -8.67274 41.1488
1298880266 -8.67275 41.1488
1298880268 -8.67276 41.1488
1298880269 -8.67276 41.1487
1298880271 -8.67277 41.1487
1298880361 -8.67273 41.1488
1298880373 -8.67275 41.1487
1298880388 -8.67274 41.1487
1298880405 -8.67272 41.1488
1298880632 -8.67277 41.1488
1298880759 -8.67278 41.1488
1298880761 -8.67279 41.1488
1298880762 -8.67279 41.1487
1298880763 -8.6728 41.1487
1298880766 -8.67281 41.1487
1298880806 -8.6728 41.1488
1298880943 -8.67281 41.1488
1298880978 -8.67282 41.1488
1298880980 -8.67283 41.1488
1298880981 -8.67284 41.1488
1298880985 -8.67285 41.1488
1298880987 -8.67284 41.1487
1298880988 -8.67285 41.1487
1298881087 -8.67271 41.1488
1298881200 -8.67277 41.1488
