:break:
1298880046 -8.62744 41.1521
1298880054 -8.62743 41.1521
1298880057 -8.62742 41.1521
1298880060 -8.62741 41.1522
1298880064 -8.62741 41.1521
1298880208 -8.6274 41.1521
1298880217 -8.62739 41.1521
1298880236 -8.6274 41.152
1298880244 -8.62741 41.152
1298880263 -8.62742 41.152
1298880286 -8.62739 41.152
1298880290 -8.62738 41.152
1298880305 -8.62738 41.1519
1298880308 -8.62739 41.1519
1298880322 -8.62737 41.1519
1298880326 -8.62736 41.1519
1298880348 -8.6274 41.1519
1298880352 -8.62741 41.1519
1298880356 -8.62742 41.1519
1298880393 -8.6274 41.1518
1298880397 -8.62739 41.1518
1298880410 -8.62738 41.1518
1298880434 -8.62737 41.1518
1298880444 -8.62735 41.1519
1298880448 -8.62734 41.1519
1298880450 -8.62733 41.1519
1298880452 -8.62733 41.1518
1298880453 -8.62732 41.1518
1298880673 -8.62732 41.1519
1298880681 -8.62731 41.1519
1298880742 -8.6273 41.1519
1298880746 -8.62729 41.1519
1298880749 -8.62728 41.1519
1298880752 -8.62727 41.1519
1298880755 -8.62726 41.1519
1298880760 -8.62725 41.1519
1298880763 -8.62724 41.1519
1298880766 -8.62723 41.1519
1298880770 -8.62722 41.1519
1298880774 -8.62721 41.1519
1298880777 -8.6272 41.1519
1298880781 -8.62719 41.1519
1298880787 -8.62718 41.1519
1298881120 -8.62743 41.1519
1298881121 -8.62743 41.1518
1298881123 -8.62744 41.1518
1298881142 -8.62742 41.1518
1298881150 -8.62741 41.1518
1298881200 -8.62735 41.1519
