:break:
1298880103 -8.64938 41.1673
1298880106 -8.64937 41.1672
1298880117 -8.64938 41.1672
1298880127 -8.64939 41.1672
1298880131 -8.6494 41.1672
1298880135 -8.6494 41.1673
1298880136 -8.64941 41.1673
1298880138 -8.64942 41.1673
1298880140 -8.64943 41.1673
1298880142 -8.64944 41.1673
1298880146 -8.64945 41.1673
1298880149 -8.64945 41.1672
1298880168 -8.64946 41.1672
1298880175 -8.64947 41.1672
1298880180 -8.64948 41.1672
1298880182 -8.64949 41.1672
1298880186 -8.6495 41.1672
1298880190 -8.64951 41.1672
1298880193 -8.64952 41.1672
1298880199 -8.64953 41.1672
1298880229 -8.64944 41.1672
1298880230 -8.64943 41.1671
1298880231 -8.64942 41.1671
1298880232 -8.64941 41.1671
1298880236 -8.6494 41.1671
1298880239 -8.64942 41.1672
1298880243 -8.64943 41.1672
1298880275 -8.64947 41.1673
1298880280 -8.64946 41.1673
1298880309 -8.64948 41.1673
1298880313 -8.64949 41.1673
1298880404 -8.6495 41.1673
1298880407 -8.64951 41.1673
1298880410 -8.64952 41.1673
1298880412 -8.64953 41.1673
1298880414 -8.64954 41.1673
1298880415 -8.64954 41.1674
1298880417 -8.64955 41.1674
1298880418 -8.64956 41.1674
1298880419 -8.64955 41.1673
1298880476 -8.64956 41.1673
1298880478 -8.64957 41.1673
1298880483 -8.64958 41.1673
1298880489 -8.64959 41.1673
1298880546 -8.64939 41.1674
1298880547 -8.64937 41.1674
1298880548 -8.64935 41.1674
1298880549 -8.64935 41.1675
1298880550 -8.64937 41.1675
1298880551 -8.64939 41.1675
1298880552 -8.64942 41.1676
1298880553 -8.64946 41.1676
1298880554 -8.64949 41.1676
1298880555 -8.64953 41.1676
1298880556 -8.64959 41.1676
1298880557 -8.64965 41.1677
1298880558 -8.6497 41.1677
1298880559 -8.64975 41.1677
1298880560 -8.64978 41.1677
1298880561 -8.64982 41.1677
1298880562 -8.64985 41.1677
1298880563 -8.64988 41.1677
1298880564 -8.64994 41.1677
1298880565 -8.65 41.1677
1298880566 -8.65007 41.1677
1298880567 -8.65013 41.1676
1298880568 -8.65019 41.1676
1298880569 -8.65025 41.1676
1298880570 -8.65033 41.1675
1298880571 -8.65041 41.1674
1298880572 -8.65048 41.1674
1298880573 -8.65054 41.1673
1298880574 -8.65059 41.1673
1298880575 -8.65061 41.1672
1298880576 -8.65064 41.1672
1298880577 -8.65066 41.1671
1298880578 -8.6507 41.1671
1298880579 -8.65076 41.1671
1298880580 -8.6508 41.1671
1298880581 -8.65085 41.1672
1298880582 -8.65091 41.1672
1298880583 -8.65098 41.1672
1298880584 -8.65104 41.1673
1298880585 -8.65111 41.1673
1298880586 -8.65114 41.1674
1298880587 -8.65121 41.1674
1298880588 -8.65126 41.1674
1298880589 -8.65132 41.1675
1298880590 -8.65141 41.1675
1298880591 -8.6515 41.1676
1298880592 -8.65158 41.1677
1298880593 -8.65165 41.1677
1298880594 -8.65173 41.1678
1298880595 -8.65178 41.1678
1298880596 -8.65182 41.1678
1298880597 -8.65184 41.1679
1298880598 -8.65186 41.1679
1298880601 -8.65185 41.168
1298880602 -8.65184 41.168
1298880603 -8.65181 41.168
1298880604 -8.65177 41.168
1298880605 -8.65171 41.168
1298880606 -8.65165 41.1681
1298880607 -8.65159 41.1681
1298880608 -8.65153 41.1682
1298880609 -8.65147 41.1682
1298880610 -8.6514 41.1682
1298880611 -8.65135 41.1683
1298880612 -8.6513 41.1683
1298880613 -8.65125 41.1683
1298880614 -8.65119 41.1684
1298880615 -8.65111 41.1684
1298880616 -8.65103 41.1684
1298880617 -8.65096 41.1685
1298880618 -8.6509 41.1685
1298880619 -8.65084 41.1685
1298880620 -8.65077 41.1685
1298880621 -8.65072 41.1686
1298880622 -8.65066 41.1686
1298880623 -8.65059 41.1686
1298880624 -8.65052 41.1686
1298880625 -8.65045 41.1686
1298880626 -8.65038 41.1686
1298880627 -8.6503 41.1686
1298880628 -8.65022 41.1687
1298880629 -8.65014 41.1687
1298880630 -8.65007 41.1687
1298880631 -8.65002 41.1687
1298880632 -8.64998 41.1687
1298880633 -8.64997 41.1687
1298880636 -8.64996 41.1687
1298880637 -8.64997 41.1688
1298880639 -8.64999 41.1688
1298880640 -8.65004 41.1688
1298880641 -8.65008 41.1688
1298880642 -8.65013 41.1689
1298880643 -8.65016 41.1689
1298880644 -8.65021 41.1689
1298880645 -8.65024 41.1689
1298880646 -8.65028 41.1689
1298880647 -8.65031 41.169
1298880648 -8.65033 41.169
1298880650 -8.6503 41.169
1298880651 -8.65026 41.1691
1298880652 -8.65021 41.1691
1298880653 -8.65015 41.1692
1298880654 -8.65011 41.1692
1298880655 -8.65007 41.1692
1298880656 -8.65005 41.1692
1298880657 -8.65004 41.1693
1298880658 -8.65 41.1693
1298880659 -8.64997 41.1693
1298880660 -8.64995 41.1694
1298880661 -8.64991 41.1694
1298880662 -8.64988 41.1694
1298880663 -8.64986 41.1694
1298880664 -8.64985 41.1694
1298880665 -8.64984 41.1694
1298880667 -8.64983 41.1694
1298880668 -8.64982 41.1694
1298880670 -8.64981 41.1694
1298880671 -8.6498 41.1694
1298880673 -8.64979 41.1694
1298880675 -8.64977 41.1694
1298880676 -8.64976 41.1694
1298880677 -8.64974 41.1695
1298880678 -8.64973 41.1695
1298880679 -8.6497 41.1695
1298880680 -8.64968 41.1695
1298880681 -8.64966 41.1695
1298880682 -8.64965 41.1695
1298880683 -8.64964 41.1695
1298880684 -8.64961 41.1695
1298880685 -8.64959 41.1695
1298880686 -8.64953 41.1696
1298880687 -8.64947 41.1696
1298880688 -8.6494 41.1696
1298880689 -8.64934 41.1697
1298880690 -8.64928 41.1697
1298880691 -8.64921 41.1698
1298880692 -8.64913 41.1698
1298880693 -8.64907 41.1699
1298880694 -8.64901 41.1699
1298880695 -8.64894 41.17
1298880696 -8.64886 41.1701
1298880697 -8.64878 41.1701
1298880698 -8.6487 41.1701
1298880699 -8.64864 41.1702
1298880700 -8.64859 41.1702
1298880701 -8.64852 41.1703
1298880702 -8.64846 41.1703
1298880703 -8.64839 41.1704
1298880704 -8.64832 41.1704
1298880705 -8.64824 41.1705
1298880706 -8.64817 41.1705
1298880707 -8.64811 41.1706
1298880708 -8.64805 41.1706
1298880709 -8.648 41.1706
1298880710 -8.64796 41.1706
1298880711 -8.64789 41.1706
1298880712 -8.64784 41.1706
1298880713 -8.64779 41.1706
1298880714 -8.64772 41.1705
1298880715 -8.64766 41.1705
1298880716 -8.64761 41.1705
1298880717 -8.64757 41.1704
1298880718 -8.64752 41.1704
1298880719 -8.64749 41.1704
1298880720 -8.64744 41.1703
1298880721 -8.64741 41.1703
1298880722 -8.64735 41.1703
1298880723 -8.6473 41.1702
1298880724 -8.64724 41.1702
1298880725 -8.64717 41.1701
1298880726 -8.64711 41.1701
1298880727 -8.64704 41.17
1298880728 -8.64697 41.17
1298880729 -8.6469 41.1699
1298880730 -8.64684 41.1698
1298880731 -8.64678 41.1698
1298880732 -8.64671 41.1697
1298880733 -8.64663 41.1697
1298880734 -8.64656 41.1696
1298880735 -8.6465 41.1695
1298880736 -8.64644 41.1695
1298880737 -8.6464 41.1695
1298880738 -8.64636 41.1694
1298880739 -8.64633 41.1694
1298880740 -8.6463 41.1694
1298880741 -8.64626 41.1693
1298880742 -8.64621 41.1693
1298880743 -8.64615 41.1693
1298880744 -8.64609 41.1693
1298880745 -8.64605 41.1693
1298880746 -8.64602 41.1693
1298880747 -8.64599 41.1693
1298880748 -8.64598 41.1693
1298880749 -8.64597 41.1693
1298880750 -8.64595 41.1693
1298880751 -8.64594 41.1693
1298880752 -8.64592 41.1693
1298880753 -8.6459 41.1693
1298880754 -8.64589 41.1693
1298880755 -8.64587 41.1694
1298880757 -8.64586 41.1694
1298880758 -8.64585 41.1694
1298880759 -8.64584 41.1694
1298880760 -8.64582 41.1694
1298880761 -8.64581 41.1694
1298880762 -8.6458 41.1694
1298880763 -8.64579 41.1694
1298880764 -8.64578 41.1694
1298880770 -8.64577 41.1694
1298880771 -8.64575 41.1695
1298880772 -8.64572 41.1695
1298880773 -8.64568 41.1695
1298880774 -8.64564 41.1695
1298880775 -8.64561 41.1695
1298880776 -8.64557 41.1695
1298880777 -8.64554 41.1695
1298880778 -8.64553 41.1695
1298880779 -8.6455 41.1695
1298880780 -8.64548 41.1695
1298880781 -8.64545 41.1695
1298880783 -8.64543 41.1695
1298880784 -8.64541 41.1695
1298880785 -8.64539 41.1695
1298880786 -8.64538 41.1695
1298880787 -8.64537 41.1695
1298880788 -8.64536 41.1695
1298880790 -8.64535 41.1695
1298880791 -8.64534 41.1695
1298880792 -8.64533 41.1695
1298880793 -8.64532 41.1695
1298880794 -8.6453 41.1695
1298880795 -8.64528 41.1695
1298880796 -8.64527 41.1695
1298880797 -8.64524 41.1695
1298880798 -8.64518 41.1694
1298880799 -8.64513 41.1694
1298880800 -8.64508 41.1693
1298880801 -8.64502 41.1693
1298880802 -8.64494 41.1692
1298880803 -8.64487 41.1692
1298880804 -8.64478 41.1691
1298880805 -8.6447 41.169
1298880806 -8.6446 41.169
1298880807 -8.64451 41.1689
1298880808 -8.64442 41.1688
1298880809 -8.64432 41.1687
1298880810 -8.64423 41.1687
1298880811 -8.64412 41.1686
1298880812 -8.64402 41.1685
1298880813 -8.64392 41.1684
1298880814 -8.64384 41.1683
1298880815 -8.64377 41.1682
1298880816 -8.64373 41.168
1298880817 -8.64373 41.1679
1298880818 -8.64374 41.1678
1298880819 -8.64374 41.1676
1298880820 -8.64373 41.1675
1298880821 -8.6437 41.1673
1298880822 -8.64362 41.1672
1298880823 -8.64352 41.1671
1298880824 -8.64339 41.1669
1298880825 -8.64327 41.1668
1298880826 -8.64313 41.1667
1298880827 -8.64301 41.1666
1298880828 -8.64289 41.1665
1298880829 -8.64276 41.1664
1298880830 -8.64265 41.1663
1298880831 -8.64253 41.1662
1298880832 -8.64239 41.1661
1298880833 -8.64224 41.1661
1298880834 -8.64208 41.166
1298880835 -8.64192 41.166
1298880836 -8.64175 41.1661
1298880837 -8.64157 41.1661
1298880838 -8.64141 41.1662
1298880839 -8.64125 41.1663
1298880840 -8.64109 41.1664
1298880841 -8.64093 41.1665
1298880842 -8.64074 41.1667
1298880843 -8.6406 41.1668
1298880844 -8.64054 41.167
1298880845 -8.64049 41.1671
1298880846 -8.6405 41.1673
1298880847 -8.64051 41.1675
1298880848 -8.6405 41.1677
1298880849 -8.64049 41.1678
1298880850 -8.64045 41.168
1298880851 -8.6404 41.1682
1298880852 -8.6403 41.1683
1298880853 -8.64017 41.1684
1298880854 -8.64002 41.1686
1298880855 -8.63986 41.1687
1298880856 -8.6397 41.1688
1298880857 -8.63954 41.1689
1298880858 -8.63938 41.1691
1298880859 -8.63921 41.1692
1298880860 -8.63904 41.1693
1298880861 -8.63887 41.1695
1298880862 -8.63868 41.1696
1298880863 -8.63849 41.1697
1298880864 -8.63829 41.1699
1298880865 -8.63808 41.17
1298880866 -8.63789 41.1701
1298880867 -8.63768 41.1703
1298880868 -8.63748 41.1704
1298880869 -8.63726 41.1705
1298880870 -8.63704 41.1706
1298880871 -8.63681 41.1707
1298880872 -8.63658 41.1708
1298880873 -8.63635 41.1709
1298880874 -8.6361 41.171
1298880875 -8.63586 41.171
1298880876 -8.63561 41.1711
1298880877 -8.63536 41.1712
1298880878 -8.63509 41.1713
1298880879 -8.63483 41.1713
1298880880 -8.63456 41.1714
1298880881 -8.63429 41.1714
1298880882 -8.63401 41.1715
1298880883 -8.63374 41.1716
1298880884 -8.63346 41.1716
1298880885 -8.63318 41.1717
1298880886 -8.63289 41.1717
1298880887 -8.63261 41.1718
1298880888 -8.63231 41.1719
1298880889 -8.63202 41.1719
1298880890 -8.63172 41.172
1298880891 -8.63142 41.172
1298880892 -8.63112 41.1721
1298880893 -8.63082 41.1722
1298880894 -8.63052 41.1722
1298880895 -8.63023 41.1723
1298880896 -8.62995 41.1723
1298880897 -8.62967 41.1724
1298880898 -8.62941 41.1725
1298880899 -8.62915 41.1725
1298880900 -8.62889 41.1726
1298880901 -8.62864 41.1726
1298880902 -8.62839 41.1727
1298880903 -8.62813 41.1727
1298880904 -8.62788 41.1728
1298880905 -8.62763 41.1728
1298880906 -8.62737 41.1728
1298880907 -8.62711 41.1729
1298880908 -8.62686 41.1729
1298880909 -8.6266 41.1729
1298880910 -8.62634 41.1729
1298880911 -8.62608 41.173
1298880912 -8.62583 41.173
1298880913 -8.62556 41.173
1298880914 -8.6253 41.1731
1298880915 -8.62503 41.1731
1298880916 -8.62477 41.1731
1298880917 -8.6245 41.1731
1298880918 -8.62423 41.1732
1298880919 -8.62395 41.1732
1298880920 -8.62368 41.1732
1298880921 -8.6234 41.1732
1298880922 -8.62313 41.1733
1298880923 -8.62285 41.1733
1298880924 -8.62259 41.1733
1298880925 -8.62232 41.1733
1298880926 -8.62204 41.1734
1298880927 -8.6218 41.1734
1298880928 -8.62157 41.1734
1298880929 -8.62134 41.1734
1298880930 -8.62113 41.1735
1298880931 -8.62091 41.1735
1298880932 -8.62069 41.1735
1298880933 -8.62048 41.1735
1298880934 -8.62025 41.1735
1298880935 -8.62003 41.1736
1298880936 -8.6198 41.1736
1298880937 -8.61959 41.1736
1298880938 -8.61937 41.1736
1298880939 -8.61916 41.1736
1298880940 -8.61894 41.1737
1298880941 -8.61871 41.1737
1298880942 -8.61849 41.1737
1298880943 -8.61827 41.1737
1298880944 -8.61803 41.1737
1298880945 -8.6178 41.1738
1298880946 -8.61754 41.1738
1298880947 -8.6173 41.1738
1298880948 -8.61705 41.1739
1298880949 -8.61681 41.1739
1298880950 -8.61655 41.1739
1298880951 -8.6163 41.1739
1298880952 -8.61606 41.174
1298880953 -8.61582 41.174
1298880954 -8.61558 41.1741
1298880955 -8.61535 41.1741
1298880956 -8.61512 41.1741
1298880957 -8.6149 41.1742
1298880958 -8.61468 41.1742
1298880959 -8.61447 41.1743
1298880960 -8.61425 41.1743
1298880961 -8.61404 41.1743
1298880962 -8.61383 41.1744
1298880963 -8.6136 41.1744
1298880964 -8.61338 41.1744
1298880965 -8.61315 41.1744
1298880966 -8.61292 41.1744
1298880967 -8.61269 41.1744
1298880968 -8.61245 41.1744
1298880969 -8.61222 41.1744
1298880970 -8.61199 41.1744
1298880971 -8.61177 41.1744
1298880972 -8.61155 41.1743
1298880973 -8.61134 41.1743
1298880974 -8.61118 41.1743
1298880975 -8.61104 41.1743
1298880976 -8.6109 41.1743
1298880977 -8.61077 41.1743
1298880978 -8.61065 41.1742
1298880979 -8.61054 41.1742
1298880980 -8.61047 41.1742
1298880981 -8.61041 41.1742
1298880982 -8.61036 41.1742
1298880983 -8.61033 41.1742
1298880984 -8.61029 41.1742
1298880985 -8.61026 41.1741
1298880986 -8.61023 41.1741
1298880987 -8.6102 41.1741
1298880988 -8.61016 41.1741
1298880989 -8.6101 41.1741
1298880990 -8.61005 41.1741
1298880991 -8.60999 41.1741
1298880992 -8.60995 41.174
1298880993 -8.60989 41.174
1298880994 -8.60983 41.174
1298880995 -8.60975 41.174
1298880996 -8.60965 41.1739
1298880997 -8.60956 41.1739
1298880998 -8.60948 41.1739
1298880999 -8.60942 41.1739
1298881000 -8.60936 41.1738
1298881001 -8.60932 41.1738
1298881002 -8.60928 41.1738
1298881003 -8.60926 41.1738
1298881004 -8.60922 41.1738
1298881005 -8.60919 41.1738
1298881006 -8.60917 41.1738
1298881007 -8.60914 41.1738
1298881008 -8.60911 41.1737
1298881009 -8.60909 41.1737
1298881010 -8.60905 41.1737
1298881011 -8.609 41.1737
1298881012 -8.60895 41.1737
1298881013 -8.60889 41.1737
1298881014 -8.60881 41.1736
1298881015 -8.60874 41.1736
1298881016 -8.60867 41.1736
1298881017 -8.60861 41.1735
1298881018 -8.60856 41.1735
1298881019 -8.60854 41.1735
1298881020 -8.60851 41.1735
1298881021 -8.60848 41.1735
1298881022 -8.60846 41.1735
1298881023 -8.60843 41.1734
1298881024 -8.60839 41.1734
1298881025 -8.60836 41.1734
1298881026 -8.6083 41.1734
1298881027 -8.60827 41.1733
1298881028 -8.60822 41.1733
1298881029 -8.60818 41.1733
1298881030 -8.60814 41.1733
1298881031 -8.6081 41.1732
1298881032 -8.60807 41.1732
1298881033 -8.60803 41.1732
1298881034 -8.60799 41.1732
1298881035 -8.60795 41.1731
1298881036 -8.60791 41.1731
1298881037 -8.60787 41.1731
1298881038 -8.60783 41.173
1298881039 -8.6078 41.173
1298881040 -8.60776 41.173
1298881041 -8.60773 41.173
1298881042 -8.60772 41.1729
1298881043 -8.6077 41.1729
1298881044 -8.60769 41.1729
1298881046 -8.60768 41.1729
1298881049 -8.60767 41.1729
1298881055 -8.60766 41.1729
1298881056 -8.60765 41.1729
1298881057 -8.60764 41.1729
1298881058 -8.60762 41.1728
1298881059 -8.60758 41.1728
1298881060 -8.60755 41.1728
1298881061 -8.6075 41.1728
1298881062 -8.60746 41.1727
1298881063 -8.60742 41.1727
1298881064 -8.60738 41.1726
1298881065 -8.60734 41.1726
1298881066 -8.60729 41.1726
1298881067 -8.60724 41.1725
1298881068 -8.60719 41.1725
1298881069 -8.60715 41.1724
1298881070 -8.60711 41.1724
1298881071 -8.60709 41.1723
1298881072 -8.60706 41.1723
1298881073 -8.60703 41.1723
1298881074 -8.60702 41.1723
1298881075 -8.60699 41.1722
1298881076 -8.60698 41.1722
1298881079 -8.60697 41.1722
1298881120 -8.60696 41.1722
1298881121 -8.60695 41.1722
1298881122 -8.60693 41.1722
1298881123 -8.6069 41.1721
1298881124 -8.60685 41.1721
1298881125 -8.60682 41.1721
1298881126 -8.60678 41.172
1298881127 -8.60674 41.172
1298881128 -8.60668 41.172
1298881129 -8.60662 41.1719
1298881130 -8.60654 41.1719
1298881131 -8.60647 41.1718
1298881132 -8.60639 41.1718
1298881133 -8.60632 41.1717
1298881134 -8.60626 41.1717
1298881135 -8.60621 41.1717
1298881136 -8.60618 41.1716
1298881137 -8.60616 41.1716
1298881138 -8.60614 41.1716
1298881150 -8.60613 41.1716
1298881158 -8.60612 41.1716
1298881181 -8.60609 41.1716
1298881182 -8.60604 41.1716
1298881183 -8.606 41.1715
1298881184 -8.60596 41.1715
1298881185 -8.60593 41.1715
1298881186 -8.60589 41.1715
1298881187 -8.60585 41.1714
1298881188 -8.60584 41.1714
1298881190 -8.60586 41.1713
1298881191 -8.60591 41.1713
1298881192 -8.60597 41.1712
1298881193 -8.60603 41.1711
1298881194 -8.60611 41.1711
1298881195 -8.60617 41.171
1298881196 -8.60623 41.1709
1298881197 -8.60629 41.1709
1298881198 -8.60637 41.1708
1298881199 -8.60643 41.1707
1298881200 -8.60648 41.1707
