:break:
1298880068 -8.64921 41.1545
1298880087 -8.6492 41.1545
1298880093 -8.64919 41.1545
1298880101 -8.64918 41.1545
1298880116 -8.64919 41.1544
1298880118 -8.6492 41.1544
1298880119 -8.64921 41.1544
1298880120 -8.64922 41.1544
1298880121 -8.64923 41.1544
1298880122 -8.64926 41.1543
1298880123 -8.64929 41.1543
1298880124 -8.64931 41.1543
1298880125 -8.64935 41.1543
1298880126 -8.64938 41.1543
1298880127 -8.6494 41.1543
1298880128 -8.64942 41.1543
1298880129 -8.64944 41.1543
1298880130 -8.64945 41.1543
1298880133 -8.64946 41.1543
1298880202 -8.64947 41.1543
1298880232 -8.64944 41.1544
1298880234 -8.64943 41.1544
1298880240 -8.64943 41.1543
1298880257 -8.64948 41.1543
1298880262 -8.64948 41.1542
1298880266 -8.64949 41.1542
1298880278 -8.6495 41.1542
1298880281 -8.64951 41.1542
1298880284 -8.64952 41.1542
1298880287 -8.64953 41.1542
1298880292 -8.64954 41.1542
1298880362 -8.64947 41.1542
1298880437 -8.64942 41.1544
1298880447 -8.64945 41.1544
1298880448 -8.64948 41.1544
1298880449 -8.64952 41.1543
1298880450 -8.64956 41.1543
1298880451 -8.64959 41.1544
1298880452 -8.64962 41.1543
1298880453 -8.64964 41.1543
1298880454 -8.64965 41.1543
1298880456 -8.64964 41.1544
1298880463 -8.64965 41.1544
1298880464 -8.64967 41.1544
1298880465 -8.64969 41.1544
1298880466 -8.64973 41.1543
1298880467 -8.64977 41.1543
1298880468 -8.64982 41.1543
1298880469 -8.64987 41.1543
1298880470 -8.64993 41.1543
1298880471 -8.64999 41.1543
1298880472 -8.65004 41.1543
1298880473 -8.6501 41.1543
1298880474 -8.65013 41.1543
1298880475 -8.65016 41.1542
1298880476 -8.65018 41.1542
1298880478 -8.65019 41.1541
1298880479 -8.65021 41.1541
1298880480 -8.65025 41.154
1298880481 -8.6503 41.154
1298880482 -8.65033 41.1539
1298880483 -8.65035 41.1539
1298880484 -8.65034 41.1538
1298880485 -8.65031 41.1538
1298880486 -8.65028 41.1537
1298880487 -8.65023 41.1536
1298880488 -8.65019 41.1536
1298880489 -8.65014 41.1535
1298880490 -8.6501 41.1535
1298880491 -8.65005 41.1534
1298880492 -8.65 41.1534
1298880493 -8.64995 41.1533
1298880494 -8.6499 41.1532
1298880495 -8.64986 41.1532
1298880496 -8.64981 41.1531
1298880497 -8.64977 41.1531
1298880498 -8.64973 41.153
1298880499 -8.64968 41.1529
1298880500 -8.64963 41.1529
1298880501 -8.64957 41.1528
1298880502 -8.64951 41.1527
1298880503 -8.64945 41.1527
1298880504 -8.6494 41.1526
1298880505 -8.64933 41.1525
1298880506 -8.64928 41.1525
1298880507 -8.64924 41.1525
1298880508 -8.64922 41.1524
1298880509 -8.64921 41.1524
1298880510 -8.6492 41.1524
1298880511 -8.64921 41.1523
1298880512 -8.64923 41.1523
1298880513 -8.64926 41.1522
1298880514 -8.64931 41.1521
1298880515 -8.64934 41.1521
1298880516 -8.64938 41.152
1298880517 -8.6494 41.1519
1298880518 -8.64944 41.1518
1298880519 -8.64948 41.1517
1298880520 -8.64951 41.1516
1298880521 -8.64956 41.1516
1298880522 -8.6496 41.1515
1298880523 -8.64966 41.1514
1298880524 -8.64969 41.1513
1298880525 -8.64974 41.1513
1298880526 -8.64977 41.1512
1298880527 -8.64978 41.1512
1298880529 -8.64977 41.1511
1298880530 -8.64976 41.1511
1298880531 -8.64973 41.1511
1298880532 -8.6497 41.1511
1298880533 -8.64968 41.1511
1298880534 -8.64963 41.1511
1298880535 -8.64958 41.151
1298880536 -8.64951 41.151
1298880537 -8.64943 41.151
1298880538 -8.64936 41.1509
1298880539 -8.64929 41.1509
1298880540 -8.64921 41.1509
1298880541 -8.64913 41.1508
1298880542 -8.64906 41.1508
1298880543 -8.64904 41.1507
1298880544 -8.64903 41.1507
1298880545 -8.64903 41.1506
1298880546 -8.64903 41.1505
1298880548 -8.64904 41.1504
1298880550 -8.64903 41.1503
1298880551 -8.64903 41.1502
1298880552 -8.64902 41.1502
1298880553 -8.64902 41.1501
1298880554 -8.64904 41.15
1298880555 -8.64906 41.1499
1298880556 -8.64908 41.1499
1298880557 -8.64911 41.1498
1298880558 -8.64912 41.1497
1298880559 -8.64912 41.1496
1298880560 -8.64912 41.1495
1298880561 -8.6491 41.1494
1298880562 -8.64909 41.1493
1298880563 -8.64908 41.1492
1298880564 -8.64906 41.1491
1298880565 -8.64905 41.1491
1298880566 -8.64903 41.149
1298880567 -8.649 41.1489
1298880568 -8.64896 41.1488
1298880569 -8.64891 41.1487
1298880570 -8.64886 41.1487
1298880571 -8.6488 41.1486
1298880572 -8.64875 41.1485
1298880573 -8.6487 41.1485
1298880574 -8.64866 41.1484
1298880575 -8.64861 41.1484
1298880576 -8.64859 41.1483
1298880577 -8.64856 41.1483
1298880578 -8.64854 41.1483
1298880579 -8.64852 41.1483
1298880580 -8.6485 41.1483
1298880581 -8.64844 41.1482
1298880582 -8.64838 41.1482
1298880583 -8.64831 41.1483
1298880584 -8.64822 41.1483
1298880585 -8.64812 41.1483
1298880586 -8.64799 41.1483
1298880587 -8.64787 41.1484
1298880588 -8.64774 41.1484
1298880589 -8.6476 41.1484
1298880590 -8.64745 41.1484
1298880591 -8.6473 41.1484
1298880592 -8.64715 41.1484
1298880593 -8.64698 41.1485
1298880594 -8.64681 41.1485
1298880595 -8.64665 41.1485
1298880596 -8.64649 41.1485
1298880597 -8.64634 41.1484
1298880598 -8.64619 41.1484
1298880599 -8.64606 41.1484
1298880600 -8.64593 41.1484
1298880601 -8.64581 41.1484
1298880602 -8.64569 41.1484
1298880603 -8.64555 41.1484
1298880604 -8.64543 41.1483
1298880605 -8.64528 41.1483
1298880606 -8.64514 41.1483
1298880607 -8.645 41.1483
1298880608 -8.64487 41.1483
1298880609 -8.64473 41.1483
1298880610 -8.6446 41.1482
1298880611 -8.64446 41.1482
1298880612 -8.64431 41.1482
1298880613 -8.64416 41.1482
1298880614 -8.644 41.1482
1298880615 -8.64385 41.1481
1298880616 -8.6437 41.1481
1298880617 -8.64354 41.1481
1298880618 -8.64338 41.1481
1298880619 -8.64321 41.1481
1298880620 -8.64305 41.148
1298880621 -8.64289 41.148
1298880622 -8.64273 41.148
1298880623 -8.64256 41.148
1298880624 -8.6424 41.1481
1298880625 -8.64224 41.1481
1298880626 -8.64208 41.1481
1298880627 -8.64193 41.1481
1298880628 -8.64177 41.1482
1298880629 -8.64162 41.1482
1298880630 -8.64148 41.1482
1298880631 -8.64132 41.1483
1298880632 -8.64117 41.1483
1298880633 -8.64102 41.1483
1298880634 -8.64086 41.1484
1298880635 -8.64072 41.1484
1298880636 -8.64057 41.1484
1298880637 -8.64042 41.1485
1298880638 -8.64027 41.1485
1298880639 -8.64012 41.1485
1298880640 -8.63996 41.1485
1298880641 -8.6398 41.1485
1298880642 -8.63966 41.1485
1298880643 -8.63951 41.1485
1298880644 -8.63938 41.1485
1298880645 -8.63924 41.1485
1298880646 -8.63911 41.1485
1298880647 -8.63898 41.1485
1298880648 -8.63886 41.1484
1298880649 -8.63873 41.1484
1298880650 -8.6386 41.1484
1298880651 -8.63846 41.1484
1298880652 -8.63833 41.1484
1298880653 -8.63819 41.1484
1298880654 -8.63806 41.1484
1298880655 -8.63793 41.1484
1298880656 -8.6378 41.1484
1298880657 -8.63768 41.1484
1298880658 -8.63755 41.1484
1298880659 -8.63742 41.1484
1298880660 -8.63728 41.1483
1298880661 -8.63715 41.1483
1298880662 -8.63702 41.1483
1298880663 -8.63689 41.1483
1298880664 -8.63676 41.1483
1298880665 -8.63663 41.1483
1298880666 -8.6365 41.1482
1298880667 -8.63636 41.1482
1298880668 -8.63622 41.1482
1298880669 -8.63608 41.1482
1298880670 -8.63594 41.1481
1298880671 -8.63581 41.1481
1298880672 -8.63568 41.1481
1298880673 -8.63555 41.148
1298880674 -8.63542 41.148
1298880675 -8.63528 41.148
1298880676 -8.63515 41.1479
1298880677 -8.63501 41.1479
1298880678 -8.63488 41.1478
1298880679 -8.63475 41.1478
1298880680 -8.63463 41.1478
1298880681 -8.63451 41.1477
1298880682 -8.63438 41.1477
1298880683 -8.63428 41.1477
1298880684 -8.63416 41.1476
1298880685 -8.63405 41.1476
1298880686 -8.63393 41.1475
1298880687 -8.63383 41.1475
1298880688 -8.63372 41.1474
1298880689 -8.63361 41.1474
1298880690 -8.63351 41.1473
1298880691 -8.6334 41.1473
1298880692 -8.6333 41.1472
1298880693 -8.63321 41.1471
1298880694 -8.63314 41.1471
1298880695 -8.63312 41.1471
1298880696 -8.63311 41.1471
1298880705 -8.63313 41.1471
1298880706 -8.63313 41.147
1298880730 -8.63312 41.147
1298880731 -8.6331 41.147
1298880732 -8.63305 41.147
1298880733 -8.633 41.147
1298880734 -8.63294 41.1469
1298880735 -8.63288 41.1469
1298880736 -8.63281 41.1469
1298880737 -8.63272 41.1468
1298880738 -8.63263 41.1468
1298880739 -8.63252 41.1467
1298880740 -8.63242 41.1467
1298880741 -8.63232 41.1466
1298880742 -8.63222 41.1466
1298880743 -8.6321 41.1465
1298880744 -8.63199 41.1464
1298880745 -8.63187 41.1464
1298880746 -8.63176 41.1463
1298880747 -8.63163 41.1462
1298880748 -8.6315 41.1461
1298880749 -8.63137 41.146
1298880750 -8.63123 41.1459
1298880751 -8.63109 41.1458
1298880752 -8.63095 41.1457
1298880753 -8.6308 41.1456
1298880754 -8.63066 41.1455
1298880755 -8.63051 41.1454
1298880756 -8.63036 41.1453
1298880757 -8.6302 41.1452
1298880758 -8.63003 41.1451
1298880759 -8.62986 41.145
1298880760 -8.62968 41.145
1298880761 -8.6295 41.1449
1298880762 -8.62931 41.1448
1298880763 -8.62912 41.1448
1298880764 -8.62893 41.1447
1298880765 -8.62874 41.1447
1298880766 -8.62854 41.1447
1298880767 -8.62835 41.1446
1298880768 -8.62816 41.1446
1298880769 -8.62797 41.1446
1298880770 -8.62778 41.1446
1298880771 -8.6276 41.1446
1298880772 -8.62744 41.1446
1298880773 -8.62729 41.1447
1298880774 -8.62716 41.1447
1298880775 -8.62705 41.1447
1298880776 -8.62696 41.1447
1298880777 -8.62689 41.1447
1298880778 -8.62683 41.1447
1298880779 -8.62679 41.1447
1298880780 -8.62675 41.1447
1298880781 -8.62673 41.1447
1298880782 -8.6267 41.1447
1298880783 -8.62666 41.1447
1298880784 -8.62663 41.1447
1298880785 -8.62657 41.1447
1298880786 -8.62651 41.1447
1298880787 -8.62644 41.1447
1298880788 -8.62636 41.1447
1298880789 -8.62627 41.1447
1298880790 -8.62617 41.1448
1298880791 -8.62607 41.1448
1298880792 -8.62596 41.1448
1298880793 -8.62585 41.1448
1298880794 -8.62574 41.1448
1298880795 -8.62562 41.1448
1298880796 -8.62549 41.1448
1298880797 -8.62536 41.1448
1298880798 -8.62523 41.1448
1298880799 -8.6251 41.1447
1298880800 -8.62497 41.1447
1298880801 -8.62484 41.1447
1298880802 -8.62473 41.1446
1298880803 -8.6246 41.1446
1298880804 -8.62448 41.1445
1298880805 -8.62435 41.1445
1298880806 -8.62422 41.1445
1298880807 -8.6241 41.1444
1298880808 -8.62398 41.1444
1298880809 -8.62385 41.1444
1298880810 -8.62374 41.1443
1298880811 -8.62362 41.1443
1298880812 -8.6235 41.1442
1298880813 -8.6234 41.1442
1298880814 -8.62328 41.1442
1298880815 -8.62316 41.1441
1298880816 -8.62303 41.1441
1298880817 -8.62291 41.1441
1298880818 -8.62278 41.144
1298880819 -8.62265 41.144
1298880820 -8.62252 41.1439
1298880821 -8.6224 41.1439
1298880822 -8.62227 41.1438
1298880823 -8.62215 41.1438
1298880824 -8.62203 41.1437
1298880825 -8.6219 41.1437
1298880826 -8.62178 41.1436
1298880827 -8.62166 41.1436
1298880828 -8.62153 41.1435
1298880829 -8.62141 41.1435
1298880830 -8.62129 41.1434
1298880831 -8.62118 41.1433
1298880832 -8.62107 41.1432
1298880833 -8.62097 41.1431
1298880834 -8.62087 41.1431
1298880835 -8.62077 41.143
1298880836 -8.62067 41.1429
1298880837 -8.62057 41.1428
1298880838 -8.62047 41.1427
1298880839 -8.62037 41.1426
1298880840 -8.62026 41.1425
1298880841 -8.62016 41.1424
1298880842 -8.62005 41.1424
1298880843 -8.61992 41.1423
1298880844 -8.61981 41.1422
1298880845 -8.6197 41.1421
1298880846 -8.61958 41.1421
1298880847 -8.61946 41.142
1298880848 -8.61934 41.1419
1298880849 -8.61922 41.1418
1298880850 -8.6191 41.1417
1298880851 -8.61899 41.1417
1298880852 -8.61888 41.1416
1298880853 -8.61876 41.1415
1298880854 -8.61863 41.1414
1298880855 -8.61851 41.1414
1298880856 -8.61838 41.1413
1298880857 -8.61825 41.1413
1298880858 -8.61811 41.1412
1298880859 -8.61799 41.1411
1298880860 -8.61785 41.1411
1298880861 -8.61773 41.141
1298880862 -8.61759 41.141
1298880863 -8.61747 41.1409
1298880864 -8.61735 41.1409
1298880865 -8.61723 41.1408
1298880866 -8.61711 41.1407
1298880867 -8.61701 41.1407
1298880868 -8.61691 41.1406
1298880869 -8.61681 41.1406
1298880870 -8.61671 41.1406
1298880871 -8.61661 41.1405
1298880872 -8.61651 41.1405
1298880873 -8.61641 41.1405
1298880874 -8.61631 41.1405
1298880875 -8.6162 41.1405
1298880876 -8.6161 41.1405
1298880877 -8.616 41.1405
1298880878 -8.61591 41.1405
1298880879 -8.61581 41.1406
1298880880 -8.61573 41.1406
1298880881 -8.61565 41.1406
1298880882 -8.61557 41.1407
1298880883 -8.61549 41.1407
1298880884 -8.61542 41.1407
1298880885 -8.61534 41.1407
1298880886 -8.61526 41.1408
1298880887 -8.61518 41.1408
1298880888 -8.61511 41.1409
1298880889 -8.61503 41.1409
1298880890 -8.61494 41.1409
1298880891 -8.61485 41.1409
1298880892 -8.61476 41.141
1298880893 -8.61468 41.141
1298880894 -8.61459 41.141
1298880895 -8.61451 41.141
1298880896 -8.61442 41.1411
1298880897 -8.61433 41.1411
1298880898 -8.61425 41.1411
1298880899 -8.61418 41.1411
1298880900 -8.61412 41.1412
1298880901 -8.61408 41.1412
1298880902 -8.61405 41.1412
1298880903 -8.61403 41.1412
1298880905 -8.61402 41.1412
1298880908 -8.61402 41.1413
1298880910 -8.61401 41.1413
1298880911 -8.61398 41.1413
1298880912 -8.61395 41.1413
1298880913 -8.61391 41.1413
1298880914 -8.61388 41.1413
1298880915 -8.61386 41.1414
1298880916 -8.61383 41.1414
1298880917 -8.61382 41.1414
1298880925 -8.61384 41.1414
1298880929 -8.61385 41.1414
1298880930 -8.61385 41.1415
1298880943 -8.61386 41.1415
1298880949 -8.61387 41.1415
1298880955 -8.61388 41.1415
1298880980 -8.61389 41.1415
1298880983 -8.61388 41.1414
1298880984 -8.61387 41.1414
1298880994 -8.61377 41.1414
1298880995 -8.61364 41.1414
1298880996 -8.61359 41.1414
1298880997 -8.61357 41.1414
1298880998 -8.61355 41.1414
1298880999 -8.61352 41.1414
1298881002 -8.61353 41.1415
1298881003 -8.61354 41.1415
1298881004 -8.61355 41.1415
1298881005 -8.61355 41.1416
1298881007 -8.61356 41.1416
1298881008 -8.61358 41.1417
1298881011 -8.61357 41.1417
1298881017 -8.61359 41.1418
1298881019 -8.61361 41.1419
1298881020 -8.61362 41.1419
1298881021 -8.61363 41.1419
1298881022 -8.61364 41.142
1298881025 -8.61366 41.1421
1298881026 -8.61368 41.1421
1298881027 -8.61369 41.1422
1298881028 -8.6137 41.1422
1298881029 -8.61374 41.1422
1298881030 -8.61376 41.1423
1298881031 -8.61378 41.1423
1298881032 -8.61382 41.1424
1298881033 -8.61386 41.1424
1298881034 -8.6139 41.1424
1298881035 -8.61393 41.1425
1298881036 -8.61395 41.1425
1298881037 -8.61394 41.1426
1298881038 -8.61395 41.1426
1298881039 -8.61395 41.1427
1298881040 -8.61396 41.1427
1298881041 -8.61405 41.1427
1298881042 -8.61408 41.1428
1298881043 -8.61407 41.1428
1298881044 -8.61403 41.1429
1298881045 -8.61396 41.1429
1298881046 -8.6139 41.143
1298881047 -8.61384 41.143
1298881048 -8.61377 41.1431
1298881049 -8.6137 41.1431
1298881050 -8.61363 41.1432
1298881051 -8.61356 41.1432
1298881052 -8.61348 41.1433
1298881053 -8.61341 41.1434
1298881054 -8.61333 41.1434
1298881055 -8.61323 41.1435
1298881056 -8.61315 41.1435
1298881057 -8.61305 41.1436
1298881058 -8.61296 41.1437
1298881059 -8.61288 41.1437
1298881060 -8.6128 41.1438
1298881061 -8.61272 41.1439
1298881062 -8.61264 41.1439
1298881063 -8.61255 41.144
1298881064 -8.61248 41.144
1298881065 -8.6124 41.1441
1298881066 -8.61232 41.1441
1298881067 -8.61224 41.1442
1298881068 -8.61218 41.1442
1298881069 -8.61211 41.1443
1298881070 -8.61205 41.1443
1298881071 -8.61199 41.1444
1298881072 -8.61195 41.1444
1298881073 -8.6119 41.1444
1298881074 -8.61187 41.1445
1298881075 -8.61185 41.1445
1298881076 -8.61183 41.1445
1298881084 -8.61184 41.1445
1298881092 -8.61186 41.1445
1298881109 -8.61182 41.1445
1298881110 -8.61179 41.1445
1298881111 -8.61176 41.1446
1298881112 -8.61173 41.1446
1298881113 -8.6117 41.1446
1298881114 -8.61168 41.1446
1298881115 -8.61165 41.1447
1298881116 -8.61164 41.1447
1298881117 -8.61162 41.1447
1298881118 -8.61161 41.1447
1298881120 -8.61161 41.1448
1298881122 -8.61162 41.1448
1298881125 -8.61163 41.1448
1298881127 -8.61164 41.1448
1298881128 -8.61168 41.1448
1298881129 -8.61172 41.1448
1298881130 -8.61173 41.1449
1298881132 -8.61175 41.1449
1298881133 -8.61178 41.1449
1298881134 -8.61179 41.145
1298881135 -8.6118 41.145
1298881136 -8.61181 41.145
1298881137 -8.61183 41.1451
1298881138 -8.61186 41.1451
1298881139 -8.6119 41.1451
1298881140 -8.61194 41.1451
1298881141 -8.61198 41.1452
1298881142 -8.61205 41.1452
1298881143 -8.6121 41.1453
1298881144 -8.61209 41.1454
1298881145 -8.61211 41.1454
1298881146 -8.61216 41.1455
1298881147 -8.61219 41.1456
1298881148 -8.61221 41.1456
1298881149 -8.61224 41.1456
1298881150 -8.61223 41.1457
1298881151 -8.61224 41.1457
1298881152 -8.61225 41.1458
1298881153 -8.61226 41.1458
1298881154 -8.61227 41.1459
1298881156 -8.61225 41.1459
1298881157 -8.61224 41.1459
1298881158 -8.61224 41.146
1298881159 -8.61223 41.146
1298881160 -8.61221 41.146
1298881163 -8.61219 41.146
1298881177 -8.61218 41.146
1298881178 -8.61214 41.146
1298881179 -8.61209 41.146
1298881180 -8.61204 41.146
1298881181 -8.61196 41.146
1298881182 -8.61189 41.146
1298881183 -8.6118 41.1461
1298881184 -8.6117 41.1461
1298881185 -8.61162 41.1461
1298881186 -8.61155 41.1461
1298881187 -8.61148 41.1461
1298881188 -8.61143 41.1461
1298881189 -8.6114 41.1461
1298881190 -8.61138 41.1461
1298881191 -8.61136 41.1461
1298881193 -8.61135 41.1461
1298881200 -8.61135 41.1461
