:break:
1298880061 -8.63977 41.1597
1298880092 -8.63978 41.1597
1298880104 -8.63976 41.1597
1298880106 -8.63975 41.1597
1298880109 -8.63974 41.1597
1298880112 -8.63973 41.1597
1298880119 -8.63972 41.1597
1298880126 -8.63971 41.1597
1298880130 -8.63971 41.1598
1298880131 -8.6397 41.1598
1298880135 -8.63969 41.1598
1298880144 -8.63968 41.1598
1298880164 -8.63969 41.1597
1298880197 -8.63968 41.1597
1298880206 -8.63967 41.1597
1298880332 -8.63967 41.1598
1298880381 -8.6397 41.1597
1298880465 -8.63973 41.1596
1298880466 -8.63974 41.1596
1298880503 -8.6397 41.1596
1298880542 -8.63969 41.1596
1298880604 -8.63968 41.1596
1298880612 -8.63967 41.1596
1298880624 -8.63966 41.1596
1298880628 -8.63966 41.1597
1298880667 -8.63971 41.1596
1298880700 -8.63972 41.1596
1298880801 -8.63977 41.1596
1298880807 -8.63978 41.1596
1298880842 -8.63979 41.1597
1298880849 -8.63979 41.1596
1298880850 -8.6398 41.1596
1298880855 -8.63981 41.1596
1298880858 -8.63982 41.1596
1298880861 -8.63983 41.1596
1298880864 -8.63984 41.1596
1298880869 -8.63985 41.1596
1298880874 -8.63986 41.1596
1298880988 -8.63987 41.1596
1298881050 -8.63987 41.1597
1298881095 -8.63988 41.1596
1298881100 -8.63989 41.1596
1298881139 -8.6399 41.1596
1298881200 -8.63985 41.1596
