:break:
1298880073 -8.63176 41.1647
1298880074 -8.63185 41.1646
1298880075 -8.63194 41.1646
1298880076 -8.63201 41.1646
1298880077 -8.63208 41.1645
1298880078 -8.63213 41.1645
1298880079 -8.63216 41.1645
1298880080 -8.63219 41.1645
1298880081 -8.63222 41.1645
1298880082 -8.63224 41.1645
1298880084 -8.63225 41.1645
1298880086 -8.63225 41.1644
1298880087 -8.63226 41.1644
1298880089 -8.63228 41.1644
1298880090 -8.63229 41.1644
1298880091 -8.6323 41.1644
1298880092 -8.63231 41.1644
1298880111 -8.63231 41.1645
1298880121 -8.63232 41.1645
1298880164 -8.6323 41.1645
1298880198 -8.63232 41.1644
1298880199 -8.63233 41.1644
1298880200 -8.63235 41.1644
1298880201 -8.63236 41.1644
1298880202 -8.63236 41.1643
1298880203 -8.63239 41.1643
1298880204 -8.63244 41.1642
1298880205 -8.63252 41.1642
1298880206 -8.63263 41.1641
1298880207 -8.63275 41.1641
1298880208 -8.63288 41.164
1298880209 -8.63301 41.1639
1298880210 -8.63312 41.1639
1298880211 -8.63323 41.1638
1298880212 -8.63333 41.1638
1298880213 -8.63342 41.1638
1298880214 -8.6335 41.1637
1298880215 -8.63357 41.1637
1298880216 -8.63363 41.1636
1298880217 -8.63365 41.1636
1298880218 -8.63363 41.1635
1298880219 -8.63358 41.1634
1298880220 -8.63353 41.1634
1298880221 -8.63347 41.1633
1298880222 -8.63341 41.1632
1298880223 -8.63337 41.1631
1298880224 -8.63331 41.163
1298880225 -8.63325 41.163
1298880226 -8.6332 41.1629
1298880227 -8.63313 41.1628
1298880228 -8.63307 41.1627
1298880229 -8.63302 41.1626
1298880230 -8.63296 41.1626
1298880231 -8.63291 41.1625
1298880232 -8.63285 41.1624
1298880233 -8.6328 41.1623
1298880234 -8.63275 41.1623
1298880235 -8.63268 41.1622
1298880236 -8.63261 41.1621
1298880237 -8.63252 41.162
1298880238 -8.63242 41.1619
1298880239 -8.63232 41.1618
1298880240 -8.63222 41.1617
1298880241 -8.63213 41.1616
1298880242 -8.63203 41.1616
1298880243 -8.63193 41.1615
1298880244 -8.63182 41.1614
1298880245 -8.63173 41.1613
1298880246 -8.63166 41.1611
1298880247 -8.63158 41.161
1298880248 -8.63149 41.1609
1298880249 -8.63141 41.1608
1298880250 -8.63132 41.1607
1298880251 -8.63123 41.1606
1298880252 -8.63114 41.1604
1298880253 -8.63105 41.1603
1298880254 -8.63096 41.1602
1298880255 -8.63087 41.1601
1298880256 -8.63077 41.16
1298880257 -8.63068 41.1599
1298880258 -8.63061 41.1598
1298880259 -8.63055 41.1597
1298880260 -8.63047 41.1596
1298880261 -8.63041 41.1595
1298880262 -8.63035 41.1594
1298880263 -8.63029 41.1593
1298880264 -8.63024 41.1593
1298880265 -8.63021 41.1592
1298880266 -8.63018 41.1592
1298880267 -8.63016 41.1591
1298880268 -8.63015 41.1591
1298880274 -8.63017 41.1591
1298880280 -8.63018 41.1591
1298880284 -8.63014 41.1591
1298880285 -8.63011 41.159
1298880286 -8.63007 41.159
1298880287 -8.63004 41.1589
1298880288 -8.63 41.1589
1298880289 -8.62997 41.1589
1298880290 -8.62995 41.1588
1298880291 -8.62992 41.1588
1298880292 -8.6299 41.1587
1298880294 -8.62993 41.1586
1298880295 -8.62997 41.1586
1298880296 -8.63 41.1586
1298880297 -8.63005 41.1585
1298880298 -8.63007 41.1585
1298880299 -8.63011 41.1585
1298880300 -8.63013 41.1585
1298880301 -8.63014 41.1584
1298880302 -8.63015 41.1584
1298880304 -8.63016 41.1584
1298880305 -8.63017 41.1584
1298880306 -8.63019 41.1584
1298880307 -8.63021 41.1583
1298880308 -8.63023 41.1583
1298880309 -8.63024 41.1583
1298880310 -8.63026 41.1582
1298880311 -8.63028 41.1582
1298880312 -8.6303 41.1581
1298880313 -8.63032 41.1581
1298880314 -8.63033 41.158
1298880315 -8.63033 41.1579
1298880316 -8.63033 41.1578
1298880318 -8.63033 41.1577
1298880319 -8.63031 41.1577
1298880320 -8.63029 41.1576
1298880321 -8.63027 41.1575
1298880322 -8.63024 41.1575
1298880323 -8.63022 41.1574
1298880324 -8.63019 41.1574
1298880325 -8.63016 41.1574
1298880326 -8.63015 41.1573
1298880327 -8.63013 41.1573
1298880328 -8.63011 41.1573
1298880329 -8.63009 41.1573
1298880330 -8.63008 41.1573
1298880332 -8.63007 41.1573
1298880334 -8.63006 41.1573
1298880335 -8.63005 41.1573
1298880336 -8.63002 41.1573
1298880337 -8.62998 41.1572
1298880338 -8.62994 41.1572
1298880339 -8.62988 41.1571
1298880340 -8.62982 41.1571
1298880341 -8.62977 41.1571
1298880342 -8.6297 41.1571
1298880343 -8.62965 41.157
1298880344 -8.6296 41.157
1298880345 -8.62956 41.157
1298880346 -8.62953 41.157
1298880347 -8.62951 41.157
1298880351 -8.6295 41.157
1298880353 -8.62948 41.157
1298880354 -8.62945 41.157
1298880355 -8.6294 41.157
1298880356 -8.62935 41.157
1298880357 -8.62929 41.157
1298880358 -8.62923 41.157
1298880359 -8.62916 41.157
1298880360 -8.62908 41.157
1298880361 -8.62901 41.157
1298880362 -8.62897 41.157
1298880363 -8.62893 41.157
1298880364 -8.62889 41.157
1298880365 -8.62888 41.157
1298880366 -8.62887 41.157
1298880367 -8.62885 41.157
1298880368 -8.62884 41.157
1298880369 -8.62882 41.157
1298880370 -8.6288 41.157
1298880371 -8.62876 41.157
1298880372 -8.62871 41.157
1298880373 -8.62867 41.157
1298880374 -8.62861 41.157
1298880375 -8.62854 41.157
1298880376 -8.62849 41.1571
1298880377 -8.62844 41.1571
1298880378 -8.62842 41.1571
1298880379 -8.62841 41.1571
1298880380 -8.6284 41.1571
1298880387 -8.62843 41.1571
1298880390 -8.62845 41.1571
1298880391 -8.62846 41.1571
1298880392 -8.62847 41.1571
1298880393 -8.62848 41.1571
1298880395 -8.62851 41.1571
1298880396 -8.62852 41.157
1298880401 -8.62853 41.157
1298880404 -8.62855 41.157
1298880405 -8.62856 41.157
1298880406 -8.62857 41.157
1298880408 -8.62858 41.157
1298880409 -8.62859 41.157
1298880411 -8.6286 41.157
1298880418 -8.6286 41.1571
1298880421 -8.6286 41.1572
1298880422 -8.62861 41.1572
1298880424 -8.62863 41.1572
1298880425 -8.62865 41.1572
1298880426 -8.62866 41.1573
1298880427 -8.62867 41.1573
1298880428 -8.62868 41.1573
1298880430 -8.62869 41.1573
1298880431 -8.6287 41.1573
1298880433 -8.62871 41.1573
1298880438 -8.62872 41.1573
1298880462 -8.62871 41.1572
1298880466 -8.62872 41.1572
1298880468 -8.62873 41.1572
1298880469 -8.62874 41.1572
1298880470 -8.62875 41.1572
1298880471 -8.62876 41.1572
1298880473 -8.62878 41.1572
1298880474 -8.62879 41.1572
1298880475 -8.6288 41.1572
1298880476 -8.62881 41.1572
1298880477 -8.62883 41.1572
1298880478 -8.62884 41.1572
1298880480 -8.62885 41.1572
1298880481 -8.62886 41.1572
1298880482 -8.62886 41.1571
1298880483 -8.62887 41.1571
1298880492 -8.62888 41.1571
1298880503 -8.62885 41.1571
1298880504 -8.62884 41.1571
1298880506 -8.62883 41.1571
1298880508 -8.62882 41.1571
1298880510 -8.62881 41.1571
1298880514 -8.6288 41.1571
1298880521 -8.62877 41.1572
1298880534 -8.6287 41.1572
1298880536 -8.62869 41.1572
1298880537 -8.62868 41.1572
1298880545 -8.62867 41.1572
1298880546 -8.62866 41.1572
1298880548 -8.62864 41.1572
1298880551 -8.62862 41.1572
1298880557 -8.62859 41.1572
1298880560 -8.62858 41.1572
1298880562 -8.62859 41.1573
1298880567 -8.6286 41.1573
1298880578 -8.62861 41.1573
1298880589 -8.62858 41.1573
1298880593 -8.62858 41.1574
1298880598 -8.62857 41.1574
1298880599 -8.62856 41.1574
1298880600 -8.62855 41.1573
1298880601 -8.62854 41.1573
1298880602 -8.62853 41.1573
1298880603 -8.62852 41.1573
1298880607 -8.62851 41.1573
1298880609 -8.6285 41.1573
1298880610 -8.62849 41.1573
1298880628 -8.62856 41.1573
1298880632 -8.62862 41.1573
1298880633 -8.62863 41.1573
1298880634 -8.62865 41.1573
1298880637 -8.62864 41.1573
1298880677 -8.62874 41.1573
1298880678 -8.62877 41.1573
1298880679 -8.62878 41.1573
1298880680 -8.62879 41.1574
1298880681 -8.6288 41.1574
1298880682 -8.6288 41.1573
1298880692 -8.62881 41.1573
1298880694 -8.62882 41.1573
1298880697 -8.62883 41.1573
1298880698 -8.62883 41.1574
1298880700 -8.62884 41.1574
1298880701 -8.62885 41.1574
1298880717 -8.62882 41.1574
1298880719 -8.62881 41.1574
1298880728 -8.62878 41.1574
1298880730 -8.62877 41.1574
1298880732 -8.62876 41.1574
1298880753 -8.62876 41.1573
1298880754 -8.62875 41.1573
1298880755 -8.62873 41.1573
1298880777 -8.62864 41.1574
1298880778 -8.62863 41.1574
1298880780 -8.62862 41.1574
1298880797 -8.62861 41.1574
1298880799 -8.6286 41.1574
1298880800 -8.62859 41.1574
1298880822 -8.62857 41.1573
1298880877 -8.62849 41.1572
1298880886 -8.62851 41.1572
1298880887 -8.62852 41.1572
1298880892 -8.62853 41.1572
1298880894 -8.62854 41.1572
1298880896 -8.62855 41.1572
1298880898 -8.62856 41.1572
1298880904 -8.62857 41.1572
1298880953 -8.6285 41.1572
1298880990 -8.62857 41.1571
1298880991 -8.62856 41.1571
1298880996 -8.62855 41.1571
1298881000 -8.62854 41.1571
1298881001 -8.62853 41.1571
1298881014 -8.62858 41.1571
1298881015 -8.62859 41.1571
1298881018 -8.62861 41.1571
1298881026 -8.62863 41.1571
1298881027 -8.62864 41.1571
1298881028 -8.62865 41.1571
1298881029 -8.62866 41.1571
1298881033 -8.62868 41.1571
1298881037 -8.62869 41.1571
1298881040 -8.6287 41.1571
1298881044 -8.62871 41.1571
1298881048 -8.62872 41.1571
1298881156 -8.62852 41.1571
1298881200 -8.62875 41.1572
