:break:
1298880062 -8.6489 41.1486
1298880063 -8.64895 41.1486
1298880064 -8.64889 41.1486
1298880065 -8.64887 41.1486
1298880066 -8.64888 41.1486
1298880078 -8.64886 41.1486
1298880081 -8.64885 41.1486
1298880158 -8.64884 41.1486
1298880218 -8.64883 41.1486
1298880221 -8.64882 41.1486
1298880338 -8.64881 41.1486
1298880339 -8.6488 41.1486
1298880346 -8.64883 41.1485
1298880348 -8.64884 41.1485
1298880355 -8.64885 41.1485
1298880389 -8.64879 41.1486
1298880394 -8.64878 41.1486
1298880412 -8.64877 41.1486
1298880424 -8.64876 41.1486
1298880553 -8.64882 41.1485
1298880699 -8.64886 41.1485
1298880806 -8.64887 41.1485
1298880975 -8.6488 41.1485
1298880978 -8.64879 41.1485
1298880995 -8.64881 41.1485
1298881200 -8.64887 41.1485
