:break:
1298880205 -8.6728 41.1489
1298880212 -8.67281 41.1489
1298880241 -8.67279 41.1489
1298880268 -8.67278 41.1489
1298880331 -8.67282 41.1489
1298880361 -8.67282 41.1488
1298880370 -8.67281 41.1488
1298880374 -8.6728 41.1488
1298880376 -8.67279 41.1488
1298880401 -8.67278 41.1488
1298880405 -8.67277 41.1488
1298880407 -8.67276 41.1488
1298880409 -8.67275 41.1488
1298880410 -8.67274 41.1488
1298880413 -8.67273 41.1488
1298880416 -8.67272 41.1488
1298880431 -8.67271 41.1488
1298880475 -8.67272 41.1489
1298880506 -8.67273 41.1489
1298880532 -8.67274 41.1489
1298880536 -8.67275 41.1489
1298880555 -8.67277 41.1489
1298880625 -8.67276 41.1489
1298880658 -8.67271 41.1489
1298880664 -8.6727 41.1489
1298880671 -8.67269 41.1489
1298880962 -8.6727 41.1488
1298881091 -8.67269 41.1488
1298881101 -8.67268 41.1489
1298881104 -8.67267 41.1489
1298881109 -8.67266 41.1489
1298881113 -8.67265 41.1489
1298881170 -8.67268 41.1488
1298881172 -8.67267 41.1488
1298881174 -8.67266 41.1488
1298881176 -8.67265 41.1488
1298881179 -8.67264 41.1488
1298881200 -8.67269 41.1489
