:break:
1298880063 -8.6133 41.1668
1298880065 -8.61329 41.1668
1298880112 -8.61331 41.1668
1298880141 -8.61332 41.1668
1298880158 -8.61333 41.1668
1298880160 -8.61334 41.1667
1298880161 -8.61335 41.1667
1298880164 -8.61332 41.1666
1298880165 -8.61328 41.1666
1298880166 -8.61324 41.1666
1298880167 -8.6132 41.1666
1298880168 -8.61313 41.1665
1298880169 -8.61305 41.1665
1298880170 -8.61299 41.1665
1298880171 -8.61292 41.1665
1298880172 -8.61286 41.1665
1298880173 -8.61278 41.1665
1298880174 -8.61272 41.1665
1298880175 -8.61267 41.1665
1298880176 -8.61261 41.1664
1298880177 -8.61256 41.1664
1298880178 -8.61251 41.1664
1298880179 -8.61244 41.1664
1298880180 -8.61238 41.1664
1298880181 -8.61233 41.1664
1298880182 -8.61228 41.1664
1298880183 -8.61225 41.1664
1298880184 -8.61223 41.1664
1298880185 -8.61221 41.1664
1298880186 -8.6122 41.1664
1298880187 -8.61219 41.1664
1298880188 -8.61218 41.1664
1298880189 -8.61217 41.1663
1298880190 -8.61216 41.1663
1298880191 -8.61215 41.1663
1298880192 -8.61214 41.1663
1298880193 -8.61214 41.1662
1298880194 -8.61213 41.1662
1298880195 -8.61211 41.1662
1298880196 -8.6121 41.1661
1298880198 -8.61209 41.1661
1298880199 -8.61208 41.1661
1298880200 -8.61207 41.1661
1298880201 -8.61205 41.166
1298880202 -8.61204 41.166
1298880203 -8.61202 41.166
1298880204 -8.61199 41.1659
1298880205 -8.61196 41.1659
1298880206 -8.61195 41.1658
1298880207 -8.61193 41.1658
1298880208 -8.61191 41.1657
1298880209 -8.61189 41.1657
1298880210 -8.61187 41.1656
1298880212 -8.61185 41.1656
1298880214 -8.61184 41.1656
1298880221 -8.61186 41.1656
1298880227 -8.61187 41.1655
1298880234 -8.61188 41.1655
1298880252 -8.61186 41.1655
1298880253 -8.61184 41.1655
1298880254 -8.61182 41.1655
1298880255 -8.6118 41.1654
1298880256 -8.61178 41.1654
1298880257 -8.61177 41.1654
1298880258 -8.61175 41.1653
1298880259 -8.61172 41.1653
1298880260 -8.6117 41.1653
1298880261 -8.61165 41.1652
1298880262 -8.61161 41.1652
1298880263 -8.61157 41.1651
1298880264 -8.61151 41.1651
1298880265 -8.61142 41.165
1298880266 -8.61134 41.165
1298880267 -8.61129 41.1649
1298880268 -8.61123 41.1649
1298880269 -8.61117 41.1648
1298880270 -8.61112 41.1648
1298880271 -8.61106 41.1647
1298880272 -8.61102 41.1646
1298880273 -8.61098 41.1646
1298880274 -8.61095 41.1645
1298880275 -8.61095 41.1644
1298880276 -8.61096 41.1643
1298880277 -8.61097 41.1643
1298880278 -8.61098 41.1642
1298880279 -8.61099 41.1641
1298880280 -8.61101 41.164
1298880281 -8.61103 41.1639
1298880283 -8.61104 41.1638
1298880284 -8.61105 41.1637
1298880285 -8.61106 41.1637
1298880286 -8.61106 41.1636
1298880287 -8.61106 41.1635
1298880288 -8.61106 41.1634
1298880289 -8.61107 41.1634
1298880290 -8.61108 41.1633
1298880291 -8.61109 41.1632
1298880292 -8.61109 41.1631
1298880293 -8.61111 41.163
1298880294 -8.61112 41.163
1298880297 -8.61112 41.1629
1298880299 -8.61113 41.1629
1298880303 -8.61114 41.1629
1298880307 -8.61115 41.1629
1298880340 -8.61113 41.163
1298880350 -8.61115 41.1628
1298880351 -8.61117 41.1628
1298880352 -8.61121 41.1628
1298880353 -8.61126 41.1628
1298880354 -8.61134 41.1628
1298880355 -8.61143 41.1628
1298880356 -8.61153 41.1628
1298880357 -8.61164 41.1628
1298880358 -8.61176 41.1628
1298880359 -8.61187 41.1628
1298880360 -8.61198 41.1629
1298880361 -8.6121 41.1629
1298880362 -8.6122 41.1629
1298880363 -8.6123 41.1629
1298880364 -8.61238 41.1629
1298880365 -8.61246 41.1629
1298880366 -8.61251 41.1629
1298880367 -8.61257 41.163
1298880368 -8.6126 41.163
1298880369 -8.61261 41.163
1298880370 -8.61261 41.1631
1298880371 -8.6126 41.1631
1298880372 -8.6126 41.1632
1298880384 -8.61261 41.1632
1298880386 -8.61262 41.1632
1298880390 -8.61263 41.1632
1298880393 -8.61264 41.1632
1298880395 -8.61265 41.1632
1298880398 -8.61266 41.1632
1298880406 -8.61267 41.1632
1298880426 -8.61267 41.1633
1298880428 -8.61266 41.1634
1298880429 -8.61265 41.1634
1298880430 -8.61264 41.1635
1298880431 -8.61263 41.1635
1298880432 -8.61264 41.1636
1298880434 -8.61262 41.1637
1298880435 -8.61261 41.1637
1298880436 -8.61259 41.1638
1298880437 -8.61253 41.1639
1298880438 -8.61252 41.1639
1298880439 -8.61253 41.164
1298880440 -8.61255 41.164
1298880441 -8.61258 41.1641
1298880442 -8.61262 41.1641
1298880443 -8.61269 41.1641
1298880444 -8.61276 41.1641
1298880445 -8.61285 41.1641
1298880446 -8.61293 41.1641
1298880447 -8.61302 41.1641
1298880448 -8.61311 41.1641
1298880449 -8.61321 41.1641
1298880450 -8.61329 41.1641
1298880451 -8.61338 41.1642
1298880452 -8.61346 41.1642
1298880453 -8.61355 41.1642
1298880454 -8.61363 41.1642
1298880455 -8.61369 41.1642
1298880456 -8.61376 41.1642
1298880457 -8.6138 41.1642
1298880458 -8.61382 41.1642
1298880459 -8.61384 41.1642
1298880460 -8.61385 41.1642
1298880462 -8.61386 41.1642
1298880464 -8.61388 41.1642
1298880465 -8.61391 41.1642
1298880466 -8.61392 41.1642
1298880467 -8.61392 41.1641
1298880469 -8.61391 41.1641
1298880470 -8.61392 41.164
1298880471 -8.61394 41.164
1298880472 -8.61396 41.1639
1298880473 -8.61399 41.1639
1298880474 -8.61401 41.1639
1298880475 -8.61402 41.1638
1298880476 -8.61403 41.1638
1298880477 -8.61405 41.1637
1298880478 -8.61406 41.1637
1298880479 -8.61407 41.1636
1298880480 -8.61408 41.1636
1298880481 -8.6141 41.1636
1298880482 -8.61411 41.1635
1298880483 -8.61412 41.1635
1298880485 -8.61413 41.1635
1298880487 -8.61414 41.1635
1298880490 -8.61415 41.1634
1298880492 -8.61416 41.1634
1298880494 -8.61417 41.1634
1298880496 -8.61418 41.1634
1298880500 -8.61419 41.1634
1298880502 -8.6142 41.1634
1298880506 -8.61421 41.1634
1298880511 -8.61422 41.1634
1298880548 -8.61422 41.1633
1298880551 -8.61423 41.1633
1298880552 -8.61424 41.1632
1298880553 -8.61426 41.1632
1298880554 -8.61429 41.1632
1298880555 -8.61432 41.1631
1298880556 -8.61437 41.1631
1298880557 -8.61444 41.1631
1298880558 -8.61452 41.1631
1298880559 -8.61462 41.1632
1298880560 -8.61474 41.1632
1298880561 -8.61486 41.1632
1298880562 -8.61499 41.1632
1298880563 -8.61511 41.1632
1298880564 -8.61522 41.1632
1298880565 -8.61534 41.1633
1298880566 -8.61547 41.1633
1298880567 -8.6156 41.1633
1298880568 -8.61575 41.1633
1298880569 -8.61589 41.1634
1298880570 -8.61602 41.1634
1298880571 -8.61618 41.1634
1298880572 -8.61634 41.1634
1298880573 -8.61651 41.1634
1298880574 -8.61667 41.1635
1298880575 -8.61683 41.1635
1298880576 -8.617 41.1635
1298880577 -8.61716 41.1635
1298880578 -8.61731 41.1635
1298880579 -8.61747 41.1635
1298880580 -8.61763 41.1636
1298880581 -8.61779 41.1636
1298880582 -8.61794 41.1636
1298880583 -8.61809 41.1636
1298880584 -8.61823 41.1636
1298880585 -8.61836 41.1636
1298880586 -8.61851 41.1636
1298880587 -8.61865 41.1637
1298880588 -8.6188 41.1637
1298880589 -8.61894 41.1637
1298880590 -8.61908 41.1637
1298880591 -8.61922 41.1637
1298880592 -8.61935 41.1638
1298880593 -8.61949 41.1638
1298880594 -8.61962 41.1638
1298880595 -8.61975 41.1638
1298880596 -8.61989 41.1638
1298880597 -8.62001 41.1638
1298880598 -8.62014 41.1638
1298880599 -8.62025 41.1638
1298880600 -8.62037 41.1639
1298880601 -8.62046 41.1639
1298880602 -8.62054 41.1639
1298880603 -8.6206 41.1639
1298880604 -8.62066 41.1639
1298880605 -8.62069 41.1639
1298880606 -8.62071 41.1639
1298880607 -8.62073 41.1639
1298880608 -8.62074 41.1639
1298880613 -8.62075 41.1639
1298880614 -8.62076 41.1639
1298880615 -8.62077 41.1639
1298880616 -8.62078 41.1639
1298880617 -8.62078 41.1638
1298880618 -8.62079 41.1638
1298880619 -8.62079 41.1637
1298880620 -8.6208 41.1637
1298880621 -8.6208 41.1636
1298880622 -8.62081 41.1636
1298880623 -8.62082 41.1635
1298880624 -8.62083 41.1634
1298880625 -8.62084 41.1633
1298880627 -8.62085 41.1632
1298880628 -8.62085 41.1631
1298880629 -8.62087 41.163
1298880630 -8.62087 41.1629
1298880631 -8.62089 41.1628
1298880632 -8.6209 41.1627
1298880633 -8.62092 41.1626
1298880634 -8.62093 41.1625
1298880635 -8.62094 41.1625
1298880636 -8.62095 41.1624
1298880637 -8.62096 41.1623
1298880638 -8.62097 41.1623
1298880639 -8.62099 41.1622
1298880640 -8.621 41.1621
1298880642 -8.62101 41.162
1298880645 -8.62101 41.1619
1298880646 -8.62103 41.1619
1298880647 -8.62106 41.1618
1298880650 -8.62105 41.1617
1298880651 -8.62106 41.1617
1298880652 -8.62106 41.1616
1298880654 -8.62106 41.1615
1298880655 -8.62107 41.1614
1298880656 -8.62108 41.1614
1298880657 -8.62109 41.1613
1298880658 -8.6211 41.1612
1298880659 -8.62111 41.1612
1298880660 -8.62112 41.1611
1298880662 -8.62113 41.1611
1298880663 -8.62113 41.161
1298880664 -8.62114 41.161
1298880665 -8.62115 41.161
1298880666 -8.62115 41.1609
1298880668 -8.62116 41.1608
1298880669 -8.62117 41.1608
1298880670 -8.62118 41.1607
1298880671 -8.62119 41.1607
1298880673 -8.6212 41.1606
1298880674 -8.62122 41.1606
1298880675 -8.62123 41.1606
1298880676 -8.62125 41.1605
1298880677 -8.6213 41.1605
1298880678 -8.62136 41.1605
1298880679 -8.62143 41.1605
1298880680 -8.62151 41.1605
1298880681 -8.62157 41.1605
1298880682 -8.62162 41.1605
1298880683 -8.62167 41.1605
1298880684 -8.62173 41.1605
1298880685 -8.62178 41.1605
1298880686 -8.62186 41.1604
1298880687 -8.62194 41.1604
1298880688 -8.62202 41.1604
1298880689 -8.62212 41.1605
1298880690 -8.62221 41.1605
1298880691 -8.6223 41.1605
1298880692 -8.62238 41.1605
1298880693 -8.62246 41.1605
1298880694 -8.62255 41.1605
1298880695 -8.62266 41.1605
1298880696 -8.62276 41.1604
1298880697 -8.62287 41.1604
1298880698 -8.62299 41.1604
1298880699 -8.62311 41.1603
1298880700 -8.62323 41.1603
1298880701 -8.62336 41.1603
1298880702 -8.62349 41.1602
1298880703 -8.62362 41.1602
1298880704 -8.62375 41.1602
1298880705 -8.62387 41.1601
1298880706 -8.62399 41.1601
1298880707 -8.62411 41.16
1298880708 -8.6242 41.16
1298880709 -8.6243 41.16
1298880710 -8.62437 41.16
1298880711 -8.62441 41.1599
1298880712 -8.62444 41.1599
1298880713 -8.62446 41.1599
1298880724 -8.62445 41.1599
1298880733 -8.62443 41.1599
1298880735 -8.62442 41.1599
1298880738 -8.62441 41.16
1298880739 -8.6244 41.16
1298880747 -8.62449 41.1599
1298880748 -8.62454 41.1599
1298880749 -8.62459 41.1599
1298880750 -8.62464 41.1599
1298880751 -8.62466 41.1599
1298880753 -8.62467 41.1599
1298880754 -8.62468 41.1599
1298880756 -8.62469 41.1599
1298880762 -8.6247 41.1599
1298880765 -8.62471 41.1598
1298880766 -8.62472 41.1598
1298880768 -8.62471 41.1597
1298880769 -8.6247 41.1597
1298880770 -8.6247 41.1596
1298880771 -8.62468 41.1595
1298880772 -8.62466 41.1595
1298880773 -8.62464 41.1594
1298880774 -8.62459 41.1593
1298880775 -8.62455 41.1592
1298880776 -8.62448 41.1592
1298880777 -8.62439 41.1591
1298880778 -8.62431 41.1591
1298880779 -8.62422 41.159
1298880780 -8.62413 41.1589
1298880781 -8.62402 41.1589
1298880782 -8.62392 41.1588
1298880783 -8.62381 41.1588
1298880784 -8.6237 41.1587
1298880785 -8.62358 41.1587
1298880786 -8.62348 41.1586
1298880787 -8.62338 41.1586
1298880788 -8.62328 41.1585
1298880789 -8.62319 41.1584
1298880790 -8.62309 41.1584
1298880791 -8.623 41.1583
1298880792 -8.6229 41.1583
1298880793 -8.62281 41.1582
1298880794 -8.62272 41.1582
1298880795 -8.62264 41.1581
1298880796 -8.62256 41.1581
1298880797 -8.62249 41.1581
1298880798 -8.62243 41.158
1298880799 -8.6224 41.158
1298880800 -8.62241 41.1579
1298880802 -8.62242 41.1578
1298880803 -8.62244 41.1578
1298880804 -8.62246 41.1577
1298880805 -8.62247 41.1576
1298880806 -8.62248 41.1576
1298880807 -8.6225 41.1575
1298880809 -8.6225 41.1574
1298880813 -8.62251 41.1574
1298880814 -8.62253 41.1574
1298880816 -8.62254 41.1574
1298880817 -8.62255 41.1574
1298880820 -8.62256 41.1574
1298880824 -8.62253 41.1573
1298880827 -8.62254 41.1573
1298880828 -8.62255 41.1573
1298880829 -8.62256 41.1573
1298880830 -8.62257 41.1573
1298880831 -8.62259 41.1573
1298880832 -8.6226 41.1573
1298880833 -8.62261 41.1573
1298880834 -8.62262 41.1572
1298880835 -8.62264 41.1572
1298880836 -8.62266 41.1572
1298880837 -8.62268 41.1571
1298880838 -8.62272 41.1571
1298880839 -8.62272 41.157
1298880840 -8.62273 41.1569
1298880841 -8.62276 41.1569
1298880842 -8.62278 41.1568
1298880843 -8.62281 41.1567
1298880844 -8.62284 41.1567
1298880845 -8.62286 41.1566
1298880846 -8.62287 41.1566
1298880847 -8.62289 41.1565
1298880848 -8.62291 41.1565
1298880849 -8.62293 41.1564
1298880850 -8.62294 41.1564
1298880851 -8.62296 41.1563
1298880852 -8.62297 41.1563
1298880853 -8.62299 41.1563
1298880854 -8.623 41.1562
1298880855 -8.62301 41.1562
1298880857 -8.62302 41.1561
1298880858 -8.62303 41.1561
1298880859 -8.62305 41.156
1298880860 -8.62306 41.156
1298880861 -8.62307 41.1559
1298880864 -8.62306 41.1558
1298880865 -8.62305 41.1558
1298880866 -8.62303 41.1558
1298880867 -8.62301 41.1558
1298880868 -8.62297 41.1558
1298880869 -8.62294 41.1558
1298880870 -8.6229 41.1558
1298880871 -8.62285 41.1558
1298880872 -8.62279 41.1558
1298880873 -8.62273 41.1558
1298880874 -8.62265 41.1558
1298880875 -8.62257 41.1558
1298880876 -8.62249 41.1558
1298880877 -8.6224 41.1558
1298880878 -8.6223 41.1559
1298880879 -8.6222 41.1559
1298880880 -8.62211 41.1559
1298880881 -8.62203 41.1559
1298880882 -8.62196 41.1559
1298880883 -8.62191 41.156
1298880884 -8.62185 41.156
1298880885 -8.62178 41.156
1298880886 -8.62172 41.156
1298880887 -8.62166 41.156
1298880888 -8.6216 41.156
1298880889 -8.62156 41.156
1298880890 -8.62151 41.156
1298880891 -8.62148 41.156
1298880892 -8.62144 41.1559
1298880893 -8.62141 41.1559
1298880894 -8.6214 41.1559
1298880895 -8.62139 41.1559
1298880913 -8.62136 41.1559
1298880914 -8.62133 41.1559
1298880915 -8.62129 41.1558
1298880916 -8.62124 41.1558
1298880917 -8.62121 41.1558
1298880918 -8.62116 41.1557
1298880919 -8.62114 41.1557
1298880920 -8.62112 41.1557
1298880921 -8.6211 41.1557
1298880923 -8.62109 41.1557
1298880924 -8.62107 41.1557
1298880925 -8.62106 41.1557
1298880926 -8.62103 41.1556
1298880927 -8.62101 41.1556
1298880928 -8.62099 41.1556
1298880929 -8.62098 41.1556
1298880930 -8.62096 41.1556
1298880931 -8.62094 41.1555
1298880932 -8.62093 41.1555
1298880933 -8.62092 41.1554
1298880934 -8.62091 41.1554
1298880935 -8.62091 41.1553
1298880937 -8.62092 41.1552
1298880938 -8.62093 41.1551
1298880939 -8.62093 41.155
1298880940 -8.62094 41.1549
1298880941 -8.62095 41.1548
1298880942 -8.62096 41.1547
1298880944 -8.62097 41.1546
1298880945 -8.62098 41.1545
1298880946 -8.62099 41.1544
1298880947 -8.621 41.1543
1298880948 -8.62101 41.1542
1298880949 -8.62102 41.1541
1298880950 -8.62103 41.1541
1298880951 -8.62104 41.154
1298880953 -8.62103 41.154
1298880954 -8.62101 41.154
1298880955 -8.621 41.154
1298880956 -8.62099 41.154
1298880957 -8.62098 41.154
1298880962 -8.62102 41.154
1298880973 -8.62101 41.1541
1298881034 -8.621 41.1541
1298881064 -8.62099 41.1541
1298881071 -8.62098 41.1541
1298881117 -8.62104 41.1541
1298881121 -8.62105 41.1541
1298881122 -8.62106 41.1541
1298881126 -8.62107 41.1541
1298881128 -8.62108 41.1541
1298881130 -8.62109 41.1541
1298881131 -8.6211 41.1541
1298881133 -8.62111 41.1541
1298881139 -8.62112 41.1541
1298881140 -8.62113 41.1541
1298881200 -8.621 41.1541
