:break:
1298880691 -8.59308 41.1493
1298880692 -8.59312 41.1493
1298880693 -8.59313 41.1493
:break:
1298880697 -8.59332 41.1493
1298880698 -8.59339 41.1493
1298880699 -8.59344 41.1493
1298880700 -8.59351 41.1493
:break:
1298880702 -8.59356 41.1493
1298880703 -8.59369 41.1493
1298880704 -8.5937 41.1492
1298880705 -8.59371 41.1492
1298880707 -8.59371 41.1493
1298880708 -8.59378 41.1492
1298880710 -8.59374 41.1492
1298880711 -8.59372 41.1492
1298880713 -8.59369 41.1492
1298880714 -8.59372 41.1491
1298880715 -8.5937 41.149
1298880716 -8.59368 41.149
1298880717 -8.59364 41.1489
1298880718 -8.59361 41.1489
1298880719 -8.59359 41.1489
1298880720 -8.59354 41.1488
1298880721 -8.59347 41.1488
1298880722 -8.59341 41.1489
1298880723 -8.59338 41.1488
:break:
1298880727 -8.59324 41.1486
1298880728 -8.59321 41.1485
1298880729 -8.59323 41.1484
1298880730 -8.59322 41.1483
1298880731 -8.5932 41.1482
1298880732 -8.59318 41.1481
1298880733 -8.59317 41.148
1298880734 -8.59317 41.1479
1298880735 -8.59316 41.1478
1298880736 -8.59315 41.1477
1298880737 -8.59313 41.1476
1298880738 -8.59312 41.1476
1298880739 -8.59309 41.1475
1298880740 -8.59307 41.1474
1298880741 -8.59307 41.1473
1298880742 -8.59304 41.1473
1298880743 -8.59302 41.1472
1298880744 -8.59299 41.1471
1298880745 -8.59298 41.1471
1298880746 -8.59296 41.147
1298880747 -8.59294 41.1469
1298880748 -8.5929 41.1469
1298880749 -8.59289 41.1469
1298880750 -8.59289 41.1468
1298880751 -8.59291 41.1468
1298880753 -8.59293 41.1467
1298880757 -8.59295 41.1466
:break:
1298880760 -8.59287 41.1466
1298880761 -8.59282 41.1465
1298880762 -8.59281 41.1465
1298880764 -8.5928 41.1464
1298880765 -8.59285 41.1465
1298880769 -8.59284 41.1464
1298880770 -8.59285 41.1464
1298880771 -8.59286 41.1464
1298880772 -8.59298 41.1467
1298880775 -8.59299 41.1467
1298880776 -8.593 41.1467
1298880777 -8.59301 41.1466
1298880780 -8.59302 41.1466
1298880782 -8.59303 41.1467
1298880784 -8.59302 41.1467
1298880787 -8.59301 41.1467
1298880794 -8.593 41.1466
1298880796 -8.59299 41.1466
1298880797 -8.59298 41.1466
1298880798 -8.59297 41.1466
1298880799 -8.59296 41.1466
1298880800 -8.59294 41.1466
1298880801 -8.59289 41.1465
1298880803 -8.59274 41.1465
1298880804 -8.59267 41.1465
1298880805 -8.5926 41.1465
1298880806 -8.59253 41.1465
1298880807 -8.59244 41.1465
1298880808 -8.59234 41.1465
1298880809 -8.59226 41.1466
1298880810 -8.59217 41.1466
1298880811 -8.5921 41.1466
1298880812 -8.59203 41.1465
1298880813 -8.59198 41.1465
1298880814 -8.5919 41.1465
1298880815 -8.59181 41.1465
1298880816 -8.59171 41.1465
1298880817 -8.59158 41.1465
1298880818 -8.59149 41.1465
1298880819 -8.59139 41.1465
1298880820 -8.59125 41.1466
1298880821 -8.59111 41.1467
1298880822 -8.59099 41.1467
1298880823 -8.5909 41.1467
1298880824 -8.59081 41.1467
1298880825 -8.59073 41.1467
1298880826 -8.59064 41.1467
1298880827 -8.59055 41.1467
1298880828 -8.59046 41.1468
1298880829 -8.59037 41.1468
1298880830 -8.59028 41.1468
1298880831 -8.59018 41.1469
1298880832 -8.59011 41.1469
1298880833 -8.59003 41.1469
1298880834 -8.58994 41.147
1298880835 -8.58986 41.147
1298880836 -8.58974 41.147
1298880837 -8.58965 41.147
1298880838 -8.58955 41.147
1298880839 -8.58946 41.1471
1298880840 -8.58935 41.1471
1298880841 -8.58927 41.1471
1298880842 -8.5892 41.1471
1298880843 -8.58916 41.1471
1298880844 -8.58913 41.1472
1298880845 -8.5891 41.1472
1298880846 -8.58908 41.1472
1298880847 -8.58905 41.1473
1298880848 -8.58901 41.1474
1298880849 -8.58899 41.1474
1298880850 -8.58895 41.1475
1298880851 -8.58892 41.1476
1298880852 -8.58889 41.1476
1298880853 -8.58885 41.1477
1298880854 -8.58877 41.1478
1298880855 -8.58874 41.1479
1298880856 -8.58871 41.148
1298880857 -8.58867 41.1481
1298880858 -8.58865 41.1481
1298880859 -8.58861 41.1482
1298880860 -8.58857 41.1483
1298880861 -8.58855 41.1483
1298880862 -8.58851 41.1484
1298880863 -8.58848 41.1485
1298880864 -8.58844 41.1485
1298880865 -8.58841 41.1486
1298880866 -8.58839 41.1487
1298880867 -8.58837 41.1487
1298880868 -8.58834 41.1488
1298880869 -8.58831 41.1489
1298880870 -8.58828 41.1489
1298880871 -8.58824 41.149
1298880872 -8.58821 41.1491
1298880873 -8.58819 41.1491
1298880874 -8.58815 41.1492
1298880875 -8.58813 41.1492
1298880876 -8.58811 41.1492
1298880877 -8.58807 41.1492
1298880878 -8.58803 41.1493
1298880879 -8.58798 41.1493
1298880880 -8.58793 41.1493
1298880881 -8.58786 41.1492
1298880882 -8.58778 41.1492
1298880883 -8.58769 41.1492
1298880884 -8.58758 41.1492
1298880885 -8.58747 41.1491
1298880886 -8.58733 41.1491
1298880887 -8.5872 41.1491
1298880888 -8.58707 41.149
1298880889 -8.58694 41.149
1298880890 -8.58683 41.1489
1298880891 -8.58672 41.1489
1298880892 -8.58662 41.1489
1298880893 -8.58655 41.1489
1298880894 -8.58649 41.1489
1298880895 -8.58643 41.1488
1298880896 -8.58637 41.1488
1298880897 -8.58631 41.1488
1298880898 -8.58624 41.1488
1298880899 -8.5862 41.1488
1298880900 -8.58617 41.1488
1298880901 -8.58615 41.1488
1298880902 -8.58614 41.1488
1298880905 -8.58612 41.1488
1298880906 -8.5861 41.1488
1298880907 -8.58607 41.1488
1298880908 -8.58605 41.1488
1298880909 -8.58602 41.1488
1298880910 -8.586 41.1488
1298880912 -8.58599 41.1488
1298880913 -8.58598 41.1488
1298880915 -8.58597 41.1488
1298880916 -8.58596 41.1488
1298880917 -8.58593 41.1488
1298880918 -8.58591 41.1488
1298880919 -8.58587 41.1488
1298880920 -8.58584 41.1488
1298880921 -8.58581 41.1488
1298880922 -8.58578 41.1488
1298880923 -8.58576 41.1488
1298880924 -8.58574 41.1488
1298880925 -8.58572 41.1488
1298880926 -8.58571 41.1488
1298880927 -8.5857 41.1488
1298880929 -8.58569 41.1488
1298880942 -8.58568 41.1489
1298880946 -8.58571 41.149
1298880947 -8.58574 41.149
1298880948 -8.58577 41.149
1298880949 -8.58578 41.1489
1298880950 -8.58579 41.1489
1298880951 -8.5858 41.1489
1298880953 -8.58581 41.1489
1298880960 -8.58582 41.1489
1298880967 -8.58583 41.1489
1298880984 -8.58583 41.1488
1298880986 -8.58582 41.1488
1298881005 -8.5858 41.1488
1298881058 -8.58584 41.1489
1298881200 -8.58583 41.1489
