:break:
1298880031 -8.60693 41.1466
1298880032 -8.60692 41.1466
1298880039 -8.60693 41.1467
1298880040 -8.60694 41.1467
1298880055 -8.60695 41.1467
1298880059 -8.6069 41.1468
1298880060 -8.60693 41.1468
1298880061 -8.60695 41.1469
1298880062 -8.60695 41.147
1298880063 -8.607 41.147
1298880064 -8.60706 41.147
1298880065 -8.60715 41.1471
1298880066 -8.60724 41.1471
1298880067 -8.60734 41.1471
1298880068 -8.60744 41.1471
1298880069 -8.60755 41.1471
1298880070 -8.60766 41.1471
1298880071 -8.60776 41.1471
1298880072 -8.60783 41.1472
1298880073 -8.60792 41.1472
1298880074 -8.60797 41.1472
1298880075 -8.6081 41.1473
1298880076 -8.60815 41.1473
1298880077 -8.6082 41.1473
1298880078 -8.60824 41.1473
1298880079 -8.60828 41.1473
1298880080 -8.6083 41.1473
1298880081 -8.60832 41.1473
1298880082 -8.60835 41.1473
1298880083 -8.60836 41.1474
1298880084 -8.60837 41.1474
1298880085 -8.60838 41.1474
1298880086 -8.60839 41.1474
1298880087 -8.6084 41.1474
1298880088 -8.60841 41.1474
1298880090 -8.60843 41.1474
1298880091 -8.60846 41.1474
1298880092 -8.60848 41.1474
1298880093 -8.60852 41.1474
1298880094 -8.60855 41.1475
1298880095 -8.60862 41.1475
1298880096 -8.6087 41.1475
1298880097 -8.60878 41.1475
1298880098 -8.60886 41.1475
1298880099 -8.60895 41.1475
1298880100 -8.60905 41.1476
1298880101 -8.60914 41.1476
1298880102 -8.60924 41.1476
1298880103 -8.60936 41.1477
1298880104 -8.60945 41.1477
1298880105 -8.60956 41.1477
1298880106 -8.60966 41.1478
1298880107 -8.60975 41.1478
1298880108 -8.60985 41.1478
1298880109 -8.60993 41.1478
1298880110 -8.61001 41.1478
1298880111 -8.61008 41.1479
1298880112 -8.61015 41.1479
1298880113 -8.6102 41.1479
1298880114 -8.61024 41.1479
1298880115 -8.61027 41.1479
1298880116 -8.6103 41.1479
1298880117 -8.61033 41.1479
1298880118 -8.61035 41.1479
1298880120 -8.61036 41.1479
1298880122 -8.61037 41.1479
1298880126 -8.61035 41.148
1298880129 -8.61034 41.148
1298880137 -8.61036 41.148
1298880139 -8.61037 41.148
1298880140 -8.6104 41.148
1298880141 -8.61044 41.148
1298880142 -8.61046 41.148
1298880143 -8.6105 41.148
1298880144 -8.6106 41.148
1298880145 -8.61069 41.148
1298880146 -8.6108 41.148
1298880147 -8.61093 41.148
1298880148 -8.61105 41.148
1298880149 -8.61116 41.148
1298880150 -8.61128 41.148
1298880151 -8.61141 41.148
1298880152 -8.61152 41.148
1298880153 -8.61163 41.148
1298880154 -8.61174 41.148
1298880155 -8.61185 41.148
1298880156 -8.61195 41.1481
1298880157 -8.61205 41.1481
1298880158 -8.61213 41.1481
1298880159 -8.61221 41.1481
1298880160 -8.61229 41.1481
1298880161 -8.61236 41.1482
1298880162 -8.61243 41.1482
1298880163 -8.61251 41.1482
1298880164 -8.6126 41.1483
1298880165 -8.61269 41.1483
1298880166 -8.61279 41.1484
1298880167 -8.61288 41.1484
1298880168 -8.61299 41.1485
:break:
1298880194 -8.61943 41.148
1298880195 -8.61961 41.148
1298880196 -8.61967 41.1479
1298880197 -8.61977 41.1479
1298880198 -8.61984 41.1479
1298880199 -8.61989 41.1479
1298880200 -8.61998 41.1479
1298880201 -8.62005 41.1478
1298880202 -8.62012 41.1478
1298880203 -8.62018 41.1477
1298880204 -8.62025 41.1477
1298880205 -8.62033 41.1477
1298880206 -8.62041 41.1477
1298880207 -8.62047 41.1477
1298880208 -8.62052 41.1477
1298880209 -8.62056 41.1477
1298880210 -8.6206 41.1477
1298880211 -8.62062 41.1478
1298880212 -8.62064 41.1478
1298880213 -8.62066 41.1478
1298880214 -8.62067 41.1478
1298880215 -8.62067 41.1479
1298880216 -8.62068 41.1479
1298880217 -8.62071 41.148
1298880218 -8.62074 41.1481
1298880219 -8.62077 41.1481
1298880220 -8.62078 41.1482
1298880221 -8.62079 41.1483
1298880222 -8.62078 41.1484
1298880223 -8.62081 41.1485
1298880224 -8.62084 41.1486
1298880225 -8.62087 41.1486
1298880226 -8.62088 41.1487
1298880227 -8.62091 41.1488
1298880228 -8.62093 41.1488
1298880229 -8.62096 41.1489
1298880230 -8.62097 41.1489
1298880231 -8.62099 41.149
1298880232 -8.62098 41.149
1298880233 -8.62098 41.1491
1298880235 -8.62097 41.1492
1298880236 -8.62096 41.1492
1298880239 -8.62095 41.1493
1298880240 -8.62094 41.1493
1298880241 -8.62093 41.1493
1298880245 -8.62093 41.1494
1298880248 -8.62092 41.1494
1298880249 -8.62091 41.1494
1298880252 -8.6209 41.1494
1298880266 -8.62089 41.1494
1298880272 -8.62088 41.1494
1298880273 -8.62088 41.1495
1298880274 -8.62089 41.1495
1298880275 -8.62092 41.1495
1298880276 -8.62095 41.1495
1298880277 -8.62094 41.1496
1298880278 -8.62096 41.1496
1298880279 -8.62097 41.1496
1298880280 -8.62099 41.1496
:break:
1298880296 -8.62113 41.1508
1298880297 -8.62115 41.1508
1298880298 -8.62116 41.1509
1298880299 -8.62118 41.151
1298880300 -8.62121 41.151
1298880301 -8.62123 41.1511
1298880302 -8.62126 41.1511
1298880303 -8.62129 41.1512
1298880304 -8.62132 41.1512
1298880305 -8.62133 41.1513
1298880306 -8.62134 41.1514
1298880307 -8.62135 41.1514
1298880308 -8.62135 41.1515
1298880309 -8.62133 41.1516
1298880310 -8.62131 41.1516
1298880311 -8.62126 41.1517
1298880312 -8.62122 41.1518
1298880313 -8.62116 41.1518
1298880314 -8.6211 41.1519
1298880315 -8.62105 41.152
1298880316 -8.62099 41.1521
1298880317 -8.62094 41.1522
1298880318 -8.62089 41.1522
1298880319 -8.62087 41.1523
1298880320 -8.62083 41.1523
1298880321 -8.62081 41.1524
1298880322 -8.62078 41.1524
1298880323 -8.62078 41.1525
1298880324 -8.6208 41.1525
1298880325 -8.62083 41.1526
1298880326 -8.62085 41.1526
1298880327 -8.62087 41.1527
1298880328 -8.62091 41.1528
1298880329 -8.62096 41.1529
1298880330 -8.62099 41.153
1298880331 -8.62104 41.1531
1298880332 -8.62108 41.1532
1298880333 -8.62113 41.1533
1298880334 -8.62114 41.1534
1298880335 -8.62112 41.1535
1298880336 -8.62111 41.1537
1298880337 -8.6211 41.1538
1298880338 -8.6211 41.1539
1298880339 -8.62109 41.154
1298880340 -8.62108 41.1542
1298880341 -8.62106 41.1543
1298880342 -8.62106 41.1544
1298880343 -8.62106 41.1546
1298880344 -8.62106 41.1547
1298880345 -8.62107 41.1547
1298880346 -8.62107 41.1548
1298880347 -8.62106 41.1549
1298880348 -8.62106 41.155
1298880349 -8.62106 41.1551
1298880352 -8.62105 41.1552
1298880353 -8.62104 41.1552
1298880355 -8.62103 41.1552
1298880357 -8.62102 41.1552
1298880359 -8.62102 41.1553
1298880360 -8.62101 41.1553
1298880364 -8.621 41.1553
1298880368 -8.62099 41.1553
1298880375 -8.62098 41.1553
1298880385 -8.62097 41.1553
1298880392 -8.62097 41.1554
1298880394 -8.62096 41.1554
1298880395 -8.62096 41.1555
1298880397 -8.62096 41.1556
1298880398 -8.62095 41.1557
1298880399 -8.62094 41.1557
1298880400 -8.62094 41.1558
1298880401 -8.62093 41.1559
1298880402 -8.62092 41.156
1298880403 -8.62091 41.1561
1298880404 -8.6209 41.1562
1298880405 -8.62089 41.1562
1298880406 -8.62088 41.1563
1298880407 -8.62088 41.1564
1298880408 -8.62089 41.1564
1298880409 -8.62093 41.1565
1298880410 -8.62098 41.1565
1298880411 -8.62102 41.1565
1298880412 -8.62107 41.1565
1298880413 -8.62115 41.1565
1298880414 -8.62124 41.1566
1298880415 -8.62133 41.1566
1298880416 -8.62142 41.1566
1298880417 -8.62151 41.1566
1298880418 -8.62162 41.1566
1298880419 -8.62173 41.1566
1298880420 -8.62184 41.1567
1298880421 -8.62194 41.1567
1298880422 -8.62202 41.1567
1298880423 -8.6221 41.1567
1298880424 -8.62218 41.1568
1298880425 -8.62225 41.1568
1298880426 -8.62231 41.1568
1298880427 -8.62235 41.1568
1298880428 -8.62239 41.1568
1298880429 -8.62241 41.1568
1298880430 -8.62244 41.1568
1298880432 -8.62245 41.1568
1298880434 -8.62245 41.1569
1298880444 -8.62246 41.1569
1298880445 -8.62247 41.1569
1298880447 -8.62249 41.1569
1298880448 -8.62251 41.1569
1298880449 -8.62256 41.1569
1298880450 -8.62261 41.1569
1298880451 -8.62268 41.1569
1298880452 -8.62276 41.1569
1298880453 -8.62284 41.1569
1298880454 -8.62292 41.1569
1298880455 -8.623 41.157
1298880456 -8.62309 41.157
1298880457 -8.62318 41.157
1298880458 -8.62327 41.157
1298880459 -8.62337 41.157
1298880460 -8.62348 41.157
1298880461 -8.62358 41.1571
1298880462 -8.6237 41.1571
1298880463 -8.62381 41.1571
1298880464 -8.62393 41.1571
1298880465 -8.62404 41.1571
1298880466 -8.62415 41.1571
1298880467 -8.62426 41.1572
1298880468 -8.62436 41.1572
1298880469 -8.62445 41.1572
1298880470 -8.62454 41.1572
1298880471 -8.62462 41.1572
1298880472 -8.6247 41.1572
1298880473 -8.62479 41.1573
1298880474 -8.62488 41.1573
1298880475 -8.62496 41.1573
1298880476 -8.62502 41.1573
1298880477 -8.62506 41.1574
1298880478 -8.62509 41.1574
1298880479 -8.6251 41.1574
1298880514 -8.62511 41.1574
1298880515 -8.62511 41.1573
1298880516 -8.62513 41.1573
1298880517 -8.62515 41.1573
1298880518 -8.62517 41.1573
1298880519 -8.62521 41.1574
1298880520 -8.62527 41.1574
1298880521 -8.62534 41.1574
1298880522 -8.62541 41.1574
1298880523 -8.6255 41.1574
1298880524 -8.62559 41.1574
1298880525 -8.62569 41.1574
1298880526 -8.6258 41.1575
1298880527 -8.62591 41.1575
1298880528 -8.62601 41.1575
1298880529 -8.62612 41.1575
1298880530 -8.62624 41.1575
1298880531 -8.62635 41.1575
1298880532 -8.62645 41.1576
1298880533 -8.62656 41.1576
1298880534 -8.62667 41.1576
1298880535 -8.62677 41.1576
1298880536 -8.62686 41.1576
1298880537 -8.62695 41.1577
1298880538 -8.62702 41.1577
1298880539 -8.62709 41.1577
1298880540 -8.62713 41.1577
1298880541 -8.62717 41.1577
1298880542 -8.62719 41.1577
1298880543 -8.62721 41.1577
1298880544 -8.62723 41.1577
1298880545 -8.62724 41.1577
1298880546 -8.62725 41.1577
1298880552 -8.62726 41.1577
1298880560 -8.62727 41.1577
1298880561 -8.62728 41.1577
1298880563 -8.62729 41.1577
1298880564 -8.6273 41.1577
1298880566 -8.62731 41.1577
1298880567 -8.62733 41.1577
1298880568 -8.62735 41.1577
1298880569 -8.62739 41.1577
1298880570 -8.62744 41.1577
1298880571 -8.62748 41.1577
1298880572 -8.62753 41.1577
1298880573 -8.62758 41.1577
1298880574 -8.62763 41.1577
1298880575 -8.62766 41.1577
1298880576 -8.62772 41.1577
1298880577 -8.62776 41.1578
1298880578 -8.62779 41.1578
1298880579 -8.62781 41.1578
1298880580 -8.62782 41.1578
1298880581 -8.62784 41.1578
1298880582 -8.62785 41.1578
1298880586 -8.62787 41.1578
1298880589 -8.62788 41.1578
1298880601 -8.62786 41.1578
1298880605 -8.62786 41.1579
1298880607 -8.62787 41.1579
1298880609 -8.62788 41.1579
1298880611 -8.62789 41.1579
1298880612 -8.6279 41.1579
1298880614 -8.6279 41.158
1298880615 -8.62791 41.158
1298880617 -8.62794 41.1581
1298880618 -8.62798 41.1581
1298880619 -8.62801 41.1582
1298880620 -8.62805 41.1582
1298880621 -8.62807 41.1583
1298880622 -8.62809 41.1583
1298880623 -8.62811 41.1584
1298880624 -8.62813 41.1584
1298880625 -8.62816 41.1585
1298880626 -8.62819 41.1585
1298880627 -8.62821 41.1585
1298880628 -8.62825 41.1586
1298880629 -8.62829 41.1586
1298880630 -8.62834 41.1587
1298880631 -8.62838 41.1587
1298880632 -8.62843 41.1588
1298880633 -8.62848 41.1588
1298880634 -8.62853 41.1588
1298880635 -8.62858 41.1589
1298880636 -8.62863 41.1589
1298880637 -8.62868 41.1589
1298880638 -8.62873 41.1589
1298880639 -8.62878 41.159
1298880640 -8.6288 41.159
1298880641 -8.62882 41.159
1298880642 -8.62884 41.1591
1298880643 -8.62882 41.1591
1298880644 -8.62881 41.1592
1298880645 -8.6288 41.1592
1298880646 -8.62877 41.1593
1298880647 -8.62875 41.1594
1298880648 -8.62872 41.1594
1298880649 -8.62871 41.1595
1298880650 -8.6287 41.1595
1298880651 -8.62868 41.1596
1298880652 -8.62867 41.1596
1298880653 -8.62865 41.1597
1298880654 -8.62864 41.1597
1298880655 -8.62862 41.1598
1298880656 -8.62861 41.1598
1298880657 -8.62861 41.1599
1298880658 -8.6286 41.1599
1298880659 -8.62858 41.16
1298880660 -8.62856 41.16
1298880661 -8.62855 41.1601
1298880662 -8.62854 41.1601
1298880663 -8.62853 41.1601
1298880664 -8.62852 41.1602
1298880668 -8.62851 41.1602
1298880686 -8.6285 41.1603
1298880687 -8.62848 41.1603
1298880688 -8.62847 41.1604
1298880689 -8.62845 41.1604
1298880690 -8.62843 41.1605
1298880691 -8.62842 41.1605
1298880692 -8.62839 41.1606
1298880693 -8.62837 41.1607
1298880694 -8.62834 41.1608
1298880695 -8.62832 41.1609
1298880696 -8.62828 41.161
1298880697 -8.62825 41.161
1298880698 -8.62822 41.1611
1298880699 -8.62818 41.1612
1298880700 -8.62815 41.1613
1298880701 -8.62811 41.1614
1298880702 -8.62808 41.1616
1298880703 -8.62805 41.1617
1298880704 -8.62801 41.1618
1298880705 -8.62798 41.1619
1298880706 -8.62794 41.162
1298880707 -8.6279 41.1621
1298880708 -8.62787 41.1622
1298880709 -8.62783 41.1623
1298880710 -8.62781 41.1623
1298880711 -8.62781 41.1624
1298880712 -8.6278 41.1624
1298880714 -8.62779 41.1624
1298880715 -8.62778 41.1624
1298880716 -8.62778 41.1625
1298880717 -8.62777 41.1625
1298880718 -8.62775 41.1625
1298880719 -8.62773 41.1626
1298880720 -8.62772 41.1627
1298880721 -8.62769 41.1627
1298880722 -8.62767 41.1628
1298880723 -8.62764 41.1629
1298880724 -8.62762 41.163
1298880725 -8.62759 41.1631
1298880726 -8.62756 41.1631
1298880727 -8.62754 41.1632
1298880728 -8.62753 41.1632
1298880729 -8.62753 41.1633
1298880730 -8.62752 41.1633
1298880731 -8.62751 41.1633
1298880775 -8.62751 41.1634
1298880776 -8.62749 41.1634
1298880777 -8.62745 41.1635
1298880778 -8.62744 41.1636
1298880779 -8.62741 41.1637
1298880780 -8.62738 41.1637
1298880781 -8.62735 41.1638
1298880782 -8.62733 41.1639
1298880783 -8.62729 41.164
1298880784 -8.62727 41.1641
1298880785 -8.62725 41.1642
1298880786 -8.62721 41.1643
1298880787 -8.62717 41.1644
1298880788 -8.62715 41.1645
1298880789 -8.62712 41.1646
1298880790 -8.62709 41.1647
1298880791 -8.62707 41.1648
1298880792 -8.62704 41.165
1298880793 -8.627 41.1651
1298880794 -8.62697 41.1652
1298880795 -8.62693 41.1653
1298880796 -8.6269 41.1655
1298880797 -8.62686 41.1656
1298880798 -8.62682 41.1657
1298880799 -8.62679 41.1658
1298880800 -8.62676 41.1659
1298880801 -8.62673 41.166
1298880802 -8.6267 41.1661
1298880803 -8.62668 41.1662
1298880804 -8.62665 41.1663
1298880805 -8.62663 41.1664
1298880806 -8.6266 41.1665
1298880807 -8.62657 41.1665
1298880808 -8.62655 41.1666
1298880809 -8.62652 41.1667
1298880810 -8.62649 41.1667
1298880811 -8.62646 41.1668
1298880812 -8.62644 41.1668
1298880813 -8.62642 41.1669
1298880814 -8.62641 41.1669
1298880815 -8.6264 41.1669
1298880826 -8.62639 41.1669
1298880829 -8.62638 41.1669
1298880848 -8.62644 41.1669
1298880849 -8.62647 41.167
1298880850 -8.62652 41.167
1298880851 -8.62655 41.167
1298880852 -8.62657 41.167
1298880853 -8.6266 41.167
1298880854 -8.62662 41.167
1298880855 -8.62664 41.167
1298880857 -8.62665 41.167
1298880858 -8.62666 41.167
1298880859 -8.62667 41.167
1298880861 -8.62668 41.167
1298880863 -8.62669 41.167
1298880866 -8.6267 41.1669
1298880868 -8.62669 41.1669
1298880873 -8.62668 41.1669
1298880880 -8.62667 41.1669
1298880882 -8.62666 41.1669
1298880885 -8.62665 41.1669
1298880887 -8.62664 41.1669
1298880891 -8.62663 41.1669
1298880893 -8.62662 41.1669
1298880895 -8.62661 41.1669
1298880908 -8.62659 41.167
1298880912 -8.62661 41.167
1298880918 -8.62671 41.167
1298880919 -8.62672 41.167
1298880920 -8.62673 41.167
1298880922 -8.62674 41.167
1298880923 -8.62675 41.167
1298880925 -8.62676 41.167
1298880926 -8.62677 41.167
1298880927 -8.62678 41.167
1298880928 -8.62679 41.167
1298880929 -8.6268 41.167
1298880930 -8.62681 41.167
1298880931 -8.62682 41.167
1298880933 -8.62683 41.167
1298880935 -8.62684 41.167
1298880936 -8.62685 41.167
1298880937 -8.62686 41.167
1298880939 -8.62687 41.167
1298880941 -8.62688 41.167
1298880942 -8.62689 41.167
1298880944 -8.6269 41.167
1298880946 -8.62691 41.167
1298880959 -8.62692 41.167
1298881002 -8.62693 41.167
1298881006 -8.62694 41.167
1298881008 -8.62694 41.1669
1298881011 -8.62695 41.1669
1298881021 -8.62695 41.167
1298881027 -8.62696 41.167
1298881090 -8.62692 41.1669
1298881096 -8.62691 41.1669
1298881106 -8.62693 41.1669
1298881128 -8.6269 41.1669
1298881200 -8.62688 41.167
