:break:
1298880096 -8.61213 41.1444
1298880109 -8.61213 41.1443
1298880110 -8.61212 41.1443
1298880117 -8.61211 41.1443
1298880120 -8.6121 41.1443
1298880126 -8.61209 41.1443
1298880133 -8.61208 41.1443
1298880138 -8.61207 41.1443
1298880142 -8.61206 41.1443
1298880150 -8.61207 41.1444
1298880151 -8.61208 41.1444
1298880158 -8.61209 41.1444
1298880160 -8.6121 41.1444
1298880164 -8.61211 41.1444
1298880167 -8.61212 41.1444
1298880174 -8.61214 41.1444
1298880180 -8.61215 41.1444
1298880186 -8.61216 41.1444
1298880192 -8.61217 41.1444
1298880262 -8.61205 41.1443
1298880269 -8.61204 41.1443
1298880286 -8.61203 41.1443
1298880288 -8.61202 41.1443
1298880296 -8.61201 41.1443
1298880379 -8.61204 41.1442
1298880382 -8.61205 41.1442
1298880477 -8.61206 41.1444
1298880478 -8.61204 41.1444
1298880479 -8.612 41.1444
1298880480 -8.61196 41.1445
1298880481 -8.61193 41.1445
1298880482 -8.61189 41.1445
1298880483 -8.61187 41.1445
1298880484 -8.61184 41.1446
1298880485 -8.61182 41.1446
1298880486 -8.61181 41.1446
1298880487 -8.6118 41.1446
1298880506 -8.61183 41.1446
1298880535 -8.6118 41.1447
1298880536 -8.61178 41.1447
1298880537 -8.61176 41.1447
1298880538 -8.6117 41.1447
1298880539 -8.61168 41.1448
1298880540 -8.61166 41.1448
1298880541 -8.61165 41.1448
1298880544 -8.61167 41.1448
1298880546 -8.61168 41.1449
1298880547 -8.61167 41.1449
1298880548 -8.61166 41.1449
1298880550 -8.61169 41.145
1298880551 -8.61174 41.145
1298880552 -8.6118 41.1451
1298880553 -8.61186 41.1451
1298880554 -8.61191 41.1451
1298880555 -8.61196 41.1451
1298880556 -8.612 41.1451
1298880557 -8.61205 41.1452
1298880559 -8.61206 41.1453
1298880560 -8.61208 41.1453
1298880561 -8.61211 41.1454
1298880562 -8.61212 41.1454
1298880563 -8.61214 41.1455
1298880565 -8.61217 41.1456
1298880566 -8.6122 41.1456
1298880567 -8.61222 41.1456
1298880568 -8.61224 41.1456
1298880569 -8.61225 41.1457
1298880570 -8.61226 41.1457
1298880572 -8.61226 41.1458
1298880574 -8.61225 41.1458
1298880576 -8.61224 41.1459
1298880578 -8.61226 41.1459
1298880579 -8.61228 41.1459
1298880580 -8.61228 41.146
1298880581 -8.61229 41.146
1298880582 -8.61229 41.1461
1298880584 -8.61227 41.1462
1298880585 -8.61225 41.1463
1298880586 -8.61223 41.1464
1298880587 -8.61221 41.1466
1298880588 -8.6122 41.1467
1298880589 -8.61219 41.1468
1298880590 -8.61218 41.1468
1298880591 -8.61216 41.1469
1298880592 -8.61214 41.147
1298880593 -8.6121 41.147
1298880594 -8.61208 41.1471
1298880595 -8.61207 41.1471
1298880598 -8.61209 41.1472
1298880599 -8.6121 41.1472
1298880600 -8.6121 41.1473
1298880602 -8.61208 41.1474
1298880603 -8.61205 41.1474
1298880604 -8.61201 41.1475
1298880605 -8.61199 41.1475
1298880606 -8.61197 41.1476
1298880607 -8.61196 41.1476
1298880608 -8.61194 41.1477
1298880609 -8.61191 41.1478
1298880610 -8.61192 41.1478
1298880611 -8.61188 41.1478
1298880612 -8.61187 41.1478
1298880613 -8.61188 41.1479
1298880615 -8.6119 41.148
1298880616 -8.61199 41.148
1298880617 -8.61207 41.148
1298880618 -8.61213 41.148
1298880619 -8.61218 41.148
1298880620 -8.61224 41.148
1298880621 -8.6123 41.148
1298880622 -8.61238 41.148
1298880623 -8.61246 41.1481
1298880624 -8.61254 41.1481
1298880625 -8.61263 41.1481
1298880626 -8.61272 41.1481
1298880627 -8.61282 41.1481
1298880628 -8.61293 41.1482
1298880629 -8.61302 41.1482
:break:
1298880661 -8.61921 41.1481
1298880662 -8.61931 41.1481
1298880663 -8.61943 41.148
1298880664 -8.61952 41.148
1298880665 -8.61961 41.148
1298880666 -8.61969 41.148
1298880667 -8.61975 41.1479
1298880668 -8.61981 41.1479
1298880669 -8.61987 41.1479
1298880670 -8.61992 41.1479
1298880671 -8.61997 41.1479
1298880672 -8.62 41.1478
1298880673 -8.62004 41.1478
1298880674 -8.62007 41.1478
1298880675 -8.62011 41.1478
1298880676 -8.62016 41.1477
1298880677 -8.6202 41.1477
1298880678 -8.62026 41.1477
1298880679 -8.62032 41.1477
1298880680 -8.62039 41.1476
1298880681 -8.62045 41.1476
1298880682 -8.6205 41.1477
1298880683 -8.62053 41.1477
1298880684 -8.62056 41.1477
1298880685 -8.6206 41.1477
1298880686 -8.62061 41.1477
1298880687 -8.62063 41.1478
1298880688 -8.62064 41.1478
1298880689 -8.62065 41.1478
1298880690 -8.62066 41.1478
1298880691 -8.62067 41.1478
1298880692 -8.62068 41.1478
1298880700 -8.62062 41.1478
1298880702 -8.6206 41.1478
1298880704 -8.6206 41.1479
1298880705 -8.62059 41.1479
1298880706 -8.62058 41.1479
1298880710 -8.62057 41.1479
1298880716 -8.62059 41.148
1298880717 -8.6206 41.148
1298880718 -8.62063 41.148
1298880719 -8.62065 41.1481
1298880720 -8.62067 41.1481
1298880721 -8.62069 41.1481
1298880722 -8.62069 41.1482
1298880723 -8.6207 41.1482
1298880725 -8.6207 41.1483
1298880728 -8.62071 41.1483
1298880731 -8.62071 41.1484
1298880733 -8.62072 41.1484
1298880737 -8.62073 41.1484
1298880740 -8.62072 41.1485
1298880741 -8.62071 41.1485
1298880743 -8.6207 41.1485
1298880745 -8.62069 41.1485
1298880752 -8.62068 41.1485
1298880756 -8.62067 41.1485
1298880779 -8.62068 41.1486
1298880782 -8.62069 41.1486
1298880783 -8.6207 41.1486
1298880784 -8.62071 41.1486
1298880785 -8.62073 41.1486
1298880786 -8.62074 41.1487
1298880787 -8.62075 41.1487
1298880788 -8.62077 41.1487
1298880789 -8.62075 41.1488
1298880790 -8.62077 41.1489
1298880791 -8.62078 41.1489
1298880792 -8.62079 41.149
1298880793 -8.6208 41.149
1298880794 -8.62082 41.149
1298880795 -8.62083 41.1491
1298880796 -8.62084 41.1491
1298880798 -8.62084 41.1492
1298880799 -8.62085 41.1492
1298880801 -8.62085 41.1493
1298880803 -8.62086 41.1493
1298880804 -8.62087 41.1493
1298880805 -8.62089 41.1494
1298880806 -8.62091 41.1495
1298880807 -8.62093 41.1495
1298880808 -8.62095 41.1495
1298880809 -8.62096 41.1496
1298880810 -8.62095 41.1497
1298880811 -8.62094 41.1498
1298880812 -8.62092 41.1499
1298880813 -8.62093 41.1499
1298880814 -8.62093 41.15
1298880815 -8.62093 41.1501
1298880816 -8.62091 41.1501
1298880817 -8.62095 41.1502
1298880818 -8.62096 41.1503
1298880819 -8.62097 41.1503
1298880820 -8.62099 41.1504
1298880821 -8.62101 41.1505
1298880822 -8.62104 41.1505
1298880823 -8.62106 41.1506
1298880824 -8.62109 41.1507
1298880825 -8.62111 41.1507
1298880826 -8.62113 41.1508
1298880827 -8.62115 41.1509
1298880828 -8.62116 41.1509
1298880829 -8.62118 41.151
1298880830 -8.62119 41.151
1298880831 -8.6212 41.1511
1298880832 -8.62122 41.1511
1298880833 -8.62124 41.1512
1298880835 -8.62126 41.1513
1298880836 -8.62127 41.1513
1298880837 -8.62127 41.1514
1298880838 -8.62128 41.1515
1298880840 -8.62128 41.1516
1298880841 -8.62127 41.1516
1298880842 -8.62124 41.1517
1298880843 -8.62123 41.1517
1298880844 -8.62119 41.1518
1298880845 -8.62116 41.1518
1298880846 -8.62114 41.1519
1298880847 -8.6211 41.152
1298880848 -8.62106 41.152
1298880849 -8.62105 41.1521
1298880850 -8.62102 41.1521
1298880851 -8.62102 41.1522
1298880852 -8.62101 41.1522
1298880858 -8.621 41.1522
1298880859 -8.62099 41.1522
1298880863 -8.62103 41.1522
1298880864 -8.62105 41.1522
1298880866 -8.62107 41.1522
1298880867 -8.62109 41.1522
1298880868 -8.62111 41.1522
1298880870 -8.62112 41.1522
1298880873 -8.62114 41.1522
1298880874 -8.62115 41.1522
1298880878 -8.62113 41.1522
1298880883 -8.6211 41.1522
1298880886 -8.62108 41.1522
1298880889 -8.62106 41.1522
1298880893 -8.62105 41.1523
1298880895 -8.62104 41.1523
1298880897 -8.62103 41.1523
1298880898 -8.62102 41.1523
1298880899 -8.62101 41.1523
1298880900 -8.621 41.1523
1298880901 -8.62098 41.1523
1298880902 -8.62094 41.1524
1298880903 -8.6209 41.1524
1298880904 -8.62087 41.1525
1298880906 -8.62087 41.1526
1298880907 -8.62081 41.1526
1298880908 -8.62076 41.1526
1298880909 -8.62073 41.1525
1298880910 -8.62069 41.1525
1298880911 -8.62064 41.1525
1298880912 -8.62058 41.1525
1298880913 -8.6205 41.1525
1298880914 -8.6204 41.1525
1298880915 -8.62033 41.1525
1298880916 -8.62024 41.1524
1298880917 -8.62015 41.1524
1298880918 -8.62004 41.1524
1298880919 -8.61993 41.1524
1298880920 -8.61981 41.1524
1298880921 -8.61971 41.1523
1298880922 -8.61965 41.1523
1298880923 -8.61958 41.1522
1298880924 -8.61951 41.1522
1298880925 -8.61944 41.1521
1298880926 -8.61937 41.1521
1298880927 -8.61931 41.1521
1298880928 -8.61926 41.1521
1298880929 -8.61922 41.1521
1298880930 -8.61921 41.152
1298880931 -8.6192 41.1521
1298880932 -8.61919 41.152
1298880933 -8.61918 41.152
1298880934 -8.61917 41.152
1298880935 -8.61915 41.1521
1298880936 -8.61914 41.1521
1298880937 -8.61912 41.1521
1298880938 -8.61911 41.1521
1298880939 -8.61909 41.1521
1298880940 -8.61907 41.1521
1298880941 -8.61905 41.1521
1298880942 -8.61903 41.1521
1298880943 -8.619 41.1521
1298880944 -8.61897 41.1521
1298880945 -8.61891 41.1521
1298880946 -8.61885 41.152
1298880947 -8.6188 41.152
1298880948 -8.61875 41.152
1298880949 -8.61871 41.152
1298880950 -8.61864 41.1519
1298880951 -8.61857 41.1519
1298880952 -8.61851 41.1519
1298880953 -8.61845 41.152
1298880954 -8.6184 41.152
1298880955 -8.61835 41.152
1298880956 -8.61829 41.152
1298880957 -8.61825 41.152
1298880958 -8.61819 41.152
1298880959 -8.61818 41.1519
1298880960 -8.61817 41.1519
1298880961 -8.61813 41.1518
1298880962 -8.6181 41.1518
1298880963 -8.61806 41.1517
1298880964 -8.61801 41.1517
1298880965 -8.61796 41.1516
1298880966 -8.61791 41.1516
1298880967 -8.61786 41.1515
1298880968 -8.61782 41.1515
1298880969 -8.6178 41.1515
1298880970 -8.61778 41.1514
1298880971 -8.61776 41.1514
1298880972 -8.61773 41.1514
1298880974 -8.61771 41.1514
1298880975 -8.61768 41.1514
1298880976 -8.61765 41.1514
1298880977 -8.61763 41.1514
1298880978 -8.61761 41.1514
1298880979 -8.61758 41.1514
1298880980 -8.61754 41.1514
1298880981 -8.61752 41.1513
1298880982 -8.61749 41.1513
1298880983 -8.61747 41.1512
1298880984 -8.61745 41.1512
1298880985 -8.6174 41.1512
1298880986 -8.61736 41.1512
1298880987 -8.61734 41.1511
1298880988 -8.61731 41.1511
1298880989 -8.61728 41.151
1298880990 -8.61725 41.1509
1298880991 -8.61724 41.1509
1298880992 -8.61721 41.1508
1298880993 -8.61718 41.1508
1298880994 -8.61713 41.1507
1298880995 -8.61708 41.1507
1298880996 -8.61703 41.1507
1298880997 -8.61699 41.1506
1298880998 -8.61694 41.1506
1298880999 -8.61691 41.1506
1298881000 -8.61687 41.1505
1298881001 -8.61684 41.1504
1298881002 -8.61682 41.1504
1298881003 -8.61677 41.1504
1298881004 -8.61674 41.1503
1298881005 -8.61673 41.1503
1298881006 -8.6167 41.1502
1298881007 -8.61668 41.1502
1298881008 -8.61666 41.1501
1298881009 -8.61665 41.1501
1298881010 -8.61662 41.15
1298881011 -8.61659 41.15
1298881012 -8.61656 41.1499
1298881013 -8.61655 41.1499
1298881014 -8.61654 41.1498
1298881015 -8.61652 41.1497
1298881016 -8.61649 41.1497
1298881017 -8.61646 41.1496
1298881018 -8.61645 41.1495
1298881019 -8.61641 41.1495
1298881020 -8.61637 41.1494
1298881021 -8.61634 41.1494
1298881022 -8.61633 41.1493
1298881023 -8.6163 41.1492
1298881024 -8.61628 41.1492
1298881025 -8.61624 41.1491
1298881026 -8.6162 41.149
1298881027 -8.61618 41.149
1298881028 -8.61616 41.149
1298881029 -8.61615 41.1489
1298881030 -8.61613 41.1489
1298881032 -8.61612 41.1489
1298881034 -8.61611 41.1489
1298881035 -8.61611 41.1488
1298881036 -8.6161 41.1488
1298881037 -8.61609 41.1488
1298881038 -8.61607 41.1487
1298881039 -8.61604 41.1486
1298881040 -8.61602 41.1485
1298881041 -8.616 41.1485
1298881042 -8.61597 41.1484
1298881043 -8.61594 41.1483
1298881044 -8.61593 41.1482
1298881045 -8.61591 41.1482
1298881046 -8.6159 41.1481
1298881047 -8.61591 41.148
1298881048 -8.61593 41.1479
1298881050 -8.61595 41.1478
1298881051 -8.61596 41.1477
1298881052 -8.61598 41.1476
1298881053 -8.61599 41.1476
1298881054 -8.61601 41.1476
1298881055 -8.61603 41.1475
1298881057 -8.61604 41.1475
1298881061 -8.61605 41.1475
1298881070 -8.61606 41.1475
1298881072 -8.61607 41.1474
1298881074 -8.61608 41.1474
1298881089 -8.61606 41.1474
1298881096 -8.61609 41.1474
1298881097 -8.61611 41.1474
1298881099 -8.61612 41.1474
1298881101 -8.61613 41.1474
1298881102 -8.61614 41.1473
1298881103 -8.61615 41.1473
1298881104 -8.61616 41.1473
1298881108 -8.61617 41.1473
1298881112 -8.61618 41.1473
1298881114 -8.61619 41.1473
1298881119 -8.61616 41.1472
1298881120 -8.61614 41.1472
1298881122 -8.61615 41.1471
1298881123 -8.61619 41.1471
1298881124 -8.61624 41.1471
1298881125 -8.61629 41.1471
1298881126 -8.61635 41.1471
1298881127 -8.61641 41.1471
1298881128 -8.61649 41.1471
1298881129 -8.61657 41.1471
1298881130 -8.61665 41.1472
1298881131 -8.61671 41.1472
1298881132 -8.61678 41.1472
1298881133 -8.61687 41.1472
1298881134 -8.61695 41.1472
1298881135 -8.61702 41.1472
1298881136 -8.6171 41.1472
1298881137 -8.61716 41.1472
1298881138 -8.61721 41.1472
1298881139 -8.61726 41.1472
1298881140 -8.61728 41.1472
1298881141 -8.6173 41.1472
1298881142 -8.61731 41.1472
1298881143 -8.61732 41.1472
1298881145 -8.61733 41.1472
1298881147 -8.61734 41.1472
1298881150 -8.61735 41.1472
1298881152 -8.61736 41.1472
1298881154 -8.61737 41.1472
1298881155 -8.61738 41.1472
1298881156 -8.6174 41.1472
1298881157 -8.61742 41.1472
1298881158 -8.61743 41.1472
1298881160 -8.61744 41.1472
1298881163 -8.61745 41.1472
1298881166 -8.61746 41.1472
1298881167 -8.61747 41.1472
1298881172 -8.61748 41.1472
1298881173 -8.6175 41.1472
1298881174 -8.61752 41.1472
1298881175 -8.61754 41.1472
1298881176 -8.61755 41.1472
1298881177 -8.61757 41.1472
1298881178 -8.61759 41.1472
1298881179 -8.61758 41.1471
1298881182 -8.61759 41.1471
1298881184 -8.6176 41.1472
1298881185 -8.61761 41.1472
1298881186 -8.61763 41.1472
1298881187 -8.61768 41.1472
1298881188 -8.61773 41.1472
1298881189 -8.61778 41.1472
1298881190 -8.61782 41.1471
1298881191 -8.61785 41.1471
1298881193 -8.61786 41.1471
1298881194 -8.61787 41.1471
1298881195 -8.61788 41.1471
1298881198 -8.61787 41.147
1298881199 -8.61786 41.147
1298881200 -8.61784 41.147
