:break:
1298880021 -8.61118 41.145
1298880024 -8.61119 41.145
1298880025 -8.61121 41.145
1298880026 -8.61125 41.145
1298880027 -8.61128 41.1449
1298880028 -8.61132 41.1449
1298880029 -8.61136 41.1449
1298880030 -8.61139 41.1448
1298880031 -8.61143 41.1448
1298880032 -8.61145 41.1448
1298880033 -8.61146 41.1448
1298880034 -8.61147 41.1448
1298880036 -8.61148 41.1448
1298880037 -8.61149 41.1448
1298880038 -8.6115 41.1448
1298880039 -8.61152 41.1448
1298880040 -8.61155 41.1447
1298880041 -8.61158 41.1447
1298880042 -8.61161 41.1447
1298880043 -8.61163 41.1447
1298880044 -8.61165 41.1448
1298880045 -8.61169 41.1448
1298880046 -8.61171 41.1448
1298880047 -8.61174 41.1448
1298880048 -8.61176 41.1448
1298880049 -8.61178 41.1449
1298880051 -8.61182 41.1449
1298880052 -8.61189 41.145
1298880053 -8.61194 41.1451
1298880054 -8.61197 41.1451
1298880055 -8.61203 41.1452
1298880056 -8.61208 41.1452
1298880057 -8.61211 41.1453
1298880058 -8.61214 41.1454
1298880059 -8.61217 41.1454
1298880060 -8.61221 41.1455
1298880061 -8.61224 41.1455
1298880062 -8.61227 41.1456
1298880063 -8.61227 41.1457
1298880065 -8.61226 41.1458
1298880066 -8.61227 41.1459
1298880067 -8.61226 41.1459
1298880068 -8.61225 41.1459
1298880069 -8.61224 41.146
1298880072 -8.61224 41.1461
1298880073 -8.61223 41.1461
1298880074 -8.61223 41.1462
1298880075 -8.61222 41.1462
1298880076 -8.61222 41.1463
1298880077 -8.61221 41.1463
1298880078 -8.61221 41.1464
1298880079 -8.61222 41.1464
1298880080 -8.61222 41.1465
1298880081 -8.61223 41.1465
1298880082 -8.61224 41.1465
1298880084 -8.61225 41.1465
1298880085 -8.61226 41.1466
1298880086 -8.61227 41.1466
1298880087 -8.61228 41.1466
1298880089 -8.61229 41.1466
1298880091 -8.6123 41.1466
1298880094 -8.61229 41.1467
1298880095 -8.61228 41.1467
1298880096 -8.61227 41.1467
1298880098 -8.61226 41.1467
1298880099 -8.61225 41.1467
1298880101 -8.61224 41.1467
1298880103 -8.61223 41.1467
1298880104 -8.61222 41.1468
1298880105 -8.61221 41.1468
1298880106 -8.6122 41.1468
1298880107 -8.61219 41.1468
1298880108 -8.61218 41.1468
1298880109 -8.61216 41.1468
1298880110 -8.61215 41.1468
1298880111 -8.61214 41.1468
1298880115 -8.61213 41.1468
1298880116 -8.61212 41.1468
1298880117 -8.61211 41.1468
1298880118 -8.6121 41.1468
1298880119 -8.61209 41.1468
1298880120 -8.61208 41.1468
1298880122 -8.61207 41.1468
1298880123 -8.61206 41.1468
1298880125 -8.61205 41.1468
1298880127 -8.61203 41.1468
1298880128 -8.61202 41.1468
1298880130 -8.61201 41.1468
1298880132 -8.612 41.1468
1298880133 -8.612 41.1469
1298880134 -8.61199 41.1469
1298880139 -8.61201 41.1469
1298880141 -8.61202 41.1469
1298880142 -8.61203 41.1469
1298880143 -8.61204 41.1469
1298880144 -8.61205 41.1469
1298880145 -8.61212 41.1469
1298880146 -8.61213 41.1469
1298880147 -8.61214 41.1469
1298880148 -8.6122 41.147
1298880149 -8.61223 41.147
1298880150 -8.61224 41.147
1298880151 -8.61228 41.1471
1298880152 -8.61233 41.1471
1298880153 -8.61235 41.1471
1298880154 -8.6124 41.1471
1298880155 -8.61242 41.1471
1298880156 -8.61241 41.1472
1298880157 -8.61236 41.1472
1298880158 -8.61233 41.1473
1298880159 -8.61232 41.1474
1298880160 -8.61231 41.1474
1298880161 -8.6123 41.1475
1298880162 -8.61231 41.1475
1298880165 -8.61232 41.1475
1298880168 -8.61233 41.1475
1298880169 -8.61233 41.1476
1298880174 -8.61234 41.1476
1298880175 -8.61234 41.1477
1298880180 -8.61233 41.1477
1298880181 -8.61233 41.1478
1298880182 -8.61234 41.1478
1298880183 -8.61236 41.1478
1298880184 -8.61239 41.1478
1298880185 -8.61242 41.1479
1298880186 -8.61248 41.1479
1298880187 -8.61254 41.148
1298880188 -8.61261 41.148
1298880189 -8.6127 41.148
1298880190 -8.6128 41.1481
1298880191 -8.61291 41.1481
1298880192 -8.61302 41.1481
1298880193 -8.61313 41.1482
1298880194 -8.61324 41.1482
1298880195 -8.61337 41.1482
1298880196 -8.6135 41.1482
1298880197 -8.61362 41.1482
1298880198 -8.61375 41.1483
1298880199 -8.61388 41.1483
1298880200 -8.61401 41.1483
1298880201 -8.61412 41.1483
1298880202 -8.61423 41.1483
1298880203 -8.61433 41.1483
1298880204 -8.6144 41.1483
1298880205 -8.61446 41.1482
1298880206 -8.6145 41.1481
1298880207 -8.61453 41.1481
1298880208 -8.61456 41.148
1298880209 -8.61459 41.1479
1298880210 -8.61461 41.1479
1298880211 -8.61465 41.1479
1298880212 -8.61467 41.1478
1298880213 -8.6147 41.1478
1298880214 -8.61472 41.1478
1298880215 -8.61474 41.1477
1298880216 -8.61476 41.1477
1298880217 -8.61478 41.1476
1298880218 -8.61481 41.1476
1298880219 -8.61483 41.1476
1298880220 -8.61485 41.1476
1298880221 -8.61486 41.1475
1298880222 -8.61487 41.1475
1298880235 -8.61485 41.1475
1298880258 -8.61486 41.1474
1298880259 -8.61488 41.1474
1298880260 -8.61492 41.1474
1298880261 -8.61494 41.1473
1298880262 -8.61497 41.1473
1298880263 -8.615 41.1473
1298880264 -8.61503 41.1472
1298880265 -8.61505 41.1472
1298880266 -8.61509 41.1472
1298880267 -8.61512 41.1472
1298880268 -8.61519 41.1472
1298880269 -8.61524 41.1472
1298880270 -8.61529 41.1472
1298880271 -8.61532 41.1472
1298880272 -8.61536 41.1472
1298880273 -8.61538 41.1472
1298880274 -8.61544 41.1472
1298880275 -8.61549 41.1472
1298880276 -8.61557 41.1472
1298880277 -8.61566 41.1473
1298880278 -8.61575 41.1473
1298880279 -8.61585 41.1473
1298880280 -8.61595 41.1473
1298880281 -8.61604 41.1473
1298880282 -8.61613 41.1472
1298880283 -8.61621 41.1472
1298880284 -8.61628 41.1472
1298880285 -8.61637 41.1472
1298880286 -8.61646 41.1472
1298880287 -8.61653 41.1472
1298880288 -8.61661 41.1472
1298880289 -8.61668 41.1472
1298880290 -8.61675 41.1472
1298880291 -8.61683 41.1472
1298880292 -8.61691 41.1472
1298880293 -8.61698 41.1472
1298880294 -8.61704 41.1473
1298880295 -8.6171 41.1473
1298880296 -8.61714 41.1473
1298880297 -8.61719 41.1473
1298880298 -8.61721 41.1473
1298880299 -8.61724 41.1473
1298880300 -8.61726 41.1473
1298880301 -8.61727 41.1473
1298880339 -8.61728 41.1473
1298880340 -8.6173 41.1473
1298880341 -8.61731 41.1473
1298880342 -8.61732 41.1473
1298880356 -8.61735 41.1473
1298880357 -8.61737 41.1473
1298880358 -8.61741 41.1472
1298880359 -8.61745 41.1472
1298880360 -8.6175 41.1472
1298880361 -8.61754 41.1472
1298880362 -8.61758 41.1472
1298880363 -8.61762 41.1472
1298880364 -8.61763 41.1472
1298880365 -8.61765 41.1472
1298880366 -8.61769 41.1472
1298880367 -8.61773 41.1472
1298880368 -8.61775 41.1472
1298880369 -8.61779 41.1472
1298880370 -8.61782 41.1472
1298880371 -8.61785 41.1472
1298880372 -8.61789 41.1472
1298880373 -8.61791 41.1473
1298880374 -8.61793 41.1473
1298880375 -8.61795 41.1473
1298880376 -8.61797 41.1474
1298880377 -8.61799 41.1474
1298880378 -8.618 41.1475
1298880379 -8.61802 41.1476
1298880380 -8.61804 41.1476
1298880381 -8.61806 41.1477
1298880382 -8.61808 41.1478
1298880383 -8.61809 41.1478
1298880384 -8.61811 41.1479
1298880385 -8.61813 41.148
1298880386 -8.61815 41.1481
1298880387 -8.61817 41.1481
1298880388 -8.61818 41.1482
1298880389 -8.6182 41.1483
1298880390 -8.61822 41.1483
1298880391 -8.61824 41.1484
1298880392 -8.61827 41.1484
1298880393 -8.6183 41.1485
1298880394 -8.61836 41.1485
1298880395 -8.61841 41.1485
1298880396 -8.61847 41.1485
1298880397 -8.61853 41.1486
1298880398 -8.61861 41.1486
1298880399 -8.61868 41.1486
1298880400 -8.61875 41.1486
1298880401 -8.61882 41.1486
1298880402 -8.61889 41.1486
1298880403 -8.61895 41.1486
1298880404 -8.61902 41.1487
1298880405 -8.61908 41.1487
1298880406 -8.61916 41.1487
1298880407 -8.61923 41.1487
1298880408 -8.61928 41.1487
1298880409 -8.61932 41.1487
1298880410 -8.61935 41.1486
1298880411 -8.61939 41.1486
1298880412 -8.61942 41.1485
1298880413 -8.61946 41.1485
1298880414 -8.6195 41.1485
1298880415 -8.61952 41.1485
1298880416 -8.61955 41.1484
1298880417 -8.61957 41.1484
1298880418 -8.61959 41.1484
1298880422 -8.6196 41.1484
1298880431 -8.61958 41.1484
1298880435 -8.61961 41.1484
1298880436 -8.61964 41.1483
1298880437 -8.61966 41.1483
1298880438 -8.61968 41.1483
1298880439 -8.61969 41.1483
1298880440 -8.61971 41.1482
1298880441 -8.61973 41.1482
1298880442 -8.61975 41.1482
1298880443 -8.61977 41.1482
1298880444 -8.61979 41.1481
1298880445 -8.6198 41.1481
1298880446 -8.61983 41.1481
1298880447 -8.61985 41.1481
1298880448 -8.61988 41.148
1298880449 -8.61989 41.148
1298880450 -8.61991 41.148
1298880451 -8.61995 41.1479
1298880452 -8.61998 41.1479
1298880453 -8.62002 41.1478
1298880454 -8.62007 41.1478
1298880455 -8.62011 41.1478
1298880456 -8.62015 41.1477
1298880457 -8.62019 41.1477
1298880458 -8.62022 41.1476
1298880459 -8.62025 41.1476
1298880460 -8.62027 41.1476
1298880461 -8.6203 41.1475
1298880462 -8.62033 41.1475
1298880463 -8.62034 41.1475
1298880464 -8.62036 41.1475
1298880465 -8.62037 41.1474
1298880466 -8.62038 41.1474
1298880467 -8.62039 41.1474
1298880494 -8.62036 41.1474
1298880525 -8.6204 41.1473
1298880526 -8.62041 41.1473
1298880527 -8.62042 41.1472
1298880529 -8.62042 41.1471
1298880530 -8.6204 41.1471
1298880531 -8.62039 41.147
1298880532 -8.62037 41.147
1298880533 -8.62036 41.1469
1298880534 -8.62034 41.1468
1298880535 -8.62033 41.1468
1298880536 -8.62031 41.1467
1298880537 -8.6203 41.1467
1298880538 -8.62029 41.1466
1298880539 -8.62027 41.1466
1298880540 -8.62027 41.1465
1298880541 -8.62026 41.1465
1298880542 -8.62025 41.1464
1298880545 -8.62024 41.1464
1298880547 -8.62024 41.1463
1298880550 -8.62025 41.1463
1298880585 -8.62023 41.1463
1298880586 -8.62022 41.1463
1298880587 -8.62021 41.1462
1298880588 -8.62019 41.1462
1298880589 -8.62016 41.1461
1298880590 -8.62012 41.1461
1298880591 -8.62007 41.1461
1298880592 -8.62 41.1461
1298880593 -8.61993 41.1461
1298880594 -8.61985 41.1461
1298880595 -8.61975 41.1461
1298880596 -8.61965 41.1461
1298880597 -8.61953 41.1461
1298880598 -8.61942 41.1461
1298880599 -8.6193 41.1461
1298880600 -8.61918 41.1462
1298880601 -8.61907 41.1462
1298880602 -8.61895 41.1462
1298880603 -8.61882 41.1462
1298880604 -8.6187 41.1462
1298880605 -8.61858 41.1463
1298880606 -8.61845 41.1463
1298880607 -8.61833 41.1463
1298880608 -8.6182 41.1463
1298880609 -8.61809 41.1463
1298880610 -8.61799 41.1463
1298880611 -8.61789 41.1464
1298880612 -8.61781 41.1464
1298880613 -8.61773 41.1464
1298880614 -8.61768 41.1463
1298880615 -8.61764 41.1463
1298880616 -8.61761 41.1462
1298880617 -8.61759 41.1461
1298880618 -8.61757 41.146
1298880619 -8.61755 41.146
1298880620 -8.61753 41.1459
1298880621 -8.61751 41.1458
1298880622 -8.61749 41.1457
1298880623 -8.61746 41.1456
1298880624 -8.61745 41.1455
1298880625 -8.61742 41.1453
1298880626 -8.61739 41.1452
1298880627 -8.61736 41.1451
1298880628 -8.61734 41.1451
1298880629 -8.61731 41.145
1298880630 -8.61726 41.1449
1298880631 -8.61718 41.1449
1298880632 -8.61708 41.1448
1298880633 -8.61697 41.1448
1298880634 -8.61687 41.1448
1298880635 -8.61676 41.1449
1298880636 -8.61667 41.1449
1298880637 -8.61657 41.145
1298880638 -8.61647 41.145
1298880639 -8.61637 41.1451
1298880640 -8.61628 41.1451
1298880641 -8.61618 41.1452
1298880642 -8.61608 41.1452
1298880643 -8.61599 41.1453
1298880644 -8.61589 41.1453
1298880645 -8.6158 41.1454
1298880646 -8.61571 41.1454
1298880647 -8.61561 41.1454
1298880648 -8.61551 41.1455
1298880649 -8.61541 41.1455
1298880650 -8.61531 41.1456
1298880651 -8.6152 41.1456
1298880652 -8.6151 41.1457
1298880653 -8.61499 41.1457
1298880654 -8.61488 41.1457
1298880655 -8.61476 41.1458
1298880656 -8.61466 41.1458
1298880657 -8.61455 41.1459
1298880658 -8.61443 41.1459
1298880659 -8.61432 41.1459
1298880660 -8.61421 41.146
1298880661 -8.6141 41.146
1298880662 -8.614 41.146
1298880663 -8.61391 41.146
1298880664 -8.61382 41.146
1298880665 -8.61374 41.146
1298880666 -8.61365 41.146
1298880667 -8.61357 41.1459
1298880668 -8.61347 41.1459
1298880669 -8.61337 41.1459
1298880670 -8.61325 41.1459
1298880671 -8.61313 41.1459
1298880672 -8.61302 41.1459
1298880673 -8.6129 41.146
1298880674 -8.6128 41.146
1298880675 -8.6127 41.146
1298880676 -8.61261 41.146
1298880677 -8.61252 41.146
1298880678 -8.61245 41.146
1298880679 -8.61238 41.146
1298880680 -8.61232 41.146
1298880681 -8.61229 41.146
1298880682 -8.61227 41.146
1298880683 -8.61226 41.146
1298880684 -8.61225 41.146
1298880693 -8.6122 41.146
1298880694 -8.61214 41.146
1298880695 -8.61209 41.146
1298880696 -8.61202 41.146
1298880697 -8.61194 41.146
1298880698 -8.61184 41.146
1298880699 -8.61172 41.146
1298880700 -8.61158 41.146
1298880701 -8.61144 41.146
1298880702 -8.61131 41.146
1298880703 -8.61118 41.146
1298880704 -8.61107 41.146
1298880705 -8.61098 41.146
1298880706 -8.61091 41.146
1298880707 -8.61086 41.146
1298880708 -8.61084 41.1459
1298880709 -8.61083 41.1459
1298880710 -8.61081 41.1458
1298880711 -8.61079 41.1458
1298880712 -8.61075 41.1458
1298880713 -8.61072 41.1457
1298880714 -8.61071 41.1457
1298880716 -8.61073 41.1457
1298880718 -8.61074 41.1456
1298880722 -8.61075 41.1456
1298880725 -8.61076 41.1456
1298880727 -8.61077 41.1456
1298880729 -8.61078 41.1456
1298880732 -8.61079 41.1456
1298880735 -8.6108 41.1456
1298880738 -8.61081 41.1456
1298880741 -8.61082 41.1456
1298880743 -8.61083 41.1456
1298880746 -8.61084 41.1456
1298880751 -8.61085 41.1456
1298880768 -8.61086 41.1456
1298880771 -8.61087 41.1456
1298880773 -8.61088 41.1456
1298880777 -8.61089 41.1456
1298880780 -8.61091 41.1456
1298880782 -8.61092 41.1456
1298880789 -8.61093 41.1456
1298880792 -8.61094 41.1456
1298880794 -8.61095 41.1456
1298880796 -8.61096 41.1456
1298880798 -8.61097 41.1456
1298880806 -8.61098 41.1456
1298880816 -8.61099 41.1456
1298880832 -8.611 41.1456
1298881026 -8.6109 41.1456
1298881050 -8.61088 41.1457
1298881058 -8.61089 41.1457
1298881062 -8.6109 41.1457
1298881076 -8.61087 41.1457
1298881078 -8.61086 41.1457
1298881081 -8.61085 41.1457
1298881104 -8.61091 41.1457
1298881143 -8.61084 41.1457
1298881191 -8.61092 41.1457
1298881200 -8.61091 41.1457
