:break:
1298880052 -8.60954 41.1604
1298880057 -8.60955 41.1604
1298880087 -8.60956 41.1604
1298880089 -8.60956 41.1603
1298880095 -8.60957 41.1603
1298880117 -8.60955 41.1603
1298880130 -8.60954 41.1603
1298880144 -8.60953 41.1603
1298880174 -8.60958 41.1603
1298880180 -8.60959 41.1603
1298880184 -8.6096 41.1603
1298880189 -8.60961 41.1603
1298880193 -8.60962 41.1603
1298880202 -8.60963 41.1603
1298880215 -8.60964 41.1603
1298880242 -8.60963 41.1604
1298880249 -8.60964 41.1604
1298880256 -8.60965 41.1604
1298880263 -8.60966 41.1604
1298880268 -8.60966 41.1603
1298880269 -8.60967 41.1603
1298880270 -8.60967 41.1604
1298880275 -8.60968 41.1604
1298880306 -8.60962 41.1604
1298880517 -8.60957 41.1604
1298880548 -8.60953 41.1604
1298880572 -8.60952 41.1604
1298880596 -8.60951 41.1604
1298880792 -8.6095 41.1604
1298880821 -8.60949 41.1604
1298881120 -8.60958 41.1604
1298881149 -8.60959 41.1604
1298881200 -8.60959 41.1604
