:break:
1298880867 -8.66667 41.1571
1298880873 -8.66668 41.1571
1298880876 -8.66669 41.1571
1298880895 -8.66666 41.1571
1298880902 -8.66666 41.1572
1298880905 -8.66665 41.1572
1298880910 -8.66664 41.1572
1298880916 -8.66663 41.1572
1298880925 -8.66662 41.1572
1298880935 -8.66661 41.1572
1298880937 -8.66661 41.1571
1298880959 -8.6666 41.1572
1298881034 -8.6666 41.1571
1298881097 -8.66659 41.1572
1298881139 -8.66658 41.1572
1298881153 -8.66657 41.1572
1298881184 -8.66656 41.1572
1298881191 -8.66655 41.1572
1298881200 -8.66655 41.1572
