:break:
1298880052 -8.67403 41.1541
1298880057 -8.67404 41.1541
1298880058 -8.67404 41.154
1298880063 -8.67405 41.154
1298880094 -8.67403 41.154
1298880151 -8.67402 41.154
1298880165 -8.67401 41.154
1298880173 -8.674 41.154
1298880192 -8.674 41.1541
1298880204 -8.67399 41.1541
1298880216 -8.67398 41.1541
1298880359 -8.67406 41.154
1298880364 -8.67407 41.154
1298880455 -8.67408 41.154
1298880460 -8.67409 41.154
1298880475 -8.6741 41.154
1298880476 -8.67411 41.154
1298880484 -8.67412 41.154
1298880489 -8.67413 41.154
1298880490 -8.67414 41.154
1298880491 -8.67415 41.154
1298880492 -8.67415 41.1539
1298880493 -8.67416 41.1539
1298880500 -8.67417 41.1539
1298880530 -8.67418 41.1539
1298880586 -8.67414 41.1539
1298880591 -8.67413 41.1539
1298880603 -8.67412 41.1539
1298880628 -8.67411 41.1539
1298880689 -8.6741 41.1539
1298880693 -8.67409 41.1539
1298880696 -8.67408 41.1539
1298881024 -8.67416 41.1538
1298881027 -8.67417 41.1538
1298881031 -8.67418 41.1538
1298881036 -8.67419 41.1538
1298881039 -8.6742 41.1538
1298881047 -8.67421 41.1538
1298881057 -8.67422 41.1538
1298881097 -8.67423 41.1538
1298881102 -8.67424 41.1538
1298881108 -8.67425 41.1538
1298881118 -8.67426 41.1538
1298881125 -8.67427 41.1537
1298881126 -8.67427 41.1538
1298881134 -8.67428 41.1538
1298881149 -8.67429 41.1538
1298881200 -8.67426 41.1538
