:break:
1298880150 -8.60972 41.1512
1298880163 -8.60971 41.1512
1298880198 -8.60973 41.1512
1298880206 -8.60974 41.1512
1298880272 -8.60975 41.1512
1298880282 -8.60976 41.1513
1298880304 -8.60977 41.1513
1298880321 -8.60975 41.1513
1298880322 -8.60973 41.1513
1298880323 -8.60972 41.1513
1298880325 -8.60971 41.1513
1298880335 -8.6097 41.1513
1298880339 -8.60969 41.1513
1298880343 -8.60968 41.1513
1298880348 -8.60967 41.1513
1298880350 -8.60967 41.1512
1298880367 -8.60968 41.1512
1298880390 -8.60969 41.1512
1298880416 -8.60966 41.1512
1298880419 -8.60965 41.1512
1298880448 -8.6097 41.1512
1298880763 -8.60966 41.1513
1298880767 -8.60964 41.1512
1298880769 -8.60963 41.1512
1298880792 -8.60962 41.1512
1298880823 -8.60961 41.1512
1298880849 -8.6096 41.1512
1298880851 -8.60959 41.1512
1298880863 -8.60958 41.1512
1298880869 -8.60957 41.1512
1298880915 -8.60956 41.1512
1298880916 -8.60955 41.1512
1298880918 -8.60956 41.1513
1298880919 -8.60957 41.1513
1298880928 -8.60958 41.1513
1298880932 -8.60959 41.1513
1298880948 -8.6096 41.1513
1298880964 -8.60961 41.1513
1298880991 -8.60962 41.1513
1298881200 -8.6096 41.1513
