:break:
1298880075 -8.58571 41.1484
1298880084 -8.5857 41.1484
1298880101 -8.58569 41.1484
1298880134 -8.58569 41.1485
1298880136 -8.5857 41.1485
1298880144 -8.58571 41.1485
1298880179 -8.58572 41.1485
1298880190 -8.58573 41.1485
1298880196 -8.58573 41.1484
1298880198 -8.58574 41.1484
1298880206 -8.58574 41.1485
1298880475 -8.58575 41.1485
1298880483 -8.58576 41.1485
1298880493 -8.58577 41.1485
1298880781 -8.58568 41.1485
1298880926 -8.58575 41.1484
1298880932 -8.58576 41.1484
1298880944 -8.58577 41.1484
1298881144 -8.58578 41.1485
1298881154 -8.58579 41.1485
1298881158 -8.5858 41.1485
1298881161 -8.58581 41.1485
1298881163 -8.58582 41.1485
1298881166 -8.58583 41.1485
1298881200 -8.58579 41.1485
