:break:
1298880016 -8.61087 41.1456
1298880018 -8.61088 41.1456
1298880022 -8.61089 41.1456
1298880025 -8.6109 41.1456
1298880026 -8.61091 41.1456
1298880028 -8.61092 41.1456
1298880030 -8.61093 41.1456
1298880034 -8.61094 41.1456
1298880036 -8.61096 41.1456
1298880045 -8.61097 41.1456
1298880081 -8.61098 41.1456
1298880090 -8.61099 41.1456
1298880112 -8.611 41.1456
1298880121 -8.61101 41.1456
1298880134 -8.61102 41.1456
1298880197 -8.61103 41.1456
1298880310 -8.61104 41.1456
1298880313 -8.61105 41.1456
1298880315 -8.61106 41.1456
1298880318 -8.61107 41.1456
1298880320 -8.61108 41.1456
1298880323 -8.61109 41.1456
1298880329 -8.6111 41.1456
1298880399 -8.61108 41.1457
1298880402 -8.61109 41.1457
1298880404 -8.6111 41.1457
1298880429 -8.61107 41.1457
1298880433 -8.61106 41.1457
1298880503 -8.61104 41.1457
1298880506 -8.61105 41.1457
1298880588 -8.61098 41.1455
1298880596 -8.61099 41.1455
1298880598 -8.611 41.1455
1298880600 -8.61101 41.1455
1298880602 -8.61102 41.1454
1298880606 -8.61101 41.1454
1298880607 -8.611 41.1454
1298880609 -8.61099 41.1454
1298880610 -8.61098 41.1454
1298880611 -8.61097 41.1454
1298880612 -8.61097 41.1455
1298880615 -8.61096 41.1455
1298880617 -8.61095 41.1455
1298880646 -8.61103 41.1454
1298880650 -8.61104 41.1454
1298880656 -8.61105 41.1454
1298880667 -8.61106 41.1454
1298880669 -8.61107 41.1454
1298880670 -8.61108 41.1454
1298880672 -8.61109 41.1454
1298880684 -8.6111 41.1454
1298880686 -8.61111 41.1454
1298880687 -8.61112 41.1454
1298880690 -8.61113 41.1454
1298880771 -8.61114 41.1454
1298880772 -8.61115 41.1454
1298880773 -8.61116 41.1454
1298880775 -8.61117 41.1454
1298880777 -8.61118 41.1454
1298880805 -8.61112 41.1455
1298880806 -8.61111 41.1455
1298880808 -8.6111 41.1455
1298880810 -8.61109 41.1455
1298880818 -8.61108 41.1455
1298880821 -8.61107 41.1455
1298880824 -8.61106 41.1455
1298880828 -8.61105 41.1455
1298880830 -8.61104 41.1455
1298880836 -8.61103 41.1455
1298880896 -8.6112 41.1454
1298880897 -8.61121 41.1454
1298880906 -8.61119 41.1454
1298880918 -8.61122 41.1454
1298880919 -8.61123 41.1454
1298880926 -8.61124 41.1454
1298880937 -8.61125 41.1454
1298880939 -8.61126 41.1454
1298880940 -8.61128 41.1454
1298880941 -8.6113 41.1454
1298880942 -8.61129 41.1454
1298880946 -8.61127 41.1454
1298880954 -8.61131 41.1454
1298880955 -8.61133 41.1454
1298880956 -8.61134 41.1454
1298880965 -8.61132 41.1454
1298880967 -8.61135 41.1454
1298880968 -8.61136 41.1454
1298880971 -8.61137 41.1454
1298880972 -8.61138 41.1454
1298880973 -8.61139 41.1454
1298880974 -8.6114 41.1454
1298880975 -8.61141 41.1454
1298880976 -8.61142 41.1454
1298880977 -8.61143 41.1454
1298880979 -8.61144 41.1454
1298880980 -8.61146 41.1454
1298880981 -8.61147 41.1454
1298880982 -8.61148 41.1454
1298880984 -8.61149 41.1454
1298880985 -8.6115 41.1454
1298880987 -8.61151 41.1454
1298881000 -8.61145 41.1454
1298881200 -8.61127 41.1454
