:break:
1298880084 -8.64914 41.1547
1298880085 -8.64915 41.1547
1298880086 -8.64916 41.1547
1298880089 -8.64918 41.1547
1298880090 -8.64919 41.1547
1298880100 -8.64917 41.1547
1298880107 -8.64913 41.1547
1298880123 -8.6492 41.1547
1298880124 -8.64921 41.1547
1298880125 -8.64922 41.1547
1298880130 -8.64923 41.1547
1298880132 -8.64924 41.1547
1298880161 -8.64923 41.1546
1298880162 -8.64925 41.1546
1298880163 -8.64926 41.1546
1298880166 -8.64922 41.1546
1298880169 -8.64921 41.1546
1298880170 -8.6492 41.1546
1298880171 -8.64917 41.1546
1298880172 -8.64915 41.1546
1298880174 -8.64919 41.1546
1298880184 -8.64918 41.1546
1298880185 -8.64916 41.1546
1298880188 -8.64914 41.1546
1298880189 -8.64913 41.1546
1298880211 -8.64912 41.1546
1298880213 -8.64911 41.1546
1298880214 -8.6491 41.1546
1298880216 -8.64909 41.1546
1298880223 -8.64908 41.1546
1298880227 -8.64907 41.1546
1298880230 -8.64906 41.1546
1298880253 -8.64924 41.1546
1298880259 -8.64927 41.1546
1298880293 -8.64911 41.1547
1298880294 -8.64909 41.1547
1298880295 -8.64908 41.1547
1298880297 -8.64907 41.1547
1298880299 -8.64906 41.1547
1298880300 -8.64905 41.1546
1298880385 -8.64928 41.1546
1298880386 -8.64929 41.1546
1298880388 -8.6493 41.1546
1298880389 -8.64931 41.1546
1298880440 -8.64932 41.1546
1298880441 -8.64933 41.1546
1298880442 -8.64934 41.1546
1298880443 -8.64935 41.1546
1298880445 -8.64936 41.1546
1298880446 -8.64937 41.1546
1298880493 -8.64925 41.1547
1298880495 -8.64927 41.1547
1298880534 -8.6494 41.1546
1298880535 -8.64941 41.1546
1298880536 -8.64942 41.1546
1298880537 -8.64944 41.1546
1298880538 -8.64946 41.1546
1298880539 -8.64947 41.1546
1298880540 -8.64949 41.1546
1298880542 -8.6495 41.1546
1298880543 -8.64951 41.1546
1298880545 -8.64952 41.1546
1298880551 -8.64948 41.1546
1298880554 -8.64945 41.1546
1298880558 -8.64939 41.1546
1298880563 -8.64932 41.1547
1298880564 -8.64931 41.1547
1298880565 -8.64929 41.1547
1298880566 -8.64926 41.1547
1298880577 -8.64912 41.1547
1298880580 -8.6491 41.1547
1298880600 -8.64943 41.1546
1298880605 -8.64953 41.1546
1298880606 -8.64955 41.1546
1298880607 -8.64957 41.1546
1298880608 -8.64959 41.1546
1298880616 -8.6496 41.1546
1298880617 -8.64958 41.1546
1298880619 -8.64956 41.1546
1298880620 -8.64954 41.1546
1298880653 -8.64938 41.1546
1298880716 -8.64951 41.1545
1298880717 -8.64953 41.1545
1298880718 -8.64954 41.1545
1298880719 -8.64955 41.1545
1298880720 -8.64957 41.1545
1298880721 -8.64959 41.1545
1298880723 -8.6496 41.1545
1298880725 -8.64962 41.1545
1298880726 -8.64963 41.1545
1298880728 -8.64965 41.1545
1298880729 -8.64966 41.1545
1298880735 -8.64961 41.1545
1298880741 -8.64949 41.1545
1298880743 -8.64948 41.1545
1298880744 -8.64947 41.1545
1298880746 -8.6495 41.1545
1298880749 -8.64946 41.1544
1298880750 -8.64944 41.1544
1298880751 -8.6494 41.1544
1298880752 -8.64939 41.1544
1298880753 -8.64938 41.1544
1298880754 -8.64935 41.1544
1298880755 -8.64933 41.1544
1298880756 -8.64931 41.1544
1298880757 -8.6493 41.1544
1298880758 -8.64927 41.1544
1298880759 -8.64924 41.1544
1298880760 -8.64922 41.1544
1298880761 -8.64921 41.1544
1298880762 -8.64919 41.1544
1298880763 -8.64918 41.1544
1298880764 -8.64917 41.1544
1298880765 -8.64916 41.1544
1298880766 -8.64915 41.1544
1298880768 -8.64914 41.1544
1298880769 -8.64913 41.1544
1298880772 -8.64912 41.1544
1298880808 -8.64913 41.1545
1298880816 -8.64912 41.1545
1298880857 -8.64914 41.1545
1298880864 -8.64915 41.1545
1298880922 -8.64916 41.1545
1298880929 -8.64917 41.1545
1298880937 -8.64918 41.1545
1298881026 -8.6492 41.1545
1298881027 -8.64922 41.1545
1298881028 -8.64923 41.1544
1298881029 -8.64925 41.1544
1298881031 -8.64928 41.1544
1298881032 -8.64929 41.1544
1298881037 -8.64932 41.1544
1298881041 -8.64933 41.1543
1298881042 -8.64932 41.1543
1298881043 -8.64931 41.1543
1298881051 -8.64926 41.1544
1298881085 -8.64927 41.1543
1298881086 -8.64928 41.1543
1298881087 -8.6493 41.1543
1298881094 -8.64934 41.1543
1298881161 -8.64935 41.1543
1298881165 -8.64936 41.1543
1298881168 -8.64937 41.1543
1298881200 -8.64937 41.1543
