:break:
1298880030 -8.61115 41.1493
1298880036 -8.61114 41.1493
1298880039 -8.61113 41.1493
1298880048 -8.61112 41.1493
1298880053 -8.61111 41.1493
1298880075 -8.61113 41.1492
1298880079 -8.61112 41.1492
1298880080 -8.61111 41.1492
1298880082 -8.6111 41.1492
1298880086 -8.61109 41.1492
1298880094 -8.61109 41.1493
1298880098 -8.61108 41.1493
1298880110 -8.6111 41.1493
1298880159 -8.61116 41.1493
1298880190 -8.61108 41.1492
1298880203 -8.61107 41.1492
1298880207 -8.61107 41.1493
1298880208 -8.61106 41.1493
1298880215 -8.61105 41.1492
1298880218 -8.61104 41.1492
1298880222 -8.61103 41.1492
1298880227 -8.61102 41.1492
1298880243 -8.61106 41.1492
1298880263 -8.6111 41.1494
1298880267 -8.61111 41.1494
1298880330 -8.61107 41.1491
1298880335 -8.61106 41.1491
1298880342 -8.61105 41.1491
1298880345 -8.61104 41.1491
1298880348 -8.61103 41.1491
1298880349 -8.61102 41.1491
1298880351 -8.61101 41.1491
1298880352 -8.611 41.1491
1298880354 -8.61099 41.1491
1298880355 -8.61098 41.1491
1298880356 -8.61097 41.1491
1298880359 -8.61096 41.1491
1298880361 -8.61095 41.1491
1298880363 -8.61094 41.1491
1298880366 -8.61093 41.1491
1298880367 -8.61092 41.1491
1298880368 -8.61091 41.1491
1298880371 -8.6109 41.1491
1298880374 -8.61089 41.1491
1298880376 -8.61088 41.1491
1298880427 -8.61092 41.1492
1298880429 -8.61094 41.1492
1298880430 -8.61096 41.1492
1298880431 -8.61097 41.1492
1298880433 -8.61098 41.1492
1298880435 -8.61099 41.1492
1298880437 -8.611 41.1492
1298880438 -8.61101 41.1493
1298880440 -8.61102 41.1493
1298880442 -8.61103 41.1493
1298880446 -8.61104 41.1493
1298880484 -8.61101 41.1492
1298880596 -8.611 41.1493
1298880648 -8.61105 41.1493
1298880741 -8.61104 41.1494
1298880744 -8.61105 41.1494
1298880753 -8.61106 41.1494
1298880785 -8.61107 41.1494
1298880894 -8.61108 41.1494
1298880896 -8.61109 41.1494
1298880900 -8.61112 41.1494
1298880903 -8.61113 41.1494
1298880904 -8.61114 41.1494
1298880906 -8.61115 41.1494
1298880908 -8.61116 41.1494
1298880911 -8.61116 41.1495
1298880912 -8.61117 41.1495
1298880917 -8.61118 41.1495
1298880943 -8.61117 41.1494
1298880948 -8.61118 41.1494
1298881153 -8.61099 41.1493
1298881155 -8.61098 41.1493
1298881162 -8.61097 41.1493
1298881179 -8.61095 41.1492
1298881200 -8.6111 41.1492
