:break:
1298880107 -8.62733 41.1519
1298880109 -8.62732 41.1519
1298880123 -8.62731 41.1519
1298880134 -8.6273 41.1519
1298880138 -8.62729 41.1519
1298880142 -8.62728 41.1519
1298880213 -8.62734 41.1519
1298880216 -8.62735 41.1519
1298880221 -8.62736 41.1519
1298880226 -8.62737 41.1519
1298880279 -8.62735 41.152
1298880291 -8.62734 41.152
1298880298 -8.62733 41.152
1298880303 -8.62732 41.152
1298880312 -8.62731 41.152
1298880604 -8.62727 41.1519
1298880605 -8.62726 41.1519
1298880606 -8.62725 41.1519
1298880607 -8.62724 41.1519
1298880608 -8.62723 41.152
1298880609 -8.62722 41.152
1298880658 -8.62724 41.152
1298880690 -8.62722 41.1521
1298880709 -8.62721 41.1521
1298880719 -8.6272 41.1521
1298880731 -8.62719 41.1521
1298880753 -8.62718 41.1521
1298880771 -8.62717 41.1521
1298880818 -8.62717 41.152
1298880822 -8.62716 41.152
1298880830 -8.62715 41.152
1298880834 -8.62714 41.152
1298880838 -8.62713 41.152
1298880845 -8.62712 41.152
1298880907 -8.62711 41.152
1298880912 -8.6271 41.152
1298880920 -8.62709 41.152
1298880962 -8.62709 41.1519
1298880963 -8.62708 41.1519
1298880966 -8.62707 41.1519
1298880969 -8.62706 41.1519
1298880976 -8.62705 41.1519
1298880985 -8.62704 41.1519
1298880992 -8.62703 41.1519
1298881008 -8.62702 41.1519
1298881014 -8.62701 41.1519
1298881019 -8.627 41.1519
1298881161 -8.6271 41.1519
1298881174 -8.62711 41.1519
1298881193 -8.62712 41.1519
1298881200 -8.62712 41.1519
