:break:
1298880018 -8.61135 41.1495
1298880020 -8.61134 41.1495
1298880034 -8.61136 41.1495
1298880036 -8.61136 41.1496
1298880037 -8.61137 41.1496
1298880038 -8.61138 41.1496
1298880050 -8.61136 41.1497
1298880052 -8.61135 41.1497
1298880054 -8.61134 41.1497
1298880057 -8.61133 41.1497
1298880060 -8.61132 41.1497
1298880065 -8.61131 41.1497
1298880067 -8.61131 41.1496
1298880073 -8.61132 41.1495
1298880076 -8.61133 41.1495
1298880080 -8.61133 41.1494
1298880083 -8.61132 41.1494
1298880088 -8.61131 41.1494
1298880090 -8.6113 41.1494
1298880092 -8.61129 41.1494
1298880094 -8.61128 41.1494
1298880096 -8.61127 41.1494
1298880097 -8.61126 41.1494
1298880099 -8.61126 41.1495
1298880100 -8.61125 41.1495
1298880102 -8.61124 41.1495
1298880104 -8.61122 41.1495
1298880105 -8.61121 41.1495
1298880106 -8.6112 41.1495
1298880108 -8.61119 41.1495
1298880109 -8.61118 41.1495
1298880110 -8.61117 41.1495
1298880112 -8.61116 41.1495
1298880130 -8.61123 41.1495
1298880140 -8.61127 41.1495
1298880141 -8.61128 41.1495
1298880142 -8.61129 41.1495
1298880143 -8.6113 41.1495
1298880144 -8.61131 41.1495
1298880154 -8.61122 41.1496
1298880155 -8.61117 41.1496
1298880156 -8.61114 41.1497
1298880157 -8.61112 41.1497
1298880158 -8.61111 41.1497
1298880159 -8.61109 41.1497
1298880160 -8.61108 41.1497
1298880162 -8.61106 41.1497
1298880163 -8.61106 41.1498
1298880164 -8.61104 41.1498
1298880165 -8.61103 41.1498
1298880167 -8.61102 41.1498
1298880168 -8.61101 41.1498
1298880169 -8.611 41.1498
1298880170 -8.61099 41.1498
1298880171 -8.61098 41.1498
1298880173 -8.61097 41.1498
1298880176 -8.61105 41.1498
1298880178 -8.61107 41.1497
1298880180 -8.6111 41.1497
1298880183 -8.61112 41.1496
1298880184 -8.61113 41.1496
1298880186 -8.61114 41.1496
1298880187 -8.61115 41.1496
1298880189 -8.61116 41.1496
1298880217 -8.61104 41.1497
1298880219 -8.61103 41.1497
1298880221 -8.61102 41.1497
1298880224 -8.61101 41.1497
1298880228 -8.6111 41.1496
1298880246 -8.61125 41.1494
1298880278 -8.61129 41.1493
1298880279 -8.61128 41.1493
1298880280 -8.61127 41.1493
1298880283 -8.61125 41.1493
1298880286 -8.61124 41.1493
1298880287 -8.61123 41.1493
1298880289 -8.61122 41.1493
1298880292 -8.61121 41.1493
1298880297 -8.6112 41.1493
1298880303 -8.61119 41.1493
1298880325 -8.61118 41.1493
1298880327 -8.61117 41.1493
1298880390 -8.61131 41.1493
1298880393 -8.6113 41.1493
1298880409 -8.61126 41.1493
1298880412 -8.61124 41.1494
1298880413 -8.61123 41.1494
1298880414 -8.61122 41.1494
1298880415 -8.61121 41.1494
1298880419 -8.6112 41.1494
1298880452 -8.61119 41.1494
1298880476 -8.61118 41.1494
1298880478 -8.61117 41.1494
1298880480 -8.61116 41.1494
1298880483 -8.61115 41.1494
1298880484 -8.61114 41.1494
1298880485 -8.61113 41.1494
1298880486 -8.61112 41.1494
1298880488 -8.61111 41.1494
1298880489 -8.6111 41.1494
1298880491 -8.61109 41.1494
1298880492 -8.61108 41.1494
1298880496 -8.61107 41.1494
1298880501 -8.61107 41.1493
1298880505 -8.61108 41.1493
1298880513 -8.61106 41.1494
1298880520 -8.61105 41.1494
1298880521 -8.61104 41.1494
1298880522 -8.61103 41.1494
1298880523 -8.61102 41.1494
1298880525 -8.61101 41.1495
1298880526 -8.611 41.1495
1298880527 -8.61099 41.1495
1298880529 -8.61098 41.1495
1298880530 -8.61097 41.1495
1298880536 -8.61099 41.1496
1298880537 -8.61101 41.1496
1298880538 -8.61102 41.1496
1298880539 -8.61104 41.1496
1298880540 -8.61105 41.1496
1298880541 -8.61106 41.1496
1298880558 -8.61107 41.1496
1298880559 -8.61108 41.1496
1298880564 -8.61107 41.1495
1298880569 -8.61108 41.1495
1298880571 -8.61109 41.1495
1298880572 -8.6111 41.1495
1298880574 -8.61111 41.1495
1298880587 -8.61115 41.1495
1298880588 -8.61113 41.1495
1298880589 -8.61112 41.1495
1298880599 -8.61106 41.1495
1298880602 -8.61105 41.1495
1298880604 -8.61104 41.1495
1298880605 -8.61103 41.1495
1298880632 -8.61132 41.1493
1298880633 -8.61133 41.1493
1298880634 -8.61134 41.1493
1298880635 -8.61135 41.1493
1298880636 -8.61135 41.1492
1298880637 -8.61136 41.1492
1298880639 -8.61137 41.1492
1298880648 -8.61135 41.1491
1298880650 -8.61134 41.1491
1298880654 -8.61133 41.1491
1298880655 -8.61132 41.1491
1298880657 -8.61131 41.1492
1298880658 -8.6113 41.1492
1298880659 -8.61129 41.1492
1298880660 -8.61128 41.1492
1298880662 -8.61127 41.1492
1298880663 -8.61126 41.1492
1298880665 -8.61125 41.1492
1298880669 -8.61124 41.1492
1298880670 -8.61123 41.1492
1298880672 -8.61121 41.1492
1298880673 -8.6112 41.1492
1298880675 -8.61119 41.1492
1298880676 -8.61118 41.1492
1298880678 -8.61116 41.1493
1298880680 -8.61115 41.1493
1298880681 -8.61114 41.1493
1298880682 -8.61113 41.1493
1298880683 -8.61111 41.1493
1298880684 -8.6111 41.1493
1298880685 -8.61109 41.1493
1298880692 -8.61101 41.1494
1298880693 -8.611 41.1494
1298880694 -8.61099 41.1494
1298880695 -8.61097 41.1494
1298880696 -8.61096 41.1494
1298880697 -8.61096 41.1495
1298880698 -8.61095 41.1495
1298880699 -8.61094 41.1495
1298880739 -8.61102 41.1495
1298880891 -8.61112 41.1493
1298880970 -8.61105 41.1493
1298880972 -8.61106 41.1493
1298881049 -8.61111 41.1496
1298881052 -8.61109 41.1496
1298881081 -8.61111 41.1498
1298881082 -8.61112 41.1498
1298881084 -8.61113 41.1498
1298881090 -8.61109 41.1498
1298881093 -8.61099 41.1497
1298881094 -8.61094 41.1497
1298881095 -8.61089 41.1497
1298881096 -8.61084 41.1497
1298881097 -8.6108 41.1496
1298881098 -8.61077 41.1496
1298881099 -8.61074 41.1496
1298881100 -8.61071 41.1496
1298881101 -8.6107 41.1496
1298881102 -8.61069 41.1496
1298881103 -8.61067 41.1496
1298881104 -8.61066 41.1496
1298881105 -8.61065 41.1496
1298881106 -8.61064 41.1496
1298881107 -8.61063 41.1496
1298881108 -8.61062 41.1496
1298881119 -8.61079 41.1496
1298881121 -8.61082 41.1496
1298881122 -8.61084 41.1496
1298881123 -8.61086 41.1496
1298881124 -8.61088 41.1496
1298881125 -8.6109 41.1496
1298881126 -8.61093 41.1496
1298881127 -8.61095 41.1496
1298881128 -8.61097 41.1496
1298881129 -8.61098 41.1497
1298881131 -8.611 41.1497
1298881138 -8.61105 41.1497
1298881146 -8.61103 41.1496
1298881149 -8.611 41.1496
1298881193 -8.61114 41.1495
1298881200 -8.61116 41.1495
