:break:
1298880025 -8.58591 41.1484
1298880026 -8.58592 41.1484
1298880027 -8.58593 41.1484
1298880029 -8.58594 41.1483
1298880030 -8.58593 41.1483
1298880048 -8.58595 41.1483
1298880126 -8.58592 41.1483
1298880133 -8.58591 41.1483
1298880149 -8.5859 41.1483
1298880327 -8.58596 41.1483
1298880384 -8.58588 41.1483
1298880385 -8.58587 41.1483
1298880386 -8.58586 41.1483
1298880387 -8.58585 41.1483
1298880397 -8.58584 41.1483
1298880401 -8.58583 41.1483
1298880406 -8.58582 41.1483
1298880412 -8.58581 41.1483
1298880417 -8.5858 41.1483
1298880449 -8.58582 41.1482
1298880504 -8.58579 41.1483
1298880527 -8.58581 41.1482
1298880534 -8.58583 41.1482
1298880545 -8.58584 41.1482
1298880620 -8.5858 41.1482
1298880680 -8.58579 41.1482
1298880682 -8.58578 41.1482
1298880686 -8.58577 41.1482
1298880717 -8.58585 41.1482
1298880732 -8.58586 41.1482
1298881124 -8.58587 41.1482
1298881156 -8.58588 41.1482
1298881159 -8.58589 41.1482
1298881162 -8.5859 41.1482
1298881164 -8.58591 41.1482
1298881166 -8.58592 41.1482
1298881200 -8.58587 41.1482
