:break:
1298880064 -8.63331 41.1849
1298880071 -8.6333 41.1849
1298880081 -8.63332 41.1849
1298880096 -8.63333 41.1849
1298880100 -8.63334 41.1849
1298880118 -8.63335 41.1849
1298880123 -8.63336 41.1849
1298880125 -8.63337 41.1849
1298880134 -8.63336 41.1848
1298880135 -8.63335 41.1848
1298880138 -8.63334 41.1848
1298880192 -8.6333 41.1848
1298880205 -8.63331 41.1848
1298880209 -8.63332 41.1848
1298880212 -8.63333 41.1848
1298880231 -8.63337 41.1848
1298880291 -8.63338 41.1848
1298880293 -8.63339 41.1848
1298880295 -8.63338 41.1847
1298880297 -8.63337 41.1847
1298880298 -8.63336 41.1846
1298880300 -8.63335 41.1845
1298880302 -8.63334 41.1844
1298880303 -8.63333 41.1844
1298880304 -8.63332 41.1843
1298880305 -8.63331 41.1843
1298880306 -8.6333 41.1842
1298880307 -8.63329 41.1842
1298880308 -8.63328 41.1841
1298880309 -8.63327 41.1841
1298880310 -8.63326 41.184
1298880311 -8.63325 41.184
1298880312 -8.63324 41.1839
1298880313 -8.63324 41.1838
1298880315 -8.63323 41.1837
1298880317 -8.63322 41.1837
1298880318 -8.63322 41.1836
1298880321 -8.63321 41.1835
1298880327 -8.63322 41.1835
1298880328 -8.63325 41.1835
1298880329 -8.63327 41.1835
1298880330 -8.6333 41.1835
1298880331 -8.63335 41.1835
1298880332 -8.63339 41.1835
1298880333 -8.63345 41.1835
1298880334 -8.63352 41.1835
1298880335 -8.63359 41.1835
1298880336 -8.63365 41.1835
1298880337 -8.63372 41.1835
1298880338 -8.63379 41.1835
1298880339 -8.63387 41.1834
1298880340 -8.63395 41.1834
1298880341 -8.63404 41.1834
1298880342 -8.63413 41.1834
1298880343 -8.63421 41.1834
1298880344 -8.63429 41.1834
1298880345 -8.63436 41.1834
1298880346 -8.63443 41.1834
1298880347 -8.63449 41.1834
1298880348 -8.63455 41.1834
1298880349 -8.63461 41.1834
1298880350 -8.63466 41.1834
1298880351 -8.63471 41.1834
1298880352 -8.63474 41.1835
1298880353 -8.63475 41.1835
1298880354 -8.63477 41.1836
1298880355 -8.63478 41.1836
1298880356 -8.63479 41.1837
1298880357 -8.6348 41.1837
1298880358 -8.63481 41.1838
1298880359 -8.63482 41.1839
1298880360 -8.63483 41.1839
1298880361 -8.63483 41.184
1298880362 -8.63483 41.1841
1298880363 -8.63484 41.1842
1298880364 -8.63485 41.1842
1298880365 -8.63486 41.1843
1298880366 -8.63486 41.1844
1298880367 -8.63488 41.1845
1298880368 -8.63489 41.1845
1298880369 -8.63491 41.1846
1298880370 -8.63491 41.1847
1298880371 -8.63489 41.1847
1298880372 -8.63486 41.1848
1298880373 -8.6348 41.1848
1298880374 -8.63473 41.1849
1298880375 -8.63466 41.1849
1298880376 -8.63459 41.1849
1298880377 -8.63453 41.1849
1298880378 -8.63446 41.1849
1298880379 -8.6344 41.1849
1298880380 -8.63435 41.1849
1298880381 -8.63431 41.1849
1298880382 -8.63429 41.185
1298880383 -8.63428 41.185
1298880385 -8.63428 41.1851
1298880387 -8.63429 41.1852
1298880388 -8.6343 41.1853
1298880390 -8.63431 41.1854
1298880391 -8.63432 41.1854
1298880392 -8.63433 41.1854
1298880393 -8.63435 41.1855
1298880394 -8.63437 41.1855
1298880395 -8.63439 41.1855
1298880396 -8.63443 41.1855
1298880397 -8.63448 41.1855
1298880398 -8.63456 41.1855
1298880399 -8.63464 41.1855
1298880400 -8.63474 41.1855
1298880401 -8.63483 41.1855
1298880402 -8.63493 41.1855
1298880403 -8.63504 41.1855
1298880404 -8.63515 41.1855
1298880405 -8.63525 41.1856
1298880406 -8.63534 41.1856
1298880407 -8.63543 41.1856
1298880408 -8.63551 41.1857
1298880409 -8.63561 41.1857
1298880410 -8.63571 41.1858
1298880411 -8.6358 41.1858
1298880412 -8.63589 41.1859
1298880413 -8.63598 41.1859
1298880414 -8.63606 41.186
1298880415 -8.63614 41.186
1298880416 -8.63621 41.1861
1298880417 -8.63629 41.1861
1298880418 -8.63636 41.1862
1298880419 -8.63643 41.1862
1298880420 -8.63648 41.1862
1298880421 -8.63652 41.1863
1298880422 -8.63654 41.1863
1298880423 -8.63657 41.1863
1298880427 -8.63658 41.1863
1298880428 -8.63659 41.1863
1298880429 -8.63661 41.1863
1298880430 -8.63664 41.1863
1298880431 -8.63669 41.1863
1298880432 -8.63675 41.1864
1298880433 -8.63682 41.1864
1298880434 -8.6369 41.1865
1298880435 -8.63697 41.1865
1298880436 -8.63704 41.1865
1298880437 -8.63712 41.1866
1298880438 -8.63721 41.1866
1298880439 -8.6373 41.1867
1298880440 -8.6374 41.1867
1298880441 -8.63749 41.1868
1298880442 -8.63759 41.1869
1298880443 -8.63767 41.1869
1298880444 -8.63776 41.1869
1298880445 -8.63786 41.187
1298880446 -8.63795 41.187
1298880447 -8.63806 41.187
1298880448 -8.63815 41.1871
1298880449 -8.63826 41.1871
1298880450 -8.63837 41.1871
1298880451 -8.63848 41.1871
1298880452 -8.63858 41.1872
1298880453 -8.63869 41.1872
1298880454 -8.6388 41.1872
1298880455 -8.63892 41.1872
1298880456 -8.63904 41.1872
1298880457 -8.63915 41.1872
1298880458 -8.63928 41.1872
1298880459 -8.63941 41.1872
1298880460 -8.63952 41.1872
1298880461 -8.63965 41.1872
1298880462 -8.63976 41.1872
1298880463 -8.63987 41.1872
1298880464 -8.63997 41.1872
1298880465 -8.64005 41.1872
1298880466 -8.64012 41.1872
1298880467 -8.64016 41.1872
1298880468 -8.64019 41.1872
1298880469 -8.64022 41.1872
1298880470 -8.64023 41.1872
1298880471 -8.64024 41.1872
1298880472 -8.64025 41.1872
1298880474 -8.64026 41.1872
1298880475 -8.64027 41.1872
1298880476 -8.64028 41.1872
1298880477 -8.64029 41.1872
1298880478 -8.64028 41.1873
1298880479 -8.64026 41.1874
1298880480 -8.64023 41.1874
1298880481 -8.6402 41.1875
1298880482 -8.64017 41.1876
1298880483 -8.64014 41.1877
1298880484 -8.64011 41.1878
1298880485 -8.64007 41.1879
1298880486 -8.64004 41.188
1298880487 -8.64 41.1881
1298880488 -8.63996 41.1882
1298880489 -8.63993 41.1883
1298880490 -8.63989 41.1884
1298880491 -8.63985 41.1885
1298880492 -8.63981 41.1886
1298880493 -8.63978 41.1887
1298880494 -8.63973 41.1888
1298880495 -8.63969 41.1889
1298880496 -8.63966 41.189
1298880497 -8.63962 41.1891
1298880498 -8.63959 41.1892
1298880499 -8.63955 41.1893
1298880500 -8.63952 41.1894
1298880501 -8.6395 41.1895
1298880502 -8.63948 41.1896
1298880503 -8.63946 41.1897
1298880504 -8.63945 41.1898
1298880505 -8.63944 41.1898
1298880506 -8.63943 41.1899
1298880507 -8.63942 41.19
1298880509 -8.63942 41.1901
1298880510 -8.63941 41.1901
:break:
1298880961 -8.65399 41.1851
1298880962 -8.65397 41.1851
1298880963 -8.65396 41.1851
1298880964 -8.65394 41.1851
1298880965 -8.65392 41.1851
1298880966 -8.6539 41.185
1298880967 -8.65388 41.1849
1298880968 -8.65386 41.1849
1298880969 -8.65385 41.1848
1298880970 -8.65383 41.1847
1298880971 -8.65381 41.1846
1298880972 -8.65379 41.1845
1298880973 -8.65376 41.1844
1298880974 -8.65374 41.1842
1298880975 -8.65372 41.1841
1298880976 -8.6537 41.184
1298880977 -8.65368 41.1839
1298880978 -8.65365 41.1838
1298880979 -8.65363 41.1837
1298880980 -8.65362 41.1836
1298880981 -8.65361 41.1836
1298880982 -8.65359 41.1835
1298880983 -8.65358 41.1835
1298880984 -8.65357 41.1834
1298880985 -8.65356 41.1834
1298880986 -8.65355 41.1834
1298880987 -8.65355 41.1833
1298880988 -8.65354 41.1833
1298880991 -8.65353 41.1833
1298880993 -8.65353 41.1832
1298880994 -8.65352 41.1832
1298880996 -8.65351 41.1832
1298880998 -8.6535 41.1831
1298880999 -8.65349 41.1831
1298881000 -8.65348 41.1831
1298881001 -8.65346 41.183
1298881002 -8.65345 41.183
1298881003 -8.65343 41.1829
1298881004 -8.65342 41.1829
1298881005 -8.6534 41.1828
1298881006 -8.65337 41.1828
1298881007 -8.65335 41.1827
1298881008 -8.65334 41.1826
1298881009 -8.65331 41.1825
1298881010 -8.65328 41.1824
1298881011 -8.65326 41.1823
1298881012 -8.65322 41.1822
1298881013 -8.65319 41.1821
1298881014 -8.65316 41.182
1298881015 -8.65312 41.1819
1298881016 -8.6531 41.1818
1298881017 -8.65307 41.1816
1298881018 -8.65305 41.1815
1298881019 -8.65302 41.1814
1298881020 -8.65301 41.1814
1298881021 -8.653 41.1813
1298881022 -8.65299 41.1812
1298881023 -8.65296 41.1811
1298881024 -8.65294 41.181
1298881025 -8.65292 41.1809
1298881026 -8.6529 41.1807
1298881027 -8.65287 41.1806
1298881028 -8.65284 41.1805
1298881029 -8.65282 41.1804
1298881030 -8.65279 41.1802
1298881031 -8.65276 41.1801
1298881032 -8.65273 41.18
1298881033 -8.65271 41.1798
1298881034 -8.65269 41.1797
1298881035 -8.65266 41.1796
1298881036 -8.65264 41.1795
1298881037 -8.6526 41.1794
1298881038 -8.65255 41.1793
1298881039 -8.65246 41.1793
1298881040 -8.65238 41.1792
1298881041 -8.65229 41.1792
1298881042 -8.6522 41.1792
1298881043 -8.6521 41.1793
1298881044 -8.65199 41.1793
1298881045 -8.65186 41.1794
1298881046 -8.65172 41.1794
1298881047 -8.65155 41.1795
1298881048 -8.65138 41.1796
1298881049 -8.65121 41.1797
1298881050 -8.65104 41.1798
1298881051 -8.65088 41.1799
1298881052 -8.65072 41.18
1298881053 -8.65057 41.18
1298881054 -8.65042 41.1801
1298881055 -8.65029 41.1802
1298881056 -8.65016 41.1803
1298881057 -8.65004 41.1804
1298881058 -8.64993 41.1804
1298881059 -8.64981 41.1805
1298881060 -8.64971 41.1805
1298881061 -8.64962 41.1806
1298881062 -8.64955 41.1806
1298881063 -8.64948 41.1807
1298881064 -8.64941 41.1807
1298881065 -8.64937 41.1807
1298881066 -8.64932 41.1808
1298881067 -8.64929 41.1808
1298881068 -8.64926 41.1808
1298881069 -8.64925 41.1808
1298881076 -8.64924 41.1808
1298881077 -8.64923 41.1808
1298881078 -8.64921 41.1808
1298881079 -8.64915 41.1809
1298881080 -8.64908 41.1809
1298881081 -8.64902 41.1809
1298881082 -8.64894 41.181
1298881083 -8.64886 41.181
1298881084 -8.64875 41.1811
1298881085 -8.64863 41.1812
1298881086 -8.64851 41.1812
1298881087 -8.64838 41.1813
1298881088 -8.64825 41.1814
1298881089 -8.64812 41.1815
1298881090 -8.64798 41.1815
1298881091 -8.64785 41.1816
1298881092 -8.64771 41.1817
1298881093 -8.64757 41.1818
1298881094 -8.64743 41.1818
1298881095 -8.6473 41.1819
1298881096 -8.64716 41.182
1298881097 -8.64703 41.1821
1298881098 -8.6469 41.1822
1298881099 -8.64679 41.1822
1298881100 -8.64667 41.1823
1298881101 -8.64656 41.1824
1298881102 -8.64646 41.1824
1298881103 -8.64636 41.1825
1298881104 -8.64626 41.1825
1298881105 -8.64618 41.1826
1298881106 -8.64611 41.1826
1298881107 -8.64604 41.1826
1298881108 -8.64598 41.1826
1298881109 -8.64593 41.1826
1298881110 -8.64592 41.1825
1298881111 -8.6459 41.1825
1298881112 -8.64587 41.1824
1298881113 -8.64583 41.1824
1298881114 -8.64581 41.1823
1298881115 -8.64578 41.1822
1298881116 -8.64576 41.1821
1298881117 -8.64572 41.182
1298881118 -8.64568 41.1819
1298881119 -8.64564 41.1818
1298881120 -8.64561 41.1817
1298881121 -8.64558 41.1816
1298881122 -8.64555 41.1815
1298881123 -8.64552 41.1814
1298881124 -8.64548 41.1814
1298881125 -8.64545 41.1813
1298881126 -8.64543 41.1812
1298881127 -8.64544 41.1811
1298881128 -8.64546 41.1811
1298881129 -8.64547 41.181
1298881130 -8.64548 41.181
1298881131 -8.64551 41.1809
1298881132 -8.64554 41.1808
1298881133 -8.64559 41.1808
1298881134 -8.64563 41.1807
1298881135 -8.64566 41.1806
1298881136 -8.64571 41.1806
1298881137 -8.64574 41.1805
1298881138 -8.64578 41.1804
1298881139 -8.64581 41.1803
1298881140 -8.64584 41.1802
1298881141 -8.64587 41.1801
1298881142 -8.64589 41.1801
1298881143 -8.64592 41.18
1298881144 -8.64593 41.1799
1298881145 -8.64596 41.1798
1298881146 -8.64598 41.1797
1298881147 -8.64598 41.1796
1298881148 -8.646 41.1795
1298881149 -8.64601 41.1794
1298881150 -8.64604 41.1793
1298881151 -8.64607 41.1792
1298881152 -8.64614 41.1792
1298881153 -8.6462 41.1791
1298881154 -8.64626 41.1791
1298881155 -8.64631 41.179
1298881156 -8.64635 41.1789
1298881157 -8.64639 41.1789
1298881158 -8.64641 41.1788
1298881159 -8.64643 41.1787
1298881160 -8.64644 41.1786
1298881161 -8.64644 41.1785
1298881162 -8.64644 41.1784
1298881163 -8.64644 41.1783
1298881164 -8.64643 41.1782
1298881165 -8.64642 41.1781
1298881166 -8.64641 41.1779
1298881167 -8.64641 41.1778
1298881168 -8.6464 41.1777
1298881169 -8.6464 41.1776
1298881170 -8.64639 41.1775
1298881171 -8.64635 41.1774
1298881172 -8.6463 41.1773
1298881173 -8.6462 41.1772
1298881174 -8.64608 41.1771
1298881175 -8.64597 41.177
1298881176 -8.64585 41.1769
1298881177 -8.64574 41.1767
1298881178 -8.64563 41.1766
1298881179 -8.64552 41.1765
1298881180 -8.64539 41.1764
1298881181 -8.64527 41.1763
1298881182 -8.64515 41.1762
1298881183 -8.64503 41.176
1298881184 -8.64491 41.1759
1298881185 -8.6448 41.1758
1298881186 -8.64468 41.1757
1298881187 -8.64456 41.1756
1298881188 -8.64445 41.1755
1298881189 -8.64434 41.1754
1298881190 -8.64423 41.1753
1298881191 -8.64411 41.1752
1298881192 -8.644 41.1751
1298881193 -8.64388 41.175
1298881194 -8.64377 41.1749
1298881195 -8.64366 41.1747
1298881196 -8.64356 41.1746
1298881197 -8.64345 41.1746
1298881198 -8.64334 41.1745
1298881199 -8.64324 41.1744
1298881200 -8.64314 41.1743
