:break:
1298880149 -8.657 41.1613
1298880155 -8.65701 41.1613
1298880164 -8.657 41.1614
1298880165 -8.65699 41.1614
1298880166 -8.65698 41.1614
1298880167 -8.65697 41.1614
1298880168 -8.65696 41.1614
1298880171 -8.65695 41.1614
1298880175 -8.65694 41.1614
1298880181 -8.65693 41.1614
1298880186 -8.65692 41.1614
1298880202 -8.65691 41.1614
1298880795 -8.6569 41.1614
1298880853 -8.65689 41.1614
1298880859 -8.65688 41.1614
1298880883 -8.65687 41.1614
1298880885 -8.65685 41.1614
1298880886 -8.65684 41.1614
1298880887 -8.65683 41.1615
1298880888 -8.65682 41.1615
1298880889 -8.65681 41.1615
1298880891 -8.6568 41.1615
1298881028 -8.65679 41.1615
1298881061 -8.65678 41.1615
1298881075 -8.65677 41.1615
1298881089 -8.65676 41.1615
1298881200 -8.65681 41.1615
