:break:
1298880004 -8.674 41.1542
1298880005 -8.67401 41.1542
1298880015 -8.67402 41.1542
1298880021 -8.67403 41.1542
1298880162 -8.67404 41.1542
1298880165 -8.67405 41.1542
1298880168 -8.67406 41.1542
1298880531 -8.67402 41.1541
1298880532 -8.67403 41.1541
1298880540 -8.67404 41.1541
1298880590 -8.67405 41.1541
1298880778 -8.67406 41.1541
1298880787 -8.67407 41.1541
1298881065 -8.67407 41.154
1298881076 -8.67408 41.154
1298881092 -8.67409 41.154
1298881142 -8.67406 41.154
1298881173 -8.67405 41.154
1298881200 -8.67405 41.154
