:break:
1298880130 -8.67402 41.1542
1298880143 -8.67403 41.1542
1298880167 -8.67404 41.1542
1298880194 -8.67404 41.1541
1298880206 -8.67403 41.1541
1298880262 -8.67402 41.1541
1298880322 -8.67405 41.1541
1298880514 -8.67405 41.154
1298880545 -8.67404 41.154
1298880564 -8.67403 41.154
1298880580 -8.67402 41.154
1298880673 -8.67401 41.154
1298880712 -8.67401 41.1541
1298880719 -8.674 41.1541
1298880831 -8.67399 41.1541
1298881034 -8.67406 41.154
1298881038 -8.67407 41.154
1298881046 -8.67408 41.154
1298881054 -8.67408 41.1539
1298881056 -8.67409 41.1539
1298881080 -8.6741 41.1539
1298881098 -8.67411 41.1539
1298881109 -8.67412 41.1539
1298881177 -8.67411 41.154
1298881180 -8.6741 41.154
1298881200 -8.6741 41.154
