:break:
1298880059 -8.6307 41.1549
1298880060 -8.6307 41.155
1298880069 -8.63071 41.1549
1298880161 -8.63069 41.1549
1298880170 -8.63068 41.1549
1298880177 -8.63067 41.1549
1298880356 -8.63066 41.1549
1298880361 -8.63065 41.1549
1298880521 -8.63072 41.1549
1298880719 -8.63072 41.1548
1298880721 -8.63073 41.1548
1298880722 -8.63073 41.1547
1298880724 -8.63072 41.1546
1298880725 -8.63072 41.1545
1298880726 -8.63071 41.1544
1298880727 -8.63071 41.1543
1298880728 -8.6307 41.1542
1298880729 -8.6307 41.1541
1298880730 -8.63069 41.1541
1298880731 -8.63069 41.154
1298880732 -8.63068 41.1539
1298880733 -8.63068 41.1538
1298880734 -8.63068 41.1537
1298880735 -8.63067 41.1536
1298880736 -8.63065 41.1535
1298880737 -8.63064 41.1534
1298880738 -8.63064 41.1533
1298880739 -8.63063 41.1533
1298880740 -8.63063 41.1532
1298880741 -8.63062 41.1531
1298880743 -8.63062 41.153
1298880750 -8.63062 41.1529
1298880752 -8.63061 41.1529
1298880753 -8.63061 41.1528
1298880754 -8.6306 41.1528
1298880755 -8.63059 41.1527
1298880757 -8.63056 41.1526
1298880758 -8.63051 41.1526
1298880759 -8.63044 41.1526
1298880760 -8.63034 41.1525
1298880761 -8.63023 41.1525
1298880762 -8.63011 41.1525
1298880763 -8.62998 41.1525
1298880764 -8.62986 41.1525
1298880765 -8.62974 41.1525
1298880766 -8.62963 41.1525
1298880767 -8.62954 41.1525
1298880768 -8.62947 41.1525
1298880769 -8.62942 41.1525
1298880770 -8.62938 41.1525
1298880771 -8.62934 41.1525
1298880772 -8.62932 41.1525
1298880773 -8.6293 41.1525
1298880774 -8.62927 41.1525
1298880775 -8.62925 41.1525
1298880776 -8.6292 41.1525
1298880777 -8.62913 41.1525
1298880778 -8.62905 41.1525
1298880779 -8.62893 41.1525
1298880780 -8.62881 41.1525
1298880781 -8.62868 41.1525
1298880782 -8.62853 41.1525
1298880783 -8.62838 41.1524
1298880784 -8.62822 41.1524
1298880785 -8.62805 41.1524
1298880786 -8.62787 41.1524
1298880787 -8.62771 41.1524
1298880788 -8.62756 41.1524
1298880789 -8.62745 41.1524
1298880790 -8.62736 41.1524
1298880791 -8.62728 41.1524
1298880792 -8.6272 41.1524
1298880793 -8.6271 41.1524
1298880794 -8.627 41.1524
1298880795 -8.62687 41.1524
1298880796 -8.62675 41.1524
1298880797 -8.62664 41.1524
1298880798 -8.62655 41.1525
1298880799 -8.62649 41.1525
1298880800 -8.62645 41.1525
1298880801 -8.62644 41.1525
1298880819 -8.62646 41.1525
1298880833 -8.62647 41.1525
1298880873 -8.62642 41.1525
1298880874 -8.62636 41.1525
1298880875 -8.62628 41.1525
1298880876 -8.62622 41.1525
1298880877 -8.62618 41.1524
1298880878 -8.62614 41.1523
1298880879 -8.62611 41.1522
1298880880 -8.62609 41.1521
1298880881 -8.62605 41.152
1298880882 -8.62601 41.1519
1298880883 -8.62598 41.1518
1298880884 -8.62594 41.1517
1298880885 -8.62592 41.1516
1298880886 -8.62589 41.1515
1298880887 -8.62586 41.1514
1298880888 -8.62585 41.1514
1298880889 -8.62584 41.1513
1298880894 -8.62585 41.1513
1298880901 -8.62586 41.1513
1298880902 -8.62587 41.1512
1298880903 -8.62588 41.1512
1298880904 -8.6259 41.1512
1298880905 -8.62591 41.1511
1298880906 -8.62592 41.1511
1298880907 -8.62593 41.151
1298880908 -8.62594 41.1509
1298880909 -8.62594 41.1508
1298880910 -8.62593 41.1507
1298880911 -8.62592 41.1506
1298880912 -8.62589 41.1505
1298880913 -8.62586 41.1504
1298880914 -8.62583 41.1503
1298880915 -8.62582 41.1502
1298880916 -8.62579 41.1501
1298880917 -8.62576 41.15
1298880918 -8.62574 41.1499
1298880919 -8.62572 41.1498
1298880920 -8.6257 41.1497
1298880921 -8.62568 41.1496
1298880922 -8.62566 41.1496
1298880923 -8.62565 41.1495
1298880924 -8.62563 41.1494
1298880925 -8.62561 41.1493
1298880926 -8.62559 41.1493
1298880927 -8.62558 41.1492
1298880928 -8.62556 41.1491
1298880929 -8.62554 41.149
1298880930 -8.62553 41.149
1298880931 -8.62551 41.1489
1298880932 -8.62549 41.1488
1298880933 -8.62547 41.1488
1298880934 -8.62545 41.1487
1298880935 -8.6254 41.1486
1298880936 -8.62535 41.1486
1298880937 -8.62529 41.1485
1298880938 -8.62524 41.1485
1298880939 -8.62517 41.1485
1298880940 -8.62508 41.1485
1298880941 -8.62499 41.1485
1298880942 -8.62488 41.1484
1298880943 -8.62476 41.1484
1298880944 -8.62464 41.1484
1298880945 -8.62451 41.1483
1298880946 -8.62438 41.1483
1298880947 -8.62424 41.1482
1298880948 -8.6241 41.1482
1298880949 -8.62394 41.1481
1298880950 -8.62379 41.1481
1298880951 -8.62363 41.148
1298880952 -8.62347 41.148
1298880953 -8.62331 41.1479
1298880954 -8.62314 41.1479
1298880955 -8.623 41.1479
1298880956 -8.62286 41.1478
1298880957 -8.62274 41.1478
1298880958 -8.62261 41.1477
1298880959 -8.62248 41.1477
1298880960 -8.62236 41.1477
1298880961 -8.62224 41.1476
1298880962 -8.62214 41.1476
1298880963 -8.62203 41.1476
1298880964 -8.62192 41.1476
1298880965 -8.62179 41.1475
1298880966 -8.62166 41.1475
1298880967 -8.62151 41.1475
1298880968 -8.62137 41.1475
1298880969 -8.62123 41.1474
1298880970 -8.62109 41.1474
1298880971 -8.62095 41.1474
1298880972 -8.62081 41.1474
1298880973 -8.62069 41.1474
1298880974 -8.62059 41.1473
1298880975 -8.62051 41.1473
1298880976 -8.62045 41.1473
1298880977 -8.62041 41.1472
1298880978 -8.62038 41.1472
1298880979 -8.62036 41.1471
1298880980 -8.62034 41.147
1298880982 -8.62033 41.147
1298880983 -8.62033 41.1469
1298880986 -8.62034 41.1469
1298880999 -8.62032 41.147
1298881007 -8.62032 41.1469
1298881009 -8.62031 41.1469
1298881011 -8.62031 41.1468
1298881012 -8.62029 41.1468
1298881013 -8.62028 41.1467
1298881014 -8.62025 41.1466
1298881015 -8.62024 41.1465
1298881016 -8.62022 41.1464
1298881017 -8.6202 41.1463
1298881018 -8.62017 41.1462
1298881019 -8.62013 41.1462
1298881020 -8.62007 41.1461
1298881021 -8.62001 41.1461
1298881022 -8.61994 41.1461
1298881023 -8.61987 41.1461
1298881024 -8.61979 41.1461
1298881025 -8.61969 41.1461
1298881026 -8.61957 41.1461
1298881027 -8.61944 41.1461
1298881028 -8.61931 41.1461
1298881029 -8.61916 41.1462
1298881030 -8.619 41.1462
1298881031 -8.61884 41.1462
1298881032 -8.61868 41.1462
1298881033 -8.61851 41.1462
1298881034 -8.61834 41.1463
1298881035 -8.61818 41.1463
1298881036 -8.61804 41.1463
1298881037 -8.61791 41.1463
1298881038 -8.61781 41.1463
1298881039 -8.61773 41.1463
1298881040 -8.61766 41.1463
1298881041 -8.61763 41.1462
1298881042 -8.6176 41.1462
1298881043 -8.61758 41.1461
1298881044 -8.61756 41.146
1298881045 -8.61754 41.1459
1298881046 -8.61751 41.1458
1298881047 -8.61748 41.1456
1298881048 -8.61745 41.1455
1298881049 -8.61743 41.1454
1298881050 -8.61741 41.1453
1298881051 -8.61739 41.1453
1298881052 -8.61737 41.1452
1298881053 -8.61736 41.1452
1298881054 -8.61736 41.1451
1298881060 -8.61738 41.1452
1298881068 -8.61739 41.1452
1298881073 -8.61737 41.1451
1298881075 -8.61735 41.1451
1298881076 -8.61732 41.145
1298881077 -8.61728 41.1449
1298881078 -8.61722 41.1449
1298881079 -8.61714 41.1449
1298881080 -8.61703 41.1448
1298881081 -8.61691 41.1449
1298881082 -8.61678 41.1449
1298881083 -8.61665 41.145
1298881084 -8.61652 41.145
1298881085 -8.61639 41.1451
1298881086 -8.61628 41.1451
1298881087 -8.61619 41.1452
1298881088 -8.61611 41.1452
1298881089 -8.61603 41.1452
1298881090 -8.61598 41.1453
1298881091 -8.61594 41.1453
1298881092 -8.61592 41.1453
1298881093 -8.6159 41.1453
1298881094 -8.61589 41.1453
1298881095 -8.61588 41.1453
1298881096 -8.61587 41.1453
1298881099 -8.61586 41.1453
1298881100 -8.61584 41.1453
1298881101 -8.61581 41.1453
1298881102 -8.61575 41.1454
1298881103 -8.61568 41.1454
1298881104 -8.61561 41.1454
1298881105 -8.61552 41.1455
1298881106 -8.61542 41.1455
1298881107 -8.6153 41.1456
1298881108 -8.61518 41.1456
1298881109 -8.61503 41.1457
1298881110 -8.61488 41.1457
1298881111 -8.61473 41.1458
1298881112 -8.61457 41.1458
1298881113 -8.61442 41.1459
1298881114 -8.61427 41.1459
1298881115 -8.61413 41.1459
1298881116 -8.61401 41.146
1298881117 -8.6139 41.146
1298881118 -8.61378 41.146
1298881119 -8.61368 41.146
1298881120 -8.61357 41.1459
1298881121 -8.61346 41.1459
1298881122 -8.61333 41.1459
1298881123 -8.61319 41.1459
1298881124 -8.61305 41.1459
1298881125 -8.61292 41.1459
1298881126 -8.6128 41.1459
1298881127 -8.61269 41.1459
1298881128 -8.6126 41.146
1298881129 -8.61251 41.146
1298881130 -8.61243 41.146
1298881131 -8.61235 41.146
1298881132 -8.61225 41.146
1298881133 -8.61216 41.146
1298881134 -8.61208 41.146
1298881135 -8.61202 41.146
1298881136 -8.61197 41.146
1298881137 -8.61194 41.146
1298881138 -8.61193 41.146
1298881147 -8.61195 41.146
1298881151 -8.61195 41.1461
1298881153 -8.61194 41.1461
1298881161 -8.61193 41.1461
1298881164 -8.61192 41.1461
1298881168 -8.61191 41.1461
1298881172 -8.61189 41.1461
1298881173 -8.61187 41.1461
1298881174 -8.61181 41.1461
1298881175 -8.61176 41.1461
1298881176 -8.61169 41.1461
1298881177 -8.61161 41.1461
1298881178 -8.61152 41.1461
1298881179 -8.61144 41.1461
1298881180 -8.61137 41.1461
1298881181 -8.61129 41.1461
1298881182 -8.61123 41.1461
1298881183 -8.61116 41.1461
1298881184 -8.61113 41.1461
1298881185 -8.61111 41.1461
1298881188 -8.61112 41.1461
1298881200 -8.61113 41.1461
