:break:
1298880087 -8.65489 41.1524
1298880088 -8.6549 41.1524
1298880101 -8.65487 41.1524
1298880102 -8.65483 41.1523
1298880103 -8.65479 41.1523
1298880104 -8.65473 41.1523
1298880105 -8.65466 41.1522
1298880106 -8.65458 41.1522
1298880107 -8.65449 41.1522
1298880108 -8.6544 41.1522
1298880109 -8.65429 41.1522
1298880110 -8.65417 41.1522
1298880111 -8.65402 41.1522
1298880112 -8.65388 41.1522
1298880113 -8.65374 41.1521
1298880114 -8.65359 41.1521
1298880115 -8.65343 41.1521
1298880116 -8.65327 41.1521
1298880117 -8.65309 41.1521
1298880118 -8.65292 41.1521
1298880119 -8.65274 41.1522
1298880120 -8.65257 41.1522
1298880121 -8.6524 41.1522
1298880122 -8.65225 41.1522
1298880123 -8.65211 41.1523
1298880124 -8.65196 41.1523
1298880125 -8.65182 41.1524
1298880126 -8.65168 41.1524
1298880127 -8.65156 41.1525
1298880128 -8.65144 41.1526
1298880129 -8.65132 41.1527
1298880130 -8.65122 41.1528
1298880131 -8.65113 41.1529
1298880132 -8.65105 41.153
1298880133 -8.65096 41.1531
1298880134 -8.65085 41.1532
1298880135 -8.65077 41.1533
1298880136 -8.65069 41.1534
1298880137 -8.65061 41.1535
1298880138 -8.65055 41.1535
1298880139 -8.65049 41.1536
1298880140 -8.65046 41.1536
1298880141 -8.65042 41.1537
1298880142 -8.6504 41.1537
1298880143 -8.65039 41.1537
1298880162 -8.65038 41.1537
1298880163 -8.65036 41.1537
1298880164 -8.65033 41.1537
1298880165 -8.65028 41.1538
1298880166 -8.65022 41.1538
1298880167 -8.65016 41.1538
1298880168 -8.65009 41.1538
1298880169 -8.65 41.1539
1298880170 -8.6499 41.1539
1298880171 -8.6498 41.154
1298880172 -8.64969 41.154
1298880173 -8.64959 41.154
1298880174 -8.64946 41.1541
1298880175 -8.64933 41.1541
1298880176 -8.64918 41.1541
1298880177 -8.64901 41.1542
1298880178 -8.64884 41.1542
1298880179 -8.64866 41.1542
1298880180 -8.64849 41.1542
1298880181 -8.64834 41.1543
1298880182 -8.64823 41.1544
1298880183 -8.64815 41.1544
1298880184 -8.6481 41.1545
1298880185 -8.64804 41.1546
1298880186 -8.64799 41.1547
1298880187 -8.64796 41.1548
1298880188 -8.64795 41.1548
1298880190 -8.64797 41.1549
1298880191 -8.64798 41.1549
1298880192 -8.64799 41.1549
1298880193 -8.648 41.1549
1298880201 -8.64801 41.1549
1298880203 -8.64802 41.1549
1298880204 -8.64803 41.1549
1298880206 -8.64804 41.1549
1298880208 -8.64804 41.155
1298880209 -8.64805 41.155
1298880210 -8.64807 41.155
1298880211 -8.64808 41.155
1298880212 -8.64809 41.155
1298880213 -8.6481 41.155
1298880219 -8.64811 41.155
1298880220 -8.64812 41.155
1298880221 -8.64814 41.155
1298880222 -8.64815 41.155
1298880223 -8.64817 41.155
1298880224 -8.6482 41.155
1298880225 -8.64821 41.155
1298880226 -8.64823 41.155
1298880227 -8.64824 41.155
1298880228 -8.64827 41.155
1298880229 -8.6483 41.155
1298880230 -8.64831 41.155
1298880231 -8.64832 41.155
1298880233 -8.64833 41.155
1298880258 -8.64834 41.155
1298880259 -8.64839 41.155
1298880260 -8.64842 41.155
1298880261 -8.64845 41.155
1298880262 -8.64848 41.155
1298880263 -8.6485 41.155
1298880264 -8.64852 41.155
1298880265 -8.64855 41.155
1298880266 -8.6486 41.155
1298880267 -8.64866 41.1549
1298880268 -8.64872 41.1549
1298880269 -8.64879 41.155
1298880270 -8.64885 41.155
1298880271 -8.64887 41.155
1298880272 -8.64888 41.155
1298880274 -8.64889 41.155
1298880275 -8.64892 41.155
1298880276 -8.64896 41.155
1298880277 -8.64898 41.155
1298880278 -8.64901 41.155
1298880279 -8.64902 41.1549
1298880292 -8.64903 41.1549
1298880303 -8.64904 41.1549
1298880310 -8.64904 41.1548
1298880322 -8.64903 41.1548
1298880336 -8.64902 41.1548
1298880392 -8.64901 41.1548
1298880400 -8.64901 41.1549
1298880402 -8.649 41.1549
1298880409 -8.64899 41.1549
1298880415 -8.64898 41.1549
1298880422 -8.64897 41.1549
1298880430 -8.64896 41.1549
1298880848 -8.649 41.1548
1298880851 -8.64903 41.1547
1298880852 -8.64904 41.1547
1298880853 -8.64905 41.1547
1298880880 -8.64906 41.1547
1298880949 -8.64902 41.1547
1298881008 -8.64907 41.1547
1298881018 -8.64908 41.1547
1298881076 -8.64909 41.1547
1298881083 -8.6491 41.1547
1298881087 -8.64911 41.1547
1298881090 -8.64912 41.1547
1298881092 -8.64913 41.1546
1298881096 -8.64914 41.1546
1298881097 -8.64915 41.1546
1298881098 -8.64916 41.1546
1298881099 -8.64917 41.1546
1298881100 -8.64918 41.1546
1298881102 -8.6492 41.1546
1298881103 -8.64921 41.1546
1298881107 -8.64922 41.1546
1298881137 -8.64923 41.1546
1298881139 -8.64924 41.1546
1298881141 -8.64925 41.1545
1298881142 -8.64926 41.1545
1298881144 -8.64927 41.1545
1298881145 -8.64928 41.1545
1298881146 -8.64929 41.1545
1298881147 -8.6493 41.1545
1298881148 -8.64931 41.1545
1298881150 -8.64932 41.1545
1298881151 -8.64933 41.1545
1298881152 -8.64934 41.1545
1298881153 -8.64935 41.1545
1298881154 -8.64936 41.1545
1298881156 -8.64937 41.1545
1298881157 -8.64938 41.1545
1298881158 -8.64939 41.1545
1298881160 -8.6494 41.1545
1298881173 -8.64941 41.1545
1298881175 -8.64942 41.1545
1298881179 -8.64943 41.1545
1298881200 -8.64943 41.1545
