:break:
1298880172 -8.58578 41.1482
1298880176 -8.58579 41.1482
1298880185 -8.5858 41.1482
1298880201 -8.58581 41.1482
1298880207 -8.58582 41.1482
1298880211 -8.58583 41.1482
1298880367 -8.58584 41.1482
1298880371 -8.58576 41.1482
1298880372 -8.58573 41.1482
1298880373 -8.58571 41.1483
1298880374 -8.5857 41.1483
1298880378 -8.58572 41.1483
1298880389 -8.58573 41.1483
1298880398 -8.58574 41.1483
1298880400 -8.58574 41.1482
1298880401 -8.58575 41.1482
1298880405 -8.58577 41.1482
1298880434 -8.58585 41.1482
1298880451 -8.58577 41.1483
1298880452 -8.58576 41.1483
1298880453 -8.58575 41.1483
1298880460 -8.58569 41.1483
1298880461 -8.58568 41.1483
1298880464 -8.58567 41.1483
1298880466 -8.58566 41.1484
1298880467 -8.58565 41.1484
1298880469 -8.58564 41.1484
1298880471 -8.58563 41.1484
1298880474 -8.58562 41.1484
1298880477 -8.58561 41.1484
1298880484 -8.5856 41.1484
1298880555 -8.58559 41.1484
1298880561 -8.58558 41.1484
1298880567 -8.58557 41.1484
1298880569 -8.58556 41.1484
1298880573 -8.58555 41.1484
1298880575 -8.58554 41.1484
1298880577 -8.58553 41.1485
1298880596 -8.58564 41.1483
1298880597 -8.58565 41.1483
1298880598 -8.58566 41.1483
1298880685 -8.58572 41.1482
1298880805 -8.58585 41.1481
1298880964 -8.58586 41.1482
1298881200 -8.58577 41.1482
