:break:
1298880013 -8.5584 41.1766
1298880014 -8.55851 41.1767
1298880015 -8.55862 41.1768
1298880016 -8.55873 41.1768
1298880017 -8.55883 41.1769
1298880018 -8.55892 41.177
1298880019 -8.559 41.177
1298880020 -8.55909 41.177
1298880021 -8.55913 41.1771
1298880022 -8.55915 41.1771
1298880023 -8.55918 41.1771
1298880024 -8.5592 41.1771
1298880025 -8.55924 41.1772
1298880026 -8.55931 41.1772
1298880027 -8.55938 41.1772
1298880028 -8.55945 41.1773
1298880029 -8.55952 41.1773
1298880030 -8.55959 41.1773
1298880031 -8.55966 41.1773
1298880032 -8.55971 41.1774
1298880033 -8.55977 41.1775
1298880034 -8.55982 41.1775
1298880035 -8.55987 41.1776
1298880036 -8.55993 41.1776
1298880037 -8.55997 41.1776
1298880038 -8.56002 41.1777
1298880039 -8.56007 41.1777
1298880040 -8.56013 41.1778
1298880041 -8.5602 41.1778
1298880042 -8.56027 41.1779
1298880043 -8.56033 41.1779
1298880044 -8.56039 41.178
1298880045 -8.56045 41.178
1298880046 -8.5605 41.178
1298880047 -8.56057 41.1781
1298880048 -8.56065 41.1781
1298880049 -8.56075 41.1781
1298880050 -8.56085 41.178
1298880051 -8.56095 41.178
1298880052 -8.56106 41.178
1298880053 -8.56118 41.1779
1298880054 -8.5613 41.1779
1298880055 -8.56142 41.1779
1298880056 -8.56155 41.1778
1298880057 -8.56166 41.1778
1298880058 -8.56176 41.1778
1298880059 -8.56186 41.1778
1298880060 -8.56197 41.1778
1298880061 -8.56207 41.1778
1298880062 -8.56217 41.1778
1298880063 -8.56229 41.1779
1298880064 -8.56241 41.1779
1298880065 -8.56254 41.1779
1298880066 -8.56267 41.178
1298880067 -8.56281 41.178
1298880068 -8.56295 41.1781
1298880069 -8.5631 41.1781
1298880070 -8.56324 41.1782
1298880071 -8.56338 41.1782
1298880072 -8.56352 41.1783
1298880073 -8.56366 41.1784
1298880074 -8.5638 41.1785
1298880075 -8.56393 41.1786
1298880076 -8.56407 41.1787
1298880077 -8.56419 41.1788
1298880078 -8.56429 41.1789
1298880079 -8.5644 41.1791
1298880080 -8.56449 41.1792
1298880081 -8.56455 41.1793
1298880082 -8.56464 41.1795
1298880083 -8.56471 41.1796
1298880084 -8.56477 41.1798
1298880085 -8.56483 41.1799
1298880086 -8.56489 41.1801
1298880087 -8.56493 41.1802
1298880088 -8.56498 41.1803
1298880089 -8.56502 41.1805
1298880090 -8.56506 41.1806
1298880091 -8.56511 41.1807
1298880092 -8.56515 41.1808
1298880093 -8.56517 41.1808
1298880094 -8.56521 41.1809
1298880095 -8.56526 41.181
1298880096 -8.56527 41.181
1298880097 -8.56528 41.1811
1298880098 -8.56527 41.1811
1298880104 -8.5653 41.1812
1298880105 -8.56534 41.1812
1298880106 -8.5654 41.1813
1298880107 -8.56549 41.1813
1298880108 -8.5656 41.1813
1298880109 -8.5657 41.1813
1298880110 -8.56581 41.1814
1298880111 -8.56592 41.1814
1298880112 -8.56603 41.1814
1298880113 -8.56613 41.1814
1298880114 -8.56622 41.1815
1298880115 -8.56632 41.1815
1298880116 -8.56641 41.1815
1298880117 -8.56651 41.1816
1298880118 -8.56661 41.1816
1298880119 -8.56672 41.1816
1298880120 -8.56684 41.1817
1298880121 -8.56695 41.1817
1298880122 -8.56707 41.1817
1298880123 -8.5672 41.1817
1298880124 -8.56733 41.1817
1298880125 -8.56745 41.1816
1298880126 -8.56757 41.1816
1298880127 -8.56768 41.1815
1298880128 -8.56778 41.1814
1298880129 -8.56788 41.1814
1298880130 -8.56797 41.1813
1298880131 -8.56806 41.1812
1298880132 -8.56814 41.1812
1298880133 -8.56823 41.1811
1298880134 -8.56832 41.1811
1298880135 -8.56841 41.1811
1298880136 -8.5685 41.181
1298880137 -8.5686 41.181
1298880138 -8.56869 41.181
1298880139 -8.56877 41.181
1298880140 -8.56881 41.1809
1298880141 -8.56885 41.1808
1298880142 -8.56889 41.1807
1298880143 -8.56895 41.1806
1298880144 -8.56904 41.1806
1298880145 -8.56914 41.1805
1298880146 -8.56925 41.1804
1298880147 -8.56936 41.1803
1298880148 -8.56946 41.1803
1298880149 -8.56958 41.1802
1298880150 -8.56968 41.1801
1298880151 -8.56979 41.18
1298880152 -8.56989 41.18
1298880153 -8.56998 41.1799
1298880154 -8.57006 41.1798
1298880155 -8.57013 41.1798
1298880156 -8.57018 41.1798
1298880157 -8.5702 41.1798
1298880176 -8.57023 41.1798
1298880177 -8.57027 41.1797
1298880178 -8.57032 41.1797
1298880179 -8.57038 41.1797
1298880180 -8.57044 41.1797
1298880181 -8.57052 41.1797
1298880182 -8.57062 41.1797
1298880183 -8.57072 41.1797
1298880184 -8.57083 41.1798
1298880185 -8.57092 41.1798
1298880186 -8.571 41.1799
1298880187 -8.57108 41.1799
1298880188 -8.57116 41.1799
1298880189 -8.57123 41.18
1298880190 -8.5713 41.18
1298880191 -8.57134 41.18
1298880192 -8.57137 41.18
1298880193 -8.57139 41.1801
1298880198 -8.57138 41.1801
1298880201 -8.57141 41.1801
1298880202 -8.57146 41.1801
1298880203 -8.57151 41.1801
1298880204 -8.57157 41.1801
1298880205 -8.57165 41.1801
1298880206 -8.57172 41.1801
1298880207 -8.57179 41.1801
1298880208 -8.57187 41.1801
1298880209 -8.57196 41.1801
1298880210 -8.57205 41.1801
1298880211 -8.57214 41.1801
1298880212 -8.57222 41.1801
1298880213 -8.57234 41.1801
1298880214 -8.57246 41.1801
1298880215 -8.5726 41.1801
1298880216 -8.57273 41.1801
1298880217 -8.57287 41.1801
1298880218 -8.573 41.1801
1298880219 -8.57314 41.1801
1298880220 -8.57328 41.1801
1298880221 -8.57342 41.1801
1298880222 -8.57357 41.1801
1298880223 -8.57371 41.1801
1298880224 -8.57386 41.1801
1298880225 -8.57402 41.1802
1298880226 -8.57417 41.1802
1298880227 -8.57433 41.1802
1298880228 -8.57448 41.1803
1298880229 -8.57462 41.1803
1298880230 -8.57478 41.1804
1298880231 -8.57492 41.1805
1298880232 -8.57507 41.1805
1298880233 -8.57521 41.1806
1298880234 -8.57536 41.1807
1298880235 -8.57551 41.1808
1298880236 -8.57566 41.1808
1298880237 -8.57581 41.1809
1298880238 -8.57597 41.181
1298880239 -8.57613 41.181
1298880240 -8.5763 41.181
1298880241 -8.57646 41.1811
1298880242 -8.57663 41.1811
1298880243 -8.57681 41.1811
1298880244 -8.57701 41.181
1298880245 -8.57719 41.181
1298880246 -8.57738 41.181
1298880247 -8.57756 41.181
1298880248 -8.57775 41.1809
1298880249 -8.57793 41.1809
1298880250 -8.57812 41.1809
1298880251 -8.5783 41.1809
1298880252 -8.57849 41.1809
1298880253 -8.57867 41.1808
1298880254 -8.57886 41.1808
1298880255 -8.57905 41.1808
1298880256 -8.57923 41.1808
1298880257 -8.57942 41.1808
1298880258 -8.5796 41.1807
1298880259 -8.57979 41.1807
1298880260 -8.57998 41.1807
1298880261 -8.58017 41.1807
1298880262 -8.58035 41.1807
1298880263 -8.58052 41.1806
1298880264 -8.58068 41.1806
1298880265 -8.58083 41.1806
1298880266 -8.58097 41.1806
1298880267 -8.58111 41.1806
1298880268 -8.58125 41.1806
1298880269 -8.58137 41.1805
1298880270 -8.58149 41.1805
1298880271 -8.58159 41.1805
1298880272 -8.58166 41.1805
1298880273 -8.58173 41.1805
1298880274 -8.58179 41.1806
1298880275 -8.58184 41.1806
1298880276 -8.58192 41.1806
1298880277 -8.58201 41.1807
1298880278 -8.5821 41.1807
1298880279 -8.5822 41.1807
1298880280 -8.5823 41.1807
1298880281 -8.58239 41.1807
1298880282 -8.58246 41.1808
1298880283 -8.58253 41.1808
1298880284 -8.58258 41.1808
1298880285 -8.58259 41.1808
1298880286 -8.58261 41.1808
1298880287 -8.58263 41.1808
1298880288 -8.58265 41.1808
1298880289 -8.58268 41.1808
1298880290 -8.58271 41.1808
1298880291 -8.58272 41.1809
1298880293 -8.58274 41.1809
1298880294 -8.58275 41.1809
1298880295 -8.58277 41.1809
1298880296 -8.58278 41.1809
1298880297 -8.58279 41.1809
1298880298 -8.58281 41.1809
1298880301 -8.58283 41.1809
1298880302 -8.58284 41.1809
1298880303 -8.58286 41.1809
1298880304 -8.58287 41.1809
1298880307 -8.58288 41.1809
1298880309 -8.58289 41.1809
1298880310 -8.58289 41.181
1298880311 -8.5829 41.181
1298880313 -8.58291 41.181
1298880318 -8.5829 41.1809
1298880323 -8.58291 41.1809
1298880332 -8.58292 41.181
1298880334 -8.58293 41.181
1298880340 -8.58294 41.181
1298880341 -8.58296 41.181
1298880342 -8.58299 41.181
1298880343 -8.58304 41.181
1298880344 -8.58307 41.181
1298880345 -8.5831 41.1811
1298880346 -8.58312 41.1811
1298880347 -8.58315 41.1811
1298880348 -8.58317 41.181
1298880350 -8.58313 41.181
1298880351 -8.58309 41.181
1298880352 -8.58306 41.181
1298880353 -8.58303 41.1809
1298880354 -8.58301 41.1809
1298880355 -8.58299 41.1809
1298880359 -8.583 41.1809
1298880368 -8.58302 41.1809
1298880430 -8.58304 41.1809
1298880433 -8.58305 41.1809
1298880437 -8.58306 41.1809
1298880444 -8.58307 41.1809
1298880448 -8.58308 41.1809
1298880454 -8.58308 41.181
1298880540 -8.58298 41.1809
1298880543 -8.58297 41.1809
1298880548 -8.58296 41.1809
1298880556 -8.58295 41.1809
1298880600 -8.58294 41.1809
1298880601 -8.58293 41.1809
1298880608 -8.58282 41.1809
1298880610 -8.58281 41.1808
1298880664 -8.5828 41.1808
1298880668 -8.58279 41.1808
1298880673 -8.58278 41.1808
1298880686 -8.58277 41.1808
1298880739 -8.58276 41.1808
1298880743 -8.58275 41.1808
1298880748 -8.58274 41.1808
1298881200 -8.58277 41.1808
