:break:
1298880008 -8.62854 41.1573
1298880009 -8.62853 41.1573
1298880024 -8.62852 41.1573
1298880026 -8.6285 41.1573
1298880030 -8.62849 41.1573
1298880031 -8.62848 41.1573
1298880032 -8.62847 41.1574
1298880034 -8.62846 41.1574
1298880035 -8.62845 41.1574
1298880037 -8.62844 41.1574
1298880038 -8.62843 41.1574
1298880045 -8.62842 41.1574
1298880046 -8.62841 41.1574
1298880049 -8.6284 41.1574
1298880050 -8.62841 41.1575
1298880053 -8.62842 41.1575
1298880054 -8.62843 41.1575
1298880059 -8.62844 41.1575
1298880079 -8.62849 41.1574
1298880080 -8.6285 41.1574
1298880081 -8.62851 41.1573
1298880084 -8.62855 41.1573
1298880086 -8.62857 41.1573
1298880087 -8.62858 41.1573
1298880093 -8.62856 41.1573
1298880102 -8.62847 41.1573
1298880103 -8.62846 41.1573
1298880118 -8.62845 41.1573
1298880122 -8.62844 41.1573
1298880157 -8.62852 41.1574
1298880159 -8.62853 41.1574
1298880161 -8.62854 41.1574
1298880163 -8.62855 41.1574
1298880165 -8.62856 41.1574
1298880173 -8.62857 41.1574
1298880181 -8.62853 41.1575
1298880183 -8.62852 41.1575
1298880185 -8.62851 41.1575
1298880188 -8.6285 41.1575
1298880189 -8.62849 41.1575
1298880190 -8.62849 41.1576
1298880191 -8.62848 41.1576
1298880192 -8.62847 41.1576
1298880193 -8.62846 41.1576
1298880194 -8.62845 41.1576
1298880195 -8.62844 41.1576
1298880197 -8.62843 41.1576
1298880198 -8.62842 41.1576
1298880199 -8.62841 41.1576
1298880200 -8.6284 41.1576
1298880201 -8.62839 41.1576
1298880202 -8.62838 41.1576
1298880206 -8.62837 41.1576
1298880207 -8.62836 41.1576
1298880209 -8.62837 41.1575
1298880217 -8.62836 41.1575
1298880221 -8.62835 41.1576
1298880222 -8.62834 41.1576
1298880233 -8.62838 41.1575
1298880234 -8.62839 41.1575
1298880236 -8.6284 41.1575
1298880250 -8.62845 41.1575
1298880255 -8.62846 41.1575
1298880261 -8.62848 41.1574
1298880345 -8.62851 41.1574
1298880365 -8.62859 41.1573
1298880366 -8.6286 41.1573
1298880367 -8.62861 41.1573
1298880376 -8.62862 41.1573
1298880399 -8.62863 41.1573
1298880413 -8.62862 41.1574
1298880415 -8.62861 41.1574
1298880421 -8.6286 41.1574
1298880423 -8.62859 41.1574
1298880424 -8.62858 41.1574
1298880471 -8.62864 41.1573
1298880492 -8.62861 41.1572
1298880540 -8.62855 41.1572
1298880667 -8.62861 41.1575
1298880676 -8.6286 41.1575
1298880699 -8.62863 41.1574
1298880713 -8.62865 41.1573
1298880716 -8.62866 41.1573
1298880718 -8.62867 41.1573
1298880722 -8.62868 41.1573
1298880724 -8.62869 41.1573
1298880726 -8.62869 41.1572
1298880729 -8.6287 41.1572
1298880732 -8.62871 41.1572
1298880746 -8.62868 41.1572
1298880755 -8.62867 41.1572
1298880767 -8.62866 41.1572
1298880773 -8.62865 41.1572
1298880791 -8.62864 41.1572
1298880829 -8.62862 41.1575
1298880832 -8.62863 41.1575
1298880834 -8.62864 41.1575
1298880835 -8.62865 41.1575
1298880837 -8.62866 41.1575
1298880839 -8.62867 41.1575
1298880847 -8.62867 41.1574
1298880861 -8.62868 41.1574
1298880865 -8.62866 41.1574
1298880900 -8.62869 41.1574
1298880907 -8.6287 41.1573
1298880974 -8.62871 41.1573
1298881004 -8.62872 41.1573
1298881021 -8.6287 41.1574
1298881071 -8.62873 41.1573
1298881074 -8.62873 41.1572
1298881091 -8.62874 41.1573
1298881096 -8.62874 41.1572
1298881101 -8.62875 41.1572
1298881102 -8.62875 41.1573
1298881112 -8.62876 41.1573
1298881122 -8.62877 41.1573
1298881150 -8.62873 41.1574
1298881151 -8.62872 41.1574
1298881153 -8.62871 41.1574
1298881190 -8.62859 41.1575
1298881191 -8.62858 41.1575
1298881192 -8.62857 41.1575
1298881193 -8.62855 41.1575
1298881194 -8.62854 41.1575
1298881200 -8.6285 41.1574
