:break:
1298880159 -8.59933 41.1443
1298880161 -8.59934 41.1443
1298880199 -8.59932 41.1443
1298880212 -8.59931 41.1443
1298880232 -8.5993 41.1443
1298880237 -8.5993 41.1442
1298880250 -8.59929 41.1443
1298880277 -8.59928 41.1443
1298880280 -8.59927 41.1443
1298880281 -8.59926 41.1443
1298880282 -8.59925 41.1443
1298880283 -8.59923 41.1443
1298880284 -8.59919 41.1444
1298880285 -8.59916 41.1444
1298880286 -8.59911 41.1444
1298880287 -8.59905 41.1444
1298880288 -8.59899 41.1445
1298880289 -8.59891 41.1445
1298880290 -8.59884 41.1445
1298880291 -8.59877 41.1446
1298880292 -8.5987 41.1446
1298880293 -8.59862 41.1446
1298880294 -8.59855 41.1447
1298880295 -8.59847 41.1447
1298880296 -8.59839 41.1447
1298880297 -8.59831 41.1448
1298880298 -8.59825 41.1448
1298880299 -8.5982 41.1448
1298880300 -8.59816 41.1448
1298880301 -8.59813 41.1448
1298880302 -8.5981 41.1449
1298880303 -8.59808 41.1449
1298880304 -8.59808 41.145
1298880305 -8.59808 41.1451
1298880306 -8.59809 41.1451
1298880307 -8.59811 41.1452
1298880308 -8.59815 41.1453
1298880309 -8.59817 41.1454
1298880310 -8.59819 41.1455
1298880311 -8.5982 41.1455
1298880312 -8.5982 41.1456
1298880313 -8.59822 41.1456
1298880314 -8.59823 41.1457
1298880318 -8.59824 41.1457
1298880321 -8.59825 41.1457
1298880322 -8.59826 41.1457
1298880323 -8.59827 41.1457
1298880324 -8.59828 41.1457
1298880326 -8.59829 41.1457
1298880328 -8.5983 41.1457
1298880331 -8.59831 41.1457
1298880332 -8.59832 41.1457
1298880334 -8.59833 41.1457
1298880335 -8.59834 41.1457
1298880336 -8.59835 41.1457
1298880337 -8.59836 41.1457
1298880338 -8.59837 41.1457
1298880340 -8.59838 41.1457
1298880343 -8.59839 41.1457
1298880344 -8.5984 41.1457
1298880347 -8.59841 41.1457
1298880351 -8.59842 41.1457
1298880353 -8.59843 41.1457
1298880355 -8.59844 41.1457
1298880356 -8.59846 41.1457
1298880357 -8.59847 41.1457
1298880359 -8.59848 41.1457
1298880360 -8.59849 41.1457
1298880363 -8.5985 41.1457
1298880364 -8.59851 41.1457
1298880373 -8.59847 41.1458
1298880374 -8.59844 41.1458
1298880376 -8.59844 41.1459
1298880377 -8.59841 41.146
1298880379 -8.59841 41.1462
1298880380 -8.59841 41.1463
1298880381 -8.59841 41.1464
1298880382 -8.59839 41.1465
1298880383 -8.59841 41.1466
1298880384 -8.59845 41.1467
1298880386 -8.59846 41.1468
1298880387 -8.59849 41.1469
1298880388 -8.59854 41.1469
1298880389 -8.59858 41.147
1298880390 -8.5986 41.1471
1298880391 -8.59863 41.1472
1298880392 -8.59865 41.1473
1298880393 -8.5987 41.1474
1298880394 -8.59874 41.1475
1298880395 -8.59879 41.1476
1298880396 -8.59882 41.1477
1298880397 -8.59888 41.1477
1298880398 -8.59894 41.1478
1298880399 -8.59895 41.1478
1298880400 -8.59894 41.1479
1298880401 -8.59891 41.1479
1298880402 -8.59888 41.148
1298880403 -8.59884 41.148
1298880404 -8.59881 41.1481
1298880405 -8.59878 41.1481
1298880406 -8.59876 41.1482
1298880407 -8.59875 41.1482
1298880408 -8.59874 41.1482
1298880415 -8.59873 41.1482
1298880433 -8.59873 41.1483
1298880436 -8.59877 41.1483
1298880437 -8.59882 41.1484
1298880438 -8.5989 41.1484
1298880439 -8.59899 41.1484
1298880440 -8.59908 41.1484
1298880441 -8.59919 41.1485
1298880442 -8.5993 41.1485
1298880443 -8.59944 41.1485
1298880444 -8.59958 41.1486
1298880445 -8.59972 41.1486
1298880446 -8.59986 41.1486
1298880447 -8.59998 41.1486
1298880448 -8.6001 41.1486
1298880449 -8.60021 41.1486
1298880450 -8.6003 41.1487
1298880451 -8.60036 41.1487
1298880452 -8.6004 41.1487
1298880453 -8.60042 41.1487
1298880461 -8.60041 41.1488
1298880463 -8.60042 41.1488
1298880464 -8.60044 41.1488
1298880465 -8.60047 41.1488
1298880466 -8.60052 41.1488
1298880467 -8.60057 41.1488
1298880468 -8.60064 41.1488
1298880469 -8.60072 41.1488
1298880470 -8.60081 41.1488
1298880471 -8.60093 41.1488
1298880472 -8.60105 41.1488
1298880473 -8.60116 41.1489
1298880474 -8.60126 41.1489
1298880475 -8.60137 41.1489
1298880476 -8.60149 41.149
1298880477 -8.60161 41.149
1298880478 -8.60171 41.149
1298880479 -8.6018 41.149
1298880480 -8.60186 41.1491
1298880481 -8.60191 41.1491
1298880482 -8.60194 41.1491
1298880483 -8.60197 41.1492
1298880485 -8.60197 41.1493
1298880486 -8.60199 41.1493
1298880487 -8.60201 41.1494
1298880488 -8.60202 41.1495
1298880489 -8.60203 41.1496
1298880490 -8.60205 41.1497
1298880491 -8.60206 41.1499
1298880492 -8.60206 41.15
1298880493 -8.60206 41.1501
1298880494 -8.60209 41.1502
1298880495 -8.60213 41.1503
1298880496 -8.60215 41.1504
1298880497 -8.60217 41.1505
1298880498 -8.60218 41.1505
1298880499 -8.60219 41.1506
1298880500 -8.60218 41.1507
1298880501 -8.60219 41.1507
1298880502 -8.6022 41.1508
1298880503 -8.60221 41.1508
1298880504 -8.60222 41.1508
1298880505 -8.60223 41.1508
1298880513 -8.6022 41.1509
1298880514 -8.60221 41.1509
1298880520 -8.60221 41.151
1298880521 -8.60223 41.151
1298880522 -8.60224 41.1511
1298880523 -8.60225 41.1512
1298880524 -8.60226 41.1512
1298880525 -8.60227 41.1513
1298880526 -8.60228 41.1515
1298880527 -8.60229 41.1516
1298880528 -8.6023 41.1517
1298880529 -8.60231 41.1519
1298880530 -8.60232 41.152
1298880531 -8.60234 41.1521
1298880532 -8.60234 41.1523
1298880533 -8.60234 41.1524
1298880534 -8.60236 41.1525
1298880535 -8.60238 41.1526
1298880536 -8.60239 41.1528
1298880537 -8.60237 41.1529
1298880538 -8.60235 41.1529
1298880539 -8.60236 41.153
1298880540 -8.60236 41.1531
1298880542 -8.60236 41.1532
1298880543 -8.60237 41.1532
1298880544 -8.60239 41.1533
1298880545 -8.60242 41.1534
1298880546 -8.60243 41.1535
1298880547 -8.60246 41.1536
1298880548 -8.60247 41.1537
1298880549 -8.60248 41.1539
1298880550 -8.60249 41.154
1298880551 -8.60252 41.1541
1298880552 -8.60252 41.1542
1298880553 -8.60253 41.1543
1298880554 -8.60254 41.1544
1298880555 -8.60256 41.1544
1298880556 -8.60259 41.1545
1298880557 -8.60261 41.1545
1298880558 -8.60264 41.1545
1298880559 -8.60268 41.1545
1298880560 -8.6027 41.1545
1298880561 -8.60276 41.1545
1298880562 -8.6028 41.1545
1298880563 -8.60286 41.1545
1298880564 -8.60288 41.1545
1298880573 -8.60289 41.1545
1298880574 -8.60292 41.1545
1298880575 -8.60295 41.1545
1298880576 -8.60299 41.1545
1298880577 -8.60304 41.1546
1298880578 -8.60309 41.1546
1298880579 -8.60315 41.1546
1298880580 -8.60324 41.1546
1298880581 -8.60332 41.1546
1298880582 -8.60341 41.1546
1298880583 -8.60348 41.1547
1298880584 -8.60354 41.1547
1298880585 -8.60361 41.1547
1298880586 -8.60367 41.1547
1298880587 -8.60374 41.1547
1298880588 -8.60382 41.1547
1298880589 -8.6039 41.1547
1298880590 -8.60398 41.1547
1298880591 -8.60405 41.1548
1298880592 -8.60412 41.1548
1298880593 -8.60419 41.1548
1298880594 -8.60425 41.1548
1298880595 -8.60431 41.1548
1298880596 -8.60438 41.1548
1298880597 -8.60443 41.1548
1298880598 -8.6045 41.1548
1298880599 -8.60455 41.1548
1298880600 -8.60459 41.1548
1298880601 -8.60464 41.1547
1298880602 -8.60466 41.1547
1298880603 -8.60469 41.1546
1298880604 -8.60475 41.1545
1298880605 -8.60477 41.1545
1298880606 -8.6048 41.1544
1298880607 -8.60484 41.1543
1298880608 -8.60486 41.1541
1298880609 -8.60485 41.154
1298880610 -8.60484 41.1539
1298880611 -8.60485 41.1538
1298880612 -8.60487 41.1538
1298880613 -8.6049 41.1537
1298880614 -8.60494 41.1537
1298880615 -8.60501 41.1537
1298880616 -8.60509 41.1537
1298880617 -8.60519 41.1537
1298880618 -8.60531 41.1537
1298880619 -8.60544 41.1536
1298880620 -8.60559 41.1537
1298880621 -8.60575 41.1537
1298880622 -8.6059 41.1536
1298880623 -8.60604 41.1536
1298880624 -8.60619 41.1536
1298880625 -8.60634 41.1536
1298880626 -8.60649 41.1536
1298880627 -8.60665 41.1536
1298880628 -8.60682 41.1536
1298880629 -8.60696 41.1536
1298880630 -8.60711 41.1536
1298880631 -8.60725 41.1536
1298880632 -8.60738 41.1536
1298880633 -8.60752 41.1536
1298880634 -8.60765 41.1536
1298880635 -8.60781 41.1536
1298880636 -8.60795 41.1536
1298880637 -8.6081 41.1536
1298880638 -8.60823 41.1536
1298880639 -8.60838 41.1536
1298880640 -8.60854 41.1536
1298880641 -8.6087 41.1536
1298880642 -8.60886 41.1536
1298880643 -8.60902 41.1536
1298880644 -8.60919 41.1536
1298880645 -8.60936 41.1536
1298880646 -8.60953 41.1536
1298880647 -8.60969 41.1536
1298880648 -8.60986 41.1536
1298880649 -8.61002 41.1536
1298880650 -8.61019 41.1536
1298880651 -8.61035 41.1536
1298880652 -8.61052 41.1536
1298880653 -8.61067 41.1536
1298880654 -8.61082 41.1536
1298880655 -8.61097 41.1536
1298880656 -8.61112 41.1536
1298880657 -8.61126 41.1536
1298880658 -8.6114 41.1536
1298880659 -8.61151 41.1537
1298880660 -8.6116 41.1537
1298880661 -8.61167 41.1537
1298880662 -8.61172 41.1537
1298880663 -8.61178 41.1537
1298880664 -8.61183 41.1537
1298880665 -8.61188 41.1537
1298880666 -8.61195 41.1537
1298880667 -8.61198 41.1538
1298880668 -8.612 41.1538
1298880669 -8.61202 41.1539
1298880670 -8.61203 41.154
1298880671 -8.61203 41.1541
1298880672 -8.61203 41.1542
1298880673 -8.61202 41.1543
1298880674 -8.61202 41.1544
1298880675 -8.61202 41.1546
1298880676 -8.61201 41.1547
1298880677 -8.612 41.1548
1298880678 -8.61199 41.1549
1298880679 -8.612 41.155
1298880680 -8.61203 41.155
1298880681 -8.61206 41.1551
1298880682 -8.61213 41.1551
1298880683 -8.61218 41.1551
1298880684 -8.61223 41.1552
1298880685 -8.61227 41.1552
1298880686 -8.61233 41.1552
1298880687 -8.61237 41.1552
1298880688 -8.61243 41.1552
1298880689 -8.61253 41.1552
1298880690 -8.61262 41.1552
1298880691 -8.61272 41.1552
1298880692 -8.6128 41.1552
1298880693 -8.61287 41.1552
1298880694 -8.61294 41.1552
1298880695 -8.61298 41.1553
1298880696 -8.61301 41.1553
1298880697 -8.61304 41.1553
1298880699 -8.61306 41.1553
1298880700 -8.61307 41.1553
1298880701 -8.61308 41.1553
1298880702 -8.61309 41.1553
1298880703 -8.6131 41.1553
1298880704 -8.61311 41.1553
1298880705 -8.61312 41.1552
1298880706 -8.61313 41.1552
1298880709 -8.61314 41.1552
1298880711 -8.61315 41.1552
1298880714 -8.61316 41.1552
1298880729 -8.61317 41.1552
1298880733 -8.61318 41.1552
1298880734 -8.61319 41.1552
1298880740 -8.61318 41.1553
1298880742 -8.61317 41.1553
1298880745 -8.61316 41.1553
1298880747 -8.61315 41.1553
1298880750 -8.61314 41.1553
1298880755 -8.61319 41.1553
1298880756 -8.61322 41.1553
1298880757 -8.61325 41.1553
1298880758 -8.6133 41.1554
1298880759 -8.61334 41.1554
1298880760 -8.61339 41.1554
1298880761 -8.61346 41.1554
1298880762 -8.61358 41.1554
1298880763 -8.61368 41.1554
1298880764 -8.61378 41.1554
1298880765 -8.61386 41.1554
1298880766 -8.61395 41.1554
1298880767 -8.61398 41.1554
1298880768 -8.61401 41.1554
1298880769 -8.61402 41.1554
1298880773 -8.61403 41.1555
1298880774 -8.61404 41.1555
1298880775 -8.61405 41.1555
1298880776 -8.61406 41.1555
1298880780 -8.61407 41.1555
1298880783 -8.61408 41.1555
1298880784 -8.6141 41.1555
1298880785 -8.61412 41.1555
1298880787 -8.61413 41.1555
1298880788 -8.61415 41.1556
1298880789 -8.61417 41.1556
1298880790 -8.61419 41.1556
1298880791 -8.61422 41.1556
1298880792 -8.61424 41.1556
1298880793 -8.61426 41.1556
1298880794 -8.61428 41.1556
1298880795 -8.61429 41.1556
1298880796 -8.6143 41.1556
1298880797 -8.61433 41.1556
1298880798 -8.61435 41.1556
1298880799 -8.61437 41.1556
1298880800 -8.61438 41.1556
1298880801 -8.6144 41.1556
1298880802 -8.61442 41.1556
1298880803 -8.61445 41.1556
1298880804 -8.61448 41.1556
1298880805 -8.6145 41.1556
1298880806 -8.61452 41.1556
1298880807 -8.61454 41.1556
1298880808 -8.61455 41.1556
1298880809 -8.61456 41.1556
1298880814 -8.61457 41.1556
1298880821 -8.61458 41.1556
1298880832 -8.6146 41.1556
1298880833 -8.61462 41.1556
1298880834 -8.61465 41.1556
1298880835 -8.61468 41.1556
1298880836 -8.61472 41.1556
1298880837 -8.61476 41.1556
1298880838 -8.6148 41.1557
1298880839 -8.61485 41.1557
1298880840 -8.6149 41.1557
1298880841 -8.61495 41.1557
1298880842 -8.61499 41.1557
1298880843 -8.61503 41.1557
1298880844 -8.61506 41.1557
1298880845 -8.61508 41.1557
1298880846 -8.6151 41.1557
1298880847 -8.61511 41.1557
1298880850 -8.61512 41.1557
1298880852 -8.61513 41.1557
1298880856 -8.61514 41.1557
1298880858 -8.61515 41.1556
1298880860 -8.61516 41.1556
1298880862 -8.61517 41.1556
1298880863 -8.61518 41.1556
1298880865 -8.61519 41.1556
1298880870 -8.6152 41.1556
1298880879 -8.61521 41.1556
1298880895 -8.61522 41.1556
1298880912 -8.61523 41.1556
1298880924 -8.61524 41.1556
1298880954 -8.61526 41.1556
1298880955 -8.61528 41.1556
1298880956 -8.61529 41.1556
1298880957 -8.61532 41.1556
1298880958 -8.61536 41.1556
1298880959 -8.61541 41.1557
1298880960 -8.61547 41.1557
1298880961 -8.61557 41.1557
1298880962 -8.61569 41.1557
1298880963 -8.61582 41.1557
1298880964 -8.61595 41.1558
1298880965 -8.61608 41.1558
1298880966 -8.61619 41.1558
1298880967 -8.61633 41.1558
1298880968 -8.61647 41.1558
1298880969 -8.61661 41.1558
1298880970 -8.61674 41.1558
1298880971 -8.61688 41.1559
1298880972 -8.61701 41.1559
1298880973 -8.61714 41.1559
1298880974 -8.61727 41.1559
1298880975 -8.61738 41.156
1298880976 -8.6175 41.156
1298880977 -8.61759 41.1561
1298880978 -8.61769 41.1561
1298880979 -8.61773 41.1561
1298880980 -8.61778 41.1562
1298880981 -8.61785 41.1561
1298880982 -8.61789 41.1561
1298880983 -8.61793 41.1561
1298880984 -8.61798 41.156
1298880985 -8.61804 41.156
1298880986 -8.6181 41.1559
1298880987 -8.61816 41.1559
1298880988 -8.61822 41.1558
1298880989 -8.61827 41.1558
1298880990 -8.61831 41.1557
1298880991 -8.61836 41.1557
1298880992 -8.6184 41.1557
1298880993 -8.61843 41.1556
1298880994 -8.61847 41.1556
1298880995 -8.6185 41.1556
1298880996 -8.61853 41.1555
1298880997 -8.61855 41.1555
1298880998 -8.61858 41.1555
1298880999 -8.6186 41.1554
1298881000 -8.61861 41.1554
1298881001 -8.61862 41.1554
1298881007 -8.61864 41.1554
1298881008 -8.61865 41.1554
1298881009 -8.61866 41.1554
1298881010 -8.61867 41.1554
1298881012 -8.61868 41.1554
1298881014 -8.61869 41.1554
1298881017 -8.6187 41.1554
1298881020 -8.61871 41.1554
1298881027 -8.61872 41.1554
1298881029 -8.61873 41.1554
1298881032 -8.61874 41.1554
1298881037 -8.61875 41.1554
1298881041 -8.61876 41.1554
1298881042 -8.61877 41.1554
1298881046 -8.61878 41.1554
1298881048 -8.61879 41.1554
1298881049 -8.6188 41.1553
1298881050 -8.61881 41.1553
1298881051 -8.61879 41.1553
1298881052 -8.61875 41.1552
1298881053 -8.61868 41.1552
1298881054 -8.61858 41.1552
1298881055 -8.61847 41.1552
1298881056 -8.61835 41.1551
1298881057 -8.61822 41.1551
1298881058 -8.61806 41.1551
1298881059 -8.61788 41.155
1298881060 -8.61768 41.155
1298881061 -8.61749 41.1549
1298881062 -8.6173 41.1549
1298881063 -8.61711 41.1548
1298881064 -8.61691 41.1548
1298881065 -8.61669 41.1548
1298881066 -8.61646 41.1547
1298881067 -8.61624 41.1547
1298881068 -8.61602 41.1547
1298881069 -8.61581 41.1546
1298881070 -8.61562 41.1546
1298881071 -8.61544 41.1546
1298881072 -8.61526 41.1545
1298881073 -8.6151 41.1545
1298881074 -8.61493 41.1545
1298881075 -8.61476 41.1545
1298881076 -8.61461 41.1544
1298881077 -8.61448 41.1544
1298881078 -8.61436 41.1544
1298881079 -8.61423 41.1544
1298881080 -8.61412 41.1544
1298881081 -8.61403 41.1543
1298881082 -8.61394 41.1543
1298881083 -8.61386 41.1543
1298881084 -8.61378 41.1543
1298881085 -8.61372 41.1543
1298881086 -8.61368 41.1543
1298881087 -8.61366 41.1542
1298881088 -8.61364 41.1542
1298881089 -8.61363 41.1542
1298881092 -8.61365 41.1542
1298881095 -8.61367 41.1542
1298881097 -8.61368 41.1542
1298881103 -8.61369 41.1542
1298881108 -8.61362 41.1542
1298881109 -8.61356 41.1542
1298881110 -8.6135 41.1541
1298881111 -8.61345 41.1541
1298881112 -8.6134 41.1541
1298881113 -8.61337 41.1541
1298881114 -8.61334 41.1541
1298881115 -8.61332 41.154
1298881119 -8.61331 41.154
1298881130 -8.6133 41.154
1298881134 -8.61331 41.1539
1298881137 -8.61331 41.1538
1298881138 -8.61329 41.1538
1298881139 -8.61324 41.1537
1298881140 -8.61318 41.1537
1298881141 -8.61306 41.1537
1298881142 -8.61294 41.1537
1298881143 -8.61281 41.1537
1298881144 -8.61269 41.1537
1298881145 -8.6126 41.1537
1298881146 -8.6125 41.1537
1298881147 -8.61241 41.1537
1298881148 -8.61231 41.1537
1298881149 -8.61221 41.1536
1298881150 -8.61211 41.1536
1298881151 -8.61202 41.1536
1298881152 -8.6119 41.1535
1298881153 -8.61177 41.1535
1298881154 -8.61162 41.1535
1298881155 -8.61149 41.1535
1298881156 -8.61134 41.1535
1298881157 -8.61118 41.1535
1298881158 -8.61104 41.1535
1298881159 -8.61089 41.1535
1298881160 -8.61077 41.1535
1298881161 -8.61062 41.1535
1298881162 -8.61049 41.1535
1298881163 -8.61034 41.1535
1298881164 -8.61018 41.1535
1298881165 -8.60999 41.1535
1298881166 -8.60982 41.1535
1298881167 -8.60962 41.1535
1298881168 -8.60944 41.1535
1298881169 -8.60927 41.1535
1298881170 -8.6091 41.1535
1298881171 -8.60894 41.1535
1298881172 -8.60877 41.1535
1298881173 -8.60862 41.1535
1298881174 -8.60846 41.1535
1298881175 -8.6083 41.1535
1298881176 -8.60816 41.1535
1298881177 -8.60801 41.1535
1298881178 -8.60786 41.1534
1298881179 -8.60771 41.1534
1298881180 -8.60755 41.1534
1298881181 -8.6074 41.1534
1298881182 -8.60726 41.1534
1298881183 -8.60711 41.1534
1298881184 -8.60698 41.1534
1298881185 -8.60686 41.1534
1298881186 -8.60675 41.1534
1298881187 -8.60668 41.1534
1298881188 -8.60664 41.1534
1298881189 -8.60662 41.1534
1298881190 -8.60661 41.1534
1298881199 -8.60663 41.1534
1298881200 -8.60663 41.1534
