:break:
1298880070 -8.63009 41.1589
1298880071 -8.63006 41.1589
1298880072 -8.63003 41.1588
1298880073 -8.62998 41.1588
1298880074 -8.62997 41.1587
1298880076 -8.62999 41.1586
1298880077 -8.63004 41.1586
1298880078 -8.63007 41.1585
1298880079 -8.63012 41.1585
1298880080 -8.63015 41.1584
1298880081 -8.6302 41.1584
1298880082 -8.63023 41.1583
1298880083 -8.63026 41.1582
1298880084 -8.63028 41.1582
1298880085 -8.6303 41.1581
1298880086 -8.63032 41.158
1298880087 -8.63033 41.1579
1298880088 -8.63034 41.1579
1298880089 -8.63035 41.1578
1298880091 -8.63035 41.1577
1298880092 -8.63033 41.1577
1298880093 -8.63032 41.1576
1298880094 -8.6303 41.1576
1298880095 -8.63027 41.1575
1298880096 -8.63024 41.1575
1298880097 -8.63021 41.1574
1298880098 -8.63017 41.1574
1298880099 -8.63013 41.1574
1298880100 -8.63009 41.1573
1298880101 -8.63005 41.1573
1298880102 -8.63001 41.1573
1298880103 -8.62997 41.1572
1298880104 -8.62995 41.1572
1298880105 -8.62992 41.1572
1298880106 -8.62991 41.1572
1298880107 -8.62989 41.1572
1298880108 -8.62988 41.1571
1298880109 -8.62985 41.1571
1298880110 -8.62982 41.1571
1298880111 -8.62979 41.1571
1298880112 -8.62974 41.1571
1298880113 -8.62969 41.157
1298880114 -8.62962 41.157
1298880115 -8.62957 41.157
1298880116 -8.62952 41.157
1298880117 -8.62949 41.1569
1298880118 -8.62947 41.1569
1298880119 -8.62948 41.1568
1298880120 -8.62951 41.1567
1298880121 -8.62953 41.1566
1298880122 -8.62956 41.1565
1298880123 -8.62959 41.1564
1298880124 -8.62961 41.1563
1298880125 -8.62964 41.1562
1298880126 -8.62966 41.1561
1298880127 -8.62967 41.156
1298880128 -8.62968 41.156
1298880129 -8.62969 41.1559
1298880130 -8.62969 41.1558
1298880131 -8.62968 41.1557
1298880132 -8.62966 41.1557
1298880133 -8.62963 41.1556
1298880134 -8.62959 41.1556
1298880135 -8.62951 41.1555
1298880136 -8.62942 41.1555
1298880137 -8.62934 41.1554
1298880138 -8.62925 41.1553
1298880139 -8.62916 41.1553
1298880140 -8.62907 41.1552
1298880141 -8.62901 41.1552
1298880142 -8.62895 41.1551
1298880143 -8.62887 41.1551
1298880144 -8.62879 41.1551
1298880145 -8.6287 41.1552
1298880146 -8.62861 41.1552
1298880147 -8.6285 41.1553
1298880148 -8.6284 41.1553
1298880149 -8.62829 41.1554
1298880150 -8.6282 41.1555
1298880151 -8.62813 41.1555
1298880152 -8.62808 41.1555
1298880153 -8.62799 41.1556
1298880154 -8.62792 41.1556
1298880155 -8.62786 41.1556
1298880156 -8.62779 41.1557
1298880157 -8.62775 41.1557
1298880158 -8.62769 41.1557
1298880159 -8.62766 41.1557
1298880160 -8.62764 41.1558
1298880161 -8.62765 41.1558
1298880162 -8.6277 41.1559
1298880163 -8.62775 41.156
1298880164 -8.62781 41.1561
1298880165 -8.62787 41.1562
1298880166 -8.62793 41.1563
1298880167 -8.62798 41.1563
1298880168 -8.62804 41.1564
1298880169 -8.6281 41.1565
1298880170 -8.62816 41.1565
1298880171 -8.62822 41.1566
1298880172 -8.62827 41.1566
1298880173 -8.62832 41.1567
1298880174 -8.62837 41.1568
1298880175 -8.62842 41.1568
1298880176 -8.62846 41.1569
1298880177 -8.62851 41.1569
1298880178 -8.62855 41.157
1298880179 -8.62856 41.157
1298880181 -8.62852 41.1571
1298880182 -8.62851 41.1571
1298880183 -8.6285 41.1571
1298880184 -8.62848 41.1571
1298880187 -8.62847 41.1571
1298880195 -8.62853 41.1571
1298880197 -8.62854 41.1571
1298880199 -8.62855 41.1571
1298880201 -8.62856 41.1571
1298880202 -8.62857 41.1571
1298880203 -8.62858 41.1571
1298880204 -8.62859 41.1571
1298880206 -8.6286 41.1571
1298880208 -8.62861 41.1571
1298880209 -8.62861 41.1572
1298880211 -8.62863 41.1572
1298880212 -8.62862 41.1572
1298880227 -8.62861 41.1573
1298880236 -8.6286 41.1573
1298880238 -8.62859 41.1573
1298880239 -8.62858 41.1573
1298880244 -8.62857 41.1573
1298880248 -8.62856 41.1573
1298880249 -8.62855 41.1573
1298880250 -8.62854 41.1573
1298880251 -8.62853 41.1573
1298880252 -8.62852 41.1573
1298880254 -8.62851 41.1573
1298880274 -8.62851 41.1574
1298880283 -8.62852 41.1574
1298880288 -8.6285 41.1574
1298880289 -8.62849 41.1574
1298880290 -8.62848 41.1574
1298880291 -8.62846 41.1574
1298880293 -8.62845 41.1574
1298880294 -8.62843 41.1574
1298880295 -8.6284 41.1574
1298880298 -8.62857 41.1574
1298880299 -8.62856 41.1574
1298880301 -8.62858 41.1574
1298880303 -8.62859 41.1574
1298880311 -8.62861 41.1574
1298880313 -8.62862 41.1573
1298880314 -8.62862 41.1574
1298880315 -8.62863 41.1574
1298880316 -8.62864 41.1574
1298880324 -8.62865 41.1574
1298880329 -8.62864 41.1573
1298880331 -8.62863 41.1573
1298880378 -8.62865 41.1573
1298880382 -8.62866 41.1573
1298880401 -8.62867 41.1573
1298880402 -8.62868 41.1573
1298880403 -8.62868 41.1572
1298880404 -8.62869 41.1572
1298880406 -8.6287 41.1572
1298880411 -8.62871 41.1572
1298880440 -8.62869 41.1573
1298880441 -8.6287 41.1573
1298880447 -8.62867 41.1574
1298880448 -8.62868 41.1574
1298880451 -8.62869 41.1574
1298880452 -8.62869 41.1575
1298880456 -8.6287 41.1575
1298880458 -8.62871 41.1575
1298880465 -8.62868 41.1575
1298880469 -8.62867 41.1575
1298880470 -8.62866 41.1575
1298880472 -8.62865 41.1575
1298880474 -8.62864 41.1575
1298880476 -8.62863 41.1575
1298880479 -8.62862 41.1575
1298880571 -8.62866 41.1574
1298880592 -8.62855 41.1574
1298880601 -8.62854 41.1575
1298880602 -8.62856 41.1575
1298880609 -8.62855 41.1575
1298880617 -8.62858 41.1575
1298880618 -8.6286 41.1575
1298880628 -8.62873 41.1575
1298880629 -8.62874 41.1575
1298880630 -8.62875 41.1575
1298880631 -8.62876 41.1575
1298880632 -8.62877 41.1575
1298880634 -8.62878 41.1575
1298880635 -8.62879 41.1575
1298880636 -8.6288 41.1575
1298880637 -8.62881 41.1574
1298880638 -8.62884 41.1574
1298880639 -8.62885 41.1574
1298880640 -8.62886 41.1574
1298880641 -8.62888 41.1574
1298880642 -8.62889 41.1574
1298880644 -8.6289 41.1574
1298880645 -8.62893 41.1574
1298880658 -8.62892 41.1574
1298880659 -8.62891 41.1574
1298880665 -8.62883 41.1574
1298880666 -8.62882 41.1574
1298880667 -8.6288 41.1574
1298880668 -8.62879 41.1574
1298880669 -8.62878 41.1574
1298880670 -8.62877 41.1574
1298880671 -8.62876 41.1574
1298880672 -8.62875 41.1574
1298880673 -8.62873 41.1574
1298880674 -8.62872 41.1574
1298880675 -8.62871 41.1574
1298880704 -8.62872 41.1573
1298880705 -8.62875 41.1573
1298880707 -8.62876 41.1573
1298880708 -8.62877 41.1573
1298880709 -8.62878 41.1573
1298880710 -8.62879 41.1573
1298880711 -8.6288 41.1573
1298880712 -8.62883 41.1573
1298880713 -8.62885 41.1573
1298880714 -8.62887 41.1573
1298880717 -8.62886 41.1573
1298880718 -8.62884 41.1573
1298880719 -8.62882 41.1573
1298880726 -8.62874 41.1573
1298880727 -8.62873 41.1573
1298880728 -8.62871 41.1573
1298880760 -8.62854 41.1574
1298880762 -8.62853 41.1574
1298880779 -8.6286 41.1574
1298880781 -8.62861 41.1575
1298880810 -8.6285 41.1575
1298880812 -8.62849 41.1575
1298880813 -8.62848 41.1575
1298880820 -8.62847 41.1575
1298880822 -8.62847 41.1574
1298880838 -8.62846 41.1575
1298880874 -8.62857 41.1575
1298880875 -8.62859 41.1575
1298880877 -8.62862 41.1576
1298880878 -8.62864 41.1576
1298880879 -8.62865 41.1576
1298880880 -8.62866 41.1576
1298880882 -8.62867 41.1576
1298880883 -8.62869 41.1576
1298880885 -8.6287 41.1576
1298880887 -8.62871 41.1576
1298880897 -8.62868 41.1576
1298880906 -8.62863 41.1576
1298880909 -8.62861 41.1576
1298880911 -8.6286 41.1576
1298880922 -8.62853 41.1575
1298880923 -8.62852 41.1575
1298880931 -8.62851 41.1575
1298880971 -8.62855 41.1572
1298880972 -8.62856 41.1572
1298880973 -8.62857 41.1572
1298880975 -8.62858 41.1572
1298881004 -8.62865 41.1572
1298881007 -8.62866 41.1572
1298881009 -8.62867 41.1572
1298881017 -8.62872 41.1572
1298881018 -8.62873 41.1572
1298881019 -8.62874 41.1572
1298881021 -8.62875 41.1572
1298881022 -8.62876 41.1572
1298881092 -8.62866 41.1571
1298881093 -8.62867 41.1571
1298881099 -8.62869 41.1571
1298881100 -8.6287 41.1571
1298881101 -8.62871 41.1571
1298881102 -8.62872 41.1571
1298881103 -8.62874 41.1571
1298881104 -8.62875 41.1571
1298881105 -8.62876 41.1571
1298881106 -8.62877 41.1571
1298881108 -8.62878 41.1571
1298881109 -8.62879 41.1571
1298881110 -8.6288 41.1571
1298881118 -8.62881 41.1571
1298881119 -8.62882 41.1571
1298881120 -8.62883 41.1572
1298881121 -8.62884 41.1572
1298881122 -8.62886 41.1572
1298881123 -8.62887 41.1572
1298881124 -8.62888 41.1572
1298881125 -8.62889 41.1572
1298881127 -8.6289 41.1572
1298881134 -8.62882 41.1572
1298881135 -8.6288 41.1572
1298881137 -8.62878 41.1572
1298881138 -8.62877 41.1572
1298881146 -8.62879 41.1572
1298881173 -8.6287 41.1574
1298881200 -8.62861 41.1574
