:break:
1298880035 -8.61967 41.1482
1298880037 -8.61966 41.1482
1298880062 -8.61968 41.1482
1298880066 -8.61969 41.1482
1298880071 -8.6197 41.1482
1298880173 -8.61971 41.1482
1298880181 -8.61972 41.1482
1298880195 -8.61973 41.1482
1298880200 -8.61974 41.1482
1298880263 -8.61965 41.1482
1298880275 -8.61964 41.1482
1298880282 -8.61963 41.1482
1298880317 -8.61962 41.1482
1298880333 -8.61961 41.1482
1298880341 -8.6196 41.1482
1298880343 -8.61959 41.1482
1298880346 -8.61958 41.1482
1298880465 -8.61961 41.1481
1298880473 -8.61962 41.1481
1298880477 -8.61963 41.1481
1298880480 -8.61964 41.1481
1298880482 -8.61965 41.1481
1298880485 -8.61966 41.1481
1298880490 -8.61967 41.1481
1298880501 -8.61968 41.1481
1298880749 -8.61975 41.1482
1298881200 -8.61967 41.1482
