:break:
1298880042 -8.63039 41.1575
1298880044 -8.63038 41.1575
1298880048 -8.63037 41.1575
1298880051 -8.63036 41.1575
1298880053 -8.63035 41.1575
1298880056 -8.63034 41.1575
1298880058 -8.63033 41.1575
1298880132 -8.63032 41.1575
1298880246 -8.63036 41.1576
1298880250 -8.63035 41.1576
1298880253 -8.63034 41.1576
1298880256 -8.63033 41.1576
1298880265 -8.63032 41.1576
1298880292 -8.63031 41.1576
1298880385 -8.63031 41.1575
1298880397 -8.6303 41.1576
1298880517 -8.63037 41.1576
1298880522 -8.63038 41.1576
1298880529 -8.63039 41.1576
1298880718 -8.6304 41.1575
1298880796 -8.6304 41.1576
1298881200 -8.63033 41.1575
