:break:
1298880060 -8.58284 41.1808
1298880062 -8.58283 41.1808
1298880065 -8.58282 41.1808
1298880067 -8.58281 41.1808
1298880091 -8.5828 41.1808
1298880097 -8.58279 41.1808
1298880104 -8.58281 41.1807
1298880109 -8.5828 41.1807
1298880110 -8.58278 41.1807
1298880114 -8.58279 41.1807
1298880117 -8.58278 41.1808
1298880127 -8.58277 41.1808
1298880130 -8.58276 41.1808
1298880133 -8.58275 41.1808
1298880136 -8.58274 41.1808
1298880137 -8.58273 41.1808
1298880139 -8.58272 41.1808
1298880159 -8.58281 41.1809
1298880176 -8.5828 41.1809
1298880180 -8.58279 41.1809
1298880216 -8.58285 41.1808
1298880270 -8.58284 41.1807
1298880277 -8.58285 41.1807
1298880283 -8.58286 41.1807
1298880286 -8.58286 41.1808
1298880295 -8.58287 41.1808
1298880318 -8.58277 41.1807
1298880320 -8.58276 41.1807
1298880323 -8.58275 41.1807
1298880325 -8.58274 41.1807
1298880331 -8.58273 41.1807
1298880334 -8.58272 41.1807
1298880337 -8.58271 41.1808
1298880338 -8.5827 41.1808
1298880339 -8.58269 41.1808
1298880340 -8.58268 41.1808
1298880341 -8.58267 41.1808
1298880343 -8.58266 41.1808
1298880381 -8.58288 41.1808
1298880383 -8.58288 41.1809
1298880384 -8.58289 41.1809
1298880386 -8.5829 41.1809
1298880396 -8.58289 41.1808
1298880464 -8.58269 41.1807
1298880465 -8.58267 41.1807
1298880466 -8.58266 41.1807
1298880467 -8.58264 41.1807
1298880468 -8.58263 41.1807
1298880469 -8.58262 41.1807
1298880470 -8.58261 41.1807
1298880471 -8.5826 41.1807
1298880473 -8.58259 41.1807
1298880481 -8.58258 41.1807
1298880557 -8.58257 41.1807
1298880561 -8.58256 41.1807
1298880573 -8.58255 41.1807
1298880574 -8.58254 41.1807
1298880576 -8.58253 41.1807
1298880581 -8.58252 41.1807
1298880584 -8.58252 41.1806
1298880586 -8.58253 41.1806
1298880591 -8.58254 41.1806
1298880596 -8.58255 41.1806
1298880599 -8.58256 41.1806
1298880601 -8.58257 41.1806
1298880608 -8.58258 41.1806
1298880610 -8.58259 41.1806
1298880621 -8.5826 41.1806
1298880624 -8.58261 41.1806
1298880625 -8.58261 41.1805
1298880628 -8.5826 41.1805
1298880633 -8.58259 41.1805
1298880640 -8.58258 41.1805
1298880642 -8.58257 41.1805
1298880659 -8.58256 41.1805
1298880666 -8.58251 41.1806
1298880668 -8.5825 41.1806
1298880669 -8.58249 41.1806
1298880671 -8.58248 41.1806
1298880685 -8.58247 41.1806
1298880687 -8.58246 41.1806
1298880689 -8.58244 41.1806
1298880690 -8.58245 41.1806
1298880703 -8.58254 41.1805
1298880706 -8.58255 41.1805
1298880710 -8.58263 41.1805
1298880713 -8.58262 41.1805
1298880726 -8.58253 41.1805
1298880728 -8.58252 41.1805
1298880729 -8.58251 41.1805
1298880744 -8.5825 41.1805
1298880806 -8.58264 41.1805
1298880840 -8.58265 41.1805
1298880842 -8.58267 41.1805
1298880843 -8.58268 41.1805
1298880844 -8.58269 41.1804
1298880845 -8.5827 41.1804
1298880846 -8.58271 41.1804
1298880847 -8.58272 41.1804
1298880850 -8.58273 41.1804
1298880851 -8.58274 41.1804
1298880852 -8.58276 41.1804
1298880853 -8.58277 41.1803
1298880854 -8.58278 41.1803
1298880855 -8.58279 41.1803
1298880857 -8.5828 41.1803
1298880863 -8.58281 41.1803
1298880865 -8.58282 41.1803
1298880878 -8.58276 41.1803
1298880882 -8.58275 41.1803
1298880888 -8.58274 41.1803
1298880889 -8.58273 41.1803
1298880890 -8.58272 41.1803
1298880893 -8.58267 41.1804
1298880894 -8.58266 41.1804
1298880895 -8.58265 41.1804
1298880896 -8.58264 41.1804
1298880897 -8.58263 41.1804
1298880901 -8.58261 41.1804
1298880903 -8.5826 41.1804
1298880946 -8.58262 41.1804
1298880955 -8.58268 41.1804
1298881022 -8.58266 41.1805
1298881078 -8.58249 41.1805
1298881079 -8.58248 41.1805
1298881080 -8.58246 41.1805
1298881081 -8.58244 41.1805
1298881083 -8.58242 41.1805
1298881084 -8.5824 41.1805
1298881085 -8.58238 41.1805
1298881086 -8.58235 41.1805
1298881088 -8.58233 41.1805
1298881089 -8.58232 41.1805
1298881090 -8.5823 41.1805
1298881091 -8.58227 41.1804
1298881092 -8.58224 41.1804
1298881093 -8.58221 41.1803
1298881094 -8.58218 41.1803
1298881095 -8.58219 41.1802
1298881096 -8.58219 41.1801
1298881097 -8.5822 41.1801
1298881098 -8.58222 41.18
1298881099 -8.58224 41.1799
1298881100 -8.58227 41.1798
1298881101 -8.5823 41.1797
1298881102 -8.58235 41.1796
1298881103 -8.58238 41.1795
1298881104 -8.58241 41.1794
1298881105 -8.58244 41.1792
1298881106 -8.58245 41.1791
1298881107 -8.58248 41.179
1298881108 -8.58252 41.1789
1298881109 -8.58255 41.1788
1298881110 -8.5826 41.1786
1298881111 -8.58265 41.1784
1298881112 -8.5827 41.1783
1298881113 -8.58274 41.1782
1298881114 -8.58279 41.178
1298881115 -8.58284 41.1778
1298881116 -8.5829 41.1777
1298881117 -8.58298 41.1775
1298881118 -8.58304 41.1774
1298881119 -8.58311 41.1773
1298881120 -8.58318 41.1771
1298881121 -8.58324 41.177
1298881122 -8.58329 41.1769
1298881123 -8.58334 41.1768
1298881124 -8.58339 41.1767
1298881125 -8.58343 41.1766
1298881126 -8.58348 41.1766
1298881127 -8.58352 41.1765
1298881128 -8.58355 41.1764
1298881129 -8.58358 41.1764
1298881130 -8.58361 41.1763
1298881131 -8.58364 41.1763
1298881132 -8.58366 41.1763
1298881133 -8.58368 41.1762
1298881134 -8.5837 41.1762
1298881135 -8.58371 41.1762
1298881137 -8.58372 41.1762
1298881156 -8.58373 41.1762
1298881157 -8.58374 41.1761
1298881158 -8.58375 41.1761
1298881159 -8.58377 41.1761
1298881160 -8.58379 41.176
1298881161 -8.5838 41.176
1298881162 -8.58382 41.176
1298881163 -8.58383 41.176
1298881164 -8.58385 41.1759
1298881175 -8.58386 41.1759
1298881181 -8.58387 41.1759
1298881182 -8.58388 41.1759
1298881183 -8.58389 41.1758
1298881184 -8.58392 41.1758
1298881185 -8.58393 41.1758
1298881186 -8.58395 41.1757
1298881187 -8.58396 41.1757
1298881188 -8.58397 41.1757
1298881189 -8.58398 41.1757
1298881190 -8.58399 41.1756
1298881191 -8.584 41.1756
1298881192 -8.58401 41.1756
1298881194 -8.58402 41.1756
1298881197 -8.58403 41.1756
1298881199 -8.58404 41.1756
1298881200 -8.58404 41.1756
