:break:
1298880053 -8.62778 41.1754
1298880055 -8.62777 41.1754
1298880060 -8.62777 41.1755
1298880062 -8.62776 41.1755
1298880066 -8.62776 41.1754
1298880079 -8.62775 41.1755
1298880089 -8.62774 41.1755
1298880097 -8.62775 41.1754
1298880107 -8.62774 41.1754
1298880108 -8.62773 41.1754
1298880242 -8.62779 41.1754
1298880246 -8.6278 41.1754
1298880292 -8.62772 41.1754
1298880293 -8.62771 41.1754
1298880294 -8.6277 41.1754
1298880295 -8.62768 41.1754
1298880301 -8.62778 41.1755
1298880302 -8.62781 41.1755
1298880303 -8.62784 41.1755
1298880304 -8.62785 41.1756
1298880306 -8.62786 41.1757
1298880307 -8.62789 41.1757
1298880308 -8.6279 41.1757
1298880309 -8.6279 41.1758
1298880310 -8.62793 41.1758
1298880311 -8.62799 41.1758
1298880312 -8.62805 41.1758
1298880313 -8.62812 41.1758
1298880314 -8.62819 41.1758
1298880315 -8.62825 41.1758
1298880316 -8.62832 41.1758
1298880317 -8.62839 41.1758
1298880318 -8.62847 41.1758
1298880319 -8.62856 41.1758
1298880320 -8.62864 41.1758
1298880321 -8.62872 41.1758
1298880322 -8.62881 41.1758
1298880323 -8.6289 41.1758
1298880324 -8.62897 41.1758
1298880325 -8.62906 41.1758
1298880326 -8.62915 41.1758
1298880327 -8.62923 41.1758
1298880328 -8.62931 41.1758
1298880329 -8.62937 41.1758
1298880330 -8.62943 41.1758
1298880331 -8.62951 41.1758
1298880332 -8.62959 41.1758
1298880333 -8.62969 41.1757
1298880334 -8.62979 41.1757
1298880335 -8.62991 41.1757
1298880336 -8.63004 41.1757
1298880337 -8.63015 41.1757
1298880338 -8.63025 41.1757
1298880339 -8.63034 41.1757
1298880340 -8.63044 41.1756
1298880341 -8.63051 41.1756
1298880342 -8.63059 41.1756
1298880343 -8.63069 41.1756
1298880344 -8.63081 41.1756
1298880345 -8.63093 41.1756
1298880346 -8.63105 41.1755
1298880347 -8.63118 41.1755
1298880348 -8.63132 41.1755
1298880349 -8.63147 41.1755
1298880350 -8.63158 41.1755
1298880351 -8.63169 41.1755
1298880352 -8.63182 41.1755
1298880353 -8.63194 41.1755
1298880354 -8.63206 41.1754
1298880355 -8.63217 41.1754
1298880356 -8.63227 41.1754
1298880357 -8.6324 41.1754
1298880358 -8.63254 41.1755
1298880359 -8.63269 41.1755
1298880360 -8.63282 41.1755
1298880361 -8.63294 41.1755
1298880362 -8.63305 41.1755
1298880363 -8.63317 41.1755
1298880364 -8.63329 41.1756
1298880365 -8.63341 41.1756
1298880366 -8.63352 41.1756
1298880367 -8.63363 41.1755
1298880368 -8.63374 41.1755
1298880369 -8.63383 41.1755
1298880370 -8.63392 41.1755
1298880371 -8.63404 41.1756
1298880372 -8.63416 41.1756
1298880373 -8.63428 41.1756
1298880374 -8.63438 41.1756
1298880375 -8.63447 41.1756
1298880376 -8.63457 41.1756
1298880377 -8.63465 41.1756
1298880378 -8.63472 41.1756
1298880379 -8.63478 41.1756
1298880380 -8.63484 41.1756
1298880381 -8.63491 41.1756
1298880382 -8.63498 41.1756
1298880383 -8.63509 41.1756
1298880384 -8.63519 41.1756
1298880385 -8.63532 41.1757
1298880386 -8.63544 41.1757
1298880387 -8.63556 41.1757
1298880388 -8.63568 41.1757
1298880389 -8.63578 41.1757
1298880390 -8.63587 41.1758
1298880391 -8.63595 41.1758
1298880392 -8.63604 41.1758
1298880393 -8.63615 41.1758
1298880394 -8.63628 41.1758
1298880395 -8.63641 41.1759
1298880396 -8.63654 41.1759
1298880397 -8.63668 41.1759
1298880398 -8.63681 41.1759
1298880399 -8.63694 41.1759
1298880400 -8.63706 41.1759
1298880401 -8.63716 41.1759
1298880402 -8.63728 41.1758
1298880403 -8.6374 41.1758
1298880404 -8.63753 41.1757
1298880405 -8.63768 41.1756
1298880406 -8.63784 41.1756
1298880407 -8.63801 41.1755
1298880408 -8.63819 41.1754
1298880409 -8.63836 41.1754
1298880410 -8.63853 41.1753
1298880411 -8.6387 41.1752
1298880412 -8.63887 41.1751
1298880413 -8.63901 41.1751
1298880414 -8.63916 41.175
1298880415 -8.63932 41.1749
1298880416 -8.63945 41.1748
1298880417 -8.63959 41.1747
1298880418 -8.63972 41.1746
1298880419 -8.63986 41.1745
1298880420 -8.63998 41.1745
1298880421 -8.6401 41.1744
1298880422 -8.64022 41.1743
1298880423 -8.64032 41.1743
1298880424 -8.64041 41.1742
1298880425 -8.64049 41.1742
1298880426 -8.64056 41.1741
1298880427 -8.64059 41.1741
1298880428 -8.64063 41.1741
1298880429 -8.64064 41.1741
1298880431 -8.64065 41.1741
1298880433 -8.64066 41.1741
1298880441 -8.64067 41.1741
1298880443 -8.64068 41.1741
1298880444 -8.64069 41.174
1298880446 -8.64068 41.174
1298880447 -8.64066 41.1739
1298880448 -8.64062 41.1739
1298880449 -8.64058 41.1738
1298880450 -8.64052 41.1737
1298880451 -8.64047 41.1736
1298880452 -8.64041 41.1736
1298880453 -8.64036 41.1735
1298880454 -8.6403 41.1734
1298880455 -8.64023 41.1733
1298880456 -8.64017 41.1732
1298880457 -8.6401 41.1732
1298880458 -8.64005 41.1731
1298880459 -8.63999 41.1731
1298880460 -8.63994 41.173
1298880461 -8.63988 41.1729
1298880462 -8.63982 41.1729
1298880463 -8.63977 41.1728
1298880464 -8.63972 41.1727
1298880465 -8.63967 41.1727
1298880466 -8.63961 41.1726
1298880467 -8.63957 41.1725
1298880468 -8.63954 41.1725
1298880469 -8.63952 41.1725
1298880470 -8.63951 41.1724
1298880471 -8.63952 41.1724
1298880472 -8.63953 41.1724
1298880475 -8.6395 41.1724
1298880476 -8.63948 41.1723
1298880477 -8.63947 41.1723
1298880478 -8.63946 41.1723
1298880479 -8.63945 41.1723
1298880480 -8.63944 41.1723
1298880481 -8.63942 41.1723
1298880482 -8.63941 41.1722
1298880483 -8.63939 41.1722
1298880484 -8.63937 41.1721
1298880485 -8.63934 41.1721
1298880486 -8.63932 41.172
1298880487 -8.63929 41.172
1298880488 -8.63925 41.1719
1298880489 -8.63923 41.1718
1298880490 -8.63919 41.1718
1298880491 -8.63915 41.1717
1298880492 -8.63911 41.1716
1298880493 -8.63906 41.1715
1298880494 -8.63898 41.1714
1298880495 -8.63891 41.1713
1298880496 -8.63884 41.1713
1298880497 -8.63876 41.1712
1298880498 -8.63869 41.1711
1298880499 -8.63861 41.171
1298880500 -8.63853 41.1709
1298880501 -8.63845 41.1709
1298880502 -8.63837 41.1708
1298880503 -8.63829 41.1707
1298880504 -8.63821 41.1706
1298880505 -8.63813 41.1705
1298880506 -8.63805 41.1704
1298880507 -8.63796 41.1703
1298880508 -8.63788 41.1702
1298880509 -8.63779 41.1701
1298880510 -8.63771 41.1701
1298880511 -8.63762 41.17
1298880512 -8.63754 41.1699
1298880513 -8.63746 41.1698
1298880514 -8.63737 41.1697
1298880515 -8.63728 41.1696
1298880516 -8.63719 41.1695
1298880517 -8.63709 41.1694
1298880518 -8.63699 41.1693
1298880519 -8.6369 41.1693
1298880520 -8.6368 41.1692
1298880521 -8.6367 41.1691
1298880522 -8.63661 41.1691
1298880523 -8.63651 41.169
1298880524 -8.63643 41.169
1298880525 -8.63634 41.1689
1298880526 -8.63625 41.1689
1298880527 -8.63617 41.1688
1298880528 -8.63607 41.1688
1298880529 -8.63599 41.1687
1298880530 -8.63589 41.1686
1298880531 -8.63579 41.1686
1298880532 -8.63569 41.1685
1298880533 -8.63558 41.1685
1298880534 -8.63548 41.1684
1298880535 -8.63538 41.1684
1298880536 -8.63528 41.1683
1298880537 -8.6352 41.1682
1298880538 -8.63512 41.1682
1298880539 -8.63506 41.1681
1298880540 -8.635 41.168
1298880541 -8.63494 41.168
1298880542 -8.63491 41.1679
1298880543 -8.63488 41.1678
1298880544 -8.63484 41.1678
1298880545 -8.63482 41.1677
1298880546 -8.6348 41.1676
1298880547 -8.63479 41.1676
1298880548 -8.63478 41.1675
1298880549 -8.63476 41.1675
1298880550 -8.63475 41.1674
1298880551 -8.63474 41.1674
1298880552 -8.63473 41.1673
1298880553 -8.63471 41.1673
1298880554 -8.6347 41.1672
1298880555 -8.63467 41.1672
1298880556 -8.63466 41.1672
1298880557 -8.63465 41.1671
1298880558 -8.63463 41.1671
1298880559 -8.63461 41.1671
1298880560 -8.63456 41.1671
1298880561 -8.63449 41.1671
1298880562 -8.63443 41.1671
1298880563 -8.63436 41.1671
1298880564 -8.6343 41.1671
1298880565 -8.63424 41.1671
1298880566 -8.63417 41.1671
1298880567 -8.63409 41.167
1298880568 -8.63399 41.167
1298880569 -8.63389 41.167
1298880570 -8.6338 41.167
1298880571 -8.63372 41.167
1298880572 -8.63365 41.1669
1298880573 -8.63355 41.1669
1298880574 -8.63347 41.1669
1298880575 -8.63339 41.1669
1298880576 -8.6333 41.1669
1298880577 -8.63322 41.1669
1298880578 -8.63317 41.1669
1298880579 -8.63312 41.1669
1298880580 -8.63307 41.1668
1298880581 -8.63303 41.1667
1298880582 -8.63299 41.1667
1298880583 -8.63294 41.1666
1298880584 -8.6329 41.1665
1298880585 -8.63284 41.1664
1298880586 -8.6328 41.1664
1298880587 -8.63275 41.1663
1298880588 -8.63271 41.1662
1298880589 -8.63266 41.1661
1298880590 -8.63261 41.1661
1298880591 -8.63257 41.166
1298880592 -8.63252 41.1659
1298880593 -8.63249 41.1659
1298880594 -8.63247 41.1658
1298880595 -8.63244 41.1658
1298880596 -8.63242 41.1657
1298880597 -8.6324 41.1657
1298880604 -8.63241 41.1657
1298880615 -8.63238 41.1656
1298880616 -8.63237 41.1656
1298880617 -8.63235 41.1656
1298880618 -8.63232 41.1655
1298880619 -8.6323 41.1655
1298880620 -8.63227 41.1655
1298880621 -8.63223 41.1654
1298880622 -8.63221 41.1654
1298880623 -8.63218 41.1653
1298880624 -8.63215 41.1653
1298880625 -8.63213 41.1652
1298880626 -8.6321 41.1652
1298880627 -8.63206 41.1651
1298880628 -8.63204 41.165
1298880629 -8.632 41.165
1298880630 -8.63197 41.1649
1298880631 -8.63194 41.1649
1298880632 -8.63192 41.1648
1298880633 -8.63191 41.1648
1298880634 -8.63189 41.1648
1298880635 -8.63188 41.1648
1298880638 -8.63187 41.1648
1298880641 -8.63186 41.1648
1298880645 -8.63185 41.1648
1298880687 -8.63184 41.1648
1298880688 -8.63183 41.1648
1298880689 -8.63181 41.1648
1298880690 -8.6318 41.1647
1298880691 -8.63179 41.1647
1298880692 -8.63181 41.1646
1298880693 -8.63185 41.1646
1298880694 -8.63194 41.1645
1298880695 -8.63203 41.1645
1298880696 -8.63214 41.1644
1298880697 -8.63226 41.1644
1298880698 -8.63239 41.1643
1298880699 -8.63251 41.1642
1298880700 -8.63265 41.1642
1298880701 -8.63279 41.1641
1298880702 -8.63293 41.164
1298880703 -8.63309 41.164
1298880704 -8.63323 41.1639
1298880705 -8.63339 41.1638
1298880706 -8.63352 41.1638
1298880707 -8.63366 41.1637
1298880708 -8.63381 41.1637
1298880709 -8.63394 41.1636
1298880710 -8.63408 41.1635
1298880711 -8.63421 41.1635
1298880712 -8.63434 41.1634
1298880713 -8.63447 41.1633
1298880714 -8.63461 41.1632
1298880715 -8.63475 41.1632
1298880716 -8.63489 41.1631
1298880717 -8.63501 41.163
1298880718 -8.63512 41.163
1298880719 -8.63523 41.1629
1298880720 -8.63533 41.1628
1298880721 -8.63542 41.1628
1298880722 -8.63552 41.1628
1298880723 -8.63561 41.1627
1298880724 -8.63571 41.1627
1298880725 -8.63581 41.1626
1298880726 -8.63591 41.1626
1298880727 -8.63601 41.1625
1298880728 -8.63612 41.1625
1298880729 -8.63624 41.1624
1298880730 -8.63636 41.1624
1298880731 -8.63649 41.1623
1298880732 -8.63663 41.1623
1298880733 -8.63676 41.1622
1298880734 -8.6369 41.1622
1298880735 -8.63703 41.1621
1298880736 -8.63716 41.1621
1298880737 -8.63727 41.162
1298880738 -8.63738 41.162
1298880739 -8.63747 41.1619
1298880740 -8.63753 41.1619
1298880741 -8.63757 41.1619
1298880742 -8.63759 41.1619
1298880744 -8.6376 41.1619
1298880746 -8.63762 41.1619
1298880747 -8.63764 41.1619
1298880748 -8.63768 41.1618
1298880749 -8.63773 41.1618
1298880750 -8.63778 41.1618
1298880751 -8.63783 41.1619
1298880752 -8.63789 41.1619
1298880753 -8.63795 41.1619
1298880754 -8.63798 41.162
1298880755 -8.63801 41.162
1298880756 -8.63802 41.162
1298880757 -8.63804 41.162
1298880758 -8.63806 41.1621
1298880759 -8.63808 41.1621
1298880760 -8.63811 41.1621
1298880761 -8.63815 41.1621
1298880762 -8.63817 41.1622
1298880763 -8.6382 41.1622
1298880764 -8.63821 41.1622
1298880765 -8.63822 41.1622
1298880766 -8.63823 41.1622
1298880767 -8.63824 41.1622
1298880820 -8.63828 41.1622
1298880821 -8.63831 41.1623
1298880822 -8.63833 41.1623
1298880823 -8.63834 41.1623
1298880824 -8.63836 41.1623
1298880825 -8.63837 41.1624
1298880827 -8.63838 41.1624
1298880828 -8.63839 41.1624
1298880829 -8.6384 41.1624
1298880836 -8.63837 41.1623
1298880838 -8.63836 41.1624
1298880839 -8.63835 41.1624
1298880869 -8.63826 41.1622
1298880871 -8.63819 41.1622
1298880872 -8.63816 41.1621
1298880873 -8.63814 41.1621
1298880876 -8.63807 41.162
1298880878 -8.63806 41.162
1298880882 -8.63805 41.162
1298880909 -8.63803 41.162
1298880925 -8.63799 41.162
1298880926 -8.63796 41.162
1298880927 -8.63792 41.1619
1298880928 -8.63787 41.1619
1298880929 -8.63781 41.1618
1298880930 -8.63775 41.1618
1298880931 -8.63771 41.1617
1298880932 -8.63766 41.1617
1298880933 -8.63761 41.1616
1298880934 -8.63754 41.1616
1298880935 -8.63749 41.1615
1298880936 -8.63746 41.1615
1298880937 -8.63744 41.1615
1298880939 -8.63743 41.1615
1298880942 -8.63742 41.1615
1298880943 -8.63741 41.1615
1298880944 -8.6374 41.1614
1298880945 -8.63741 41.1614
1298880946 -8.63742 41.1614
1298880947 -8.63743 41.1613
1298880948 -8.63745 41.1613
1298880949 -8.63747 41.1613
1298880950 -8.6375 41.1612
1298880951 -8.63753 41.1611
1298880952 -8.63754 41.1611
1298880953 -8.63757 41.161
1298880954 -8.63761 41.1609
1298880955 -8.63763 41.1609
1298880956 -8.63766 41.1608
1298880957 -8.63768 41.1607
1298880958 -8.6377 41.1607
1298880959 -8.63771 41.1606
1298880960 -8.63773 41.1606
1298880961 -8.63775 41.1605
1298880962 -8.63777 41.1604
1298880963 -8.63779 41.1604
1298880964 -8.63781 41.1603
1298880965 -8.63783 41.1602
1298880966 -8.63786 41.1602
1298880967 -8.63789 41.1601
1298880969 -8.63791 41.16
1298880970 -8.63795 41.1599
1298880971 -8.63796 41.1599
1298880972 -8.63798 41.1598
1298880973 -8.63799 41.1598
1298880974 -8.63801 41.1597
1298880977 -8.63804 41.1597
1298880978 -8.63808 41.1597
1298880979 -8.6381 41.1597
1298880980 -8.63814 41.1597
1298880981 -8.63815 41.1597
1298880982 -8.63818 41.1597
1298880983 -8.63821 41.1596
1298880984 -8.63823 41.1596
1298880985 -8.63825 41.1596
1298880986 -8.63829 41.1596
1298880987 -8.63832 41.1596
1298880988 -8.63833 41.1596
1298880989 -8.63836 41.1596
1298880990 -8.63838 41.1596
1298880991 -8.6384 41.1596
1298880992 -8.63842 41.1596
1298880993 -8.63843 41.1596
1298880994 -8.63844 41.1596
1298880995 -8.63846 41.1596
1298880996 -8.63847 41.1596
1298880997 -8.63848 41.1596
1298880998 -8.63849 41.1596
1298881000 -8.6385 41.1596
1298881002 -8.63851 41.1596
1298881008 -8.63852 41.1595
1298881011 -8.63853 41.1595
1298881013 -8.63851 41.1595
1298881024 -8.6385 41.1595
1298881026 -8.63849 41.1595
1298881027 -8.63848 41.1595
1298881029 -8.63847 41.1595
1298881030 -8.63846 41.1595
1298881033 -8.63845 41.1596
1298881037 -8.63841 41.1596
1298881039 -8.63839 41.1596
1298881041 -8.63837 41.1596
1298881044 -8.63835 41.1596
1298881045 -8.63834 41.1596
1298881049 -8.63833 41.1595
1298881051 -8.63832 41.1595
1298881052 -8.63834 41.1595
1298881053 -8.63837 41.1595
1298881054 -8.63838 41.1595
1298881055 -8.63842 41.1595
1298881057 -8.63856 41.1595
1298881058 -8.63866 41.1596
1298881059 -8.63874 41.1596
1298881060 -8.63882 41.1596
1298881061 -8.63888 41.1596
1298881062 -8.63892 41.1596
1298881063 -8.63897 41.1596
1298881064 -8.639 41.1597
1298881065 -8.63903 41.1597
1298881066 -8.63905 41.1597
1298881067 -8.63906 41.1597
1298881070 -8.63908 41.1596
1298881072 -8.6391 41.1596
1298881073 -8.63911 41.1596
1298881074 -8.63912 41.1596
1298881075 -8.63914 41.1596
1298881076 -8.63915 41.1596
1298881078 -8.63916 41.1596
1298881079 -8.63918 41.1596
1298881081 -8.63919 41.1596
1298881085 -8.6392 41.1596
1298881087 -8.63921 41.1596
1298881088 -8.63922 41.1596
1298881089 -8.63923 41.1596
1298881091 -8.63924 41.1596
1298881092 -8.63925 41.1596
1298881093 -8.63926 41.1596
1298881094 -8.63927 41.1596
1298881095 -8.63928 41.1596
1298881096 -8.63929 41.1596
1298881097 -8.63931 41.1596
1298881098 -8.63932 41.1596
1298881101 -8.63933 41.1596
1298881107 -8.6393 41.1596
1298881124 -8.63917 41.1596
1298881200 -8.63918 41.1596
