:break:
1298880155 -8.65457 41.1737
1298880156 -8.65456 41.1737
1298880172 -8.65458 41.1737
1298880173 -8.65459 41.1737
1298880174 -8.6546 41.1737
1298880175 -8.65461 41.1737
1298880176 -8.65462 41.1737
1298880431 -8.65455 41.1737
1298880543 -8.65463 41.1737
1298880552 -8.65464 41.1737
1298880863 -8.65465 41.1737
1298880923 -8.65466 41.1737
1298880931 -8.65467 41.1736
1298880932 -8.65468 41.1736
1298880934 -8.65469 41.1736
1298880938 -8.6547 41.1736
1298880945 -8.65471 41.1736
1298880950 -8.65472 41.1736
1298880954 -8.65473 41.1736
1298880958 -8.65474 41.1736
1298881068 -8.65466 41.1736
1298881200 -8.65469 41.1736
