:break:
1298880036 -8.68055 41.1561
1298880037 -8.68052 41.1561
1298880038 -8.68047 41.1562
1298880039 -8.68041 41.1562
1298880040 -8.68034 41.1563
1298880041 -8.68027 41.1563
1298880042 -8.68021 41.1563
1298880043 -8.68015 41.1564
1298880044 -8.6801 41.1564
1298880045 -8.68005 41.1565
1298880046 -8.68 41.1565
1298880047 -8.67994 41.1565
1298880048 -8.67987 41.1566
1298880049 -8.6798 41.1566
1298880050 -8.67972 41.1567
1298880051 -8.67963 41.1567
1298880052 -8.67954 41.1568
1298880053 -8.67944 41.1568
1298880054 -8.67935 41.1569
1298880055 -8.67925 41.1569
1298880056 -8.67916 41.157
1298880057 -8.67906 41.157
1298880058 -8.67895 41.1571
1298880059 -8.67884 41.1572
1298880060 -8.67874 41.1572
1298880061 -8.67864 41.1573
1298880062 -8.67855 41.1573
1298880063 -8.67848 41.1574
1298880064 -8.67843 41.1574
1298880065 -8.6784 41.1574
1298880066 -8.67837 41.1574
1298880067 -8.67834 41.1574
1298880068 -8.6783 41.1573
1298880069 -8.67827 41.1573
1298880070 -8.67822 41.1572
1298880071 -8.67817 41.1572
1298880072 -8.67811 41.1571
1298880073 -8.67802 41.157
1298880074 -8.67794 41.1569
1298880075 -8.67785 41.1568
1298880076 -8.67777 41.1567
1298880077 -8.67767 41.1566
1298880078 -8.67758 41.1565
1298880079 -8.67749 41.1564
1298880080 -8.67739 41.1563
1298880081 -8.6773 41.1561
1298880082 -8.6772 41.156
1298880083 -8.67711 41.1559
1298880084 -8.67701 41.1558
1298880085 -8.6769 41.1557
1298880086 -8.67678 41.1555
1298880087 -8.67667 41.1554
1298880088 -8.67658 41.1553
1298880089 -8.67649 41.1552
1298880090 -8.67641 41.1551
1298880091 -8.67634 41.155
1298880092 -8.67627 41.1549
1298880093 -8.67621 41.1548
1298880094 -8.67614 41.1548
1298880095 -8.67608 41.1547
1298880096 -8.67602 41.1547
1298880097 -8.67595 41.1547
1298880098 -8.67586 41.1547
1298880099 -8.67577 41.1547
1298880100 -8.67567 41.1547
1298880101 -8.67557 41.1548
1298880102 -8.67547 41.1548
1298880103 -8.67537 41.1549
1298880104 -8.67528 41.1549
1298880105 -8.67522 41.1549
1298880106 -8.67518 41.1549
1298880107 -8.67515 41.1549
1298880108 -8.67514 41.1549
1298880111 -8.67513 41.1549
1298880127 -8.6751 41.1549
1298880128 -8.67507 41.1549
1298880129 -8.67506 41.1549
1298880130 -8.67503 41.1549
1298880131 -8.675 41.1549
1298880132 -8.67498 41.1548
1298880133 -8.67497 41.1548
1298880134 -8.67495 41.1548
1298880135 -8.67492 41.1548
1298880136 -8.67489 41.1547
1298880137 -8.67487 41.1547
1298880138 -8.67484 41.1547
1298880139 -8.67481 41.1546
1298880140 -8.67479 41.1546
1298880141 -8.67478 41.1546
1298880144 -8.67476 41.1546
1298880145 -8.67475 41.1545
1298880146 -8.67473 41.1545
1298880147 -8.67472 41.1545
1298880148 -8.6747 41.1545
1298880149 -8.67469 41.1545
1298880150 -8.67469 41.1544
1298880167 -8.6747 41.1544
1298880184 -8.67471 41.1544
1298880196 -8.67468 41.1544
1298880197 -8.67466 41.1544
1298880198 -8.67462 41.1543
1298880199 -8.6746 41.1543
1298880200 -8.67457 41.1543
1298880201 -8.67455 41.1542
1298880202 -8.67453 41.1542
1298880203 -8.67451 41.1542
1298880204 -8.67447 41.1542
1298880205 -8.67442 41.1542
1298880206 -8.67437 41.1542
1298880207 -8.67433 41.1542
1298880208 -8.67427 41.1542
1298880209 -8.67422 41.1543
1298880210 -8.67417 41.1543
1298880211 -8.67411 41.1543
1298880212 -8.67405 41.1544
1298880213 -8.67399 41.1543
1298880214 -8.67396 41.1543
1298880215 -8.67395 41.1543
1298880216 -8.67395 41.1542
1298880217 -8.67396 41.1542
1298880218 -8.67397 41.1541
1298880219 -8.67398 41.1541
1298880220 -8.67399 41.154
1298880221 -8.674 41.154
1298880222 -8.67401 41.1539
1298880227 -8.674 41.1539
1298880241 -8.67402 41.1539
1298880242 -8.67402 41.1538
1298880243 -8.67403 41.1538
1298880244 -8.67404 41.1538
1298880245 -8.67405 41.1538
1298880246 -8.67406 41.1538
1298880247 -8.67407 41.1538
1298880248 -8.67408 41.1538
1298880251 -8.67409 41.1538
1298880252 -8.6741 41.1538
1298880254 -8.67411 41.1538
1298880255 -8.67412 41.1538
1298880256 -8.67414 41.1538
1298880257 -8.67415 41.1538
1298880258 -8.67416 41.1538
1298880260 -8.67417 41.1538
1298880262 -8.67419 41.1538
1298880264 -8.67418 41.1538
1298880312 -8.67416 41.1537
1298880345 -8.67417 41.1537
1298880383 -8.67418 41.1537
1298880393 -8.67419 41.1537
1298880405 -8.6742 41.1537
1298880410 -8.67421 41.1537
1298880418 -8.67422 41.1537
1298880426 -8.67423 41.1537
1298880533 -8.67424 41.1537
1298880603 -8.67413 41.1538
1298880611 -8.67407 41.1539
1298880613 -8.67406 41.1539
1298880630 -8.67408 41.1539
1298880647 -8.67409 41.1539
1298880654 -8.6741 41.1539
1298880661 -8.67411 41.1539
1298880675 -8.67412 41.1539
1298880685 -8.67413 41.1539
1298880699 -8.67414 41.1539
1298881131 -8.67408 41.154
1298881135 -8.67407 41.154
1298881200 -8.67408 41.154
