:break:
1298880072 -8.61431 41.1745
1298880073 -8.61455 41.1744
1298880074 -8.61477 41.1744
1298880075 -8.615 41.1743
1298880076 -8.61523 41.1743
1298880077 -8.61547 41.1743
1298880078 -8.61571 41.1742
1298880079 -8.61595 41.1742
1298880080 -8.6162 41.1741
1298880081 -8.61645 41.1741
1298880082 -8.61671 41.1741
1298880083 -8.61696 41.174
1298880084 -8.61722 41.174
1298880085 -8.61747 41.174
1298880086 -8.61773 41.1739
1298880087 -8.61797 41.1739
1298880088 -8.61821 41.1739
1298880089 -8.61845 41.1739
1298880090 -8.61869 41.1739
1298880091 -8.61891 41.1738
1298880092 -8.61914 41.1738
1298880093 -8.61936 41.1738
1298880094 -8.61959 41.1738
1298880095 -8.61981 41.1737
1298880096 -8.62004 41.1737
1298880097 -8.62027 41.1737
1298880098 -8.6205 41.1737
1298880099 -8.62073 41.1736
1298880100 -8.62096 41.1736
1298880101 -8.6212 41.1736
1298880102 -8.62143 41.1736
1298880103 -8.62167 41.1736
1298880104 -8.62191 41.1735
1298880105 -8.62214 41.1735
1298880106 -8.62237 41.1735
1298880107 -8.6226 41.1735
1298880108 -8.62284 41.1734
1298880109 -8.62307 41.1734
1298880110 -8.62331 41.1734
1298880111 -8.62353 41.1734
1298880112 -8.62376 41.1733
1298880113 -8.62399 41.1733
1298880114 -8.62422 41.1733
1298880115 -8.62445 41.1733
1298880116 -8.62469 41.1732
1298880117 -8.62493 41.1732
1298880118 -8.62519 41.1732
1298880119 -8.62545 41.1732
1298880120 -8.62572 41.1731
1298880121 -8.62599 41.1731
1298880122 -8.62626 41.1731
1298880123 -8.62653 41.1731
1298880124 -8.6268 41.173
1298880125 -8.62707 41.173
1298880126 -8.62734 41.173
1298880127 -8.6276 41.1729
1298880128 -8.62787 41.1729
1298880129 -8.62814 41.1729
1298880130 -8.6284 41.1728
1298880131 -8.62866 41.1728
1298880132 -8.62892 41.1727
1298880133 -8.62917 41.1727
1298880134 -8.62942 41.1726
1298880135 -8.62967 41.1726
1298880136 -8.62991 41.1725
1298880137 -8.63015 41.1725
1298880138 -8.63038 41.1724
1298880139 -8.63061 41.1724
1298880140 -8.63085 41.1723
1298880141 -8.63107 41.1723
1298880142 -8.6313 41.1722
1298880143 -8.63151 41.1722
1298880144 -8.63173 41.1721
1298880145 -8.63194 41.1721
1298880146 -8.63216 41.172
1298880147 -8.63237 41.172
1298880148 -8.63257 41.1719
1298880149 -8.63277 41.1719
1298880150 -8.63298 41.1719
1298880151 -8.63319 41.1718
1298880152 -8.6334 41.1718
1298880153 -8.63362 41.1717
1298880154 -8.63383 41.1717
1298880155 -8.63406 41.1716
1298880156 -8.63429 41.1716
1298880157 -8.63451 41.1716
1298880158 -8.63473 41.1715
1298880159 -8.63494 41.1715
1298880160 -8.63516 41.1714
1298880161 -8.63538 41.1714
1298880162 -8.63561 41.1713
1298880163 -8.63582 41.1712
1298880164 -8.63605 41.1712
1298880165 -8.63626 41.1711
1298880166 -8.63646 41.171
1298880167 -8.63666 41.171
1298880168 -8.63687 41.1709
1298880169 -8.63706 41.1708
1298880170 -8.63725 41.1707
1298880171 -8.63745 41.1706
1298880172 -8.63764 41.1705
1298880173 -8.63782 41.1704
1298880174 -8.638 41.1703
1298880175 -8.63819 41.1702
1298880176 -8.63838 41.17
1298880177 -8.63857 41.1699
1298880178 -8.63874 41.1698
1298880179 -8.63891 41.1697
1298880180 -8.63908 41.1695
1298880181 -8.63926 41.1694
1298880182 -8.63943 41.1693
1298880183 -8.63959 41.1692
1298880184 -8.63978 41.169
1298880185 -8.63996 41.1689
1298880186 -8.64013 41.1688
1298880187 -8.64032 41.1686
1298880188 -8.6405 41.1685
1298880189 -8.64069 41.1684
1298880190 -8.64087 41.1683
1298880191 -8.64106 41.1681
1298880192 -8.64123 41.168
1298880193 -8.6414 41.1679
1298880194 -8.64156 41.1678
1298880195 -8.6417 41.1677
1298880196 -8.64185 41.1676
1298880197 -8.642 41.1675
1298880198 -8.64214 41.1674
1298880199 -8.64229 41.1673
1298880200 -8.64241 41.1672
1298880201 -8.64255 41.1671
1298880202 -8.64268 41.167
1298880203 -8.64282 41.167
1298880204 -8.64296 41.1669
1298880205 -8.6431 41.1669
1298880206 -8.64322 41.167
1298880207 -8.64334 41.167
1298880208 -8.64344 41.1671
1298880209 -8.64352 41.1672
1298880210 -8.64357 41.1673
1298880211 -8.64359 41.1674
1298880212 -8.64357 41.1675
1298880213 -8.64351 41.1676
1298880214 -8.64342 41.1676
1298880215 -8.6433 41.1677
1298880216 -8.64319 41.1677
1298880217 -8.64307 41.1677
1298880218 -8.64297 41.1676
1298880219 -8.64286 41.1676
1298880220 -8.64275 41.1675
1298880221 -8.64264 41.1674
1298880222 -8.64252 41.1673
1298880223 -8.6424 41.1672
1298880224 -8.64229 41.1671
1298880225 -8.64216 41.167
1298880226 -8.64203 41.1669
1298880227 -8.6419 41.1668
1298880228 -8.64177 41.1667
1298880229 -8.64165 41.1666
1298880230 -8.64153 41.1665
1298880231 -8.6414 41.1664
1298880232 -8.64129 41.1663
1298880233 -8.64117 41.1662
1298880234 -8.64106 41.1662
1298880235 -8.64095 41.1661
1298880236 -8.64085 41.166
1298880237 -8.64075 41.1659
1298880238 -8.64066 41.1658
1298880239 -8.64058 41.1658
1298880240 -8.64051 41.1657
1298880241 -8.64046 41.1656
1298880242 -8.6404 41.1656
1298880243 -8.64036 41.1656
1298880244 -8.64032 41.1655
1298880245 -8.64028 41.1655
1298880246 -8.64023 41.1654
1298880247 -8.64019 41.1654
1298880248 -8.64015 41.1654
1298880249 -8.64014 41.1654
1298880250 -8.64013 41.1654
1298880252 -8.64012 41.1653
1298880253 -8.64011 41.1653
1298880254 -8.64009 41.1653
1298880255 -8.64007 41.1653
1298880256 -8.64005 41.1653
1298880257 -8.64005 41.1652
1298880259 -8.64006 41.1651
1298880260 -8.6401 41.165
1298880261 -8.64017 41.165
1298880262 -8.64026 41.1649
1298880263 -8.64037 41.1649
1298880264 -8.64049 41.1649
1298880265 -8.64062 41.1649
1298880266 -8.64076 41.1649
1298880267 -8.64088 41.1649
1298880268 -8.64103 41.1649
1298880269 -8.64118 41.1649
1298880270 -8.64133 41.165
1298880271 -8.64148 41.165
1298880272 -8.64163 41.165
1298880273 -8.64177 41.165
1298880274 -8.64188 41.1651
1298880275 -8.64197 41.1651
1298880276 -8.64205 41.1651
1298880277 -8.64212 41.1652
1298880278 -8.64216 41.1652
1298880279 -8.6422 41.1652
1298880280 -8.64223 41.1652
1298880281 -8.64228 41.1652
1298880282 -8.64233 41.1652
1298880283 -8.6424 41.1652
1298880284 -8.64249 41.1652
1298880285 -8.64259 41.1652
1298880286 -8.64269 41.1652
1298880287 -8.64279 41.1652
1298880288 -8.6429 41.1653
1298880289 -8.64302 41.1653
1298880290 -8.64315 41.1653
1298880291 -8.64329 41.1653
1298880292 -8.64342 41.1653
1298880293 -8.64356 41.1654
1298880294 -8.64371 41.1654
1298880295 -8.64387 41.1654
1298880296 -8.64403 41.1654
1298880297 -8.6442 41.1654
1298880298 -8.64438 41.1655
1298880299 -8.64456 41.1655
1298880300 -8.64473 41.1655
1298880301 -8.64491 41.1655
1298880302 -8.64508 41.1656
1298880303 -8.64526 41.1656
1298880304 -8.64542 41.1656
1298880305 -8.64558 41.1656
1298880306 -8.64575 41.1657
1298880307 -8.64592 41.1657
1298880308 -8.64608 41.1657
1298880309 -8.64624 41.1657
1298880310 -8.64637 41.1658
1298880311 -8.6465 41.1658
1298880312 -8.64662 41.1658
1298880313 -8.64673 41.1659
1298880314 -8.64683 41.1659
1298880315 -8.64692 41.1659
1298880316 -8.64698 41.1659
1298880317 -8.64706 41.1659
1298880318 -8.64709 41.1659
1298880319 -8.64712 41.1659
1298880320 -8.64714 41.1659
1298880322 -8.64715 41.166
1298880323 -8.64716 41.166
1298880324 -8.64719 41.166
1298880325 -8.64723 41.166
1298880326 -8.64729 41.166
1298880327 -8.64737 41.166
1298880328 -8.64746 41.166
1298880329 -8.64755 41.166
1298880330 -8.64768 41.1661
1298880331 -8.64781 41.1661
1298880332 -8.64796 41.1661
1298880333 -8.64812 41.1661
1298880334 -8.64829 41.1661
1298880335 -8.64846 41.1662
1298880336 -8.64863 41.1662
1298880337 -8.64881 41.1662
1298880338 -8.64898 41.1663
1298880339 -8.64913 41.1663
1298880340 -8.64929 41.1663
1298880341 -8.64943 41.1663
1298880342 -8.64957 41.1664
1298880343 -8.6497 41.1664
1298880344 -8.64985 41.1664
1298880345 -8.65 41.1665
1298880346 -8.65017 41.1665
1298880347 -8.65036 41.1665
1298880348 -8.65057 41.1665
1298880349 -8.65076 41.1666
1298880350 -8.65097 41.1666
1298880351 -8.65119 41.1666
1298880352 -8.65138 41.1667
1298880353 -8.65159 41.1667
1298880354 -8.65179 41.1667
1298880355 -8.65199 41.1668
1298880356 -8.65217 41.1668
1298880357 -8.65235 41.1668
1298880358 -8.65252 41.1669
1298880359 -8.65269 41.1669
1298880360 -8.65284 41.1669
1298880361 -8.65299 41.167
1298880362 -8.65312 41.167
1298880363 -8.65325 41.167
1298880364 -8.65337 41.167
1298880365 -8.65347 41.167
1298880366 -8.65357 41.167
1298880367 -8.65368 41.1671
1298880368 -8.65379 41.1671
1298880369 -8.6539 41.1671
1298880370 -8.654 41.1671
1298880371 -8.65413 41.1671
1298880372 -8.65426 41.1671
1298880373 -8.6544 41.1671
1298880374 -8.65455 41.1672
1298880375 -8.65471 41.1672
1298880376 -8.65486 41.1672
1298880377 -8.65503 41.1672
1298880378 -8.6552 41.1673
1298880379 -8.65537 41.1673
1298880380 -8.65556 41.1673
1298880381 -8.65574 41.1673
1298880382 -8.65593 41.1673
1298880383 -8.65612 41.1673
1298880384 -8.65631 41.1673
1298880385 -8.6565 41.1672
1298880386 -8.65667 41.1671
1298880387 -8.65684 41.1671
1298880388 -8.65698 41.167
1298880389 -8.65712 41.1669
1298880390 -8.65723 41.1667
1298880391 -8.65733 41.1666
1298880392 -8.6574 41.1665
1298880393 -8.65745 41.1664
1298880394 -8.6575 41.1662
1298880395 -8.65753 41.1661
1298880396 -8.65757 41.166
1298880397 -8.6576 41.1658
1298880398 -8.65764 41.1657
1298880399 -8.65768 41.1656
1298880400 -8.6577 41.1655
1298880401 -8.65775 41.1654
1298880402 -8.6578 41.1654
1298880403 -8.65788 41.1653
1298880404 -8.65797 41.1654
1298880405 -8.65805 41.1654
1298880406 -8.65815 41.1654
1298880407 -8.65826 41.1655
1298880408 -8.65838 41.1655
1298880409 -8.6585 41.1656
1298880410 -8.65863 41.1656
1298880411 -8.65877 41.1657
1298880412 -8.65891 41.1658
1298880413 -8.65906 41.1658
1298880414 -8.65921 41.1659
1298880415 -8.65934 41.166
1298880416 -8.65948 41.1661
1298880417 -8.65962 41.1661
1298880418 -8.65976 41.1662
1298880419 -8.65989 41.1663
1298880420 -8.66002 41.1663
1298880421 -8.66013 41.1664
1298880422 -8.66023 41.1664
1298880423 -8.66031 41.1665
1298880424 -8.66038 41.1665
1298880425 -8.66042 41.1665
1298880426 -8.66047 41.1666
1298880427 -8.66052 41.1666
1298880428 -8.66058 41.1665
1298880429 -8.66063 41.1665
1298880430 -8.66067 41.1664
1298880431 -8.66073 41.1664
1298880432 -8.66078 41.1663
1298880433 -8.66084 41.1662
1298880434 -8.66091 41.1662
1298880435 -8.66097 41.1661
1298880436 -8.66104 41.166
1298880437 -8.66113 41.1659
1298880438 -8.66122 41.1658
1298880439 -8.66132 41.1656
1298880440 -8.66142 41.1655
1298880441 -8.66152 41.1654
1298880442 -8.66163 41.1653
1298880443 -8.66173 41.1652
1298880444 -8.66183 41.1651
1298880445 -8.66192 41.165
1298880446 -8.66199 41.1649
1298880447 -8.66207 41.1648
1298880448 -8.66213 41.1647
1298880449 -8.66221 41.1646
1298880450 -8.66229 41.1645
1298880451 -8.66236 41.1645
1298880452 -8.66243 41.1644
1298880453 -8.66248 41.1643
1298880454 -8.66254 41.1643
1298880455 -8.66258 41.1642
1298880456 -8.66262 41.1642
1298880457 -8.66263 41.1641
1298880459 -8.66264 41.1641
1298880460 -8.66265 41.1641
1298880461 -8.66268 41.1641
1298880463 -8.6627 41.1641
1298880464 -8.66271 41.164
1298880465 -8.66272 41.164
1298880466 -8.66273 41.164
1298880492 -8.6627 41.164
1298880496 -8.66269 41.164
1298880502 -8.66268 41.164
1298880529 -8.66274 41.1639
1298880530 -8.66275 41.1639
1298880531 -8.66276 41.1639
1298880532 -8.66278 41.1638
1298880533 -8.66281 41.1638
1298880534 -8.66282 41.1638
1298880535 -8.66285 41.1637
1298880536 -8.66289 41.1637
1298880537 -8.66294 41.1636
1298880538 -8.66297 41.1636
1298880539 -8.66299 41.1635
1298880540 -8.663 41.1635
1298880541 -8.66304 41.1634
1298880542 -8.66309 41.1634
1298880543 -8.66314 41.1634
1298880544 -8.66318 41.1633
1298880545 -8.66323 41.1632
1298880546 -8.66325 41.1631
1298880547 -8.66328 41.163
1298880548 -8.66332 41.1629
1298880549 -8.66338 41.1628
1298880550 -8.6634 41.1627
1298880551 -8.66344 41.1627
1298880552 -8.66349 41.1626
1298880553 -8.66355 41.1625
1298880554 -8.66365 41.1624
1298880555 -8.66378 41.1623
1298880556 -8.6639 41.1623
1298880557 -8.66403 41.1622
1298880558 -8.66417 41.1621
1298880559 -8.6643 41.1621
1298880560 -8.66443 41.162
1298880561 -8.66455 41.1619
1298880562 -8.66468 41.1619
1298880563 -8.66479 41.1618
1298880564 -8.6649 41.1618
1298880565 -8.66502 41.1617
1298880566 -8.66514 41.1617
1298880567 -8.66527 41.1616
1298880568 -8.66542 41.1616
1298880569 -8.66558 41.1616
1298880570 -8.66573 41.1616
1298880571 -8.66589 41.1616
1298880572 -8.66606 41.1615
1298880573 -8.66622 41.1615
1298880574 -8.66638 41.1615
1298880575 -8.66652 41.1615
1298880576 -8.66666 41.1615
1298880577 -8.66677 41.1615
1298880578 -8.66685 41.1615
1298880579 -8.66692 41.1615
1298880580 -8.66697 41.1615
1298880581 -8.66701 41.1615
1298880582 -8.66705 41.1615
1298880583 -8.66711 41.1615
1298880584 -8.66717 41.1615
1298880585 -8.66723 41.1615
1298880586 -8.66731 41.1614
1298880587 -8.66738 41.1614
1298880588 -8.66748 41.1613
1298880589 -8.66758 41.1613
1298880590 -8.66769 41.1613
1298880591 -8.66783 41.1612
1298880592 -8.66797 41.1612
1298880593 -8.66812 41.1611
1298880594 -8.66824 41.1611
1298880595 -8.66838 41.161
1298880596 -8.66851 41.161
1298880597 -8.66865 41.161
1298880598 -8.66878 41.161
1298880599 -8.66893 41.161
1298880600 -8.66908 41.1611
1298880601 -8.66922 41.1611
1298880602 -8.66937 41.1611
1298880603 -8.66951 41.1611
1298880604 -8.66966 41.1611
1298880605 -8.66982 41.1611
1298880606 -8.66996 41.1612
1298880607 -8.6701 41.1612
1298880608 -8.67025 41.1612
1298880609 -8.67037 41.1612
1298880610 -8.6705 41.1613
1298880611 -8.67061 41.1614
1298880612 -8.67072 41.1614
1298880613 -8.67082 41.1615
1298880614 -8.67092 41.1616
1298880615 -8.67101 41.1616
1298880616 -8.6711 41.1617
1298880617 -8.67119 41.1617
1298880618 -8.67129 41.1618
1298880619 -8.6714 41.1619
1298880620 -8.6715 41.1619
1298880621 -8.6716 41.1619
1298880622 -8.6717 41.162
1298880623 -8.6718 41.162
1298880624 -8.67189 41.1621
1298880625 -8.67199 41.1621
1298880626 -8.67209 41.1622
1298880627 -8.67219 41.1622
1298880628 -8.6723 41.1623
1298880629 -8.67242 41.1623
1298880630 -8.67254 41.1624
1298880631 -8.67267 41.1624
1298880632 -8.6728 41.1624
1298880633 -8.67293 41.1624
1298880634 -8.67305 41.1625
1298880635 -8.67317 41.1625
1298880636 -8.67326 41.1625
1298880637 -8.67334 41.1625
1298880638 -8.6734 41.1625
1298880639 -8.67345 41.1626
1298880640 -8.67352 41.1626
1298880641 -8.67357 41.1626
1298880642 -8.67363 41.1626
1298880643 -8.6737 41.1626
1298880644 -8.67377 41.1626
1298880645 -8.67385 41.1627
1298880646 -8.67393 41.1627
1298880647 -8.67401 41.1627
1298880648 -8.67409 41.1627
1298880649 -8.67418 41.1627
1298880650 -8.67428 41.1628
1298880651 -8.67437 41.1628
1298880652 -8.67447 41.1628
1298880653 -8.67456 41.1628
1298880654 -8.67465 41.1628
1298880655 -8.67474 41.1629
1298880656 -8.67481 41.1629
1298880657 -8.67486 41.1629
1298880658 -8.67488 41.1629
1298880660 -8.67489 41.1629
1298880661 -8.67493 41.1629
1298880662 -8.67498 41.1629
1298880663 -8.67505 41.1629
1298880664 -8.67514 41.1629
1298880665 -8.67524 41.1629
1298880666 -8.67533 41.1629
1298880667 -8.67542 41.1629
1298880668 -8.6755 41.1629
1298880669 -8.67558 41.1629
1298880670 -8.67566 41.1629
1298880671 -8.67574 41.1629
1298880672 -8.67581 41.1629
1298880673 -8.67586 41.163
1298880674 -8.67591 41.163
1298880675 -8.67595 41.163
1298880676 -8.67597 41.1631
1298880677 -8.67599 41.1631
1298880678 -8.67601 41.1631
1298880679 -8.67603 41.1632
1298880680 -8.67604 41.1632
1298880681 -8.67605 41.1632
1298880683 -8.67606 41.1632
1298880685 -8.67607 41.1632
1298880688 -8.67608 41.1632
1298880693 -8.67609 41.1632
1298880700 -8.6761 41.1632
1298880711 -8.67611 41.1632
1298880946 -8.6761 41.1633
1298880969 -8.67609 41.1633
1298880987 -8.67608 41.1633
1298881000 -8.67607 41.1633
1298881200 -8.67608 41.1633
