:break:
1298880158 -8.61326 41.1544
1298880159 -8.61327 41.1544
1298880193 -8.61325 41.1544
1298880200 -8.61324 41.1544
1298880286 -8.61323 41.1544
1298880315 -8.61322 41.1544
1298880334 -8.61321 41.1544
1298880339 -8.6132 41.1544
1298880346 -8.61319 41.1544
1298880387 -8.61322 41.1545
1298880393 -8.61323 41.1545
1298880403 -8.61324 41.1545
1298880412 -8.61325 41.1545
1298880419 -8.61326 41.1545
1298880425 -8.61327 41.1545
1298880430 -8.61328 41.1545
1298880437 -8.61329 41.1545
1298880875 -8.6133 41.1545
1298880908 -8.61331 41.1545
1298880912 -8.61332 41.1545
1298880918 -8.61333 41.1545
1298880923 -8.61334 41.1545
1298880928 -8.61335 41.1545
1298880947 -8.61334 41.1546
1298880951 -8.61333 41.1546
1298880955 -8.61332 41.1546
1298880962 -8.61331 41.1546
1298880965 -8.6133 41.1546
1298880977 -8.61329 41.1546
1298880988 -8.61328 41.1546
1298881131 -8.6133 41.1544
1298881135 -8.61331 41.1544
1298881139 -8.61332 41.1544
1298881162 -8.61329 41.1544
1298881168 -8.61328 41.1544
1298881200 -8.61324 41.1545
