:break:
1298880026 -8.6304 41.1609
1298880028 -8.63041 41.1609
1298880031 -8.63039 41.1609
1298880032 -8.63037 41.1609
1298880033 -8.63035 41.1609
1298880034 -8.63033 41.1609
1298880035 -8.63032 41.1609
1298880036 -8.63031 41.1609
1298880037 -8.6303 41.161
1298880038 -8.63029 41.161
1298880039 -8.63028 41.161
1298880040 -8.63027 41.161
1298880043 -8.63031 41.161
1298880044 -8.63033 41.161
1298880045 -8.63034 41.161
1298880046 -8.63036 41.161
1298880047 -8.63037 41.161
1298880048 -8.63038 41.161
1298880050 -8.6304 41.161
1298880051 -8.63041 41.161
1298880053 -8.63042 41.161
1298880055 -8.63047 41.161
1298880056 -8.63051 41.161
1298880057 -8.63055 41.161
1298880058 -8.63059 41.1609
1298880059 -8.63061 41.1609
1298880060 -8.63062 41.1609
1298880061 -8.63066 41.1609
1298880062 -8.63069 41.1609
1298880063 -8.63073 41.1609
1298880064 -8.63076 41.1609
1298880065 -8.63078 41.1609
1298880066 -8.63082 41.1609
1298880067 -8.63085 41.1609
1298880068 -8.63087 41.1609
1298880069 -8.63089 41.1609
1298880070 -8.63092 41.1609
1298880071 -8.63093 41.1609
1298880072 -8.63095 41.1609
1298880073 -8.63096 41.1609
1298880076 -8.63094 41.1609
1298880079 -8.63091 41.1609
1298880080 -8.6309 41.1609
1298880081 -8.63088 41.1609
1298880085 -8.6308 41.1609
1298880089 -8.63071 41.1609
1298880090 -8.63068 41.1609
1298880091 -8.63067 41.1609
1298880093 -8.63064 41.1609
1298880096 -8.63058 41.1609
1298880097 -8.63056 41.1609
1298880098 -8.63055 41.1609
1298880099 -8.63053 41.1609
1298880100 -8.63051 41.1609
1298880102 -8.6305 41.1609
1298880104 -8.63049 41.1609
1298880105 -8.63048 41.1609
1298880107 -8.63046 41.1609
1298880108 -8.63044 41.161
1298880109 -8.63043 41.161
1298880112 -8.63039 41.161
1298880115 -8.63036 41.1609
1298880119 -8.6303 41.1609
1298880120 -8.63028 41.1609
1298880121 -8.63026 41.1609
1298880122 -8.63024 41.1609
1298880124 -8.63023 41.1609
1298880125 -8.63022 41.1609
1298880127 -8.63021 41.1609
1298880128 -8.6302 41.1609
1298880130 -8.63019 41.1609
1298880135 -8.63018 41.1609
1298880136 -8.63017 41.1609
1298880138 -8.63015 41.1609
1298880141 -8.63015 41.161
1298880145 -8.63016 41.161
1298880147 -8.63017 41.161
1298880149 -8.63018 41.161
1298880150 -8.63019 41.161
1298880154 -8.63016 41.1609
1298880164 -8.63014 41.1609
1298880165 -8.63014 41.161
1298880166 -8.63013 41.1609
1298880167 -8.63012 41.161
1298880168 -8.63011 41.1609
1298880169 -8.6301 41.161
1298880170 -8.63011 41.161
1298880183 -8.63013 41.161
1298880223 -8.6302 41.161
1298880231 -8.63022 41.161
1298880232 -8.63023 41.161
1298880233 -8.63024 41.161
1298880234 -8.63025 41.161
1298880235 -8.63026 41.161
1298880288 -8.63021 41.161
1298880351 -8.63009 41.161
1298880353 -8.63008 41.161
1298880354 -8.63007 41.161
1298880355 -8.63006 41.161
1298880357 -8.63005 41.161
1298880358 -8.63004 41.161
1298880389 -8.63032 41.161
1298880405 -8.63034 41.1609
1298880413 -8.63029 41.1609
1298880433 -8.63003 41.161
1298880434 -8.63002 41.161
1298880436 -8.63001 41.161
1298880478 -8.63025 41.1609
1298880502 -8.63035 41.161
1298880512 -8.63017 41.1608
1298880513 -8.63016 41.1608
1298880514 -8.63015 41.1608
1298880527 -8.63014 41.1608
1298880528 -8.63013 41.1608
1298880529 -8.63012 41.1608
1298880530 -8.63011 41.1608
1298880539 -8.63012 41.1609
1298880545 -8.6301 41.1609
1298880548 -8.63009 41.1609
1298880549 -8.63008 41.1609
1298880552 -8.63007 41.1609
1298880553 -8.63006 41.1609
1298880556 -8.63005 41.1609
1298880558 -8.63004 41.1609
1298880559 -8.63003 41.1609
1298880560 -8.63002 41.1609
1298880562 -8.63001 41.1609
1298880564 -8.63 41.1609
1298880565 -8.62999 41.1609
1298880566 -8.62998 41.1609
1298880567 -8.62997 41.1609
1298880588 -8.63019 41.1608
1298880589 -8.63021 41.1608
1298880590 -8.63023 41.1608
1298880591 -8.63024 41.1608
1298880592 -8.63026 41.1608
1298880611 -8.63029 41.1608
1298880612 -8.63028 41.1608
1298880613 -8.63027 41.1608
1298880618 -8.63022 41.1608
1298880621 -8.6302 41.1608
1298880646 -8.63009 41.1608
1298880647 -8.63006 41.1608
1298880648 -8.63005 41.1608
1298880649 -8.63002 41.1608
1298880650 -8.63001 41.1608
1298880651 -8.62999 41.1607
1298880652 -8.62997 41.1607
1298880653 -8.62996 41.1607
1298880654 -8.62995 41.1607
1298880655 -8.62993 41.1607
1298880656 -8.62991 41.1607
1298880657 -8.6299 41.1607
1298880658 -8.62988 41.1607
1298880661 -8.62986 41.1607
1298880662 -8.62987 41.1607
1298880664 -8.62989 41.1607
1298880667 -8.62992 41.1607
1298880675 -8.62995 41.1608
1298880679 -8.62994 41.1608
1298880680 -8.62996 41.1608
1298880681 -8.62997 41.1608
1298880684 -8.62999 41.1608
1298880685 -8.63 41.1608
1298880752 -8.62996 41.1609
1298880753 -8.62995 41.1609
1298880754 -8.62993 41.1609
1298880755 -8.62991 41.1609
1298880756 -8.62988 41.1608
1298880757 -8.62987 41.1608
1298880758 -8.62985 41.1608
1298880759 -8.62984 41.1608
1298880760 -8.62983 41.1608
1298880761 -8.62982 41.1608
1298880762 -8.62981 41.1608
1298880763 -8.6298 41.1608
1298880783 -8.62986 41.1608
1298880791 -8.62989 41.1608
1298880792 -8.6299 41.1608
1298880794 -8.62992 41.1608
1298880795 -8.62993 41.1608
1298880800 -8.62998 41.1608
1298880822 -8.62994 41.1609
1298880828 -8.62992 41.1609
1298880851 -8.62989 41.1609
1298880852 -8.62986 41.1609
1298880853 -8.62985 41.1609
1298880854 -8.62982 41.1609
1298880855 -8.62979 41.1609
1298880856 -8.62973 41.1609
1298880857 -8.6296 41.1609
1298880858 -8.62952 41.1609
1298880859 -8.62947 41.1608
1298880860 -8.62943 41.1608
1298880861 -8.62941 41.1608
1298880862 -8.62939 41.1608
1298880863 -8.62937 41.1608
1298880864 -8.62936 41.1608
1298880866 -8.62935 41.1608
1298880867 -8.62934 41.1608
1298880870 -8.62933 41.1608
1298880871 -8.62932 41.1608
1298880872 -8.62929 41.1608
1298880873 -8.62925 41.1608
1298880874 -8.62921 41.1608
1298880875 -8.62916 41.1608
1298880876 -8.62908 41.1608
1298880877 -8.62901 41.1608
1298880878 -8.62896 41.1608
1298880879 -8.62891 41.1608
1298880880 -8.62885 41.1608
1298880881 -8.62879 41.1607
1298880882 -8.62871 41.1607
1298880883 -8.62862 41.1607
1298880884 -8.62855 41.1607
1298880885 -8.62851 41.1607
1298880886 -8.62847 41.1607
1298880888 -8.62846 41.1607
1298880889 -8.62846 41.1606
1298880891 -8.62847 41.1606
1298880892 -8.6285 41.1605
1298880893 -8.62852 41.1604
1298880894 -8.62854 41.1604
1298880895 -8.62857 41.1603
1298880896 -8.62859 41.1602
1298880897 -8.62861 41.1601
1298880898 -8.62863 41.1601
1298880899 -8.62865 41.16
1298880900 -8.62867 41.1599
1298880901 -8.62869 41.1599
1298880902 -8.62871 41.1598
1298880904 -8.62873 41.1597
1298880905 -8.62874 41.1597
1298880906 -8.62875 41.1597
1298880907 -8.62876 41.1596
1298880908 -8.62877 41.1596
1298880909 -8.62878 41.1596
1298880912 -8.62879 41.1595
1298880929 -8.6288 41.1595
1298880934 -8.62882 41.1594
1298880935 -8.62883 41.1594
1298880936 -8.62885 41.1593
1298880937 -8.62887 41.1593
1298880938 -8.62889 41.1592
1298880939 -8.6289 41.1591
1298880940 -8.62892 41.1591
1298880941 -8.62893 41.1591
1298880942 -8.62894 41.159
1298880944 -8.62895 41.159
1298880946 -8.62896 41.159
1298880949 -8.62897 41.159
1298880950 -8.62898 41.159
1298880952 -8.629 41.1589
1298880953 -8.62902 41.1589
1298880954 -8.62903 41.1589
1298880955 -8.62907 41.1589
1298880956 -8.62912 41.1589
1298880957 -8.62918 41.1589
1298880958 -8.62924 41.1589
1298880959 -8.62926 41.1589
1298880960 -8.62928 41.1589
1298880961 -8.62931 41.1589
1298880962 -8.62934 41.1589
1298880963 -8.6294 41.1589
1298880964 -8.62944 41.1589
1298880965 -8.62947 41.1589
1298880966 -8.62948 41.1589
1298880967 -8.62949 41.1589
1298880970 -8.62951 41.1589
1298880972 -8.62952 41.1589
1298880973 -8.62953 41.1589
1298880974 -8.62955 41.1589
1298880975 -8.62959 41.1588
1298880976 -8.62965 41.1588
1298880977 -8.62972 41.1588
1298880978 -8.62979 41.1587
1298880979 -8.62987 41.1587
1298880980 -8.62994 41.1586
1298880981 -8.62999 41.1586
1298880982 -8.63005 41.1586
1298880983 -8.6301 41.1585
1298880984 -8.63015 41.1585
1298880985 -8.6302 41.1584
1298880986 -8.63026 41.1584
1298880987 -8.63033 41.1583
1298880988 -8.63038 41.1583
1298880989 -8.63039 41.1583
1298880990 -8.63046 41.1583
1298880991 -8.63056 41.1583
1298880992 -8.63068 41.1583
1298880993 -8.63084 41.1583
1298880994 -8.63098 41.1583
1298880995 -8.63113 41.1584
1298880996 -8.63127 41.1584
1298880997 -8.63141 41.1584
1298880998 -8.63153 41.1584
1298880999 -8.63164 41.1585
1298881000 -8.63176 41.1585
1298881001 -8.63189 41.1585
1298881002 -8.632 41.1585
1298881003 -8.63211 41.1585
1298881004 -8.63221 41.1585
1298881005 -8.63229 41.1585
1298881006 -8.63236 41.1585
1298881007 -8.63241 41.1586
1298881008 -8.63246 41.1586
1298881009 -8.63249 41.1586
1298881010 -8.63253 41.1586
1298881011 -8.63255 41.1586
1298881014 -8.63254 41.1586
1298881020 -8.63258 41.1586
1298881021 -8.63263 41.1586
1298881022 -8.63269 41.1586
1298881023 -8.63276 41.1586
1298881024 -8.63287 41.1586
1298881025 -8.63301 41.1586
1298881026 -8.63315 41.1587
1298881027 -8.6333 41.1587
1298881028 -8.63344 41.1587
1298881029 -8.63358 41.1588
1298881030 -8.63374 41.1588
1298881031 -8.63391 41.1588
1298881032 -8.63409 41.1588
1298881033 -8.63427 41.1588
1298881034 -8.63445 41.1589
1298881035 -8.63465 41.1589
1298881036 -8.63483 41.1589
1298881037 -8.63502 41.159
1298881038 -8.63521 41.159
1298881039 -8.63541 41.159
1298881040 -8.6356 41.159
1298881041 -8.63579 41.1591
1298881042 -8.63596 41.1591
1298881043 -8.63614 41.1591
1298881044 -8.63631 41.1592
1298881045 -8.63648 41.1592
1298881046 -8.63665 41.1592
1298881047 -8.63681 41.1592
1298881048 -8.63696 41.1593
1298881049 -8.6371 41.1593
1298881050 -8.63724 41.1593
1298881051 -8.63734 41.1593
1298881052 -8.63744 41.1593
1298881053 -8.63753 41.1594
1298881054 -8.63762 41.1594
1298881055 -8.63768 41.1594
1298881056 -8.63772 41.1594
1298881057 -8.63775 41.1594
1298881058 -8.63778 41.1594
1298881059 -8.63779 41.1594
1298881060 -8.6378 41.1594
1298881062 -8.63777 41.1595
1298881063 -8.63775 41.1595
1298881064 -8.63774 41.1595
1298881065 -8.63773 41.1595
1298881066 -8.63772 41.1595
1298881069 -8.63771 41.1595
1298881073 -8.63771 41.1596
1298881077 -8.6377 41.1596
1298881081 -8.63774 41.1596
1298881082 -8.63779 41.1596
1298881083 -8.63785 41.1596
1298881084 -8.63793 41.1596
1298881085 -8.63802 41.1596
1298881086 -8.63812 41.1597
1298881087 -8.63826 41.1597
1298881088 -8.6384 41.1597
1298881089 -8.63854 41.1597
1298881090 -8.63866 41.1597
1298881091 -8.63878 41.1597
1298881092 -8.6389 41.1597
1298881093 -8.63902 41.1597
1298881094 -8.63914 41.1597
1298881095 -8.63923 41.1597
1298881096 -8.63934 41.1598
1298881097 -8.63943 41.1598
1298881098 -8.63951 41.1598
1298881099 -8.63965 41.1598
1298881100 -8.63976 41.1598
1298881101 -8.63984 41.1598
1298881102 -8.63989 41.1598
1298881103 -8.63995 41.1598
1298881104 -8.63998 41.1598
1298881105 -8.64002 41.1598
1298881106 -8.64003 41.1598
1298881108 -8.64002 41.1599
1298881109 -8.64 41.1599
1298881110 -8.63998 41.1599
1298881111 -8.63996 41.1599
1298881113 -8.63995 41.1599
1298881114 -8.63993 41.1599
1298881115 -8.63992 41.1599
1298881116 -8.63991 41.1599
1298881117 -8.6399 41.1599
1298881118 -8.63989 41.1599
1298881120 -8.63988 41.16
1298881121 -8.63987 41.16
1298881132 -8.63989 41.16
1298881135 -8.63994 41.1599
1298881141 -8.63997 41.1599
1298881144 -8.63999 41.1599
1298881145 -8.63999 41.16
1298881147 -8.64 41.16
1298881150 -8.64001 41.16
1298881152 -8.64004 41.16
1298881153 -8.64007 41.16
1298881154 -8.64014 41.16
1298881155 -8.64021 41.16
1298881156 -8.64027 41.16
1298881157 -8.64034 41.16
1298881158 -8.64042 41.16
1298881159 -8.64049 41.16
1298881160 -8.64056 41.1599
1298881161 -8.64061 41.1599
1298881162 -8.64065 41.1598
1298881163 -8.64069 41.1597
1298881164 -8.64072 41.1596
1298881165 -8.64075 41.1595
1298881166 -8.64078 41.1594
1298881167 -8.6408 41.1593
1298881168 -8.64083 41.1592
1298881169 -8.64086 41.1591
1298881170 -8.64087 41.159
1298881171 -8.6409 41.1589
1298881172 -8.64094 41.1589
1298881173 -8.64096 41.1587
1298881174 -8.64099 41.1586
1298881175 -8.64102 41.1585
1298881176 -8.64104 41.1584
1298881177 -8.64105 41.1583
1298881178 -8.64107 41.1583
1298881179 -8.6411 41.1582
1298881180 -8.64113 41.158
1298881181 -8.64116 41.1579
1298881182 -8.6412 41.1578
1298881183 -8.64122 41.1577
1298881184 -8.64126 41.1576
1298881185 -8.64129 41.1575
1298881186 -8.64131 41.1574
1298881187 -8.64137 41.1573
1298881188 -8.6414 41.1572
1298881189 -8.64145 41.157
1298881190 -8.64148 41.1569
1298881191 -8.64153 41.1568
1298881192 -8.64157 41.1567
1298881193 -8.64161 41.1566
1298881194 -8.64166 41.1564
1298881195 -8.64169 41.1563
1298881196 -8.64174 41.1562
1298881197 -8.64178 41.156
1298881198 -8.64183 41.1559
1298881199 -8.64187 41.1557
1298881200 -8.64191 41.1556
