:break:
1298880131 -8.58299 41.1809
1298880134 -8.583 41.1809
1298880153 -8.58298 41.1809
1298880160 -8.58297 41.1809
1298880164 -8.58296 41.1809
1298880168 -8.58295 41.1809
1298880172 -8.58294 41.1809
1298880178 -8.58293 41.1809
1298880179 -8.58292 41.1809
1298880180 -8.5829 41.1809
1298880182 -8.58288 41.1809
1298880183 -8.58287 41.1809
1298880184 -8.58286 41.1809
1298880186 -8.58285 41.1808
1298880187 -8.58284 41.1808
1298880188 -8.58283 41.1808
1298880192 -8.58282 41.1808
1298880229 -8.58286 41.1808
1298880248 -8.58287 41.1808
1298880253 -8.58288 41.1808
1298880292 -8.58282 41.1807
1298880302 -8.58283 41.1807
1298880348 -8.58285 41.1807
1298880362 -8.58284 41.1807
1298880375 -8.58281 41.1807
1298880379 -8.5828 41.1807
1298880382 -8.58279 41.1807
1298880386 -8.58278 41.1807
1298880405 -8.58277 41.1807
1298880481 -8.58281 41.1806
1298880503 -8.58281 41.1808
1298880580 -8.5828 41.1808
1298880584 -8.58275 41.1807
1298880595 -8.58274 41.1807
1298880596 -8.58273 41.1807
1298880597 -8.58272 41.1807
1298880598 -8.58271 41.1807
1298880599 -8.58269 41.1807
1298880600 -8.58267 41.1807
1298880601 -8.58266 41.1807
1298880602 -8.58265 41.1807
1298880609 -8.58264 41.1807
1298880612 -8.58263 41.1806
1298880617 -8.58262 41.1806
1298880619 -8.58262 41.1805
1298880620 -8.58261 41.1805
1298880622 -8.5826 41.1805
1298880626 -8.5826 41.1804
1298880627 -8.58259 41.1804
1298880640 -8.58259 41.1803
1298880641 -8.58258 41.1803
1298880661 -8.58259 41.1805
1298880681 -8.5826 41.1806
1298880685 -8.58259 41.1806
1298880707 -8.58258 41.1806
1298880725 -8.58257 41.1806
1298880726 -8.58257 41.1805
1298880730 -8.58256 41.1805
1298880800 -8.58256 41.1806
1298880837 -8.58255 41.1806
1298880841 -8.58254 41.1806
1298880900 -8.58255 41.1807
1298880902 -8.58256 41.1807
1298880908 -8.58257 41.1807
1298880925 -8.58258 41.1807
1298880928 -8.58259 41.1807
1298880932 -8.5826 41.1807
1298880936 -8.58261 41.1807
1298880939 -8.58262 41.1807
1298880943 -8.58263 41.1807
1298881058 -8.58265 41.1808
1298881067 -8.58266 41.1808
1298881089 -8.58266 41.1807
