:break:
1298880082 -8.61196 41.1728
1298880088 -8.61197 41.1728
1298880094 -8.61198 41.1728
1298880101 -8.61199 41.1728
1298880105 -8.612 41.1728
1298880125 -8.61201 41.1728
1298880127 -8.61202 41.1728
1298880132 -8.61203 41.1728
1298880135 -8.61204 41.1728
1298880183 -8.61197 41.1727
1298880194 -8.61196 41.1727
1298880244 -8.61198 41.1727
1298880249 -8.61199 41.1727
1298880252 -8.612 41.1727
1298880255 -8.61201 41.1727
1298880256 -8.61202 41.1727
1298880257 -8.61203 41.1726
1298880259 -8.61204 41.1726
1298880266 -8.61202 41.1726
1298880278 -8.61195 41.1728
1298880280 -8.61194 41.1728
1298880335 -8.61205 41.1728
1298880373 -8.61206 41.1728
1298880378 -8.61207 41.1728
1298880380 -8.61208 41.1728
1298880384 -8.61209 41.1728
1298880400 -8.61208 41.1727
1298880401 -8.61209 41.1727
1298880404 -8.6121 41.1727
1298880405 -8.61211 41.1727
1298880407 -8.61212 41.1727
1298880409 -8.61213 41.1727
1298880431 -8.61207 41.1727
1298880434 -8.61206 41.1727
1298880437 -8.61205 41.1727
1298880464 -8.61212 41.1728
1298880466 -8.61211 41.1728
1298880472 -8.6121 41.1728
1298880631 -8.61213 41.1728
1298880632 -8.61214 41.1728
1298880636 -8.61215 41.1728
1298880641 -8.61216 41.1728
1298880644 -8.61216 41.1727
1298880645 -8.61217 41.1727
1298880649 -8.61218 41.1727
1298880653 -8.61219 41.1727
1298880672 -8.6122 41.1727
1298880676 -8.61221 41.1727
1298880680 -8.61222 41.1727
1298880686 -8.61223 41.1727
1298880714 -8.61215 41.1727
1298880717 -8.61214 41.1727
1298880767 -8.61217 41.1728
1298880768 -8.61218 41.1728
1298880792 -8.61223 41.1726
1298880793 -8.61224 41.1726
1298880794 -8.61224 41.1727
1298880847 -8.61224 41.1728
1298880851 -8.61223 41.1728
1298880865 -8.61222 41.1728
1298880991 -8.6122 41.1728
1298880993 -8.61228 41.1728
1298880994 -8.61233 41.1728
1298880995 -8.61236 41.1728
1298880996 -8.61239 41.1728
1298880997 -8.61241 41.1728
1298880998 -8.61242 41.1728
1298880999 -8.61245 41.1728
1298881000 -8.6125 41.1729
1298881001 -8.61259 41.1729
1298881002 -8.61264 41.1729
1298881003 -8.61268 41.1729
1298881004 -8.61273 41.173
1298881005 -8.61278 41.1731
1298881006 -8.61284 41.1732
1298881007 -8.61287 41.1733
1298881008 -8.6129 41.1734
1298881009 -8.61295 41.1734
1298881010 -8.61301 41.1735
1298881011 -8.61308 41.1736
1298881012 -8.61316 41.1737
1298881013 -8.61322 41.1738
1298881014 -8.61332 41.1739
1298881015 -8.61337 41.1739
1298881016 -8.6133 41.174
1298881017 -8.61325 41.1741
1298881018 -8.61324 41.1742
1298881019 -8.61325 41.1743
1298881021 -8.61326 41.1744
1298881022 -8.61326 41.1745
1298881023 -8.61328 41.1746
1298881024 -8.61326 41.1746
1298881025 -8.61324 41.1746
1298881036 -8.61324 41.1747
1298881037 -8.61325 41.1747
1298881038 -8.61326 41.1747
1298881039 -8.61327 41.1747
1298881040 -8.61328 41.1748
1298881041 -8.61329 41.1748
1298881042 -8.6133 41.1748
1298881043 -8.61331 41.1748
1298881044 -8.61332 41.1748
1298881046 -8.61333 41.1748
1298881047 -8.61334 41.1748
1298881048 -8.61335 41.1748
1298881049 -8.61338 41.1748
1298881050 -8.6134 41.1749
1298881051 -8.61341 41.1749
1298881052 -8.61343 41.1749
1298881053 -8.61345 41.1749
1298881054 -8.61346 41.1749
1298881055 -8.61347 41.1749
1298881056 -8.61348 41.1749
1298881057 -8.61349 41.1749
1298881058 -8.6135 41.175
1298881059 -8.61351 41.175
1298881060 -8.61353 41.175
1298881061 -8.61354 41.175
1298881062 -8.61355 41.175
1298881063 -8.61356 41.175
1298881065 -8.61357 41.175
1298881066 -8.61358 41.175
1298881067 -8.61359 41.1751
1298881069 -8.6136 41.1751
1298881070 -8.61361 41.1751
1298881071 -8.61362 41.1752
1298881072 -8.61363 41.1752
1298881074 -8.61364 41.1752
1298881075 -8.61365 41.1752
1298881076 -8.61366 41.1752
1298881077 -8.61367 41.1752
1298881078 -8.61368 41.1752
1298881081 -8.61369 41.1752
1298881082 -8.6137 41.1752
1298881083 -8.61371 41.1752
1298881085 -8.61372 41.1752
1298881086 -8.61373 41.1753
1298881087 -8.61375 41.1753
1298881088 -8.61377 41.1753
1298881089 -8.6138 41.1754
1298881090 -8.61386 41.1754
1298881091 -8.61387 41.1754
1298881092 -8.61388 41.1754
1298881093 -8.61389 41.1755
1298881095 -8.6139 41.1755
1298881096 -8.61391 41.1755
1298881097 -8.61392 41.1755
1298881098 -8.61393 41.1756
1298881099 -8.61395 41.1756
1298881100 -8.61396 41.1756
1298881101 -8.614 41.1757
1298881102 -8.61405 41.1757
1298881103 -8.61412 41.1757
1298881104 -8.61421 41.1757
1298881105 -8.6143 41.1757
1298881106 -8.61442 41.1757
1298881107 -8.61453 41.1757
1298881108 -8.61464 41.1756
1298881109 -8.61476 41.1756
1298881110 -8.61488 41.1756
1298881111 -8.615 41.1756
1298881112 -8.61511 41.1756
1298881113 -8.61523 41.1756
1298881114 -8.61533 41.1756
1298881115 -8.61543 41.1756
1298881116 -8.61552 41.1755
1298881117 -8.6156 41.1755
1298881118 -8.61566 41.1755
1298881119 -8.6157 41.1755
1298881120 -8.61573 41.1755
1298881121 -8.61574 41.1755
1298881127 -8.61575 41.1755
1298881128 -8.61578 41.1755
1298881129 -8.61584 41.1755
1298881130 -8.61591 41.1755
1298881131 -8.61598 41.1755
1298881132 -8.61607 41.1755
1298881133 -8.61616 41.1755
1298881134 -8.61626 41.1755
1298881135 -8.61637 41.1754
1298881136 -8.61648 41.1754
1298881137 -8.61661 41.1754
1298881138 -8.61674 41.1754
1298881139 -8.61687 41.1754
1298881140 -8.61701 41.1754
1298881141 -8.61714 41.1753
1298881142 -8.61728 41.1753
1298881143 -8.61743 41.1753
1298881144 -8.61757 41.1753
1298881145 -8.61772 41.1753
1298881146 -8.61785 41.1753
1298881147 -8.61799 41.1752
1298881148 -8.61811 41.1752
1298881149 -8.61824 41.1752
1298881150 -8.61835 41.1752
1298881151 -8.61844 41.1752
1298881152 -8.61853 41.1752
1298881153 -8.61862 41.1751
1298881154 -8.61871 41.1751
1298881155 -8.6188 41.1751
1298881156 -8.61889 41.1751
1298881157 -8.61897 41.1751
1298881158 -8.61904 41.1751
1298881159 -8.61909 41.1751
1298881160 -8.61914 41.1751
1298881161 -8.61917 41.1751
1298881162 -8.61918 41.1751
1298881163 -8.6192 41.1751
1298881164 -8.61922 41.175
1298881165 -8.61925 41.175
1298881166 -8.61928 41.175
1298881167 -8.61933 41.175
1298881168 -8.61937 41.175
1298881169 -8.61942 41.175
1298881170 -8.61945 41.175
1298881171 -8.6195 41.175
1298881172 -8.61953 41.175
1298881173 -8.61957 41.175
1298881174 -8.6196 41.175
1298881175 -8.61961 41.175
1298881176 -8.61962 41.175
1298881177 -8.61963 41.175
1298881178 -8.61964 41.175
1298881179 -8.61965 41.175
1298881183 -8.61966 41.175
1298881200 -8.61965 41.175
