:break:
1298880025 -8.59968 41.1747
1298880026 -8.5997 41.1747
1298880027 -8.59971 41.1747
1298880028 -8.59972 41.1747
1298880029 -8.59974 41.1747
1298880030 -8.59979 41.1747
1298880031 -8.59984 41.1746
1298880032 -8.5999 41.1746
1298880033 -8.59995 41.1746
1298880034 -8.6 41.1745
1298880035 -8.60007 41.1745
1298880036 -8.60015 41.1744
1298880037 -8.60023 41.1744
1298880038 -8.6003 41.1743
1298880039 -8.60038 41.1743
1298880040 -8.60045 41.1742
1298880041 -8.60055 41.1742
1298880042 -8.60066 41.1741
1298880043 -8.60078 41.174
1298880044 -8.6009 41.1739
1298880045 -8.60103 41.1739
1298880046 -8.60117 41.1739
1298880047 -8.60132 41.1739
1298880048 -8.60146 41.1738
1298880049 -8.60162 41.1738
1298880050 -8.60176 41.1738
1298880051 -8.60191 41.1738
1298880052 -8.60206 41.1738
1298880053 -8.60222 41.1738
1298880054 -8.60236 41.1738
1298880055 -8.6025 41.1738
1298880056 -8.60263 41.1738
1298880057 -8.60277 41.1738
1298880058 -8.60288 41.1738
1298880059 -8.60302 41.1738
1298880060 -8.60314 41.1738
1298880061 -8.60328 41.1738
1298880062 -8.60342 41.1738
1298880063 -8.60355 41.1738
1298880064 -8.60369 41.1738
1298880065 -8.60384 41.1737
1298880066 -8.60397 41.1737
1298880067 -8.6041 41.1737
1298880068 -8.60422 41.1737
1298880069 -8.60435 41.1737
1298880070 -8.60449 41.1737
1298880071 -8.60461 41.1737
1298880072 -8.60474 41.1737
1298880073 -8.60486 41.1737
1298880074 -8.60496 41.1737
1298880075 -8.60507 41.1737
1298880076 -8.60516 41.1737
1298880077 -8.60526 41.1738
1298880078 -8.60535 41.1738
1298880079 -8.60543 41.1738
1298880080 -8.60551 41.1738
1298880081 -8.60557 41.1738
1298880082 -8.6056 41.1738
1298880083 -8.60563 41.1738
1298880084 -8.60565 41.1738
1298880085 -8.60566 41.1738
1298880087 -8.60564 41.1738
1298880097 -8.60562 41.1738
1298880108 -8.60567 41.1738
1298880109 -8.6057 41.1738
1298880110 -8.60574 41.1738
1298880111 -8.60577 41.1738
1298880112 -8.60581 41.1739
1298880113 -8.60583 41.1739
1298880114 -8.60585 41.174
1298880115 -8.60586 41.174
1298880116 -8.60588 41.1741
1298880117 -8.6059 41.1742
1298880118 -8.60594 41.1743
1298880119 -8.60598 41.1743
1298880120 -8.60605 41.1744
1298880121 -8.60612 41.1745
1298880122 -8.60621 41.1745
1298880123 -8.60629 41.1746
1298880124 -8.60636 41.1746
1298880125 -8.60644 41.1747
1298880126 -8.60649 41.1747
1298880127 -8.60656 41.1748
1298880128 -8.60661 41.1748
1298880129 -8.60667 41.1749
1298880130 -8.60675 41.1749
1298880131 -8.60682 41.175
1298880132 -8.6069 41.175
1298880133 -8.60698 41.1751
1298880134 -8.60707 41.1751
1298880135 -8.60717 41.1752
1298880136 -8.60727 41.1752
1298880137 -8.60737 41.1752
1298880138 -8.60747 41.1753
1298880139 -8.60758 41.1753
1298880140 -8.60768 41.1753
1298880141 -8.60777 41.1753
1298880142 -8.60787 41.1753
1298880143 -8.60797 41.1753
1298880144 -8.60807 41.1754
1298880145 -8.60816 41.1754
1298880146 -8.60825 41.1754
1298880147 -8.60836 41.1754
1298880148 -8.60846 41.1754
1298880149 -8.60856 41.1754
1298880150 -8.60864 41.1754
1298880151 -8.60871 41.1754
1298880152 -8.60876 41.1754
1298880153 -8.60881 41.1754
1298880155 -8.60882 41.1754
1298880156 -8.60883 41.1754
1298880157 -8.60884 41.1754
1298880158 -8.60887 41.1754
1298880159 -8.60891 41.1753
1298880160 -8.60896 41.1753
1298880161 -8.609 41.1753
1298880162 -8.60907 41.1752
1298880163 -8.60913 41.1752
1298880164 -8.60918 41.1751
1298880165 -8.60924 41.1751
1298880166 -8.60929 41.1751
1298880167 -8.60936 41.175
1298880168 -8.60943 41.175
1298880169 -8.60949 41.1749
1298880170 -8.60955 41.1748
1298880171 -8.60961 41.1748
1298880172 -8.60967 41.1747
1298880173 -8.60973 41.1746
1298880174 -8.6098 41.1745
1298880175 -8.60988 41.1744
1298880176 -8.60995 41.1744
1298880177 -8.61003 41.1743
1298880178 -8.61009 41.1742
1298880179 -8.61016 41.1741
1298880180 -8.61021 41.174
1298880181 -8.61026 41.1739
1298880182 -8.61028 41.1739
1298880183 -8.6103 41.1738
1298880185 -8.61031 41.1737
1298880186 -8.61033 41.1737
1298880188 -8.61034 41.1737
1298880189 -8.61036 41.1737
1298880190 -8.61039 41.1737
1298880191 -8.61044 41.1737
1298880192 -8.61052 41.1737
1298880193 -8.61061 41.1737
1298880194 -8.61069 41.1737
1298880195 -8.61079 41.1738
1298880196 -8.6109 41.1738
1298880197 -8.61103 41.1738
1298880198 -8.61117 41.1738
1298880199 -8.61132 41.1738
1298880200 -8.61148 41.1738
1298880201 -8.61162 41.1738
1298880202 -8.61177 41.1738
1298880203 -8.61187 41.1738
1298880204 -8.61196 41.1738
1298880205 -8.61205 41.1738
1298880206 -8.61209 41.1738
1298880207 -8.61213 41.1738
1298880208 -8.61214 41.1738
1298880209 -8.61214 41.1737
1298880212 -8.61215 41.1737
1298880215 -8.61216 41.1737
1298880216 -8.61217 41.1738
1298880218 -8.61217 41.1737
1298880281 -8.61213 41.1737
1298880379 -8.61212 41.1737
1298880385 -8.61211 41.1737
1298880386 -8.61211 41.1738
1298880390 -8.6121 41.1738
1298880407 -8.61208 41.1738
1298880444 -8.6121 41.1737
1298880447 -8.61209 41.1737
1298880448 -8.61203 41.1737
1298880449 -8.61196 41.1737
1298880450 -8.61187 41.1737
1298880451 -8.61177 41.1737
1298880452 -8.61166 41.1737
1298880453 -8.61152 41.1737
1298880454 -8.61138 41.1737
1298880455 -8.61123 41.1737
1298880456 -8.61107 41.1737
1298880457 -8.61094 41.1737
1298880458 -8.61081 41.1737
1298880459 -8.6107 41.1737
1298880460 -8.6106 41.1737
1298880461 -8.61051 41.1737
1298880463 -8.61041 41.1737
1298880464 -8.61038 41.1736
1298880465 -8.61036 41.1736
1298880466 -8.61035 41.1736
1298880467 -8.61034 41.1736
1298880468 -8.61035 41.1735
1298880469 -8.61037 41.1734
1298880470 -8.61036 41.1734
1298880471 -8.61036 41.1733
1298880472 -8.61037 41.1732
1298880473 -8.61036 41.1731
1298880474 -8.61037 41.173
1298880475 -8.61037 41.1729
1298880477 -8.61038 41.1728
1298880478 -8.61043 41.1728
1298880479 -8.6105 41.1728
1298880480 -8.6106 41.1727
1298880481 -8.61069 41.1727
1298880482 -8.61077 41.1727
1298880483 -8.61084 41.1727
1298880484 -8.6109 41.1727
1298880485 -8.61096 41.1727
1298880486 -8.61101 41.1727
1298880487 -8.61107 41.1727
1298880488 -8.61114 41.1727
1298880489 -8.6112 41.1727
1298880490 -8.61126 41.1727
1298880491 -8.61131 41.1727
1298880492 -8.61135 41.1727
1298880493 -8.6114 41.1727
1298880494 -8.61144 41.1727
1298880495 -8.61149 41.1727
1298880496 -8.61154 41.1727
1298880497 -8.6116 41.1727
1298880498 -8.61167 41.1728
1298880499 -8.61173 41.1728
1298880500 -8.61178 41.1728
1298880501 -8.61185 41.1728
1298880502 -8.61189 41.1728
1298880503 -8.61193 41.1728
1298880504 -8.61196 41.1728
1298880505 -8.61197 41.1728
1298880506 -8.61199 41.1728
1298880507 -8.61202 41.1728
1298880508 -8.61205 41.1728
1298880509 -8.61214 41.1728
1298880510 -8.61221 41.1727
1298880511 -8.61228 41.1727
1298880512 -8.61236 41.1727
1298880513 -8.61242 41.1728
1298880514 -8.61247 41.1728
1298880515 -8.6125 41.1728
1298880516 -8.61251 41.1727
1298880518 -8.61251 41.1726
1298880520 -8.6125 41.1725
1298880521 -8.61251 41.1725
1298880522 -8.61252 41.1725
1298880523 -8.61253 41.1724
1298880524 -8.61254 41.1724
1298880525 -8.61255 41.1724
1298880526 -8.61257 41.1724
1298880527 -8.61258 41.1724
1298880528 -8.61259 41.1724
1298880529 -8.6126 41.1724
1298880531 -8.61261 41.1724
1298880532 -8.61262 41.1724
1298880534 -8.61263 41.1724
1298880536 -8.61265 41.1724
1298880537 -8.61266 41.1724
1298880539 -8.61267 41.1724
1298880540 -8.61268 41.1724
1298880541 -8.6127 41.1724
1298880542 -8.6127 41.1723
1298880543 -8.61271 41.1723
1298880545 -8.61269 41.1722
1298880547 -8.6127 41.1721
1298880549 -8.6127 41.172
1298880550 -8.61271 41.172
1298880551 -8.61271 41.1719
1298880552 -8.61273 41.1719
1298880553 -8.61278 41.1719
1298880554 -8.61285 41.1719
1298880555 -8.61295 41.1719
1298880556 -8.61306 41.1719
1298880557 -8.61319 41.1719
1298880558 -8.61332 41.1719
1298880559 -8.61347 41.1719
1298880560 -8.61362 41.1719
1298880561 -8.61378 41.1719
1298880562 -8.61396 41.1719
1298880563 -8.61415 41.1719
1298880564 -8.61435 41.1719
1298880565 -8.61453 41.1719
1298880566 -8.61471 41.1719
1298880567 -8.61489 41.1719
1298880568 -8.61506 41.1719
1298880569 -8.61523 41.1719
1298880570 -8.6154 41.1719
1298880571 -8.61557 41.1719
1298880572 -8.61574 41.1719
1298880573 -8.6159 41.1719
1298880574 -8.61605 41.1719
1298880575 -8.6162 41.1719
1298880576 -8.61635 41.1719
1298880577 -8.61649 41.1719
1298880578 -8.61665 41.1719
1298880579 -8.61681 41.1719
1298880580 -8.61698 41.1719
1298880581 -8.61715 41.1719
1298880582 -8.61731 41.1719
1298880583 -8.61746 41.1719
1298880584 -8.61762 41.1718
1298880585 -8.61777 41.1718
1298880586 -8.61791 41.1718
1298880587 -8.61805 41.1718
1298880588 -8.61821 41.1718
1298880589 -8.61837 41.1717
1298880590 -8.61853 41.1717
1298880591 -8.61867 41.1717
1298880592 -8.61881 41.1717
1298880593 -8.61893 41.1716
1298880594 -8.61905 41.1716
1298880595 -8.61917 41.1715
1298880596 -8.61926 41.1714
1298880597 -8.61935 41.1713
1298880598 -8.61944 41.1713
1298880599 -8.61953 41.1712
1298880600 -8.61962 41.1711
1298880601 -8.6197 41.1711
1298880602 -8.6198 41.171
1298880603 -8.6199 41.1709
1298880604 -8.62 41.1709
1298880605 -8.6201 41.1708
1298880606 -8.6202 41.1708
1298880607 -8.62031 41.1707
1298880608 -8.62043 41.1707
1298880609 -8.62054 41.1706
1298880610 -8.62066 41.1705
1298880611 -8.62078 41.1704
1298880612 -8.62092 41.1703
1298880613 -8.62106 41.1703
1298880614 -8.62116 41.1702
1298880615 -8.62127 41.1701
1298880616 -8.62137 41.1701
1298880617 -8.62146 41.17
1298880618 -8.62155 41.1699
1298880619 -8.62162 41.1699
1298880620 -8.62168 41.1698
1298880621 -8.6217 41.1697
1298880622 -8.62173 41.1696
1298880623 -8.62175 41.1696
1298880624 -8.62175 41.1695
1298880625 -8.62177 41.1695
1298880627 -8.62179 41.1695
1298880628 -8.6218 41.1695
1298880631 -8.62181 41.1695
1298880632 -8.6218 41.1694
1298880634 -8.62179 41.1694
1298880635 -8.62178 41.1694
1298880636 -8.6218 41.1693
1298880637 -8.62182 41.1693
1298880638 -8.62183 41.1692
1298880639 -8.62184 41.1691
1298880640 -8.62188 41.1691
1298880641 -8.62192 41.169
1298880642 -8.62197 41.1689
1298880643 -8.62202 41.1689
1298880644 -8.62208 41.1688
1298880645 -8.62213 41.1687
1298880646 -8.62215 41.1686
1298880647 -8.62219 41.1685
1298880648 -8.62222 41.1684
1298880649 -8.62222 41.1683
1298880651 -8.62221 41.1682
1298880652 -8.6222 41.1681
1298880653 -8.62221 41.168
1298880654 -8.62223 41.168
1298880655 -8.62226 41.1679
1298880656 -8.62231 41.1679
1298880657 -8.62238 41.1679
1298880658 -8.62245 41.1679
1298880659 -8.62254 41.1678
1298880660 -8.62263 41.1678
1298880661 -8.6227 41.1678
1298880662 -8.62277 41.1678
1298880663 -8.62282 41.1678
1298880664 -8.62286 41.1678
1298880665 -8.6229 41.1678
1298880666 -8.62295 41.1677
1298880667 -8.62299 41.1677
1298880669 -8.62301 41.1677
1298880670 -8.62303 41.1676
1298880671 -8.62304 41.1676
1298880672 -8.62306 41.1676
1298880673 -8.62311 41.1676
1298880674 -8.62317 41.1676
1298880675 -8.62322 41.1675
1298880676 -8.62329 41.1675
1298880677 -8.6234 41.1675
1298880678 -8.62348 41.1675
1298880679 -8.62356 41.1674
1298880680 -8.62367 41.1674
1298880681 -8.62375 41.1674
1298880682 -8.62381 41.1674
1298880683 -8.62387 41.1674
1298880684 -8.62391 41.1674
1298880685 -8.62394 41.1673
1298880686 -8.62396 41.1673
1298880687 -8.62398 41.1673
1298880688 -8.62399 41.1673
1298880697 -8.62397 41.1673
1298880737 -8.624 41.1673
1298880738 -8.62401 41.1673
1298880741 -8.62402 41.1673
1298880746 -8.62403 41.1673
1298880749 -8.62404 41.1673
1298880751 -8.62405 41.1673
1298880753 -8.62407 41.1673
1298880754 -8.6241 41.1673
1298880755 -8.62413 41.1673
1298880756 -8.62417 41.1673
1298880757 -8.6242 41.1673
1298880758 -8.62426 41.1673
1298880759 -8.62432 41.1673
1298880760 -8.62439 41.1673
1298880761 -8.62446 41.1673
1298880762 -8.62456 41.1673
1298880763 -8.62465 41.1672
1298880764 -8.62475 41.1672
1298880765 -8.62486 41.1672
1298880766 -8.62497 41.1671
1298880767 -8.62509 41.1671
1298880768 -8.62521 41.1671
1298880769 -8.62533 41.167
1298880770 -8.62547 41.167
1298880771 -8.62558 41.1669
1298880772 -8.62572 41.1669
1298880773 -8.62588 41.1669
1298880774 -8.62603 41.1669
1298880775 -8.62616 41.1669
1298880776 -8.62627 41.1669
1298880777 -8.62635 41.1669
1298880778 -8.62636 41.1668
1298880779 -8.62637 41.1668
1298880780 -8.6264 41.1667
1298880781 -8.62649 41.1667
1298880782 -8.62661 41.1666
1298880783 -8.62673 41.1666
1298880784 -8.62688 41.1666
1298880785 -8.62702 41.1665
1298880786 -8.62717 41.1665
1298880787 -8.62729 41.1664
1298880788 -8.62741 41.1664
1298880789 -8.6275 41.1664
1298880790 -8.62754 41.1663
1298880792 -8.62753 41.1662
1298880793 -8.6275 41.1662
1298880794 -8.62745 41.1661
1298880795 -8.62742 41.166
1298880796 -8.62739 41.1659
1298880797 -8.6274 41.1658
1298880798 -8.6274 41.1657
1298880800 -8.62744 41.1656
1298880801 -8.62748 41.1655
1298880802 -8.62753 41.1653
1298880803 -8.62757 41.1652
1298880804 -8.62761 41.1652
1298880805 -8.62763 41.1651
1298880806 -8.62765 41.165
1298880807 -8.62767 41.165
1298880808 -8.62768 41.1649
1298880809 -8.62769 41.1649
1298880810 -8.6277 41.1649
1298880811 -8.62771 41.1649
1298880812 -8.62772 41.1649
1298880814 -8.62774 41.1649
1298880815 -8.62778 41.1649
1298880816 -8.62781 41.1649
1298880817 -8.62788 41.1649
1298880818 -8.62793 41.1649
1298880819 -8.62799 41.1649
1298880820 -8.62805 41.1649
1298880821 -8.62811 41.1649
1298880822 -8.62818 41.1649
1298880823 -8.62825 41.1649
1298880824 -8.62832 41.1649
1298880825 -8.62839 41.1649
1298880826 -8.62845 41.165
1298880827 -8.62852 41.165
1298880828 -8.62858 41.165
1298880829 -8.62864 41.165
1298880830 -8.62871 41.165
1298880831 -8.62876 41.165
1298880832 -8.6288 41.165
1298880833 -8.62886 41.165
1298880834 -8.62891 41.165
1298880835 -8.62896 41.165
1298880836 -8.629 41.165
1298880837 -8.62906 41.165
1298880838 -8.62913 41.165
1298880839 -8.62922 41.165
1298880840 -8.62934 41.165
1298880841 -8.62945 41.165
1298880842 -8.62955 41.165
1298880843 -8.62963 41.1649
1298880844 -8.62968 41.1649
1298880845 -8.62969 41.1648
1298880846 -8.62969 41.1647
1298880847 -8.6297 41.1647
1298880848 -8.6297 41.1646
1298880849 -8.62972 41.1645
1298880850 -8.62976 41.1645
1298880851 -8.62985 41.1645
1298880852 -8.62995 41.1645
1298880853 -8.63006 41.1645
1298880854 -8.63018 41.1645
1298880855 -8.63033 41.1645
1298880856 -8.63044 41.1645
1298880857 -8.63055 41.1645
1298880858 -8.63066 41.1645
1298880859 -8.63079 41.1645
1298880860 -8.63091 41.1645
1298880861 -8.63102 41.1644
1298880862 -8.63114 41.1643
1298880863 -8.63124 41.1643
1298880864 -8.63135 41.1642
1298880865 -8.63146 41.1642
1298880866 -8.63154 41.1641
1298880867 -8.63161 41.164
1298880868 -8.63167 41.1639
1298880869 -8.63176 41.1638
1298880870 -8.63182 41.1637
1298880871 -8.63187 41.1636
1298880872 -8.63191 41.1635
1298880873 -8.63192 41.1635
1298880874 -8.63192 41.1634
1298880875 -8.6319 41.1633
1298880876 -8.63186 41.1632
1298880877 -8.63181 41.1631
1298880878 -8.63172 41.163
1298880879 -8.63167 41.163
1298880880 -8.63161 41.163
1298880881 -8.63158 41.1629
1298880882 -8.63154 41.1629
1298880883 -8.6315 41.1629
1298880884 -8.63148 41.1629
1298880885 -8.63146 41.1629
1298880886 -8.63144 41.1629
1298880887 -8.63141 41.1629
1298880888 -8.6314 41.1629
1298880889 -8.63136 41.1628
1298880890 -8.63131 41.1628
1298880891 -8.63125 41.1628
1298880892 -8.63121 41.1628
1298880893 -8.63117 41.1628
1298880894 -8.63111 41.1627
1298880895 -8.63101 41.1626
1298880896 -8.63088 41.1625
1298880897 -8.63077 41.1625
1298880898 -8.63068 41.1624
1298880899 -8.63058 41.1623
1298880900 -8.63048 41.1622
1298880901 -8.63039 41.1622
1298880902 -8.6303 41.1621
1298880903 -8.63023 41.162
1298880904 -8.63016 41.1619
1298880905 -8.63012 41.1618
1298880906 -8.63008 41.1618
1298880907 -8.63006 41.1617
1298880908 -8.63004 41.1617
1298880909 -8.63003 41.1617
1298880910 -8.63003 41.1616
1298880912 -8.63 41.1616
1298880913 -8.62997 41.1615
1298880914 -8.62992 41.1614
1298880915 -8.62986 41.1614
1298880916 -8.62978 41.1613
1298880917 -8.62969 41.1612
1298880918 -8.62962 41.1611
1298880919 -8.62955 41.1611
1298880920 -8.6295 41.161
1298880921 -8.62945 41.161
1298880922 -8.62942 41.1609
1298880923 -8.62939 41.1609
1298880924 -8.62936 41.1609
1298880925 -8.62934 41.1609
1298880926 -8.62933 41.1609
1298880927 -8.62932 41.1609
1298880934 -8.62935 41.1609
1298880938 -8.62937 41.1609
1298880940 -8.62938 41.1609
1298880948 -8.6294 41.1609
1298880951 -8.62941 41.1609
1298880957 -8.62927 41.1609
1298880958 -8.62922 41.1609
1298880959 -8.62916 41.1608
1298880960 -8.62911 41.1608
1298880961 -8.62904 41.1608
1298880962 -8.62895 41.1608
1298880963 -8.62885 41.1608
1298880964 -8.62878 41.1608
1298880965 -8.6287 41.1608
1298880966 -8.62861 41.1608
1298880967 -8.62853 41.1608
1298880968 -8.62849 41.1607
1298880969 -8.62844 41.1607
1298880970 -8.62842 41.1607
1298880972 -8.62843 41.1606
1298880973 -8.62844 41.1605
1298880974 -8.62846 41.1605
1298880975 -8.62847 41.1604
1298880976 -8.62849 41.1604
1298880977 -8.6285 41.1603
1298880978 -8.62852 41.1603
1298880979 -8.62853 41.1602
1298880980 -8.62856 41.1602
1298880981 -8.62857 41.1601
1298880982 -8.62859 41.1601
1298880983 -8.6286 41.1601
1298880984 -8.62861 41.16
1298880989 -8.62862 41.1599
1298880990 -8.62864 41.1599
1298880991 -8.62865 41.1599
1298880992 -8.62867 41.1598
1298880993 -8.62868 41.1598
1298880994 -8.62869 41.1597
1298880995 -8.6287 41.1597
1298880996 -8.62871 41.1597
1298880999 -8.62872 41.1596
1298881000 -8.62873 41.1596
1298881002 -8.62874 41.1596
1298881043 -8.62875 41.1596
1298881044 -8.62876 41.1595
1298881045 -8.62878 41.1595
1298881046 -8.62879 41.1594
1298881047 -8.6288 41.1594
1298881048 -8.62881 41.1593
1298881049 -8.62883 41.1593
1298881050 -8.62885 41.1592
1298881051 -8.62888 41.1592
1298881052 -8.62889 41.1591
1298881054 -8.62893 41.159
1298881055 -8.629 41.159
1298881056 -8.62911 41.1589
1298881057 -8.62924 41.1589
1298881058 -8.62937 41.1589
1298881059 -8.62951 41.1588
1298881060 -8.62963 41.1588
1298881061 -8.62975 41.1587
1298881062 -8.62986 41.1586
1298881063 -8.62994 41.1585
1298881064 -8.63003 41.1585
1298881065 -8.63009 41.1584
1298881066 -8.63015 41.1583
1298881067 -8.63019 41.1581
1298881068 -8.6302 41.158
1298881069 -8.6302 41.1579
1298881070 -8.6302 41.1578
1298881071 -8.63018 41.1577
1298881072 -8.63016 41.1577
1298881073 -8.63015 41.1577
1298881074 -8.63014 41.1576
1298881075 -8.63012 41.1576
1298881076 -8.6301 41.1575
1298881077 -8.63006 41.1575
1298881078 -8.63001 41.1574
1298881079 -8.62997 41.1574
1298881080 -8.62994 41.1573
1298881081 -8.6299 41.1573
1298881082 -8.62988 41.1573
1298881083 -8.62986 41.1572
1298881084 -8.62985 41.1572
1298881085 -8.62983 41.1572
1298881086 -8.62981 41.1572
1298881087 -8.62979 41.1572
1298881088 -8.62978 41.1572
1298881089 -8.62976 41.1572
1298881090 -8.62972 41.1571
1298881091 -8.62966 41.1571
1298881092 -8.6296 41.1571
1298881093 -8.62955 41.1571
1298881094 -8.62949 41.157
1298881095 -8.62947 41.157
1298881096 -8.62947 41.1569
1298881097 -8.62948 41.1568
1298881098 -8.62948 41.1567
1298881099 -8.62946 41.1567
1298881100 -8.62947 41.1566
1298881101 -8.62949 41.1565
1298881102 -8.62951 41.1564
1298881103 -8.62954 41.1563
1298881104 -8.62953 41.1563
1298881105 -8.62951 41.1562
1298881107 -8.62954 41.156
1298881108 -8.62959 41.156
1298881109 -8.62965 41.1559
1298881110 -8.6297 41.1558
1298881111 -8.62977 41.1557
1298881112 -8.62985 41.1555
1298881113 -8.62993 41.1554
1298881114 -8.63002 41.1553
1298881115 -8.63013 41.1552
1298881116 -8.63019 41.1552
1298881117 -8.63024 41.1551
1298881118 -8.63027 41.1551
1298881119 -8.63031 41.1551
1298881120 -8.63032 41.1551
1298881121 -8.63033 41.155
1298881122 -8.63035 41.155
1298881123 -8.63037 41.155
1298881124 -8.63041 41.155
1298881125 -8.63043 41.155
1298881126 -8.63047 41.1549
1298881127 -8.63049 41.1549
1298881128 -8.63049 41.1548
1298881129 -8.63049 41.1547
1298881130 -8.63048 41.1546
1298881131 -8.63047 41.1545
1298881132 -8.63046 41.1545
1298881133 -8.63048 41.1544
1298881134 -8.6305 41.1542
1298881135 -8.63052 41.1541
1298881136 -8.63053 41.154
1298881137 -8.63054 41.1539
1298881138 -8.63056 41.1538
1298881139 -8.63057 41.1537
1298881140 -8.63057 41.1536
1298881141 -8.63057 41.1535
1298881142 -8.63057 41.1534
1298881143 -8.63058 41.1534
1298881144 -8.6306 41.1533
1298881145 -8.63061 41.1532
1298881146 -8.63063 41.1532
1298881147 -8.6306 41.1532
1298881149 -8.63062 41.1532
1298881152 -8.63064 41.1532
1298881153 -8.63065 41.1532
1298881154 -8.63066 41.1531
1298881157 -8.63067 41.1531
1298881164 -8.63068 41.1531
1298881172 -8.63069 41.1531
1298881174 -8.6307 41.1531
1298881176 -8.63071 41.1531
1298881178 -8.63072 41.1531
1298881179 -8.63073 41.1531
1298881200 -8.63067 41.1531
