:break:
1298880137 -8.61568 41.1406
1298880143 -8.61567 41.1406
1298880147 -8.61566 41.1406
1298880156 -8.61565 41.1406
1298880157 -8.61564 41.1406
1298880158 -8.61563 41.1406
1298880162 -8.61562 41.1406
1298880164 -8.61561 41.1406
1298880166 -8.6156 41.1406
1298880168 -8.61559 41.1406
1298880169 -8.61558 41.1406
1298880170 -8.61557 41.1406
1298880174 -8.61556 41.1406
1298880175 -8.61555 41.1406
1298880176 -8.61554 41.1406
1298880178 -8.61553 41.1406
1298880213 -8.61569 41.1406
1298880238 -8.6157 41.1406
:break:
1298880249 -8.61575 41.1406
1298880250 -8.61574 41.1406
1298880251 -8.61572 41.1406
1298880252 -8.6157 41.1406
1298880253 -8.61568 41.1406
1298880254 -8.61566 41.1406
1298880255 -8.61565 41.1406
1298880256 -8.61564 41.1406
1298880257 -8.61563 41.1406
1298880258 -8.61562 41.1406
1298880262 -8.61561 41.1406
1298880263 -8.6156 41.1406
1298880265 -8.61559 41.1406
:break:
1298880301 -8.61578 41.1406
1298880302 -8.61579 41.1406
1298880304 -8.61577 41.1406
1298880306 -8.61576 41.1406
1298880307 -8.61575 41.1406
1298880309 -8.61574 41.1406
1298880311 -8.61572 41.1406
1298880312 -8.61571 41.1406
1298880315 -8.6157 41.1406
1298880321 -8.61573 41.1406
1298880332 -8.6158 41.1406
1298880333 -8.61581 41.1406
1298880334 -8.61582 41.1406
1298880335 -8.61583 41.1406
1298880340 -8.61582 41.1405
1298880357 -8.61568 41.1406
1298880360 -8.61567 41.1406
1298880361 -8.61566 41.1406
1298880364 -8.61565 41.1406
1298880366 -8.61563 41.1406
1298880367 -8.61562 41.1406
1298880368 -8.61561 41.1406
1298880369 -8.6156 41.1406
1298880372 -8.61558 41.1406
1298880376 -8.61559 41.1406
1298880385 -8.61557 41.1406
1298880387 -8.61556 41.1406
:break:
1298880419 -8.61568 41.1406
1298880420 -8.61569 41.1406
1298880421 -8.6157 41.1406
1298880422 -8.61572 41.1406
1298880423 -8.61571 41.1406
1298880430 -8.61575 41.1406
1298880431 -8.61576 41.1406
1298880437 -8.61577 41.1406
1298880438 -8.61581 41.1405
1298880439 -8.61583 41.1405
1298880440 -8.61584 41.1405
:break:
1298880447 -8.61582 41.1405
1298880448 -8.61583 41.1405
1298880453 -8.61584 41.1405
1298880463 -8.61581 41.1405
1298880465 -8.6158 41.1405
1298880466 -8.61579 41.1405
1298880467 -8.61578 41.1405
1298880470 -8.61576 41.1405
1298880473 -8.61575 41.1405
1298880476 -8.61577 41.1405
1298880506 -8.61578 41.1406
1298880509 -8.61577 41.1406
1298880515 -8.61579 41.1406
1298880527 -8.61576 41.1406
1298880529 -8.61575 41.1406
1298880531 -8.61574 41.1406
1298880532 -8.61572 41.1406
1298880533 -8.61571 41.1406
1298880534 -8.6157 41.1406
1298880536 -8.61569 41.1406
1298880546 -8.61573 41.1406
1298880556 -8.6158 41.1406
1298880557 -8.61581 41.1406
1298880558 -8.61582 41.1406
:break:
1298880624 -8.61575 41.1405
:break:
1298880632 -8.61584 41.1405
1298880633 -8.61585 41.1405
1298880641 -8.61583 41.1405
1298880642 -8.61582 41.1405
1298880646 -8.61576 41.1405
1298880647 -8.61575 41.1406
1298880648 -8.61574 41.1406
1298880649 -8.61572 41.1406
1298880650 -8.61571 41.1406
1298880651 -8.6157 41.1406
1298880652 -8.61569 41.1406
1298880653 -8.61568 41.1406
1298880654 -8.61567 41.1406
1298880690 -8.61566 41.1406
1298880694 -8.61565 41.1406
1298880696 -8.61564 41.1406
1298880702 -8.61563 41.1406
1298880713 -8.61562 41.1406
1298880714 -8.61561 41.1406
1298880715 -8.6156 41.1406
1298880765 -8.61559 41.1406
1298880766 -8.61557 41.1406
1298880767 -8.61555 41.1406
1298880768 -8.61553 41.1406
1298880769 -8.61551 41.1406
1298880770 -8.61552 41.1406
1298880773 -8.61551 41.1407
1298880776 -8.6155 41.1407
1298880777 -8.61549 41.1407
1298880778 -8.61548 41.1407
1298880779 -8.61547 41.1407
1298880780 -8.61546 41.1407
1298880819 -8.61552 41.1408
1298880823 -8.61551 41.1408
1298880841 -8.61552 41.1407
1298880843 -8.61553 41.1408
1298880846 -8.61554 41.1408
1298880849 -8.61555 41.1408
1298880862 -8.61556 41.1408
1298880864 -8.61557 41.1408
1298880872 -8.61554 41.1407
1298880873 -8.61553 41.1407
1298880902 -8.6155 41.1408
1298881055 -8.61545 41.1407
1298881092 -8.61547 41.1408
1298881094 -8.61548 41.1408
1298881098 -8.61549 41.1408
1298881200 -8.61552 41.1407
