:break:
1298880363 -8.58293 41.1821
1298880364 -8.58294 41.1821
1298880371 -8.58295 41.1821
1298880373 -8.58296 41.1821
1298880374 -8.58297 41.1821
1298880376 -8.58298 41.1822
1298880378 -8.58299 41.1822
1298880379 -8.58299 41.1821
1298880380 -8.583 41.1821
1298880381 -8.58302 41.1821
1298880382 -8.58305 41.1821
1298880383 -8.58309 41.1821
1298880384 -8.58314 41.182
1298880385 -8.58316 41.182
1298880386 -8.58318 41.1819
1298880387 -8.58323 41.1819
1298880388 -8.5833 41.1818
1298880389 -8.58338 41.1818
1298880390 -8.5834 41.1818
1298880391 -8.58344 41.1818
1298880392 -8.5835 41.1818
1298880393 -8.58353 41.1818
1298880394 -8.58356 41.1817
1298880395 -8.58351 41.1816
1298880396 -8.58345 41.1815
1298880397 -8.58352 41.1815
1298880398 -8.58353 41.1814
1298880399 -8.5835 41.1813
1298880400 -8.58349 41.1812
1298880401 -8.58352 41.1811
1298880402 -8.58353 41.181
1298880403 -8.58356 41.1809
1298880404 -8.58355 41.1808
1298880405 -8.58356 41.1807
1298880406 -8.58361 41.1807
1298880407 -8.58367 41.1806
1298880408 -8.58371 41.1805
1298880409 -8.58375 41.1804
1298880410 -8.58379 41.1804
1298880411 -8.58382 41.1803
1298880412 -8.58384 41.1802
1298880413 -8.58382 41.1802
1298880414 -8.58387 41.1801
1298880415 -8.58398 41.1801
1298880416 -8.58406 41.18
1298880418 -8.58406 41.1799
1298880419 -8.58414 41.1799
1298880420 -8.58418 41.1798
1298880421 -8.58426 41.1798
1298880422 -8.58435 41.1797
1298880423 -8.58435 41.1796
1298880424 -8.58432 41.1794
1298880425 -8.58431 41.1792
1298880426 -8.58419 41.1789
1298880427 -8.58413 41.1787
1298880428 -8.5842 41.1786
1298880429 -8.58426 41.1785
1298880430 -8.58433 41.1784
1298880431 -8.58442 41.1783
1298880432 -8.5845 41.1782
1298880433 -8.58458 41.1781
1298880434 -8.58467 41.178
1298880435 -8.58478 41.1779
1298880436 -8.58488 41.1778
1298880437 -8.58494 41.1777
1298880438 -8.58499 41.1776
1298880439 -8.58506 41.1776
1298880440 -8.58511 41.1775
1298880441 -8.58515 41.1774
1298880442 -8.58521 41.1773
1298880443 -8.58526 41.1772
1298880444 -8.58533 41.1772
1298880445 -8.58538 41.1771
1298880446 -8.58543 41.177
1298880447 -8.58549 41.1769
1298880448 -8.58552 41.1768
1298880449 -8.58558 41.1767
1298880450 -8.5856 41.1766
1298880451 -8.58563 41.1765
1298880452 -8.58568 41.1764
1298880453 -8.58574 41.1763
1298880454 -8.58578 41.1763
1298880455 -8.58583 41.1762
1298880456 -8.58587 41.1761
1298880457 -8.58592 41.1761
1298880458 -8.58596 41.176
1298880459 -8.586 41.1759
1298880460 -8.58604 41.1759
1298880461 -8.58608 41.1759
1298880462 -8.58612 41.1759
1298880463 -8.58617 41.1759
1298880464 -8.58625 41.1759
1298880465 -8.58633 41.1759
1298880466 -8.58643 41.176
1298880467 -8.58653 41.176
1298880468 -8.58663 41.176
1298880469 -8.58672 41.1761
1298880470 -8.58684 41.1761
1298880471 -8.58695 41.1761
1298880472 -8.58705 41.1761
1298880473 -8.58713 41.1761
1298880474 -8.5872 41.1762
1298880475 -8.58724 41.1762
1298880476 -8.58728 41.1762
1298880477 -8.58731 41.1762
1298880489 -8.58731 41.1761
1298880499 -8.58732 41.1761
1298880501 -8.58733 41.1761
1298880504 -8.58734 41.1761
1298880507 -8.58735 41.1761
1298880508 -8.58736 41.1761
1298880510 -8.58737 41.1761
1298880513 -8.58738 41.1761
1298880527 -8.5874 41.1761
1298880528 -8.58742 41.1762
1298880529 -8.58747 41.1762
1298880530 -8.58752 41.1762
1298880531 -8.58758 41.1762
1298880532 -8.58764 41.1762
1298880533 -8.58769 41.1762
1298880534 -8.58775 41.1763
1298880535 -8.5878 41.1763
1298880536 -8.58785 41.1763
1298880537 -8.5879 41.1762
1298880538 -8.58793 41.1762
1298880539 -8.58797 41.1761
1298880540 -8.58801 41.176
1298880541 -8.58804 41.176
1298880542 -8.58808 41.1759
1298880543 -8.58812 41.1758
1298880544 -8.58814 41.1757
1298880545 -8.58818 41.1757
1298880546 -8.58821 41.1756
1298880547 -8.58826 41.1755
1298880548 -8.5883 41.1754
1298880549 -8.58833 41.1753
1298880550 -8.58837 41.1753
1298880551 -8.58841 41.1752
1298880552 -8.58845 41.1751
1298880553 -8.58848 41.175
1298880554 -8.58852 41.175
1298880555 -8.58855 41.1749
1298880556 -8.58857 41.1748
1298880557 -8.58861 41.1748
1298880558 -8.58866 41.1748
1298880559 -8.58873 41.1748
1298880560 -8.58881 41.1748
1298880561 -8.5889 41.1748
1298880562 -8.58898 41.1748
1298880563 -8.58905 41.1748
1298880564 -8.5891 41.1749
1298880565 -8.58914 41.1749
1298880566 -8.58919 41.175
1298880567 -8.58923 41.1751
1298880568 -8.5893 41.1752
1298880569 -8.58939 41.1752
1298880570 -8.58947 41.1752
1298880571 -8.58956 41.1753
1298880572 -8.58963 41.1753
1298880573 -8.58967 41.1753
1298880574 -8.58971 41.1753
1298880575 -8.58974 41.1754
1298880580 -8.58973 41.1754
1298880586 -8.58975 41.1754
1298880587 -8.5898 41.1754
1298880588 -8.58986 41.1754
1298880589 -8.58993 41.1754
1298880590 -8.59 41.1754
1298880591 -8.59009 41.1754
1298880592 -8.59017 41.1754
1298880593 -8.59024 41.1754
1298880594 -8.5903 41.1754
1298880595 -8.59036 41.1754
1298880596 -8.5904 41.1754
1298880597 -8.59042 41.1754
1298880598 -8.59042 41.1753
1298880599 -8.59039 41.1753
1298880600 -8.59035 41.1753
1298880601 -8.59028 41.1752
1298880602 -8.59021 41.1752
1298880603 -8.59013 41.1751
1298880604 -8.59006 41.1751
1298880605 -8.58997 41.1751
1298880606 -8.58989 41.175
1298880607 -8.5898 41.175
1298880608 -8.58971 41.175
1298880609 -8.58962 41.175
1298880610 -8.58953 41.175
1298880611 -8.58944 41.1749
1298880612 -8.58934 41.1749
1298880613 -8.58925 41.1749
1298880614 -8.58916 41.1749
1298880615 -8.58907 41.1749
1298880617 -8.58889 41.1748
1298880618 -8.58881 41.1747
1298880619 -8.58871 41.1747
1298880620 -8.58861 41.1747
1298880621 -8.5885 41.1747
1298880622 -8.58839 41.1746
1298880623 -8.58829 41.1746
1298880624 -8.58819 41.1746
1298880625 -8.58808 41.1746
1298880626 -8.58797 41.1745
1298880627 -8.58785 41.1745
1298880628 -8.58775 41.1745
1298880629 -8.58763 41.1745
1298880630 -8.58752 41.1744
1298880631 -8.58741 41.1744
1298880632 -8.58731 41.1744
1298880633 -8.58721 41.1744
1298880634 -8.58711 41.1743
1298880635 -8.58701 41.1743
1298880636 -8.58693 41.1743
1298880637 -8.58685 41.1743
1298880638 -8.58678 41.1743
1298880639 -8.58673 41.1742
1298880640 -8.58669 41.1742
1298880641 -8.58667 41.1742
1298880642 -8.58666 41.1742
1298880645 -8.58667 41.1741
1298880646 -8.5867 41.1741
1298880647 -8.58673 41.174
1298880648 -8.58676 41.1739
1298880649 -8.58679 41.1739
1298880650 -8.58684 41.1738
1298880651 -8.58688 41.1737
1298880652 -8.58693 41.1737
1298880653 -8.58696 41.1736
1298880654 -8.58701 41.1735
1298880655 -8.58706 41.1734
1298880656 -8.58711 41.1733
1298880657 -8.58715 41.1732
1298880658 -8.58721 41.1731
1298880659 -8.58725 41.173
1298880660 -8.58729 41.1729
1298880661 -8.58734 41.1728
1298880662 -8.58739 41.1728
1298880663 -8.58743 41.1727
1298880664 -8.58749 41.1726
1298880665 -8.58756 41.1725
1298880666 -8.58761 41.1724
1298880667 -8.58766 41.1723
1298880668 -8.5877 41.1722
1298880669 -8.58775 41.1722
1298880670 -8.5878 41.1721
1298880671 -8.58784 41.172
1298880672 -8.5879 41.1719
1298880673 -8.58795 41.1719
1298880674 -8.58801 41.1718
1298880675 -8.58805 41.1717
1298880676 -8.58811 41.1716
1298880677 -8.58815 41.1716
1298880678 -8.5882 41.1715
1298880679 -8.58825 41.1714
1298880680 -8.5883 41.1714
1298880681 -8.58834 41.1713
1298880682 -8.58838 41.1712
1298880683 -8.58843 41.1711
1298880684 -8.58849 41.171
1298880685 -8.58856 41.171
1298880686 -8.58861 41.1709
1298880687 -8.58866 41.1708
1298880688 -8.58871 41.1707
1298880689 -8.58876 41.1706
1298880690 -8.58882 41.1705
1298880691 -8.58888 41.1704
1298880692 -8.58892 41.1703
1298880693 -8.58898 41.1703
1298880694 -8.58903 41.1702
1298880695 -8.58909 41.1701
1298880696 -8.58913 41.1701
1298880697 -8.58919 41.17
1298880698 -8.58922 41.1699
1298880699 -8.58926 41.1699
1298880700 -8.58928 41.1698
1298880701 -8.58929 41.1698
1298880702 -8.58929 41.1697
1298880703 -8.5893 41.1697
1298880704 -8.58931 41.1697
1298880705 -8.58932 41.1696
1298880706 -8.58933 41.1696
1298880707 -8.58935 41.1696
1298880708 -8.58936 41.1696
1298880709 -8.58938 41.1696
1298880710 -8.5894 41.1696
1298880711 -8.58941 41.1696
1298880712 -8.58942 41.1696
1298880720 -8.58939 41.1696
1298880727 -8.58931 41.1696
1298880737 -8.5893 41.1696
1298880789 -8.58934 41.1696
1298880889 -8.58929 41.1696
1298880896 -8.58928 41.1696
1298881139 -8.58927 41.1696
1298881200 -8.58929 41.1696
