:break:
1298880622 -8.65504 41.1527
1298880623 -8.65503 41.1526
1298880626 -8.65503 41.1525
1298880631 -8.65502 41.1525
1298880634 -8.65501 41.1525
1298880635 -8.65501 41.1526
1298880639 -8.655 41.1526
1298880651 -8.65499 41.1526
1298880663 -8.65502 41.1526
1298880675 -8.65504 41.1526
1298880678 -8.65504 41.1525
1298880679 -8.65505 41.1525
1298880682 -8.65506 41.1525
1298880686 -8.655 41.1524
1298880688 -8.65499 41.1524
1298880692 -8.65498 41.1524
1298880694 -8.65497 41.1524
1298880695 -8.65496 41.1524
1298880697 -8.65495 41.1524
1298880700 -8.65494 41.1524
1298880701 -8.65493 41.1524
1298880702 -8.65491 41.1524
1298880704 -8.65492 41.1524
1298880710 -8.65492 41.1523
1298880713 -8.65493 41.1523
1298880716 -8.65494 41.1523
1298880740 -8.6549 41.1524
1298880757 -8.65489 41.1524
1298880776 -8.65491 41.1523
1298880785 -8.6549 41.1523
1298880798 -8.65491 41.1522
1298880799 -8.65492 41.1522
1298880800 -8.65494 41.1522
1298880801 -8.65497 41.1522
1298880802 -8.65502 41.1521
1298880803 -8.65508 41.1521
1298880804 -8.65518 41.1521
1298880805 -8.65528 41.152
1298880806 -8.65538 41.152
1298880807 -8.65548 41.152
1298880808 -8.65557 41.1519
1298880809 -8.65564 41.1519
1298880810 -8.65571 41.1519
1298880811 -8.65576 41.1519
1298880812 -8.65579 41.1518
1298880813 -8.6558 41.1518
1298880814 -8.65581 41.1518
1298880821 -8.65577 41.1517
1298880822 -8.65573 41.1517
1298880823 -8.65569 41.1517
1298880824 -8.65562 41.1517
1298880825 -8.65556 41.1516
1298880826 -8.65551 41.1516
1298880827 -8.65544 41.1516
1298880828 -8.65539 41.1516
1298880829 -8.65534 41.1516
1298880830 -8.6553 41.1516
1298880831 -8.65526 41.1516
1298880832 -8.65524 41.1516
1298880834 -8.65522 41.1516
1298880835 -8.65522 41.1515
1298880836 -8.6552 41.1515
1298880837 -8.65519 41.1515
1298880840 -8.65521 41.1515
1298880846 -8.65523 41.1515
1298880848 -8.65524 41.1515
1298880850 -8.65525 41.1515
1298880868 -8.65526 41.1515
1298880899 -8.65527 41.1515
1298880904 -8.65528 41.1515
1298880973 -8.65518 41.1515
1298880978 -8.65517 41.1515
1298881127 -8.65517 41.1516
1298881130 -8.65517 41.1517
1298881132 -8.65517 41.1518
1298881133 -8.65516 41.1519
1298881134 -8.65515 41.1519
1298881135 -8.65514 41.152
1298881136 -8.65513 41.152
1298881137 -8.6551 41.152
1298881138 -8.65507 41.1521
1298881139 -8.65503 41.1521
1298881140 -8.65498 41.1521
1298881141 -8.65489 41.1521
1298881142 -8.6548 41.1521
1298881143 -8.65471 41.1522
1298881144 -8.65461 41.1522
1298881145 -8.6545 41.1522
1298881146 -8.65439 41.1522
1298881147 -8.65428 41.1521
1298881148 -8.65417 41.1521
1298881149 -8.65403 41.1521
1298881150 -8.65387 41.1521
1298881151 -8.65373 41.1521
1298881152 -8.65358 41.1521
1298881153 -8.65344 41.1521
1298881154 -8.65329 41.1521
1298881155 -8.65316 41.1521
1298881156 -8.65301 41.1521
1298881157 -8.65286 41.1521
1298881158 -8.65271 41.1521
1298881159 -8.65256 41.1521
1298881160 -8.65241 41.1521
1298881161 -8.65227 41.1522
1298881162 -8.65214 41.1522
1298881163 -8.652 41.1523
1298881164 -8.65185 41.1523
1298881165 -8.65171 41.1524
1298881166 -8.65158 41.1525
1298881167 -8.65146 41.1526
1298881168 -8.65134 41.1526
1298881169 -8.65124 41.1527
1298881170 -8.65115 41.1528
1298881171 -8.65106 41.1529
1298881172 -8.65099 41.153
1298881173 -8.65092 41.1531
1298881174 -8.65085 41.1532
1298881175 -8.65078 41.1533
1298881176 -8.65073 41.1533
1298881177 -8.65067 41.1534
1298881178 -8.65063 41.1534
1298881179 -8.65057 41.1535
1298881180 -8.65054 41.1535
1298881182 -8.65053 41.1535
1298881183 -8.65052 41.1535
1298881184 -8.65049 41.1536
1298881185 -8.65046 41.1536
1298881186 -8.65041 41.1536
1298881187 -8.65037 41.1537
1298881188 -8.65031 41.1537
1298881189 -8.65025 41.1537
1298881190 -8.65018 41.1538
1298881191 -8.65009 41.1538
1298881192 -8.65 41.1539
1298881193 -8.6499 41.1539
1298881194 -8.64979 41.154
1298881195 -8.64968 41.154
1298881196 -8.64957 41.154
1298881197 -8.64945 41.1541
1298881198 -8.64932 41.1541
1298881199 -8.64918 41.1541
1298881200 -8.64904 41.1541
