:break:
1298880003 -8.67407 41.154
1298880008 -8.67406 41.154
1298880024 -8.67406 41.1541
1298880026 -8.67405 41.1541
1298880032 -8.67404 41.1541
1298880039 -8.67403 41.1541
1298880074 -8.67402 41.1541
1298880094 -8.67401 41.1541
1298880106 -8.674 41.1541
1298880182 -8.67399 41.1541
1298880249 -8.67401 41.154
1298880269 -8.67402 41.154
1298880288 -8.67403 41.154
1298880390 -8.674 41.154
1298880481 -8.67399 41.154
1298880558 -8.674 41.1542
1298880560 -8.67401 41.1542
1298880567 -8.67402 41.1542
1298880578 -8.67403 41.1542
1298880960 -8.67399 41.1542
1298881200 -8.674 41.1541
