:break:
1298880209 -8.58559 41.1483
1298880210 -8.5856 41.1483
1298880236 -8.58561 41.1483
1298880245 -8.58562 41.1483
1298880260 -8.58563 41.1483
1298880266 -8.58564 41.1483
1298880354 -8.5856 41.1484
1298880392 -8.58565 41.1483
1298880407 -8.58561 41.1484
1298880432 -8.58559 41.1484
1298880551 -8.58558 41.1484
1298880610 -8.58557 41.1484
1298880618 -8.58556 41.1484
1298880632 -8.58555 41.1484
1298880638 -8.58554 41.1484
1298880644 -8.58553 41.1484
1298880691 -8.58552 41.1484
1298880883 -8.58562 41.1484
1298880884 -8.58563 41.1484
1298880892 -8.58566 41.1483
1298880894 -8.58567 41.1483
1298880898 -8.58568 41.1483
1298880903 -8.58569 41.1483
1298880906 -8.5857 41.1483
1298880910 -8.58571 41.1483
1298880914 -8.58572 41.1483
1298880920 -8.58573 41.1483
1298881060 -8.58551 41.1484
1298881061 -8.5855 41.1484
1298881147 -8.58565 41.1484
1298881148 -8.58567 41.1484
1298881149 -8.58568 41.1484
1298881150 -8.5857 41.1484
1298881152 -8.58571 41.1484
1298881155 -8.58572 41.1484
1298881156 -8.58573 41.1484
1298881163 -8.58574 41.1484
1298881164 -8.58575 41.1484
1298881167 -8.58574 41.1485
1298881169 -8.58575 41.1485
1298881173 -8.58576 41.1485
1298881174 -8.58577 41.1485
1298881176 -8.58578 41.1485
1298881177 -8.58579 41.1485
1298881179 -8.5858 41.1485
1298881180 -8.58581 41.1485
1298881181 -8.58582 41.1485
1298881182 -8.58583 41.1485
1298881183 -8.58584 41.1485
1298881184 -8.58585 41.1485
1298881185 -8.58586 41.1485
1298881186 -8.58587 41.1485
1298881187 -8.58589 41.1485
1298881188 -8.5859 41.1485
1298881189 -8.58591 41.1485
1298881190 -8.58592 41.1485
1298881191 -8.58593 41.1485
1298881192 -8.58595 41.1485
1298881193 -8.58596 41.1485
1298881195 -8.58597 41.1485
1298881196 -8.58598 41.1485
1298881197 -8.58599 41.1485
1298881198 -8.586 41.1485
1298881200 -8.586 41.1485
