:break:
1298880068 -8.61325 41.1671
1298880081 -8.61326 41.1671
1298880087 -8.61327 41.1671
1298880123 -8.61324 41.1671
1298880129 -8.61323 41.1671
1298880197 -8.61325 41.167
1298880198 -8.61326 41.167
1298880209 -8.61327 41.167
1298880220 -8.61328 41.167
1298880221 -8.61329 41.167
1298880222 -8.6133 41.167
1298880224 -8.61331 41.167
1298880232 -8.6133 41.1669
1298880234 -8.61331 41.1669
1298880237 -8.61332 41.1669
1298880240 -8.61332 41.167
1298880255 -8.61324 41.167
1298880257 -8.61323 41.167
1298880260 -8.61322 41.167
1298880263 -8.61321 41.167
1298880265 -8.6132 41.167
1298880267 -8.61319 41.167
1298880269 -8.61318 41.167
1298880271 -8.61317 41.167
1298880273 -8.61316 41.167
1298880275 -8.61315 41.167
1298880280 -8.61314 41.167
1298880297 -8.61315 41.1671
1298880403 -8.61318 41.1671
1298880406 -8.61319 41.1671
1298880410 -8.6132 41.1671
1298880411 -8.61321 41.1671
1298880414 -8.61322 41.1671
1298880505 -8.61314 41.1671
1298880508 -8.61313 41.1671
1298880512 -8.61312 41.1671
1298880513 -8.61311 41.1671
1298880515 -8.6131 41.1671
1298880517 -8.61309 41.1671
1298880521 -8.61308 41.1671
1298880523 -8.61307 41.1671
1298880758 -8.61316 41.1671
1298880760 -8.61317 41.1671
1298880926 -8.61328 41.1671
1298880939 -8.61329 41.1671
1298881200 -8.6133 41.167
