:break:
1298880187 -8.6306 41.155
1298880192 -8.63061 41.155
1298880205 -8.63059 41.155
1298880223 -8.63058 41.155
1298880233 -8.63057 41.155
1298880238 -8.63056 41.155
1298880242 -8.63055 41.155
1298880287 -8.63062 41.155
1298880294 -8.63063 41.155
1298880302 -8.63064 41.155
1298880371 -8.63065 41.155
1298880748 -8.63068 41.155
1298880753 -8.63067 41.155
1298880810 -8.63069 41.155
1298880815 -8.6307 41.155
1298880825 -8.63071 41.155
1298880840 -8.63072 41.155
1298880928 -8.63073 41.155
1298880932 -8.63074 41.155
1298880939 -8.63075 41.155
1298880993 -8.63066 41.155
1298881104 -8.63066 41.1549
1298881200 -8.63068 41.155
