:break:
1298880033 -8.60227 41.1435
1298880034 -8.6023 41.1436
1298880035 -8.60233 41.1436
1298880036 -8.60234 41.1437
1298880037 -8.60236 41.1437
1298880038 -8.60237 41.1437
1298880049 -8.60235 41.1437
1298880054 -8.60238 41.1438
1298880055 -8.6024 41.1438
1298880056 -8.60241 41.1438
1298880057 -8.60242 41.1438
1298880058 -8.60243 41.1438
1298880060 -8.60243 41.1439
1298880062 -8.60244 41.1439
1298880065 -8.60246 41.1439
1298880068 -8.60247 41.1439
1298880070 -8.60247 41.144
1298880072 -8.60248 41.144
1298880073 -8.60249 41.144
1298880074 -8.6025 41.144
1298880075 -8.60252 41.1441
1298880076 -8.60253 41.1441
1298880077 -8.60254 41.1441
1298880078 -8.60258 41.1442
1298880079 -8.60261 41.1442
1298880080 -8.60264 41.1443
1298880081 -8.60268 41.1444
1298880082 -8.60273 41.1444
1298880083 -8.6028 41.1445
1298880084 -8.60285 41.1446
1298880085 -8.60288 41.1446
1298880086 -8.60293 41.1447
1298880087 -8.60297 41.1448
1298880088 -8.60302 41.1448
1298880089 -8.60305 41.1449
1298880090 -8.60307 41.1449
1298880091 -8.60309 41.1449
1298880092 -8.6031 41.145
1298880093 -8.60311 41.145
1298880098 -8.60309 41.145
1298880101 -8.60308 41.145
1298880104 -8.60307 41.145
1298880107 -8.60306 41.145
1298880109 -8.60305 41.145
1298880116 -8.60309 41.1451
1298880117 -8.60311 41.1451
1298880118 -8.60313 41.1451
1298880119 -8.60315 41.1452
1298880120 -8.60318 41.1453
1298880121 -8.60321 41.1453
1298880122 -8.60324 41.1454
1298880123 -8.60327 41.1454
1298880124 -8.6033 41.1455
1298880125 -8.60335 41.1455
1298880126 -8.60342 41.1455
1298880127 -8.60351 41.1455
1298880128 -8.60359 41.1455
1298880129 -8.60369 41.1455
1298880130 -8.60378 41.1455
1298880131 -8.60387 41.1455
1298880132 -8.60395 41.1454
1298880133 -8.60403 41.1454
1298880134 -8.60411 41.1454
1298880135 -8.60419 41.1454
1298880136 -8.60427 41.1454
1298880137 -8.60432 41.1454
1298880138 -8.60438 41.1453
1298880139 -8.6044 41.1453
1298880140 -8.60446 41.1452
1298880141 -8.6045 41.1452
1298880142 -8.60455 41.1451
1298880143 -8.60459 41.145
1298880144 -8.60463 41.145
1298880145 -8.60467 41.1449
1298880146 -8.60469 41.1448
1298880147 -8.60472 41.1448
1298880148 -8.60473 41.1447
1298880149 -8.60476 41.1446
1298880150 -8.60479 41.1445
1298880151 -8.60484 41.1444
1298880152 -8.60488 41.1443
1298880153 -8.60491 41.1443
1298880154 -8.60495 41.1442
1298880155 -8.60498 41.1442
1298880156 -8.60503 41.1442
1298880157 -8.60508 41.1442
1298880158 -8.60514 41.1442
1298880159 -8.60521 41.1443
1298880160 -8.6053 41.1443
1298880161 -8.60538 41.1444
1298880162 -8.60548 41.1444
1298880163 -8.60558 41.1444
1298880164 -8.60569 41.1445
1298880165 -8.6058 41.1445
1298880166 -8.6059 41.1445
1298880167 -8.606 41.1446
1298880168 -8.60611 41.1446
1298880169 -8.60621 41.1446
1298880170 -8.60629 41.1446
1298880171 -8.60638 41.1447
1298880172 -8.60647 41.1447
1298880173 -8.60656 41.1447
1298880174 -8.60664 41.1447
1298880175 -8.60673 41.1448
1298880176 -8.60682 41.1448
1298880177 -8.6069 41.1448
1298880178 -8.60697 41.1448
1298880179 -8.60702 41.1449
1298880180 -8.60707 41.1449
1298880181 -8.60711 41.145
1298880182 -8.60714 41.145
1298880183 -8.60719 41.1451
1298880184 -8.60722 41.1451
1298880185 -8.60726 41.1452
1298880186 -8.60729 41.1452
1298880187 -8.60733 41.1453
1298880188 -8.60737 41.1453
1298880189 -8.60739 41.1454
1298880190 -8.60742 41.1454
1298880191 -8.60745 41.1454
1298880192 -8.60746 41.1455
1298880195 -8.60745 41.1456
1298880196 -8.60741 41.1456
1298880197 -8.60737 41.1457
1298880198 -8.60733 41.1457
1298880199 -8.60729 41.1457
1298880200 -8.60724 41.1458
1298880201 -8.60719 41.1458
1298880202 -8.60714 41.1459
1298880203 -8.60711 41.1459
1298880204 -8.6071 41.146
1298880206 -8.60711 41.1461
1298880207 -8.60713 41.1461
1298880208 -8.60715 41.1461
1298880209 -8.60714 41.1461
1298880210 -8.60712 41.1462
1298880211 -8.60714 41.1462
1298880212 -8.60713 41.1462
1298880213 -8.60711 41.1463
1298880214 -8.60707 41.1463
1298880215 -8.60702 41.1464
1298880216 -8.607 41.1464
1298880217 -8.60699 41.1464
1298880218 -8.60698 41.1464
1298880220 -8.60696 41.1465
1298880221 -8.60695 41.1465
1298880222 -8.60693 41.1465
1298880223 -8.60694 41.1465
1298880232 -8.60693 41.1466
1298880233 -8.60692 41.1466
1298880235 -8.60691 41.1466
1298880240 -8.60694 41.1466
1298880242 -8.60697 41.1466
1298880243 -8.60699 41.1466
1298880244 -8.607 41.1466
1298880245 -8.60701 41.1466
1298880246 -8.60703 41.1466
1298880247 -8.60705 41.1466
1298880248 -8.60707 41.1466
1298880249 -8.60708 41.1466
1298880252 -8.60708 41.1467
1298880253 -8.60707 41.1467
1298880254 -8.60712 41.1467
1298880255 -8.60722 41.1467
1298880256 -8.60726 41.1468
1298880257 -8.60732 41.1468
1298880258 -8.60739 41.1468
1298880259 -8.60748 41.1469
1298880260 -8.60758 41.1469
1298880261 -8.60767 41.147
1298880262 -8.60776 41.147
1298880263 -8.60785 41.147
1298880264 -8.60793 41.1471
1298880265 -8.60801 41.1471
1298880266 -8.60804 41.1471
1298880267 -8.60807 41.1472
1298880268 -8.6081 41.1472
1298880269 -8.60813 41.1472
1298880270 -8.60816 41.1472
1298880271 -8.60818 41.1473
1298880272 -8.60819 41.1473
1298880273 -8.6082 41.1473
1298880275 -8.60821 41.1473
1298880278 -8.60822 41.1473
1298880280 -8.60823 41.1473
1298880282 -8.60824 41.1473
1298880284 -8.60825 41.1473
1298880285 -8.60826 41.1473
1298880286 -8.60828 41.1473
1298880287 -8.6083 41.1473
1298880288 -8.60838 41.1474
1298880289 -8.60843 41.1474
1298880290 -8.60847 41.1474
1298880291 -8.6086 41.1474
1298880292 -8.60868 41.1474
1298880293 -8.60873 41.1474
1298880294 -8.60878 41.1475
1298880295 -8.60881 41.1475
1298880296 -8.60886 41.1475
1298880297 -8.60891 41.1475
1298880298 -8.60896 41.1475
1298880299 -8.60903 41.1475
1298880300 -8.6091 41.1476
1298880301 -8.60919 41.1476
1298880302 -8.60927 41.1476
1298880303 -8.60936 41.1476
1298880304 -8.60945 41.1477
1298880305 -8.60954 41.1477
1298880306 -8.60963 41.1477
1298880307 -8.60974 41.1478
1298880308 -8.60984 41.1478
1298880309 -8.6099 41.1478
1298880310 -8.60997 41.1479
1298880311 -8.61002 41.1479
1298880312 -8.61007 41.1479
1298880313 -8.61008 41.1479
1298880316 -8.6101 41.1478
1298880317 -8.61013 41.1478
1298880318 -8.61017 41.1477
1298880319 -8.61018 41.1477
1298880321 -8.61019 41.1477
1298880322 -8.6102 41.1477
1298880323 -8.61021 41.1477
1298880324 -8.61022 41.1477
1298880325 -8.61023 41.1477
1298880337 -8.61023 41.1478
1298880338 -8.61025 41.1478
1298880339 -8.61028 41.1478
1298880340 -8.61034 41.1478
1298880341 -8.61039 41.1478
1298880342 -8.61046 41.1478
1298880343 -8.61055 41.1478
1298880344 -8.61064 41.1478
1298880345 -8.61072 41.1478
1298880346 -8.6109 41.1478
1298880347 -8.61108 41.1477
1298880348 -8.61122 41.1476
1298880349 -8.6113 41.1477
1298880350 -8.61139 41.1477
1298880351 -8.61153 41.1477
1298880352 -8.61165 41.1477
1298880353 -8.61176 41.1477
1298880354 -8.6119 41.1477
1298880355 -8.61203 41.1477
1298880356 -8.61216 41.1477
1298880357 -8.61228 41.1477
1298880358 -8.61239 41.1477
1298880359 -8.6125 41.1477
1298880360 -8.61259 41.1478
1298880361 -8.61268 41.1478
1298880362 -8.61276 41.1479
1298880363 -8.61287 41.1479
1298880364 -8.61299 41.1479
1298880365 -8.61313 41.148
:break:
1298880406 -8.62097 41.1475
1298880407 -8.62116 41.1474
1298880408 -8.62128 41.1474
1298880409 -8.62138 41.1474
1298880410 -8.62146 41.1474
1298880411 -8.62155 41.1475
1298880412 -8.62166 41.1475
1298880413 -8.62177 41.1475
1298880414 -8.62188 41.1475
1298880415 -8.62199 41.1475
1298880416 -8.62207 41.1476
1298880417 -8.62216 41.1476
1298880418 -8.62223 41.1476
1298880419 -8.62232 41.1476
1298880420 -8.62239 41.1477
1298880421 -8.62245 41.1477
1298880422 -8.6225 41.1477
1298880423 -8.62251 41.1477
1298880424 -8.62253 41.1477
1298880427 -8.62252 41.1477
1298880436 -8.62249 41.1477
1298880438 -8.62248 41.1477
1298880441 -8.62247 41.1477
1298880452 -8.62259 41.1478
1298880453 -8.62264 41.1478
1298880454 -8.6227 41.1478
1298880455 -8.62276 41.1478
1298880456 -8.62285 41.1478
1298880457 -8.62294 41.1479
1298880458 -8.62307 41.1479
1298880459 -8.6232 41.1479
1298880460 -8.62332 41.148
1298880461 -8.62346 41.148
1298880462 -8.62358 41.148
1298880463 -8.6237 41.1481
1298880464 -8.62382 41.1481
1298880465 -8.62393 41.1481
1298880466 -8.62402 41.1482
1298880467 -8.62411 41.1482
1298880468 -8.62418 41.1482
1298880469 -8.62425 41.1482
1298880470 -8.62434 41.1483
1298880471 -8.62446 41.1483
1298880472 -8.62457 41.1484
1298880473 -8.62469 41.1484
1298880474 -8.62482 41.1484
1298880475 -8.62494 41.1485
1298880476 -8.62505 41.1485
1298880477 -8.62515 41.1486
1298880478 -8.62525 41.1486
1298880479 -8.62533 41.1487
1298880480 -8.62539 41.1487
1298880481 -8.62545 41.1488
1298880482 -8.62548 41.1488
1298880483 -8.62551 41.1489
1298880484 -8.62555 41.149
1298880485 -8.62556 41.1491
1298880486 -8.62557 41.1493
1298880487 -8.62559 41.1494
1298880488 -8.62562 41.1495
1298880489 -8.62565 41.1496
1298880490 -8.62569 41.1497
1298880491 -8.62573 41.1498
1298880492 -8.62577 41.15
1298880493 -8.62581 41.1501
1298880494 -8.62583 41.1502
1298880495 -8.62586 41.1503
1298880496 -8.62588 41.1505
1298880497 -8.62591 41.1506
1298880498 -8.62592 41.1508
1298880499 -8.62593 41.1509
1298880500 -8.62593 41.151
1298880501 -8.62593 41.1511
1298880502 -8.62595 41.1511
1298880503 -8.62601 41.1512
1298880504 -8.62606 41.1513
1298880505 -8.62609 41.1514
1298880506 -8.62609 41.1515
1298880507 -8.62609 41.1516
1298880508 -8.6261 41.1517
1298880509 -8.6261 41.1518
1298880510 -8.62612 41.1519
1298880511 -8.62614 41.1519
1298880512 -8.62616 41.152
1298880513 -8.62615 41.1522
1298880514 -8.62617 41.1523
1298880515 -8.62618 41.1524
1298880516 -8.62621 41.1524
1298880517 -8.62624 41.1525
1298880518 -8.62626 41.1526
1298880519 -8.62627 41.1526
1298880520 -8.62628 41.1526
1298880531 -8.62626 41.1527
1298880533 -8.62627 41.1527
1298880534 -8.62628 41.1527
1298880535 -8.62631 41.1527
1298880536 -8.62636 41.1527
1298880537 -8.6264 41.1527
1298880538 -8.62645 41.1527
1298880539 -8.6265 41.1527
1298880540 -8.62654 41.1526
1298880541 -8.62655 41.1526
1298880542 -8.62658 41.1526
1298880543 -8.6266 41.1526
1298880544 -8.62662 41.1526
1298880545 -8.62665 41.1526
1298880546 -8.62668 41.1526
1298880547 -8.62673 41.1526
1298880548 -8.62678 41.1526
1298880549 -8.62682 41.1526
1298880550 -8.62686 41.1526
1298880551 -8.62689 41.1525
1298880552 -8.62691 41.1525
1298880566 -8.62692 41.1525
1298880568 -8.62694 41.1525
1298880569 -8.62698 41.1525
1298880570 -8.62701 41.1525
1298880571 -8.62706 41.1525
1298880572 -8.6271 41.1525
1298880573 -8.62714 41.1525
1298880574 -8.62717 41.1524
1298880575 -8.62722 41.1524
1298880576 -8.62726 41.1524
1298880577 -8.62731 41.1524
1298880578 -8.62736 41.1524
1298880579 -8.62744 41.1524
1298880580 -8.62752 41.1524
1298880581 -8.6276 41.1524
1298880582 -8.6277 41.1524
1298880583 -8.62778 41.1525
1298880584 -8.62787 41.1525
1298880585 -8.62796 41.1525
1298880586 -8.62802 41.1525
1298880587 -8.62807 41.1525
1298880588 -8.62809 41.1525
1298880589 -8.62812 41.1525
1298880590 -8.62814 41.1525
1298880591 -8.62816 41.1525
1298880593 -8.62817 41.1525
1298880594 -8.62816 41.1526
1298880595 -8.62813 41.1526
1298880596 -8.62811 41.1526
1298880597 -8.62808 41.1526
1298880598 -8.62805 41.1526
1298880599 -8.62801 41.1526
1298880600 -8.62799 41.1526
1298880601 -8.62797 41.1526
1298880602 -8.62796 41.1527
1298880603 -8.62794 41.1527
1298880604 -8.62791 41.1527
1298880605 -8.62789 41.1528
1298880606 -8.62785 41.1528
1298880607 -8.62781 41.1528
1298880608 -8.62778 41.1528
1298880609 -8.62774 41.1527
1298880610 -8.62771 41.1527
1298880611 -8.62765 41.1527
1298880612 -8.6276 41.1527
1298880613 -8.62755 41.1527
1298880614 -8.62751 41.1527
1298880615 -8.62749 41.1528
1298880616 -8.62748 41.1528
1298880619 -8.6275 41.1528
1298880620 -8.62751 41.1529
1298880621 -8.62752 41.1529
1298880622 -8.62753 41.1529
1298880623 -8.62753 41.1528
1298880624 -8.62754 41.1528
1298880628 -8.62752 41.1528
1298880630 -8.62751 41.1528
1298880637 -8.62747 41.1528
1298880648 -8.62745 41.1528
1298880653 -8.62746 41.1528
1298880658 -8.62749 41.1529
1298880659 -8.6275 41.1529
1298880675 -8.62748 41.1529
1298880676 -8.62747 41.1529
1298880682 -8.62744 41.1528
1298880686 -8.62743 41.1528
1298880695 -8.62742 41.1528
1298880697 -8.62741 41.1528
1298880699 -8.62739 41.1528
1298880700 -8.62737 41.1528
1298880701 -8.62735 41.1527
1298880703 -8.62733 41.1527
1298880704 -8.62731 41.1527
1298880706 -8.6273 41.1527
1298880707 -8.62729 41.1527
1298880710 -8.62736 41.1528
1298880758 -8.62748 41.1527
1298880780 -8.62749 41.1527
1298881038 -8.62754 41.1529
1298881041 -8.62755 41.1529
1298881067 -8.62756 41.1529
1298881200 -8.6275 41.1528
