:break:
1298880026 -8.62101 41.1617
1298880031 -8.621 41.1617
1298880036 -8.62099 41.1617
1298880049 -8.62098 41.1617
1298880159 -8.62102 41.1617
1298880160 -8.62103 41.1617
1298880162 -8.62103 41.1616
1298880164 -8.62104 41.1616
1298880167 -8.62105 41.1616
1298880169 -8.62106 41.1616
1298880177 -8.62107 41.1616
1298880180 -8.62108 41.1616
1298880185 -8.62109 41.1616
1298880190 -8.6211 41.1616
1298880211 -8.62111 41.1616
1298880321 -8.62108 41.1615
1298880323 -8.62109 41.1615
1298880338 -8.62107 41.1615
1298880398 -8.6211 41.1615
1298880400 -8.62111 41.1615
1298880402 -8.62112 41.1615
1298880406 -8.62113 41.1615
1298880411 -8.62114 41.1615
1298880413 -8.62114 41.1614
1298880415 -8.62113 41.1614
1298880423 -8.62112 41.1614
1298880429 -8.62111 41.1614
1298880441 -8.6211 41.1614
1298880597 -8.62109 41.1614
1298880602 -8.62108 41.1614
1298880605 -8.62107 41.1614
1298880608 -8.62106 41.1614
1298880612 -8.62105 41.1614
1298880614 -8.62104 41.1614
1298880616 -8.62103 41.1614
1298880618 -8.62102 41.1614
1298880620 -8.62101 41.1614
1298880625 -8.621 41.1614
1298880659 -8.62105 41.1615
1298880664 -8.62106 41.1615
1298880988 -8.62101 41.1613
1298880989 -8.621 41.1613
1298880991 -8.62099 41.1613
1298880994 -8.62098 41.1613
1298880997 -8.62097 41.1613
1298881002 -8.62096 41.1613
1298881025 -8.62096 41.1614
1298881073 -8.62095 41.1613
1298881075 -8.62094 41.1613
1298881077 -8.62093 41.1613
1298881078 -8.62092 41.1613
1298881081 -8.62091 41.1613
1298881084 -8.62091 41.1614
1298881088 -8.6209 41.1614
1298881097 -8.62092 41.1614
1298881100 -8.62093 41.1614
1298881105 -8.62094 41.1614
1298881125 -8.62097 41.1614
1298881131 -8.62098 41.1614
1298881137 -8.62099 41.1614
1298881200 -8.62105 41.1614
