:break:
1298880151 -8.65717 41.1613
1298880158 -8.65716 41.1613
1298880159 -8.65714 41.1613
1298880161 -8.65712 41.1613
1298880162 -8.65711 41.1613
1298880163 -8.6571 41.1613
1298880164 -8.65709 41.1613
1298880165 -8.65708 41.1613
1298880166 -8.65706 41.1613
1298880167 -8.65705 41.1613
1298880169 -8.65704 41.1613
1298880171 -8.65703 41.1613
1298880172 -8.65702 41.1614
1298880173 -8.65701 41.1614
1298880179 -8.657 41.1614
1298880193 -8.65699 41.1614
1298880194 -8.65699 41.1613
1298880200 -8.65698 41.1613
1298880205 -8.65698 41.1614
1298880211 -8.65697 41.1613
1298880222 -8.65697 41.1614
1298880234 -8.65696 41.1614
1298880288 -8.65703 41.1614
1298880426 -8.65702 41.1613
1298880457 -8.65701 41.1613
1298880476 -8.657 41.1613
1298880889 -8.65694 41.1614
1298880891 -8.65693 41.1614
1298880893 -8.65692 41.1614
1298880905 -8.65691 41.1614
1298880912 -8.6569 41.1614
1298880926 -8.65695 41.1614
1298881152 -8.65689 41.1614
1298881165 -8.65688 41.1614
1298881184 -8.65687 41.1614
1298881200 -8.65689 41.1614
