:break:
1298880001 -8.61105 41.1495
1298880005 -8.61106 41.1495
1298880016 -8.61106 41.1496
1298880026 -8.61104 41.1495
1298880028 -8.61103 41.1495
1298880029 -8.61102 41.1495
1298880038 -8.61104 41.1494
1298880040 -8.61105 41.1494
1298880041 -8.61106 41.1494
1298880044 -8.61107 41.1494
1298880045 -8.61108 41.1494
1298880047 -8.61109 41.1494
1298880050 -8.6111 41.1494
1298880073 -8.61108 41.1495
1298880075 -8.61107 41.1495
1298880094 -8.61109 41.1495
1298880097 -8.6111 41.1495
1298880098 -8.61111 41.1495
1298880101 -8.61112 41.1495
1298880109 -8.61113 41.1495
1298880115 -8.61112 41.1494
1298880116 -8.61111 41.1494
1298880183 -8.61103 41.1494
1298880187 -8.61102 41.1494
1298880188 -8.61101 41.1494
1298880210 -8.611 41.1494
1298880211 -8.61099 41.1494
1298880213 -8.61098 41.1494
1298880288 -8.61111 41.1496
1298880291 -8.61112 41.1496
1298880294 -8.6111 41.1496
1298880295 -8.61109 41.1496
1298880297 -8.61108 41.1496
1298880299 -8.61107 41.1496
1298880336 -8.61114 41.1495
1298880343 -8.61114 41.1494
1298880345 -8.61115 41.1495
1298880349 -8.61113 41.1494
1298880405 -8.61116 41.1495
1298880407 -8.61117 41.1495
1298880408 -8.61118 41.1495
1298880411 -8.61118 41.1494
1298880412 -8.61119 41.1494
1298880428 -8.61117 41.1494
1298880429 -8.61116 41.1494
1298880432 -8.61115 41.1494
1298880437 -8.61113 41.1493
1298880438 -8.61112 41.1493
1298880439 -8.61111 41.1493
1298880440 -8.61109 41.1493
1298880441 -8.61108 41.1493
1298880443 -8.61107 41.1493
1298880445 -8.61106 41.1493
1298880457 -8.61105 41.1493
1298880475 -8.61101 41.1495
1298880495 -8.611 41.1495
1298880515 -8.61097 41.1494
1298880524 -8.61096 41.1494
1298880539 -8.61097 41.1495
1298880542 -8.61098 41.1495
1298880543 -8.61099 41.1495
1298880607 -8.611 41.1496
1298880609 -8.61101 41.1496
1298880611 -8.61102 41.1496
1298880614 -8.61103 41.1496
1298880616 -8.61104 41.1496
1298880618 -8.61105 41.1496
1298880639 -8.61112 41.1497
1298880733 -8.61119 41.1495
1298880736 -8.6112 41.1495
1298880738 -8.61121 41.1495
1298880961 -8.6112 41.1496
1298880962 -8.61122 41.1496
1298880964 -8.61123 41.1496
1298880966 -8.61124 41.1496
1298880971 -8.61121 41.1496
1298880973 -8.61119 41.1496
1298880974 -8.61117 41.1496
1298880975 -8.61116 41.1496
1298881200 -8.61098 41.1494
