:break:
1298880747 -8.67394 41.1539
1298880748 -8.67395 41.1539
1298880750 -8.67396 41.1539
1298880754 -8.67397 41.1539
1298880768 -8.67398 41.1539
1298880772 -8.67399 41.1539
1298880773 -8.674 41.1539
1298880775 -8.67401 41.1539
1298880777 -8.67402 41.1539
1298880782 -8.67403 41.1539
1298880816 -8.67404 41.1539
1298880848 -8.67405 41.1539
1298880850 -8.67406 41.1539
1298881146 -8.67401 41.154
1298881148 -8.67402 41.154
1298881150 -8.67403 41.154
1298881168 -8.674 41.154
1298881177 -8.67399 41.154
1298881200 -8.67402 41.154
