:break:
1298880036 -8.61717 41.1676
1298880037 -8.61727 41.1676
1298880038 -8.61737 41.1676
1298880039 -8.61749 41.1676
1298880040 -8.61762 41.1676
1298880041 -8.61774 41.1675
1298880042 -8.61787 41.1675
1298880043 -8.61799 41.1675
1298880044 -8.61812 41.1675
1298880045 -8.61826 41.1675
1298880046 -8.6184 41.1675
1298880047 -8.61854 41.1675
1298880048 -8.61869 41.1676
1298880049 -8.61883 41.1676
1298880050 -8.61898 41.1676
1298880051 -8.61912 41.1676
1298880052 -8.61926 41.1676
1298880053 -8.6194 41.1676
1298880054 -8.61953 41.1676
1298880055 -8.61967 41.1676
1298880056 -8.6198 41.1676
1298880057 -8.61994 41.1676
1298880058 -8.62007 41.1676
1298880059 -8.6202 41.1676
1298880060 -8.62034 41.1676
1298880061 -8.62049 41.1676
1298880062 -8.62064 41.1675
1298880063 -8.62081 41.1675
1298880064 -8.62097 41.1675
1298880065 -8.62113 41.1675
1298880066 -8.62128 41.1675
1298880067 -8.62143 41.1675
1298880068 -8.62159 41.1675
1298880069 -8.62174 41.1675
1298880070 -8.62189 41.1675
1298880071 -8.62204 41.1675
1298880072 -8.62218 41.1675
1298880073 -8.62233 41.1675
1298880074 -8.62248 41.1675
1298880075 -8.62261 41.1675
1298880076 -8.62273 41.1675
1298880077 -8.62283 41.1675
1298880078 -8.62292 41.1675
1298880079 -8.623 41.1675
1298880080 -8.62306 41.1676
1298880081 -8.62312 41.1676
1298880082 -8.62318 41.1676
1298880083 -8.62326 41.1676
1298880084 -8.62336 41.1675
1298880085 -8.62348 41.1675
1298880086 -8.6236 41.1675
1298880087 -8.62375 41.1674
1298880088 -8.6239 41.1674
1298880089 -8.62406 41.1673
1298880090 -8.62423 41.1673
1298880091 -8.62441 41.1673
1298880092 -8.62458 41.1672
1298880093 -8.62476 41.1672
1298880094 -8.62493 41.1671
1298880095 -8.6251 41.1671
1298880096 -8.62528 41.1671
1298880097 -8.62547 41.167
1298880098 -8.62564 41.167
1298880099 -8.62579 41.167
1298880100 -8.62591 41.167
1298880101 -8.62601 41.167
1298880102 -8.6261 41.167
1298880103 -8.62617 41.167
1298880104 -8.6262 41.167
1298880105 -8.62621 41.167
1298880112 -8.62622 41.167
1298880117 -8.62623 41.167
1298880184 -8.62625 41.167
1298880185 -8.6263 41.167
1298880186 -8.62636 41.167
1298880187 -8.62645 41.167
1298880188 -8.62654 41.167
1298880189 -8.62664 41.167
1298880190 -8.62672 41.167
1298880191 -8.62677 41.167
1298880192 -8.6268 41.167
1298880193 -8.62681 41.167
1298880196 -8.6268 41.1669
1298880198 -8.62679 41.167
1298880202 -8.62678 41.167
1298880346 -8.62679 41.1669
1298880365 -8.62676 41.167
1298880369 -8.62675 41.167
1298880372 -8.62674 41.167
1298880375 -8.62673 41.167
1298880400 -8.62673 41.1671
1298880418 -8.62674 41.1671
1298880452 -8.62672 41.1671
1298880459 -8.62671 41.1671
1298880469 -8.62671 41.167
1298880555 -8.62682 41.167
1298880556 -8.62683 41.167
1298880660 -8.62682 41.1669
1298880680 -8.62681 41.1669
1298880715 -8.62678 41.1669
1298880722 -8.62677 41.1669
1298880731 -8.62676 41.1669
1298880774 -8.62684 41.167
1298880777 -8.62685 41.167
1298880780 -8.62686 41.167
1298880783 -8.62687 41.167
1298880789 -8.62688 41.167
1298880902 -8.62691 41.167
1298880903 -8.62694 41.167
1298880917 -8.62693 41.167
1298880925 -8.62692 41.167
1298881004 -8.62695 41.167
1298881028 -8.62696 41.167
1298881050 -8.62698 41.167
1298881051 -8.627 41.167
1298881052 -8.62702 41.167
1298881058 -8.62701 41.167
1298881100 -8.62703 41.167
1298881122 -8.62703 41.1669
1298881137 -8.62702 41.1669
1298881200 -8.62702 41.167
