:break:
1298880074 -8.62661 41.1522
1298880098 -8.6266 41.1522
1298880105 -8.62659 41.1522
1298880107 -8.62658 41.1522
1298880112 -8.62657 41.1522
1298880113 -8.62655 41.1522
1298880114 -8.62651 41.1522
1298880115 -8.62645 41.1522
1298880116 -8.62638 41.1522
1298880117 -8.62632 41.1523
1298880118 -8.62626 41.1523
1298880119 -8.62618 41.1523
1298880120 -8.62613 41.1523
1298880121 -8.62608 41.1523
1298880122 -8.62601 41.1524
1298880123 -8.62595 41.1524
1298880124 -8.62587 41.1524
1298880125 -8.62579 41.1524
1298880126 -8.62569 41.1524
1298880127 -8.62559 41.1525
1298880128 -8.62549 41.1525
1298880129 -8.62538 41.1525
1298880130 -8.62527 41.1525
1298880131 -8.62516 41.1526
1298880132 -8.62504 41.1526
1298880133 -8.62493 41.1527
1298880134 -8.62484 41.1527
1298880135 -8.62474 41.1527
1298880136 -8.62466 41.1527
1298880137 -8.62457 41.1528
1298880138 -8.6245 41.1528
1298880139 -8.62445 41.1528
1298880140 -8.62439 41.1528
1298880141 -8.62433 41.1528
1298880142 -8.62427 41.1529
1298880143 -8.6242 41.1529
1298880144 -8.62412 41.1529
1298880145 -8.62404 41.1529
1298880146 -8.62394 41.1529
1298880147 -8.62384 41.1529
1298880148 -8.62373 41.1529
1298880149 -8.6236 41.1529
1298880150 -8.62347 41.1529
1298880151 -8.62334 41.1528
1298880152 -8.62322 41.1528
1298880153 -8.62312 41.1528
1298880154 -8.62302 41.1528
1298880155 -8.62293 41.1528
1298880156 -8.62283 41.1528
1298880157 -8.62274 41.1528
1298880158 -8.62264 41.1528
1298880159 -8.62253 41.1528
1298880160 -8.62242 41.1528
1298880161 -8.62231 41.1528
1298880162 -8.62217 41.1528
1298880163 -8.62204 41.1528
1298880164 -8.62189 41.1528
1298880165 -8.62174 41.1528
1298880166 -8.62159 41.1527
1298880167 -8.62144 41.1527
1298880168 -8.62131 41.1527
1298880169 -8.62119 41.1527
1298880170 -8.62107 41.1527
1298880171 -8.62096 41.1527
1298880172 -8.62088 41.1527
1298880173 -8.62082 41.1527
1298880174 -8.62079 41.1527
1298880175 -8.62078 41.1528
1298880176 -8.62081 41.1529
1298880177 -8.62086 41.1529
1298880178 -8.6209 41.153
1298880179 -8.62096 41.1531
1298880180 -8.62101 41.1532
1298880181 -8.62104 41.1533
1298880182 -8.62105 41.1535
1298880183 -8.62105 41.1536
1298880184 -8.62106 41.1537
1298880185 -8.62105 41.1538
1298880186 -8.62104 41.1539
1298880187 -8.62103 41.1539
1298880188 -8.62103 41.154
1298880190 -8.62102 41.154
1298880191 -8.62102 41.1541
1298880194 -8.62103 41.1541
1298880199 -8.62104 41.1541
1298880205 -8.62105 41.1541
1298880208 -8.62106 41.1541
1298880216 -8.62107 41.1541
1298880246 -8.62102 41.1542
1298880247 -8.621 41.1542
1298880248 -8.621 41.1543
1298880252 -8.62099 41.1543
1298880253 -8.62098 41.1543
1298880254 -8.62097 41.1543
1298880263 -8.62098 41.1542
1298880267 -8.62098 41.1541
1298880270 -8.62099 41.154
1298880271 -8.62101 41.154
1298880272 -8.62106 41.1539
1298880273 -8.62106 41.1538
1298880274 -8.62109 41.1538
1298880275 -8.6211 41.1537
1298880276 -8.62107 41.1536
1298880277 -8.62107 41.1534
1298880278 -8.62106 41.1533
1298880279 -8.621 41.1532
1298880280 -8.62094 41.1531
1298880282 -8.62088 41.153
1298880283 -8.62087 41.1529
1298880286 -8.62085 41.1529
1298880288 -8.62085 41.1528
1298880291 -8.62086 41.1528
1298880293 -8.62087 41.1528
1298880300 -8.62088 41.1528
1298880303 -8.62087 41.1527
1298880305 -8.62086 41.1527
1298880306 -8.62084 41.1526
1298880308 -8.62085 41.1525
1298880309 -8.62083 41.1525
1298880310 -8.62081 41.1524
1298880311 -8.62084 41.1523
1298880312 -8.62089 41.1523
1298880313 -8.62095 41.1522
1298880314 -8.621 41.1521
1298880315 -8.62106 41.152
1298880316 -8.62113 41.1519
1298880317 -8.6212 41.1518
1298880318 -8.62126 41.1517
1298880319 -8.62131 41.1516
1298880320 -8.62135 41.1516
1298880321 -8.62144 41.1515
1298880322 -8.62151 41.1515
1298880323 -8.6216 41.1515
1298880324 -8.62168 41.1514
1298880325 -8.6218 41.1514
1298880326 -8.62192 41.1513
1298880327 -8.62204 41.1513
1298880328 -8.62217 41.1512
1298880329 -8.6223 41.1511
1298880330 -8.62241 41.1511
1298880331 -8.62254 41.151
1298880332 -8.62267 41.1509
1298880333 -8.62278 41.1509
1298880334 -8.62289 41.1508
1298880335 -8.62297 41.1508
1298880336 -8.62303 41.1507
1298880337 -8.62309 41.1507
1298880338 -8.62312 41.1507
1298880339 -8.62314 41.1506
1298880340 -8.62313 41.1506
1298880341 -8.62312 41.1505
1298880342 -8.62311 41.1504
1298880343 -8.62308 41.1504
1298880344 -8.62305 41.1503
1298880345 -8.62303 41.1502
1298880346 -8.62301 41.1501
1298880347 -8.62299 41.15
1298880348 -8.62297 41.1499
1298880349 -8.62296 41.1498
1298880350 -8.62295 41.1498
1298880351 -8.62294 41.1497
1298880355 -8.62295 41.1497
1298880357 -8.62294 41.1496
1298880360 -8.62294 41.1495
1298880362 -8.62294 41.1494
1298880363 -8.62293 41.1493
1298880364 -8.62291 41.1493
1298880365 -8.62288 41.1492
1298880366 -8.62287 41.1491
1298880367 -8.62284 41.149
1298880368 -8.62283 41.149
1298880369 -8.6228 41.1489
1298880370 -8.62279 41.1488
1298880371 -8.62277 41.1487
1298880372 -8.62276 41.1486
1298880373 -8.62275 41.1486
1298880374 -8.62275 41.1485
1298880375 -8.62273 41.1484
1298880377 -8.62272 41.1483
1298880379 -8.62272 41.1482
1298880380 -8.62271 41.1482
1298880381 -8.62271 41.1481
1298880382 -8.62272 41.1481
1298880389 -8.62273 41.1481
1298880394 -8.62274 41.1481
1298880398 -8.62275 41.1481
1298880404 -8.62276 41.1481
1298880411 -8.62277 41.1481
1298880413 -8.62277 41.148
1298880414 -8.62276 41.148
1298880415 -8.62276 41.1479
1298880416 -8.62268 41.1479
1298880417 -8.62266 41.1479
1298880418 -8.62263 41.1478
1298880419 -8.62259 41.1478
1298880420 -8.62254 41.1478
1298880421 -8.6225 41.1477
1298880422 -8.62245 41.1477
1298880423 -8.62239 41.1477
1298880424 -8.62232 41.1477
1298880425 -8.62224 41.1477
1298880426 -8.62217 41.1476
1298880427 -8.62208 41.1476
1298880428 -8.62197 41.1476
1298880429 -8.62187 41.1476
1298880430 -8.62176 41.1475
1298880431 -8.62164 41.1475
1298880432 -8.62152 41.1475
1298880433 -8.62142 41.1475
1298880434 -8.62133 41.1474
1298880435 -8.62125 41.1474
1298880436 -8.62117 41.1474
1298880437 -8.62109 41.1474
1298880438 -8.62102 41.1474
1298880439 -8.62095 41.1474
1298880440 -8.62087 41.1474
1298880441 -8.6208 41.1473
1298880442 -8.62075 41.1473
1298880443 -8.62071 41.1473
1298880444 -8.62072 41.1473
1298880446 -8.62073 41.1473
1298880447 -8.62074 41.1473
1298880449 -8.62076 41.1473
1298880450 -8.62077 41.1473
1298880451 -8.62078 41.1473
1298880452 -8.62079 41.1473
1298880459 -8.62065 41.1473
1298880460 -8.62059 41.1473
1298880461 -8.62052 41.1472
1298880462 -8.62047 41.1472
1298880463 -8.62043 41.1471
1298880464 -8.62042 41.147
1298880465 -8.62039 41.1469
1298880466 -8.62036 41.1468
1298880467 -8.62034 41.1468
1298880468 -8.62034 41.1467
1298880469 -8.62033 41.1467
1298880489 -8.62032 41.1467
1298880492 -8.62031 41.1467
1298880495 -8.6203 41.1467
1298880496 -8.62029 41.1466
1298880497 -8.62027 41.1466
1298880498 -8.62026 41.1465
1298880500 -8.62025 41.1464
1298880501 -8.62024 41.1464
1298880502 -8.62022 41.1463
1298880503 -8.62021 41.1462
1298880504 -8.62019 41.1462
1298880505 -8.62017 41.1461
1298880506 -8.62014 41.146
1298880507 -8.62009 41.146
1298880508 -8.62004 41.146
1298880509 -8.61998 41.146
1298880510 -8.61991 41.146
1298880511 -8.61983 41.146
1298880512 -8.61973 41.146
1298880513 -8.61962 41.146
1298880514 -8.61952 41.1461
1298880515 -8.61942 41.1461
1298880516 -8.61931 41.1461
1298880517 -8.6192 41.1461
1298880518 -8.6191 41.1461
1298880519 -8.61901 41.1461
1298880520 -8.61891 41.1461
1298880521 -8.61883 41.1462
1298880522 -8.61877 41.1462
1298880523 -8.6187 41.1461
1298880524 -8.61864 41.1461
1298880525 -8.6186 41.1461
1298880526 -8.61857 41.1461
1298880527 -8.61855 41.146
1298880528 -8.61854 41.1459
1298880529 -8.61852 41.1459
1298880530 -8.6185 41.1458
1298880531 -8.61848 41.1457
1298880532 -8.61845 41.1456
1298880533 -8.61843 41.1455
1298880534 -8.6184 41.1454
1298880535 -8.61838 41.1453
1298880536 -8.61836 41.1452
1298880537 -8.61834 41.1452
1298880538 -8.61831 41.1451
1298880539 -8.61829 41.145
1298880540 -8.61828 41.1449
1298880541 -8.61828 41.1448
1298880542 -8.61827 41.1447
1298880543 -8.61827 41.1446
1298880544 -8.61827 41.1444
1298880545 -8.61827 41.1443
1298880546 -8.61826 41.1442
1298880547 -8.61823 41.1441
1298880548 -8.61822 41.144
1298880549 -8.61821 41.1439
1298880550 -8.61821 41.1438
1298880551 -8.61822 41.1437
1298880552 -8.61821 41.1437
1298880553 -8.61822 41.1436
1298880554 -8.61827 41.1435
1298880555 -8.61831 41.1435
1298880556 -8.61833 41.1434
1298880557 -8.61836 41.1434
1298880558 -8.61837 41.1434
1298880559 -8.61837 41.1433
1298880560 -8.6184 41.1433
1298880561 -8.61842 41.1433
1298880562 -8.61844 41.1432
1298880563 -8.61848 41.1432
1298880564 -8.61851 41.1431
1298880565 -8.61853 41.1431
1298880566 -8.61855 41.1431
1298880567 -8.61856 41.143
1298880568 -8.61859 41.143
1298880569 -8.61861 41.1429
1298880570 -8.61862 41.1429
1298880571 -8.61864 41.1429
1298880572 -8.61863 41.1429
1298880573 -8.61859 41.1428
1298880574 -8.61854 41.1428
1298880575 -8.61851 41.1428
1298880576 -8.61845 41.1427
1298880577 -8.6184 41.1427
1298880578 -8.61836 41.1426
1298880579 -8.61831 41.1426
1298880580 -8.61827 41.1425
1298880581 -8.61824 41.1425
1298880582 -8.61821 41.1424
1298880583 -8.61818 41.1424
1298880584 -8.61817 41.1423
1298880585 -8.61816 41.1423
1298880586 -8.61813 41.1422
1298880587 -8.6181 41.1422
1298880588 -8.61809 41.1422
1298880589 -8.61807 41.1422
1298880590 -8.61806 41.1421
1298880591 -8.61811 41.1421
1298880592 -8.61815 41.1421
1298880593 -8.6182 41.1421
1298880594 -8.61826 41.1421
1298880595 -8.61832 41.1421
1298880596 -8.61839 41.1422
1298880597 -8.61844 41.1422
1298880598 -8.6185 41.1422
1298880599 -8.61855 41.1423
1298880600 -8.6186 41.1423
1298880601 -8.61863 41.1424
1298880602 -8.61868 41.1424
1298880603 -8.61873 41.1424
1298880604 -8.61879 41.1424
1298880605 -8.61883 41.1425
1298880606 -8.61885 41.1425
1298880607 -8.6189 41.1425
1298880608 -8.61893 41.1425
1298880609 -8.61895 41.1425
1298880612 -8.61894 41.1425
1298880614 -8.61892 41.1425
1298880615 -8.61891 41.1425
1298880667 -8.61894 41.1426
1298880668 -8.61897 41.1426
1298880669 -8.61899 41.1426
1298880670 -8.61903 41.1426
1298880671 -8.61907 41.1426
1298880672 -8.61911 41.1426
1298880673 -8.61915 41.1426
1298880674 -8.61919 41.1426
1298880675 -8.61925 41.1426
1298880676 -8.61929 41.1426
1298880677 -8.61934 41.1427
1298880678 -8.61939 41.1427
1298880679 -8.61945 41.1427
1298880680 -8.61952 41.1427
1298880681 -8.61959 41.1428
1298880682 -8.61966 41.1428
1298880683 -8.61973 41.1428
1298880684 -8.6198 41.1428
1298880685 -8.61987 41.1429
1298880686 -8.61992 41.1429
1298880687 -8.61998 41.1429
1298880688 -8.62005 41.1429
1298880689 -8.62011 41.1429
1298880690 -8.62016 41.1428
1298880691 -8.62021 41.1428
1298880692 -8.62024 41.1428
1298880693 -8.62025 41.1428
1298880695 -8.62026 41.1427
1298880696 -8.62025 41.1427
1298880697 -8.62023 41.1426
1298880698 -8.62019 41.1426
1298880699 -8.62015 41.1425
1298880700 -8.62007 41.1425
1298880701 -8.62 41.1424
1298880702 -8.61992 41.1424
1298880703 -8.61986 41.1424
1298880704 -8.6198 41.1423
1298880705 -8.61979 41.1423
1298880712 -8.61979 41.1422
1298880714 -8.61975 41.1422
1298880715 -8.6197 41.1421
1298880716 -8.61962 41.1421
1298880717 -8.61954 41.142
1298880718 -8.61945 41.142
1298880719 -8.61935 41.1419
1298880720 -8.61924 41.1418
1298880721 -8.61912 41.1417
1298880722 -8.619 41.1417
1298880723 -8.61888 41.1416
1298880724 -8.61874 41.1415
1298880725 -8.61861 41.1414
1298880726 -8.61847 41.1413
1298880727 -8.61833 41.1413
1298880728 -8.61818 41.1412
1298880729 -8.61805 41.1412
1298880730 -8.61793 41.1411
1298880731 -8.61782 41.1411
1298880732 -8.61771 41.141
1298880733 -8.61762 41.141
1298880734 -8.61754 41.1409
1298880735 -8.61749 41.1409
1298880736 -8.61745 41.1409
1298880737 -8.6174 41.1409
1298880738 -8.61737 41.1409
1298880739 -8.61734 41.1408
1298880740 -8.61731 41.1408
1298880741 -8.61728 41.1408
1298880742 -8.61727 41.1408
1298880745 -8.6173 41.1408
1298880747 -8.61733 41.1408
1298880749 -8.61735 41.1408
1298880750 -8.61736 41.1408
1298880778 -8.61737 41.1408
1298880799 -8.61738 41.1408
1298880805 -8.61739 41.1408
1298880811 -8.6174 41.1408
1298880870 -8.61739 41.1409
1298880896 -8.61738 41.1409
1298880907 -8.61736 41.1409
1298880949 -8.61741 41.1408
1298881036 -8.61732 41.1408
1298881200 -8.61734 41.1408
