:break:
1298880064 -8.63046 41.155
1298880067 -8.63047 41.155
1298880070 -8.63048 41.155
1298880074 -8.63049 41.155
1298880076 -8.6305 41.155
1298880089 -8.63051 41.155
1298880112 -8.63045 41.155
1298880113 -8.63044 41.155
1298880115 -8.63043 41.155
1298880120 -8.63042 41.155
1298880133 -8.63041 41.155
1298880136 -8.6304 41.155
1298880138 -8.63039 41.155
1298880142 -8.63038 41.155
1298880144 -8.63037 41.155
1298880148 -8.63036 41.155
1298880152 -8.63035 41.155
1298880153 -8.63034 41.155
1298880237 -8.63052 41.155
1298880239 -8.63053 41.155
1298880240 -8.63054 41.155
1298880241 -8.63055 41.155
1298880242 -8.63056 41.155
1298880244 -8.63057 41.155
1298880246 -8.63058 41.155
1298880248 -8.63059 41.155
1298880261 -8.63059 41.1549
1298880268 -8.6306 41.155
1298880284 -8.63048 41.1551
1298880285 -8.63047 41.1551
1298880286 -8.63046 41.1551
1298880290 -8.63045 41.1551
1298880292 -8.63044 41.1551
1298880294 -8.63043 41.1551
1298880297 -8.63042 41.1551
1298880354 -8.63061 41.155
1298880355 -8.63062 41.155
1298880356 -8.63063 41.1549
1298880360 -8.63064 41.1549
1298880364 -8.63065 41.1549
1298880375 -8.63062 41.1549
1298880377 -8.63061 41.1549
1298880379 -8.6306 41.1549
1298880384 -8.63058 41.1549
1298880385 -8.63057 41.1549
1298880386 -8.63056 41.1549
1298880393 -8.63055 41.1549
1298880461 -8.63063 41.155
1298880463 -8.63064 41.155
1298880465 -8.63065 41.155
1298880466 -8.63066 41.155
1298880468 -8.63067 41.155
1298880520 -8.63054 41.1549
1298880522 -8.63053 41.1549
1298880528 -8.63052 41.1549
1298880591 -8.63045 41.1549
1298880592 -8.63047 41.1549
1298880593 -8.63048 41.1549
1298880594 -8.6305 41.1549
1298880595 -8.63051 41.1549
1298880765 -8.63054 41.1551
1298880770 -8.63053 41.1551
1298880775 -8.63052 41.1551
1298880799 -8.63039 41.1551
1298880800 -8.63036 41.1551
1298880802 -8.63034 41.1551
1298880804 -8.63033 41.1551
1298880805 -8.63032 41.1551
1298880806 -8.63031 41.1551
1298880810 -8.63035 41.1551
1298880812 -8.63037 41.1551
1298880813 -8.63038 41.1551
1298880826 -8.6304 41.1551
1298880829 -8.63041 41.1551
1298880903 -8.63033 41.155
1298880939 -8.63032 41.155
1298881031 -8.6303 41.1551
1298881033 -8.63029 41.1551
1298881035 -8.63028 41.1551
1298881100 -8.63027 41.1551
1298881102 -8.63026 41.1551
1298881104 -8.63025 41.1551
1298881105 -8.63024 41.1551
1298881190 -8.63056 41.1551
1298881191 -8.63057 41.1551
1298881200 -8.63057 41.1551
