:break:
1298880004 -8.64912 41.1546
1298880011 -8.64911 41.1546
1298880027 -8.6491 41.1546
1298880086 -8.64913 41.1546
1298880137 -8.64913 41.1545
1298880168 -8.64914 41.1545
1298880229 -8.64915 41.1545
1298880231 -8.64915 41.1544
1298880253 -8.64914 41.1544
1298880263 -8.64913 41.1544
1298880350 -8.64916 41.1545
1298880357 -8.64916 41.1544
1298880455 -8.64917 41.1544
1298880514 -8.64918 41.1544
1298880515 -8.6492 41.1544
1298880516 -8.64922 41.1544
1298880517 -8.64925 41.1543
1298880518 -8.64928 41.1543
1298880519 -8.64931 41.1543
1298880520 -8.64932 41.1543
1298880521 -8.64933 41.1543
1298880562 -8.64934 41.1543
1298880565 -8.64934 41.1544
1298880567 -8.64935 41.1544
1298880595 -8.64936 41.1544
1298880605 -8.64937 41.1544
1298880620 -8.64938 41.1544
1298880621 -8.64939 41.1544
1298880622 -8.6494 41.1544
1298880623 -8.64942 41.1544
1298880624 -8.64943 41.1544
1298880625 -8.64944 41.1544
1298880627 -8.64945 41.1543
1298880630 -8.64946 41.1543
1298880633 -8.64947 41.1543
1298880635 -8.64948 41.1543
1298880638 -8.64949 41.1543
1298880645 -8.6495 41.1543
1298880651 -8.64951 41.1543
1298880662 -8.64951 41.1542
1298880690 -8.6495 41.1542
1298880697 -8.64953 41.1542
1298880698 -8.64955 41.1542
1298880699 -8.64959 41.1542
1298880700 -8.64964 41.1542
1298880701 -8.6497 41.1542
1298880702 -8.64977 41.1542
1298880703 -8.64983 41.1542
1298880704 -8.64989 41.1542
1298880705 -8.64994 41.1542
1298880706 -8.64998 41.1542
1298880707 -8.65004 41.1542
1298880708 -8.65009 41.1542
1298880709 -8.65013 41.1542
1298880710 -8.65017 41.1542
1298880711 -8.65018 41.1542
1298880712 -8.65019 41.1542
1298880713 -8.6502 41.1542
1298880720 -8.65021 41.1542
1298880726 -8.65022 41.1542
1298880730 -8.65021 41.1541
1298880731 -8.65022 41.1541
1298880738 -8.6502 41.1541
1298880741 -8.65019 41.1541
1298880743 -8.65018 41.1541
1298880744 -8.65017 41.1541
1298880745 -8.65016 41.1541
1298880746 -8.65015 41.1541
1298880747 -8.65013 41.1541
1298880749 -8.65013 41.154
1298880755 -8.65014 41.154
1298880756 -8.65018 41.154
1298880757 -8.65022 41.154
1298880758 -8.65026 41.1539
1298880759 -8.6503 41.1539
1298880760 -8.65031 41.1539
1298880761 -8.6503 41.1538
1298880762 -8.65024 41.1538
1298880763 -8.65017 41.1538
1298880764 -8.65008 41.1538
1298880765 -8.64997 41.1538
1298880766 -8.64984 41.1539
1298880767 -8.64968 41.1539
1298880768 -8.64954 41.154
1298880769 -8.6494 41.154
1298880770 -8.64926 41.154
1298880771 -8.64913 41.1541
1298880772 -8.64902 41.1541
1298880773 -8.64891 41.1541
1298880774 -8.6488 41.1541
1298880775 -8.64872 41.1541
1298880776 -8.64865 41.1541
1298880777 -8.6486 41.1541
1298880778 -8.64858 41.1541
1298880779 -8.64857 41.1541
1298880780 -8.64856 41.1541
1298880783 -8.64853 41.1541
1298880784 -8.64848 41.1541
1298880785 -8.64841 41.1541
1298880786 -8.64832 41.1541
1298880787 -8.64822 41.1541
1298880788 -8.64808 41.1541
1298880789 -8.64794 41.1541
1298880790 -8.64778 41.1542
1298880791 -8.64761 41.1542
1298880792 -8.64745 41.1542
1298880793 -8.64729 41.1542
1298880794 -8.64714 41.1542
1298880795 -8.64698 41.1542
1298880796 -8.64683 41.1542
1298880797 -8.64667 41.1542
1298880798 -8.64653 41.1542
1298880799 -8.64638 41.1542
1298880800 -8.64626 41.1542
1298880801 -8.64616 41.1542
1298880802 -8.64607 41.1542
1298880803 -8.64604 41.1542
1298880804 -8.646 41.1542
1298880805 -8.64598 41.1542
1298880806 -8.64595 41.1541
1298880807 -8.64594 41.1541
1298880808 -8.64594 41.154
1298880809 -8.64594 41.1539
1298880810 -8.64593 41.1538
1298880811 -8.64592 41.1538
1298880812 -8.64589 41.1537
1298880813 -8.64585 41.1537
1298880814 -8.64581 41.1536
1298880815 -8.64577 41.1535
1298880816 -8.64572 41.1535
1298880817 -8.64566 41.1534
1298880818 -8.64561 41.1534
1298880819 -8.64556 41.1533
1298880820 -8.64552 41.1533
1298880821 -8.64547 41.1533
1298880822 -8.64545 41.1533
1298880823 -8.64542 41.1533
1298880824 -8.64541 41.1533
1298880828 -8.64542 41.1532
1298880829 -8.64543 41.1532
1298880831 -8.6454 41.1532
1298880832 -8.64536 41.1532
1298880833 -8.64532 41.1532
1298880834 -8.64528 41.1531
1298880835 -8.64526 41.1531
1298880836 -8.64523 41.153
1298880837 -8.64521 41.153
1298880838 -8.6452 41.1529
1298880839 -8.64519 41.1529
1298880840 -8.64518 41.1529
1298880841 -8.64516 41.1529
1298880842 -8.64515 41.1529
1298880845 -8.64517 41.1529
1298880852 -8.64518 41.153
1298880855 -8.64533 41.1532
1298880857 -8.64551 41.1533
1298880858 -8.64559 41.1534
1298880859 -8.64568 41.1534
1298880860 -8.64575 41.1535
1298880862 -8.64588 41.1537
1298880863 -8.64593 41.1537
1298880864 -8.64597 41.1538
1298880865 -8.64598 41.1539
1298880866 -8.64598 41.154
1298880867 -8.64599 41.1541
1298880868 -8.64599 41.1542
1298880870 -8.646 41.1543
1298880871 -8.64599 41.1543
1298880872 -8.64598 41.1543
1298880873 -8.64594 41.1543
1298880874 -8.64589 41.1543
1298880875 -8.64581 41.1543
1298880876 -8.64574 41.1543
1298880877 -8.64565 41.1544
1298880878 -8.64553 41.1544
1298880879 -8.64536 41.1544
1298880880 -8.64523 41.1544
1298880881 -8.6451 41.1544
1298880882 -8.64496 41.1545
1298880883 -8.64479 41.1545
1298880884 -8.64464 41.1545
1298880885 -8.64446 41.1545
1298880886 -8.64431 41.1545
1298880887 -8.64416 41.1545
1298880888 -8.64402 41.1545
1298880889 -8.64391 41.1545
1298880890 -8.6438 41.1544
1298880891 -8.64361 41.1544
1298880892 -8.6434 41.1543
1298880893 -8.64325 41.1543
1298880894 -8.6431 41.1543
1298880895 -8.64295 41.1542
1298880896 -8.64281 41.1542
1298880897 -8.64266 41.1541
1298880898 -8.64251 41.1541
1298880899 -8.64238 41.1541
1298880900 -8.64222 41.154
1298880901 -8.64205 41.154
1298880902 -8.64189 41.1539
1298880903 -8.64171 41.1539
1298880904 -8.64153 41.1538
1298880905 -8.64133 41.1538
1298880906 -8.64115 41.1537
1298880907 -8.64097 41.1536
1298880908 -8.6408 41.1536
1298880909 -8.64064 41.1535
1298880910 -8.64047 41.1535
1298880911 -8.64029 41.1535
1298880912 -8.6401 41.1534
1298880913 -8.63991 41.1534
1298880914 -8.63972 41.1533
1298880915 -8.63954 41.1533
1298880916 -8.63935 41.1532
1298880917 -8.63916 41.1532
1298880918 -8.63897 41.1531
1298880919 -8.63879 41.1531
1298880920 -8.6386 41.153
1298880921 -8.63838 41.153
1298880922 -8.63818 41.153
1298880923 -8.63799 41.1529
1298880924 -8.63782 41.1529
1298880925 -8.63766 41.1529
1298880926 -8.63749 41.1528
1298880927 -8.63732 41.1528
1298880928 -8.63714 41.1527
1298880929 -8.63694 41.1527
1298880930 -8.63674 41.1526
1298880931 -8.63654 41.1526
1298880932 -8.63634 41.1525
1298880933 -8.63612 41.1525
1298880934 -8.63591 41.1524
1298880935 -8.6357 41.1524
1298880936 -8.63548 41.1524
1298880937 -8.63527 41.1524
1298880938 -8.63506 41.1524
1298880939 -8.63487 41.1524
1298880940 -8.63468 41.1524
1298880941 -8.6345 41.1524
1298880942 -8.63432 41.1524
1298880943 -8.63414 41.1525
1298880944 -8.63397 41.1525
1298880945 -8.6338 41.1525
1298880946 -8.63363 41.1525
1298880947 -8.63348 41.1526
1298880948 -8.63333 41.1526
1298880949 -8.6332 41.1526
1298880950 -8.63308 41.1526
1298880951 -8.63297 41.1526
1298880952 -8.63288 41.1526
1298880953 -8.6328 41.1526
1298880954 -8.63273 41.1527
1298880955 -8.63266 41.1527
1298880956 -8.63259 41.1527
1298880957 -8.63255 41.1527
1298880958 -8.63252 41.1527
1298880959 -8.63251 41.1527
1298880964 -8.63253 41.1527
1298880974 -8.63254 41.1527
1298880976 -8.63254 41.1526
1298880988 -8.63253 41.1526
1298880994 -8.63252 41.1526
1298881019 -8.63251 41.1526
1298881020 -8.63249 41.1526
1298881021 -8.63243 41.1526
1298881022 -8.63239 41.1526
1298881023 -8.63233 41.1526
1298881024 -8.63227 41.1526
1298881025 -8.63218 41.1526
1298881026 -8.63209 41.1526
1298881027 -8.63198 41.1526
1298881028 -8.63188 41.1526
1298881029 -8.63176 41.1526
1298881030 -8.63166 41.1526
1298881031 -8.63155 41.1526
1298881032 -8.63143 41.1526
1298881033 -8.6313 41.1526
1298881034 -8.63115 41.1526
1298881035 -8.63101 41.1526
1298881036 -8.63087 41.1526
1298881037 -8.63073 41.1526
1298881038 -8.63059 41.1526
1298881039 -8.63045 41.1525
1298881040 -8.6303 41.1525
1298881041 -8.63015 41.1525
1298881042 -8.62999 41.1525
1298881043 -8.62984 41.1525
1298881044 -8.62969 41.1525
1298881045 -8.62955 41.1525
1298881046 -8.62942 41.1525
1298881047 -8.6293 41.1525
1298881048 -8.62919 41.1525
1298881049 -8.62911 41.1525
1298881050 -8.62903 41.1525
1298881051 -8.62896 41.1525
1298881052 -8.62889 41.1525
1298881053 -8.62882 41.1525
1298881054 -8.62875 41.1525
1298881055 -8.62868 41.1525
1298881056 -8.6286 41.1525
1298881057 -8.62852 41.1525
1298881058 -8.62842 41.1524
1298881059 -8.6283 41.1524
1298881060 -8.62817 41.1524
1298881061 -8.62801 41.1524
1298881062 -8.62786 41.1524
1298881063 -8.62772 41.1524
1298881064 -8.6276 41.1524
1298881065 -8.62749 41.1524
1298881066 -8.62739 41.1524
1298881067 -8.62728 41.1524
1298881068 -8.62717 41.1524
1298881069 -8.62707 41.1524
1298881070 -8.62697 41.1524
1298881071 -8.62688 41.1524
1298881072 -8.6268 41.1524
1298881073 -8.62673 41.1524
1298881074 -8.62668 41.1525
1298881075 -8.62666 41.1525
1298881076 -8.62665 41.1525
1298881085 -8.62667 41.1525
1298881094 -8.62668 41.1524
1298881106 -8.62663 41.1525
1298881107 -8.62658 41.1525
1298881108 -8.62654 41.1525
1298881109 -8.62649 41.1525
1298881110 -8.62644 41.1525
1298881111 -8.62638 41.1525
1298881112 -8.62632 41.1525
1298881113 -8.62627 41.1525
1298881114 -8.62621 41.1525
1298881115 -8.62618 41.1524
1298881116 -8.62614 41.1523
1298881117 -8.62609 41.1522
1298881118 -8.62606 41.152
1298881119 -8.62601 41.1519
1298881120 -8.62596 41.1517
1298881121 -8.62592 41.1516
1298881122 -8.62587 41.1515
1298881123 -8.62585 41.1514
1298881124 -8.62585 41.1512
1298881125 -8.62588 41.1511
1298881126 -8.62591 41.151
1298881127 -8.62593 41.1509
1298881128 -8.62594 41.1508
1298881129 -8.62593 41.1507
1298881130 -8.62591 41.1506
1298881131 -8.62588 41.1505
1298881132 -8.62584 41.1504
1298881133 -8.62581 41.1502
1298881134 -8.62577 41.1501
1298881135 -8.62574 41.1499
1298881136 -8.6257 41.1498
1298881137 -8.62566 41.1496
1298881138 -8.62563 41.1495
1298881139 -8.62559 41.1493
1298881140 -8.62557 41.1492
1298881141 -8.62556 41.1491
1298881142 -8.62554 41.1491
1298881143 -8.62553 41.149
1298881144 -8.62551 41.1489
1298881145 -8.6255 41.1488
1298881146 -8.62548 41.1488
1298881147 -8.62547 41.1487
1298881148 -8.62542 41.1486
1298881149 -8.62536 41.1485
1298881150 -8.62527 41.1485
1298881151 -8.62517 41.1485
1298881152 -8.62505 41.1484
1298881153 -8.62493 41.1484
1298881154 -8.6248 41.1484
1298881155 -8.62467 41.1483
1298881156 -8.62456 41.1483
1298881157 -8.62441 41.1482
1298881158 -8.62425 41.1482
1298881159 -8.6241 41.1481
1298881160 -8.62393 41.1481
1298881161 -8.62375 41.148
1298881162 -8.62356 41.148
1298881163 -8.62338 41.1479
1298881164 -8.6232 41.1479
1298881165 -8.62303 41.1479
1298881166 -8.62286 41.1478
1298881167 -8.62275 41.1478
1298881168 -8.62265 41.1477
1298881169 -8.62253 41.1477
1298881170 -8.62243 41.1477
1298881171 -8.62234 41.1477
1298881172 -8.62227 41.1477
1298881173 -8.62219 41.1476
1298881174 -8.62213 41.1476
1298881175 -8.62205 41.1476
1298881176 -8.62197 41.1476
1298881177 -8.62189 41.1476
1298881178 -8.62181 41.1476
1298881179 -8.62171 41.1475
1298881180 -8.6216 41.1475
1298881181 -8.6215 41.1475
1298881182 -8.62138 41.1475
1298881183 -8.62126 41.1475
1298881184 -8.62115 41.1474
1298881185 -8.62103 41.1474
1298881186 -8.62091 41.1474
1298881187 -8.62079 41.1474
1298881188 -8.62069 41.1474
1298881189 -8.62059 41.1474
1298881190 -8.62051 41.1473
1298881191 -8.62045 41.1473
1298881192 -8.62041 41.1473
1298881193 -8.62038 41.1472
1298881194 -8.62036 41.1471
1298881195 -8.62035 41.1471
1298881196 -8.62035 41.147
1298881197 -8.62034 41.147
1298881200 -8.62033 41.1469
