:break:
1298880072 -8.58013 41.1594
1298880073 -8.58014 41.1594
1298880078 -8.58012 41.1594
1298880080 -8.58011 41.1594
1298880085 -8.5801 41.1593
1298880088 -8.58011 41.1593
1298880092 -8.58012 41.1593
1298880096 -8.58013 41.1593
1298880129 -8.5801 41.1594
1298880132 -8.58009 41.1594
1298880134 -8.58008 41.1594
1298880139 -8.58007 41.1594
1298880143 -8.58006 41.1594
1298880208 -8.58008 41.1595
1298880226 -8.58009 41.1595
1298880250 -8.58005 41.1594
1298880258 -8.58004 41.1594
1298880261 -8.58003 41.1594
1298880266 -8.58002 41.1594
1298880268 -8.58001 41.1594
1298880273 -8.58 41.1594
1298880276 -8.58 41.1595
1298880278 -8.57999 41.1595
1298880281 -8.57998 41.1595
1298880282 -8.57997 41.1595
1298880284 -8.57996 41.1595
1298880285 -8.57995 41.1595
1298880287 -8.57994 41.1595
1298880317 -8.58001 41.1595
1298880320 -8.58002 41.1595
1298880323 -8.58003 41.1595
1298880325 -8.58004 41.1595
1298880328 -8.58005 41.1595
1298880457 -8.58015 41.1594
1298880458 -8.58017 41.1594
1298880459 -8.58019 41.1594
1298880461 -8.58021 41.1594
1298880463 -8.58022 41.1594
1298880464 -8.58023 41.1594
1298880467 -8.58024 41.1594
1298880473 -8.58024 41.1593
1298880498 -8.58023 41.1593
1298880520 -8.58025 41.1593
1298880548 -8.58025 41.1594
1298880550 -8.58026 41.1594
1298880571 -8.58028 41.1594
1298880573 -8.58029 41.1594
1298880574 -8.5803 41.1594
1298880581 -8.58029 41.1593
1298880583 -8.5803 41.1593
1298880588 -8.58031 41.1594
1298880590 -8.58032 41.1594
1298880599 -8.58033 41.1594
1298880649 -8.58031 41.1593
1298880694 -8.58028 41.1593
1298880786 -8.58027 41.1593
1298880909 -8.58034 41.1593
1298880910 -8.58039 41.1593
1298880911 -8.58045 41.1593
1298880912 -8.58051 41.1593
1298880913 -8.58056 41.1594
1298880914 -8.58062 41.1594
1298880915 -8.58065 41.1594
1298880916 -8.58068 41.1594
1298880917 -8.58069 41.1594
1298880918 -8.5807 41.1594
1298880919 -8.58071 41.1594
1298880921 -8.58072 41.1594
1298880922 -8.58074 41.1594
1298880923 -8.58076 41.1594
1298880924 -8.5808 41.1594
1298880925 -8.58085 41.1594
1298880926 -8.58092 41.1594
1298880927 -8.581 41.1594
1298880928 -8.58105 41.1594
1298880929 -8.58111 41.1594
1298880930 -8.5812 41.1594
1298880931 -8.58129 41.1594
1298880932 -8.58139 41.1593
1298880933 -8.58149 41.1593
1298880934 -8.5816 41.1593
1298880935 -8.58172 41.1593
1298880936 -8.58182 41.1592
1298880937 -8.58189 41.1592
1298880938 -8.58194 41.1591
1298880939 -8.58198 41.159
1298880940 -8.582 41.159
1298880943 -8.58201 41.1589
1298880944 -8.58203 41.1589
1298880945 -8.58205 41.1589
1298880946 -8.58207 41.1588
1298880947 -8.5821 41.1588
1298880948 -8.58215 41.1588
1298880949 -8.5822 41.1588
1298880950 -8.58226 41.1588
1298880951 -8.58228 41.1588
1298880952 -8.58229 41.1588
1298880953 -8.58232 41.1588
1298880954 -8.58235 41.1588
1298880955 -8.58237 41.1588
1298880956 -8.5824 41.1588
1298880957 -8.58244 41.1588
:break:
1298880964 -8.58258 41.1588
1298880965 -8.58263 41.1588
1298880966 -8.58277 41.1589
1298880967 -8.58288 41.1589
1298880968 -8.58296 41.1589
1298880969 -8.58292 41.1589
1298880970 -8.5829 41.159
1298880971 -8.58288 41.1591
1298880972 -8.58283 41.1591
1298880973 -8.5828 41.1592
1298880974 -8.58276 41.1593
1298880975 -8.58272 41.1594
1298880976 -8.58269 41.1594
1298880977 -8.58265 41.1595
1298880978 -8.58263 41.1596
1298880979 -8.58259 41.1597
1298880980 -8.58255 41.1598
1298880981 -8.58252 41.1599
1298880982 -8.58249 41.16
1298880983 -8.58245 41.16
1298880984 -8.58242 41.1601
1298880985 -8.58238 41.1602
1298880986 -8.58235 41.1603
1298880987 -8.5823 41.1604
1298880988 -8.58225 41.1606
1298880989 -8.5822 41.1607
1298880990 -8.58215 41.1608
1298880991 -8.58209 41.1609
1298880992 -8.58205 41.1611
1298880993 -8.582 41.1612
1298880994 -8.58198 41.1613
1298880995 -8.58194 41.1613
1298880996 -8.58191 41.1614
1298880997 -8.58189 41.1615
1298880998 -8.58187 41.1617
1298880999 -8.58186 41.1618
1298881000 -8.58186 41.1619
1298881001 -8.58189 41.162
1298881002 -8.58193 41.1621
1298881003 -8.58199 41.1623
1298881004 -8.58206 41.1624
1298881005 -8.58214 41.1625
1298881006 -8.58223 41.1626
1298881007 -8.58235 41.1627
1298881008 -8.58247 41.1628
1298881009 -8.58261 41.1629
1298881010 -8.58274 41.1629
1298881011 -8.58289 41.163
1298881012 -8.58302 41.163
1298881013 -8.58316 41.1631
1298881014 -8.58327 41.1631
1298881015 -8.58337 41.1631
1298881016 -8.58345 41.1631
1298881017 -8.58352 41.1632
1298881018 -8.58356 41.1632
1298881019 -8.58358 41.1632
1298881020 -8.5836 41.1632
1298881025 -8.58359 41.1632
1298881056 -8.58361 41.1632
1298881065 -8.58363 41.1632
1298881066 -8.58369 41.1632
1298881067 -8.58376 41.1632
1298881068 -8.58385 41.1632
1298881069 -8.58393 41.1632
1298881070 -8.58401 41.1632
1298881071 -8.58411 41.1632
1298881072 -8.58423 41.1631
1298881073 -8.58436 41.1631
1298881074 -8.58451 41.1631
1298881075 -8.58465 41.163
1298881076 -8.5848 41.163
1298881077 -8.58499 41.163
1298881078 -8.58517 41.163
1298881079 -8.58535 41.163
1298881080 -8.58553 41.1631
1298881081 -8.58571 41.1632
1298881082 -8.58589 41.1632
1298881083 -8.58608 41.1633
1298881084 -8.58627 41.1633
1298881085 -8.58648 41.1634
1298881086 -8.58668 41.1634
1298881087 -8.58687 41.1635
1298881088 -8.58706 41.1636
1298881089 -8.58724 41.1636
1298881090 -8.5874 41.1637
1298881091 -8.58757 41.1637
1298881092 -8.5877 41.1638
1298881093 -8.58781 41.1638
1298881094 -8.58791 41.1638
1298881095 -8.588 41.1639
1298881096 -8.58807 41.1639
1298881097 -8.58815 41.1639
1298881098 -8.58822 41.1639
1298881099 -8.5883 41.164
1298881100 -8.58839 41.164
1298881101 -8.58847 41.164
1298881102 -8.58855 41.164
1298881103 -8.58863 41.1641
1298881104 -8.58871 41.1641
1298881105 -8.58877 41.1641
1298881106 -8.58882 41.1641
1298881107 -8.58883 41.1642
1298881108 -8.58884 41.1642
1298881115 -8.58883 41.1641
1298881122 -8.58881 41.1641
1298881131 -8.5888 41.1641
1298881176 -8.58882 41.1642
1298881178 -8.58885 41.1642
1298881179 -8.5889 41.1642
1298881180 -8.58896 41.1642
1298881181 -8.58902 41.1642
1298881182 -8.5891 41.1642
1298881183 -8.58918 41.1643
1298881184 -8.58927 41.1643
1298881185 -8.58937 41.1643
1298881186 -8.58947 41.1644
1298881187 -8.58958 41.1644
1298881188 -8.5897 41.1645
1298881189 -8.58982 41.1645
1298881190 -8.58993 41.1645
1298881191 -8.59004 41.1646
1298881192 -8.59014 41.1646
1298881193 -8.59022 41.1647
1298881194 -8.59028 41.1647
1298881195 -8.59036 41.1647
1298881196 -8.59045 41.1648
1298881197 -8.59054 41.1648
1298881198 -8.59063 41.1649
1298881199 -8.59073 41.1649
1298881200 -8.59082 41.165
