:break:
1298880021 -8.60285 41.1797
1298880022 -8.60286 41.1797
1298880023 -8.60287 41.1797
1298880024 -8.60288 41.1797
1298880025 -8.60289 41.1797
1298880026 -8.6029 41.1797
1298880030 -8.60291 41.1797
1298880031 -8.60292 41.1797
1298880032 -8.60292 41.1796
1298880034 -8.60291 41.1796
1298880035 -8.6029 41.1796
1298880082 -8.60289 41.1796
1298880344 -8.60293 41.1797
1298880345 -8.60296 41.1796
1298880346 -8.603 41.1796
1298880347 -8.60306 41.1797
1298880348 -8.60314 41.1797
1298880349 -8.60322 41.1797
1298880350 -8.60332 41.1797
1298880351 -8.60344 41.1798
1298880352 -8.6036 41.1798
1298880353 -8.60376 41.1799
1298880354 -8.60393 41.1799
1298880355 -8.60409 41.1799
1298880356 -8.60425 41.18
1298880357 -8.60441 41.18
1298880358 -8.60457 41.1801
1298880359 -8.60471 41.1801
1298880360 -8.60484 41.1802
1298880361 -8.60494 41.1802
1298880362 -8.60503 41.1802
1298880363 -8.60511 41.1802
1298880364 -8.60517 41.1802
1298880365 -8.60521 41.1801
1298880366 -8.60525 41.18
1298880367 -8.60528 41.18
1298880368 -8.60531 41.1799
1298880369 -8.60537 41.1798
1298880370 -8.60542 41.1796
1298880371 -8.60548 41.1795
1298880372 -8.60556 41.1794
1298880373 -8.60563 41.1793
1298880374 -8.60572 41.1792
1298880375 -8.60581 41.1791
1298880376 -8.6059 41.179
1298880377 -8.60599 41.1789
1298880378 -8.60607 41.1788
1298880379 -8.60616 41.1787
1298880380 -8.60624 41.1786
1298880381 -8.60632 41.1785
1298880382 -8.60641 41.1784
1298880383 -8.60649 41.1783
1298880384 -8.60658 41.1783
1298880385 -8.60666 41.1782
1298880386 -8.60676 41.1781
1298880387 -8.60685 41.178
1298880388 -8.60696 41.1779
1298880389 -8.60706 41.1778
1298880390 -8.60717 41.1777
1298880391 -8.60728 41.1776
1298880392 -8.60738 41.1775
1298880393 -8.60748 41.1774
1298880394 -8.60757 41.1773
1298880395 -8.60766 41.1772
1298880396 -8.60774 41.1771
1298880397 -8.60783 41.1771
1298880398 -8.60793 41.177
1298880399 -8.60802 41.177
1298880400 -8.60811 41.177
1298880401 -8.60821 41.177
1298880402 -8.60831 41.1771
1298880403 -8.60842 41.1771
1298880404 -8.60854 41.1771
1298880405 -8.60866 41.1772
1298880406 -8.60879 41.1772
1298880407 -8.60891 41.1773
1298880408 -8.60901 41.1773
1298880409 -8.60912 41.1773
1298880410 -8.60924 41.1773
1298880411 -8.60936 41.1773
1298880412 -8.60948 41.1773
1298880413 -8.60962 41.1772
1298880414 -8.60977 41.1772
1298880415 -8.60993 41.1772
1298880416 -8.6101 41.1771
1298880417 -8.61028 41.1771
1298880418 -8.61047 41.177
1298880419 -8.61066 41.177
1298880420 -8.61084 41.177
1298880421 -8.61102 41.1769
1298880422 -8.61119 41.1769
1298880423 -8.61136 41.1768
1298880424 -8.61152 41.1768
1298880425 -8.61166 41.1768
1298880426 -8.61178 41.1767
1298880427 -8.61189 41.1767
1298880428 -8.61199 41.1767
1298880429 -8.61209 41.1768
1298880430 -8.61218 41.1768
1298880431 -8.61229 41.1769
1298880432 -8.61242 41.177
1298880433 -8.61256 41.177
1298880434 -8.6127 41.1771
1298880435 -8.61286 41.1771
1298880436 -8.61301 41.1772
1298880437 -8.61315 41.1773
1298880438 -8.6133 41.1773
1298880439 -8.61343 41.1774
1298880440 -8.61356 41.1774
1298880441 -8.61367 41.1775
1298880442 -8.61376 41.1775
1298880443 -8.61384 41.1775
1298880444 -8.6139 41.1776
1298880445 -8.61394 41.1776
1298880446 -8.61395 41.1776
1298880451 -8.61393 41.1776
1298880453 -8.61392 41.1776
1298880455 -8.61391 41.1776
1298880459 -8.61389 41.1777
1298880462 -8.61388 41.1777
1298880466 -8.61387 41.1777
1298880476 -8.6139 41.1777
1298880494 -8.61393 41.1777
1298880509 -8.61394 41.1777
1298880512 -8.61395 41.1777
1298880525 -8.61396 41.1776
1298880526 -8.61398 41.1776
1298880527 -8.61402 41.1777
1298880528 -8.61407 41.1777
1298880529 -8.61415 41.1777
1298880530 -8.61424 41.1777
1298880531 -8.61436 41.1777
1298880532 -8.61448 41.1778
1298880533 -8.61461 41.1778
1298880534 -8.61475 41.1778
1298880535 -8.6149 41.1779
1298880536 -8.61504 41.1779
1298880537 -8.61519 41.178
1298880538 -8.61532 41.178
1298880539 -8.61547 41.178
1298880540 -8.61561 41.1781
1298880541 -8.61575 41.1781
1298880542 -8.6159 41.1781
1298880543 -8.61605 41.1782
1298880544 -8.61622 41.1782
1298880545 -8.61638 41.1782
1298880546 -8.61655 41.1782
1298880547 -8.61672 41.1783
1298880548 -8.61689 41.1783
1298880549 -8.61706 41.1783
1298880550 -8.61722 41.1784
1298880551 -8.61738 41.1784
1298880552 -8.61755 41.1784
1298880553 -8.61772 41.1785
1298880554 -8.61789 41.1785
1298880555 -8.61805 41.1785
1298880556 -8.61819 41.1786
1298880557 -8.61833 41.1786
1298880558 -8.61844 41.1786
1298880559 -8.61853 41.1786
1298880560 -8.61862 41.1786
1298880561 -8.61869 41.1785
1298880562 -8.61873 41.1785
1298880563 -8.6188 41.1784
1298880564 -8.61887 41.1783
1298880565 -8.61894 41.1782
1298880566 -8.61901 41.1781
1298880567 -8.61909 41.178
1298880568 -8.61917 41.1779
1298880569 -8.61925 41.1778
1298880570 -8.61933 41.1777
1298880571 -8.61941 41.1776
1298880572 -8.61949 41.1774
1298880573 -8.61957 41.1773
1298880574 -8.61966 41.1772
1298880575 -8.61974 41.1771
1298880576 -8.61982 41.177
1298880577 -8.6199 41.1769
1298880578 -8.61997 41.1768
1298880579 -8.62003 41.1767
1298880580 -8.62007 41.1767
1298880581 -8.62012 41.1766
1298880582 -8.62016 41.1766
1298880583 -8.62023 41.1766
1298880584 -8.62031 41.1766
1298880585 -8.62042 41.1767
1298880586 -8.62053 41.1767
1298880587 -8.62068 41.1767
1298880588 -8.62083 41.1768
1298880589 -8.62099 41.1768
1298880590 -8.62115 41.1768
1298880591 -8.62132 41.1769
1298880592 -8.62146 41.1769
1298880593 -8.6216 41.177
1298880594 -8.62175 41.177
1298880595 -8.62191 41.177
1298880596 -8.62206 41.1771
1298880597 -8.62223 41.1771
1298880598 -8.6224 41.1772
1298880599 -8.62256 41.1772
1298880600 -8.62272 41.1772
1298880601 -8.62289 41.1773
1298880602 -8.62308 41.1773
1298880603 -8.62324 41.1774
1298880604 -8.6234 41.1774
1298880605 -8.62356 41.1775
1298880606 -8.62371 41.1775
1298880607 -8.62385 41.1775
1298880608 -8.62395 41.1775
1298880609 -8.62406 41.1776
1298880610 -8.62416 41.1777
1298880611 -8.62426 41.1777
1298880612 -8.62432 41.1778
1298880613 -8.62439 41.1778
1298880614 -8.62445 41.1778
1298880615 -8.62448 41.1778
1298880616 -8.62452 41.1778
1298880617 -8.62456 41.1778
1298880618 -8.6246 41.1778
1298880619 -8.62464 41.1777
1298880620 -8.62466 41.1777
1298880621 -8.62468 41.1776
1298880622 -8.62472 41.1776
1298880623 -8.62475 41.1775
1298880624 -8.62481 41.1775
1298880625 -8.62487 41.1774
1298880626 -8.62493 41.1773
1298880627 -8.625 41.1772
1298880628 -8.62505 41.1771
1298880629 -8.6251 41.1771
1298880630 -8.62515 41.177
1298880631 -8.62519 41.1769
1298880632 -8.62524 41.1768
1298880633 -8.62529 41.1768
1298880634 -8.62537 41.1767
1298880635 -8.62547 41.1766
1298880636 -8.62558 41.1766
1298880637 -8.62569 41.1765
1298880638 -8.62579 41.1765
1298880639 -8.62592 41.1765
1298880640 -8.62603 41.1764
1298880641 -8.62615 41.1764
1298880642 -8.62627 41.1763
1298880643 -8.6264 41.1763
1298880644 -8.62654 41.1763
1298880645 -8.62667 41.1762
1298880646 -8.62682 41.1762
1298880647 -8.62698 41.1762
1298880648 -8.62713 41.1761
1298880649 -8.62728 41.1761
1298880650 -8.62742 41.176
1298880651 -8.62753 41.176
1298880652 -8.62763 41.176
1298880653 -8.6277 41.176
1298880654 -8.62775 41.1759
1298880655 -8.62779 41.1759
1298880656 -8.62781 41.1759
1298880657 -8.62782 41.1759
1298880658 -8.62784 41.1759
1298880659 -8.62785 41.1759
1298880661 -8.62784 41.1758
1298880662 -8.62782 41.1758
1298880663 -8.62781 41.1758
1298880664 -8.62781 41.1757
1298880668 -8.62781 41.1756
1298880670 -8.6278 41.1756
1298880673 -8.62779 41.1756
1298880684 -8.62778 41.1756
1298880697 -8.62777 41.1756
1298880718 -8.62776 41.1756
1298880726 -8.62775 41.1756
1298880731 -8.62774 41.1756
1298880739 -8.62773 41.1756
1298880861 -8.62774 41.1755
1298880862 -8.62773 41.1755
1298880904 -8.62772 41.1755
1298881048 -8.62775 41.1755
1298881080 -8.62776 41.1755
1298881200 -8.62774 41.1755
