:break:
1298880022 -8.61221 41.1728
1298880034 -8.6122 41.1728
1298880036 -8.61219 41.1728
1298880039 -8.61218 41.1728
1298880041 -8.61218 41.1727
1298880044 -8.61217 41.1727
1298880072 -8.61216 41.1727
1298880076 -8.61216 41.1728
1298880081 -8.61217 41.1728
1298880113 -8.61222 41.1728
1298880120 -8.61221 41.1727
1298880127 -8.6122 41.1727
1298880133 -8.61219 41.1727
1298880145 -8.61215 41.1727
1298880154 -8.61214 41.1727
1298880155 -8.61214 41.1728
1298880158 -8.61215 41.1728
1298880205 -8.61223 41.1728
1298880207 -8.61223 41.1727
1298880208 -8.61224 41.1727
1298880213 -8.61225 41.1727
1298880215 -8.61226 41.1727
1298880217 -8.61227 41.1727
1298880219 -8.61228 41.1727
1298880290 -8.61224 41.1728
1298880291 -8.61225 41.1728
1298880292 -8.61227 41.1728
1298880293 -8.6123 41.1728
1298880294 -8.61233 41.1728
1298880295 -8.61237 41.1728
1298880296 -8.61242 41.1728
1298880297 -8.61245 41.1728
1298880298 -8.6125 41.1728
1298880299 -8.61253 41.1728
1298880300 -8.61257 41.1728
1298880301 -8.6126 41.1728
1298880302 -8.61266 41.1728
1298880303 -8.61276 41.1728
1298880304 -8.6128 41.1729
1298880305 -8.61283 41.1729
1298880306 -8.61285 41.173
1298880307 -8.61287 41.1731
1298880308 -8.6129 41.1731
1298880309 -8.61294 41.1732
1298880310 -8.61298 41.1733
1298880311 -8.61302 41.1734
1298880312 -8.61305 41.1735
1298880313 -8.61309 41.1735
1298880314 -8.61313 41.1736
1298880315 -8.61315 41.1737
1298880316 -8.6132 41.1738
1298880317 -8.61323 41.1739
1298880318 -8.61326 41.174
1298880319 -8.61328 41.174
1298880320 -8.6133 41.1741
1298880321 -8.61329 41.1741
1298880322 -8.61325 41.1742
1298880323 -8.61324 41.1742
1298880324 -8.61323 41.1743
1298880325 -8.61325 41.1744
1298880326 -8.61327 41.1745
1298880327 -8.61331 41.1746
1298880328 -8.61334 41.1746
1298880329 -8.61338 41.1747
1298880330 -8.61343 41.1748
1298880331 -8.61348 41.1748
1298880332 -8.61355 41.1748
1298880333 -8.61362 41.1748
1298880334 -8.61371 41.1748
1298880335 -8.61381 41.1748
1298880336 -8.61391 41.1748
1298880337 -8.61403 41.1747
1298880338 -8.61416 41.1747
1298880339 -8.6143 41.1747
1298880340 -8.61446 41.1746
1298880341 -8.61461 41.1746
1298880342 -8.61477 41.1746
1298880343 -8.61494 41.1745
1298880344 -8.61511 41.1745
1298880345 -8.61529 41.1745
1298880346 -8.61547 41.1744
1298880347 -8.61566 41.1744
1298880348 -8.61585 41.1744
1298880349 -8.61605 41.1743
1298880350 -8.61624 41.1743
1298880351 -8.61644 41.1743
1298880352 -8.61664 41.1742
1298880353 -8.61683 41.1742
1298880354 -8.61702 41.1742
1298880355 -8.61722 41.1742
1298880356 -8.61741 41.1741
1298880357 -8.61761 41.1741
1298880358 -8.6178 41.1741
1298880359 -8.618 41.174
1298880360 -8.61818 41.174
1298880361 -8.61838 41.174
1298880362 -8.61857 41.1739
1298880363 -8.61877 41.1739
1298880364 -8.61897 41.1739
1298880365 -8.61917 41.1739
1298880366 -8.61936 41.1738
1298880367 -8.61957 41.1738
1298880368 -8.61978 41.1738
1298880369 -8.61998 41.1738
1298880370 -8.62019 41.1737
1298880371 -8.6204 41.1737
1298880372 -8.6206 41.1737
1298880373 -8.62082 41.1737
1298880374 -8.62104 41.1737
1298880375 -8.62125 41.1736
1298880376 -8.62147 41.1736
1298880377 -8.62169 41.1736
1298880378 -8.62192 41.1736
1298880379 -8.62215 41.1735
1298880380 -8.62239 41.1735
1298880381 -8.62262 41.1735
1298880382 -8.62285 41.1735
1298880383 -8.62309 41.1734
1298880384 -8.62332 41.1734
1298880385 -8.62356 41.1734
1298880386 -8.62379 41.1734
1298880387 -8.62402 41.1734
1298880388 -8.62427 41.1733
1298880389 -8.62451 41.1733
1298880390 -8.62475 41.1733
1298880391 -8.625 41.1733
1298880392 -8.62525 41.1732
1298880393 -8.6255 41.1732
1298880394 -8.62575 41.1732
1298880395 -8.62601 41.1732
1298880396 -8.62625 41.1731
1298880397 -8.62649 41.1731
1298880398 -8.62673 41.1731
1298880399 -8.62697 41.1731
1298880400 -8.6272 41.173
1298880401 -8.62744 41.173
1298880402 -8.62767 41.173
1298880403 -8.6279 41.1729
1298880404 -8.62814 41.1729
1298880405 -8.62836 41.1729
1298880406 -8.62859 41.1728
1298880407 -8.62881 41.1728
1298880408 -8.62904 41.1727
1298880409 -8.62926 41.1727
1298880410 -8.62949 41.1726
1298880411 -8.62971 41.1726
1298880412 -8.62994 41.1726
1298880413 -8.63016 41.1725
1298880414 -8.63039 41.1725
1298880415 -8.63061 41.1724
1298880416 -8.63084 41.1724
1298880417 -8.63107 41.1723
1298880418 -8.63131 41.1723
1298880419 -8.63153 41.1722
1298880420 -8.63176 41.1722
1298880421 -8.63199 41.1721
1298880422 -8.63222 41.1721
1298880423 -8.63245 41.172
1298880424 -8.63267 41.172
1298880425 -8.6329 41.1719
1298880426 -8.63312 41.1719
1298880427 -8.63333 41.1718
1298880428 -8.63355 41.1718
1298880429 -8.63376 41.1718
1298880430 -8.63398 41.1717
1298880431 -8.6342 41.1717
1298880432 -8.63441 41.1716
1298880433 -8.63463 41.1716
1298880434 -8.63484 41.1715
1298880435 -8.63505 41.1715
1298880436 -8.63525 41.1714
1298880437 -8.63546 41.1714
1298880438 -8.63567 41.1713
1298880439 -8.63589 41.1713
1298880440 -8.63609 41.1712
1298880441 -8.63631 41.1711
1298880442 -8.63651 41.171
1298880443 -8.63672 41.171
1298880444 -8.63691 41.1709
1298880445 -8.63711 41.1708
1298880446 -8.63731 41.1707
1298880447 -8.6375 41.1706
1298880448 -8.63769 41.1705
1298880449 -8.63787 41.1704
1298880450 -8.63804 41.1703
1298880451 -8.63822 41.1702
1298880452 -8.63838 41.1701
1298880453 -8.63854 41.17
1298880454 -8.63871 41.1699
1298880455 -8.63887 41.1697
1298880456 -8.63903 41.1696
1298880457 -8.6392 41.1695
1298880458 -8.63937 41.1694
1298880459 -8.63954 41.1693
1298880460 -8.63971 41.1692
1298880461 -8.63988 41.169
1298880462 -8.64005 41.1689
1298880463 -8.64023 41.1688
1298880464 -8.6404 41.1687
1298880465 -8.64058 41.1686
1298880466 -8.64077 41.1685
1298880467 -8.64097 41.1685
1298880468 -8.64116 41.1684
1298880469 -8.64136 41.1684
1298880470 -8.64157 41.1684
1298880471 -8.64176 41.1684
1298880472 -8.64196 41.1684
1298880473 -8.64214 41.1683
1298880474 -8.6423 41.1683
1298880475 -8.64246 41.1683
1298880476 -8.64259 41.1683
1298880477 -8.64272 41.1682
1298880478 -8.64284 41.1682
1298880479 -8.64297 41.1682
1298880480 -8.6431 41.1682
1298880481 -8.64321 41.1683
1298880482 -8.64332 41.1684
1298880483 -8.64343 41.1684
1298880484 -8.64353 41.1685
1298880485 -8.64363 41.1686
1298880486 -8.64372 41.1687
1298880487 -8.64378 41.1688
1298880488 -8.64382 41.1688
1298880489 -8.64385 41.1689
1298880490 -8.64384 41.169
1298880491 -8.64381 41.169
1298880492 -8.64374 41.1691
1298880493 -8.64366 41.1692
1298880494 -8.64357 41.1693
1298880495 -8.64348 41.1693
1298880496 -8.64338 41.1694
1298880497 -8.64329 41.1695
1298880498 -8.6432 41.1696
1298880499 -8.64311 41.1697
1298880500 -8.64304 41.1697
1298880501 -8.64298 41.1698
1298880502 -8.64292 41.1698
1298880503 -8.64288 41.1699
1298880504 -8.64283 41.1699
1298880505 -8.64279 41.17
1298880506 -8.64275 41.17
1298880507 -8.64273 41.17
1298880508 -8.6427 41.17
1298880509 -8.64268 41.17
1298880510 -8.64267 41.17
1298880511 -8.64266 41.17
1298880520 -8.64267 41.1701
1298880522 -8.64266 41.1701
1298880587 -8.64268 41.1701
1298880592 -8.64269 41.17
1298880621 -8.64265 41.1701
1298880622 -8.64261 41.1701
1298880623 -8.64257 41.1702
1298880624 -8.64253 41.1702
1298880625 -8.64248 41.1703
1298880626 -8.64241 41.1703
1298880627 -8.64235 41.1704
1298880628 -8.64228 41.1705
1298880629 -8.64221 41.1705
1298880630 -8.64216 41.1706
1298880631 -8.64212 41.1706
1298880632 -8.64212 41.1707
1298880633 -8.64217 41.1707
1298880634 -8.64222 41.1707
1298880635 -8.64229 41.1707
1298880636 -8.64235 41.1707
1298880637 -8.64242 41.1706
1298880638 -8.6425 41.1705
1298880639 -8.64259 41.1705
1298880640 -8.6427 41.1704
1298880641 -8.64283 41.1704
1298880642 -8.64295 41.1704
1298880643 -8.64308 41.1704
1298880644 -8.6432 41.1704
1298880645 -8.64331 41.1704
1298880646 -8.64342 41.1704
1298880647 -8.64352 41.1704
1298880648 -8.6436 41.1704
1298880649 -8.64368 41.1704
1298880650 -8.64373 41.1704
1298880651 -8.64377 41.1704
1298880652 -8.64379 41.1704
1298880653 -8.6438 41.1704
1298880654 -8.64381 41.1704
1298880656 -8.64382 41.1704
1298880661 -8.64384 41.1704
1298880662 -8.64386 41.1703
1298880663 -8.64387 41.1703
1298880665 -8.64385 41.1702
1298880666 -8.64384 41.1701
1298880667 -8.64383 41.1701
1298880668 -8.64383 41.17
1298880669 -8.64384 41.1699
1298880670 -8.64386 41.1698
1298880671 -8.64389 41.1697
1298880672 -8.64393 41.1696
1298880673 -8.644 41.1695
1298880674 -8.64408 41.1694
1298880675 -8.64418 41.1694
1298880676 -8.64428 41.1693
1298880677 -8.64437 41.1692
1298880678 -8.64445 41.1691
1298880679 -8.64455 41.169
1298880680 -8.64468 41.169
1298880681 -8.64481 41.1689
1298880682 -8.64495 41.1688
1298880683 -8.64508 41.1687
1298880684 -8.64521 41.1686
1298880685 -8.64532 41.1686
1298880686 -8.64544 41.1685
1298880687 -8.64555 41.1685
1298880688 -8.64566 41.1684
1298880689 -8.64577 41.1684
1298880690 -8.64588 41.1684
1298880691 -8.64598 41.1683
1298880692 -8.64607 41.1683
1298880693 -8.64615 41.1683
1298880694 -8.64621 41.1682
1298880695 -8.64626 41.1682
1298880696 -8.64629 41.1682
1298880697 -8.64631 41.1682
1298880698 -8.64634 41.1682
1298880699 -8.64635 41.1682
1298880700 -8.64633 41.1681
1298880701 -8.64629 41.1681
1298880702 -8.64625 41.168
1298880703 -8.64621 41.168
1298880704 -8.64617 41.168
1298880705 -8.64614 41.1679
1298880706 -8.6461 41.1679
1298880707 -8.64607 41.1678
1298880708 -8.64605 41.1678
1298880709 -8.64606 41.1678
1298880710 -8.64608 41.1677
1298880711 -8.64613 41.1677
1298880712 -8.64621 41.1677
1298880713 -8.64629 41.1677
1298880714 -8.64638 41.1677
1298880715 -8.64648 41.1676
1298880716 -8.64658 41.1676
1298880717 -8.64669 41.1676
1298880718 -8.6468 41.1675
1298880719 -8.6469 41.1674
1298880720 -8.647 41.1673
1298880721 -8.64709 41.1673
1298880722 -8.64717 41.1672
1298880723 -8.64724 41.1671
1298880724 -8.64728 41.167
1298880725 -8.64732 41.1669
1298880726 -8.64734 41.1668
1298880727 -8.64735 41.1667
1298880728 -8.64736 41.1667
1298880729 -8.64738 41.1666
1298880730 -8.64743 41.1666
1298880731 -8.64748 41.1666
1298880732 -8.64755 41.1666
1298880733 -8.64762 41.1666
1298880734 -8.6477 41.1666
1298880735 -8.64779 41.1667
1298880736 -8.64788 41.1667
1298880737 -8.64798 41.1667
1298880738 -8.64807 41.1668
1298880739 -8.64815 41.1668
1298880740 -8.64821 41.1668
1298880741 -8.64825 41.1669
1298880742 -8.64827 41.1669
1298880743 -8.64828 41.1669
1298880747 -8.64831 41.1669
1298880748 -8.64833 41.1669
1298880749 -8.64838 41.1669
1298880750 -8.64842 41.1669
1298880751 -8.64847 41.167
1298880752 -8.64851 41.167
1298880753 -8.64858 41.167
1298880754 -8.64864 41.1671
1298880755 -8.64872 41.1671
1298880756 -8.64879 41.1672
1298880757 -8.64887 41.1672
1298880758 -8.64893 41.1672
1298880759 -8.64898 41.1673
1298880760 -8.64903 41.1673
1298880761 -8.64906 41.1673
1298880762 -8.64909 41.1673
1298880763 -8.64911 41.1673
1298880764 -8.64912 41.1673
1298880775 -8.64913 41.1673
1298880786 -8.64914 41.1673
1298880791 -8.64915 41.1673
1298880814 -8.64917 41.1673
1298880815 -8.6492 41.1673
1298880816 -8.64922 41.1674
1298880817 -8.64926 41.1674
1298880818 -8.64929 41.1674
1298880819 -8.64933 41.1674
1298880820 -8.64937 41.1675
1298880821 -8.64941 41.1675
1298880822 -8.64946 41.1675
1298880823 -8.64951 41.1675
1298880824 -8.64957 41.1675
1298880825 -8.64961 41.1676
1298880826 -8.64967 41.1676
1298880827 -8.64972 41.1676
1298880828 -8.64978 41.1676
1298880829 -8.64984 41.1676
1298880830 -8.6499 41.1676
1298880831 -8.64998 41.1676
1298880832 -8.65007 41.1676
1298880833 -8.65016 41.1676
1298880834 -8.65024 41.1676
1298880835 -8.65032 41.1676
1298880836 -8.6504 41.1675
1298880837 -8.65048 41.1675
1298880838 -8.65054 41.1674
1298880839 -8.65057 41.1673
1298880840 -8.65062 41.1673
1298880841 -8.65067 41.1672
1298880842 -8.65072 41.1672
1298880843 -8.65076 41.1671
1298880844 -8.6508 41.1671
1298880845 -8.65085 41.167
1298880846 -8.65088 41.167
1298880847 -8.65092 41.167
1298880848 -8.65095 41.1669
1298880849 -8.65098 41.1669
1298880850 -8.651 41.1669
1298880851 -8.65102 41.1668
1298880852 -8.65103 41.1668
1298880853 -8.65105 41.1668
1298880854 -8.65106 41.1668
1298880855 -8.65107 41.1668
1298880856 -8.65108 41.1668
1298880857 -8.65109 41.1668
1298880859 -8.6511 41.1668
1298880860 -8.65111 41.1668
1298880863 -8.65112 41.1668
1298880874 -8.65112 41.1667
1298880877 -8.65113 41.1667
1298880882 -8.65114 41.1667
1298880883 -8.65115 41.1667
1298880893 -8.65117 41.1666
1298880894 -8.65118 41.1666
1298880895 -8.6512 41.1666
1298880896 -8.65122 41.1665
1298880897 -8.65126 41.1665
1298880898 -8.65132 41.1665
1298880899 -8.65139 41.1665
1298880900 -8.65148 41.1665
1298880901 -8.65157 41.1665
1298880902 -8.65167 41.1665
1298880903 -8.65177 41.1665
1298880904 -8.65186 41.1665
1298880905 -8.65197 41.1666
1298880906 -8.65208 41.1666
1298880907 -8.6522 41.1666
1298880908 -8.65232 41.1666
1298880909 -8.65246 41.1667
1298880910 -8.6526 41.1667
1298880911 -8.65274 41.1667
1298880912 -8.65289 41.1667
1298880913 -8.65304 41.1668
1298880914 -8.65319 41.1668
1298880915 -8.65334 41.1668
1298880916 -8.65348 41.1669
1298880917 -8.65363 41.1669
1298880918 -8.65377 41.1669
1298880919 -8.6539 41.167
1298880920 -8.65404 41.167
1298880921 -8.65418 41.167
1298880922 -8.65431 41.167
1298880923 -8.65445 41.1671
1298880924 -8.6546 41.1671
1298880925 -8.65473 41.1671
1298880926 -8.65484 41.1671
1298880927 -8.65492 41.1671
1298880928 -8.65497 41.1672
1298880929 -8.65499 41.1672
1298880930 -8.655 41.1672
1298880942 -8.65498 41.1672
1298880949 -8.65496 41.1672
1298880953 -8.65504 41.1672
1298880954 -8.65509 41.1672
1298880955 -8.65517 41.1672
1298880956 -8.65525 41.1673
1298880957 -8.65535 41.1673
1298880958 -8.65545 41.1673
1298880959 -8.65557 41.1673
1298880960 -8.65571 41.1673
1298880961 -8.65586 41.1673
1298880962 -8.65601 41.1673
1298880963 -8.65617 41.1673
1298880964 -8.65634 41.1672
1298880965 -8.6565 41.1672
1298880966 -8.65664 41.1671
1298880967 -8.65679 41.1671
1298880968 -8.65691 41.167
1298880969 -8.65703 41.1669
1298880970 -8.65714 41.1668
1298880971 -8.65724 41.1667
1298880972 -8.65733 41.1666
1298880973 -8.65739 41.1665
1298880974 -8.65744 41.1664
1298880975 -8.65749 41.1663
1298880976 -8.65751 41.1662
1298880977 -8.65754 41.166
1298880978 -8.65758 41.1659
1298880979 -8.6576 41.1658
1298880980 -8.65763 41.1657
1298880981 -8.65766 41.1656
1298880982 -8.65769 41.1655
1298880983 -8.65771 41.1655
1298880984 -8.65775 41.1654
1298880985 -8.6578 41.1654
1298880986 -8.65787 41.1654
1298880987 -8.65795 41.1654
1298880988 -8.65804 41.1654
1298880989 -8.65813 41.1654
1298880990 -8.65822 41.1655
1298880991 -8.65832 41.1655
1298880992 -8.65844 41.1656
1298880993 -8.65855 41.1656
1298880994 -8.65867 41.1657
1298880995 -8.65879 41.1658
1298880996 -8.6589 41.1658
1298880997 -8.65902 41.1659
1298880998 -8.65913 41.1659
1298880999 -8.65923 41.166
1298881000 -8.65934 41.166
1298881001 -8.65944 41.1661
1298881002 -8.65953 41.1661
1298881003 -8.65961 41.1662
1298881004 -8.65967 41.1662
1298881005 -8.65971 41.1662
1298881006 -8.65974 41.1663
1298881007 -8.65971 41.1663
1298881008 -8.65966 41.1664
1298881009 -8.6596 41.1664
1298881010 -8.65954 41.1665
1298881011 -8.65949 41.1666
1298881012 -8.65942 41.1667
1298881013 -8.65935 41.1668
1298881014 -8.65929 41.1668
1298881015 -8.65921 41.1669
1298881016 -8.65913 41.167
1298881017 -8.65905 41.1671
1298881018 -8.65897 41.1672
1298881019 -8.65889 41.1673
1298881020 -8.65881 41.1674
1298881021 -8.65873 41.1675
1298881022 -8.65866 41.1676
1298881023 -8.65859 41.1677
1298881024 -8.65852 41.1677
1298881025 -8.65847 41.1678
1298881026 -8.65841 41.1679
1298881027 -8.65838 41.1679
1298881028 -8.6584 41.168
1298881029 -8.65843 41.168
1298881030 -8.6585 41.1681
1298881031 -8.65858 41.1681
1298881032 -8.65866 41.1681
1298881033 -8.65873 41.1682
1298881034 -8.6588 41.1682
1298881035 -8.65886 41.1682
1298881036 -8.65892 41.1683
1298881037 -8.65895 41.1683
1298881038 -8.65898 41.1683
1298881039 -8.659 41.1683
1298881040 -8.65899 41.1684
1298881041 -8.65898 41.1684
1298881042 -8.65894 41.1685
1298881043 -8.65889 41.1685
1298881044 -8.65884 41.1686
1298881045 -8.65878 41.1686
1298881046 -8.65873 41.1687
1298881047 -8.65867 41.1688
1298881048 -8.6586 41.1689
1298881049 -8.65854 41.1689
1298881050 -8.65848 41.169
1298881051 -8.65843 41.1691
1298881052 -8.65841 41.1691
1298881053 -8.65843 41.1692
1298881054 -8.65848 41.1692
1298881055 -8.65855 41.1692
1298881056 -8.65862 41.1693
1298881057 -8.65869 41.1693
1298881058 -8.65876 41.1693
1298881059 -8.65882 41.1693
1298881060 -8.65888 41.1693
1298881061 -8.65895 41.1693
1298881062 -8.65903 41.1693
1298881063 -8.65911 41.1692
1298881064 -8.65921 41.1692
1298881065 -8.6593 41.1691
1298881066 -8.65942 41.1691
1298881067 -8.65955 41.169
1298881068 -8.65967 41.1689
1298881069 -8.65982 41.1689
1298881070 -8.65994 41.1688
1298881071 -8.66008 41.1688
1298881072 -8.6602 41.1687
1298881073 -8.66033 41.1687
1298881074 -8.66045 41.1686
1298881075 -8.66057 41.1686
1298881076 -8.66068 41.1685
1298881077 -8.66078 41.1685
1298881078 -8.66087 41.1685
1298881079 -8.66096 41.1685
1298881080 -8.66105 41.1685
1298881081 -8.66115 41.1686
1298881082 -8.66124 41.1686
1298881083 -8.66131 41.1687
1298881084 -8.66138 41.1688
1298881085 -8.66146 41.1689
1298881086 -8.66153 41.169
1298881087 -8.6616 41.1691
1298881088 -8.66167 41.1692
1298881089 -8.66174 41.1693
1298881090 -8.66183 41.1694
1298881091 -8.66191 41.1695
1298881092 -8.66198 41.1696
1298881093 -8.66206 41.1697
1298881094 -8.66213 41.1698
1298881095 -8.66219 41.1699
1298881096 -8.66225 41.1699
1298881097 -8.66229 41.17
1298881098 -8.66233 41.17
1298881099 -8.66236 41.1701
1298881100 -8.66239 41.1701
1298881101 -8.66241 41.1702
1298881102 -8.66244 41.1702
1298881103 -8.66246 41.1703
1298881104 -8.66251 41.1703
1298881105 -8.66255 41.1704
1298881106 -8.66262 41.1705
1298881107 -8.66269 41.1705
1298881108 -8.66278 41.1706
1298881109 -8.66288 41.1707
1298881110 -8.66298 41.1708
1298881111 -8.66309 41.1708
1298881112 -8.6632 41.1709
1298881113 -8.66332 41.171
1298881114 -8.66344 41.171
1298881115 -8.66357 41.1711
1298881116 -8.66371 41.1712
1298881117 -8.66383 41.1712
1298881118 -8.66396 41.1713
1298881119 -8.66408 41.1713
1298881120 -8.66421 41.1713
1298881121 -8.66433 41.1714
1298881122 -8.66444 41.1713
1298881123 -8.66452 41.1714
1298881124 -8.66458 41.1714
1298881125 -8.66462 41.1714
1298881126 -8.66465 41.1714
1298881127 -8.66467 41.1714
1298881128 -8.66468 41.1714
1298881132 -8.6647 41.1714
1298881133 -8.66473 41.1714
1298881134 -8.66478 41.1714
1298881135 -8.66483 41.1714
1298881136 -8.66489 41.1713
1298881137 -8.66497 41.1713
1298881138 -8.66504 41.1712
1298881139 -8.66513 41.1712
1298881140 -8.66522 41.1711
1298881141 -8.66531 41.171
1298881142 -8.66541 41.171
1298881143 -8.66551 41.1709
1298881144 -8.6656 41.1708
1298881145 -8.66568 41.1708
1298881146 -8.66576 41.1707
1298881147 -8.66583 41.1707
1298881148 -8.66588 41.1706
1298881149 -8.66594 41.1706
1298881150 -8.66597 41.1706
1298881151 -8.66599 41.1706
1298881152 -8.66601 41.1706
1298881154 -8.66602 41.1706
1298881159 -8.666 41.1706
1298881160 -8.66601 41.1705
1298881161 -8.66602 41.1705
1298881162 -8.66603 41.1705
1298881164 -8.666 41.1705
1298881165 -8.66597 41.1705
1298881166 -8.66595 41.1705
1298881167 -8.66594 41.1705
1298881169 -8.66596 41.1705
1298881174 -8.66591 41.1705
1298881175 -8.66587 41.1706
1298881176 -8.66584 41.1706
1298881177 -8.66579 41.1706
1298881178 -8.66576 41.1706
1298881179 -8.66574 41.1706
1298881180 -8.66572 41.1706
1298881181 -8.66571 41.1706
1298881182 -8.6657 41.1707
1298881190 -8.66569 41.1707
1298881200 -8.66569 41.1707
