:break:
1298880083 -8.59758 41.1593
1298880090 -8.59759 41.1593
1298880093 -8.5976 41.1593
1298880095 -8.59761 41.1593
1298880097 -8.59762 41.1593
1298880100 -8.59763 41.1593
1298880101 -8.59764 41.1593
1298880104 -8.59765 41.1593
1298880111 -8.59765 41.1594
1298880112 -8.59766 41.1594
1298880115 -8.59767 41.1594
1298880118 -8.59768 41.1594
1298880121 -8.59769 41.1594
1298880127 -8.5977 41.1594
1298880163 -8.59766 41.1593
1298880282 -8.59757 41.1593
1298880297 -8.59756 41.1593
1298880299 -8.59756 41.1592
1298880314 -8.59757 41.1592
1298880360 -8.59755 41.1592
1298880364 -8.59754 41.1592
1298880367 -8.59753 41.1592
1298880429 -8.59758 41.1592
1298880433 -8.59759 41.1592
1298880437 -8.5976 41.1592
1298880440 -8.59761 41.1592
1298880459 -8.59762 41.1592
1298880465 -8.59763 41.1592
1298880467 -8.59764 41.1592
1298880469 -8.59765 41.1592
1298880591 -8.59767 41.1593
1298880742 -8.59768 41.1593
1298880792 -8.59769 41.1593
1298880796 -8.5977 41.1593
1298880800 -8.59771 41.1594
1298880805 -8.59772 41.1594
1298880809 -8.59773 41.1594
1298880833 -8.59771 41.1593
1298881022 -8.59759 41.1591
1298881024 -8.59758 41.1591
1298881026 -8.59757 41.1591
1298881200 -8.59756 41.1592
