:break:
1298880178 -8.60004 41.1494
1298880179 -8.60005 41.1494
1298880182 -8.60006 41.1494
1298880184 -8.60007 41.1494
1298880197 -8.60008 41.1494
1298880242 -8.60003 41.1494
1298880245 -8.60002 41.1494
1298880251 -8.60001 41.1494
1298880318 -8.60006 41.1493
1298880329 -8.60007 41.1493
1298880341 -8.60005 41.1493
1298880353 -8.60004 41.1493
1298880366 -8.60003 41.1493
1298880368 -8.60002 41.1493
1298880436 -8.6 41.1494
1298880438 -8.59999 41.1494
1298880441 -8.59998 41.1494
1298880444 -8.59997 41.1494
1298880448 -8.59996 41.1494
1298880451 -8.59995 41.1494
1298880455 -8.59994 41.1494
1298880621 -8.59993 41.1494
1298880624 -8.59992 41.1494
1298880626 -8.59991 41.1494
1298880629 -8.5999 41.1494
1298880727 -8.59995 41.1493
1298880728 -8.59996 41.1493
1298880735 -8.59997 41.1493
1298880751 -8.59998 41.1493
1298880761 -8.59999 41.1493
1298880799 -8.6 41.1493
:break:
1298880996 -8.59997 41.1494
:break:
1298881015 -8.59972 41.1493
1298881016 -8.59981 41.1493
1298881017 -8.59984 41.1493
1298881018 -8.59987 41.1493
1298881019 -8.59989 41.1493
1298881020 -8.5999 41.1493
1298881022 -8.59991 41.1493
1298881023 -8.59992 41.1493
1298881025 -8.59995 41.1493
1298881027 -8.59996 41.1493
1298881029 -8.59997 41.1493
1298881031 -8.59998 41.1493
1298881036 -8.59999 41.1493
1298881040 -8.59998 41.1494
1298881041 -8.59997 41.1494
1298881044 -8.59996 41.1494
1298881046 -8.59995 41.1494
1298881047 -8.59994 41.1494
1298881050 -8.59993 41.1494
1298881057 -8.59992 41.1494
1298881073 -8.59993 41.1493
1298881090 -8.59987 41.1494
1298881091 -8.59985 41.1494
1298881092 -8.59983 41.1494
1298881093 -8.59982 41.1494
1298881096 -8.59981 41.1494
1298881118 -8.59984 41.1494
1298881149 -8.59986 41.1494
1298881200 -8.59987 41.1494
