:break:
1298880009 -8.67402 41.1542
1298880013 -8.67403 41.1542
1298880023 -8.67404 41.1542
1298880041 -8.67403 41.1541
1298880044 -8.67402 41.1541
1298880055 -8.67401 41.1542
1298880077 -8.67401 41.1541
1298880080 -8.674 41.1542
1298880088 -8.67399 41.1542
1298880094 -8.67398 41.1542
1298880199 -8.67404 41.1541
1298880207 -8.67405 41.1541
1298880334 -8.67406 41.1541
1298880338 -8.67407 41.1541
1298880525 -8.67407 41.154
1298880526 -8.67408 41.154
1298880534 -8.67409 41.154
1298880538 -8.6741 41.154
1298880542 -8.67411 41.154
1298880545 -8.67412 41.154
1298880941 -8.67406 41.154
1298880944 -8.67405 41.154
1298880948 -8.67404 41.154
1298881200 -8.67405 41.154
