:break:
1298880187 -8.60957 41.1603
1298880193 -8.60956 41.1603
1298880210 -8.60958 41.1603
1298880228 -8.60959 41.1603
1298880243 -8.6096 41.1603
1298880252 -8.60961 41.1603
1298880288 -8.60962 41.1603
1298880292 -8.60963 41.1603
1298880294 -8.60964 41.1602
1298880297 -8.60965 41.1602
1298880304 -8.60966 41.1602
1298880311 -8.60967 41.1602
1298880331 -8.60963 41.1602
1298880534 -8.60955 41.1603
1298880572 -8.60958 41.1604
1298880590 -8.60957 41.1604
1298880655 -8.60959 41.1604
1298880749 -8.60964 41.1603
1298880752 -8.60965 41.1603
1298880759 -8.60966 41.1603
1298880779 -8.60965 41.1604
1298880784 -8.60966 41.1604
1298880789 -8.60967 41.1604
1298880806 -8.60964 41.1604
1298880900 -8.60956 41.1604
1298880908 -8.60955 41.1604
1298880970 -8.6096 41.1604
1298880971 -8.60961 41.1604
1298880974 -8.60962 41.1604
1298880977 -8.60963 41.1604
1298880990 -8.60968 41.1604
1298880992 -8.60969 41.1604
1298881029 -8.60954 41.1604
1298881166 -8.60954 41.1603
1298881173 -8.60953 41.1603
1298881174 -8.60952 41.1604
1298881180 -8.60951 41.1604
1298881200 -8.60959 41.1604
