:break:
1298880042 -8.59107 41.1569
1298880043 -8.59106 41.1569
1298880044 -8.59105 41.1568
1298880045 -8.59104 41.1568
1298880046 -8.59102 41.1568
1298880047 -8.59101 41.1567
1298880050 -8.591 41.1567
1298880051 -8.59101 41.1566
1298880052 -8.59102 41.1566
1298880059 -8.591 41.1566
1298880072 -8.59099 41.1566
1298880084 -8.59098 41.1566
1298880085 -8.59097 41.1566
1298880086 -8.59097 41.1565
1298880087 -8.59096 41.1565
1298880092 -8.59098 41.1565
1298880093 -8.591 41.1565
1298880094 -8.59108 41.1565
1298880097 -8.59109 41.1564
1298880099 -8.5911 41.1563
1298880100 -8.59113 41.1563
1298880101 -8.59117 41.1563
1298880102 -8.59123 41.1562
1298880103 -8.59129 41.1562
1298880104 -8.59135 41.1562
1298880105 -8.5914 41.1562
1298880106 -8.59145 41.1562
1298880107 -8.59146 41.1562
1298880108 -8.59146 41.1561
1298880109 -8.59146 41.156
1298880111 -8.59145 41.1559
1298880112 -8.59146 41.1559
1298880113 -8.59146 41.1558
1298880116 -8.59146 41.1557
1298880117 -8.59147 41.1557
1298880118 -8.59148 41.1557
1298880121 -8.59146 41.1556
1298880122 -8.59142 41.1556
1298880123 -8.59137 41.1556
1298880124 -8.5913 41.1556
1298880125 -8.59122 41.1556
1298880126 -8.59115 41.1555
1298880127 -8.59109 41.1555
1298880128 -8.59105 41.1555
1298880129 -8.59102 41.1554
1298880130 -8.59101 41.1553
1298880131 -8.591 41.1553
1298880132 -8.59099 41.1552
1298880133 -8.591 41.1551
1298880134 -8.591 41.155
1298880135 -8.59101 41.1549
1298880136 -8.59102 41.1548
1298880137 -8.59102 41.1547
1298880138 -8.59102 41.1546
1298880139 -8.59103 41.1545
1298880140 -8.59105 41.1544
1298880141 -8.59106 41.1543
1298880142 -8.59106 41.1542
1298880143 -8.59105 41.1541
1298880144 -8.59104 41.1539
1298880145 -8.59106 41.1538
1298880146 -8.59108 41.1537
1298880147 -8.5911 41.1536
1298880148 -8.59114 41.1535
1298880149 -8.5912 41.1534
1298880150 -8.59128 41.1533
1298880151 -8.59137 41.1532
1298880152 -8.59145 41.1531
1298880153 -8.59154 41.153
1298880154 -8.5916 41.1529
1298880155 -8.59163 41.1529
1298880156 -8.59164 41.1529
1298880157 -8.59165 41.1529
1298880160 -8.59164 41.1528
1298880161 -8.59162 41.1528
1298880162 -8.59155 41.1528
1298880163 -8.59148 41.1528
1298880164 -8.59141 41.1528
1298880165 -8.59132 41.1528
1298880166 -8.59124 41.1528
1298880167 -8.59116 41.1527
1298880168 -8.59109 41.1527
1298880169 -8.59105 41.1527
1298880170 -8.591 41.1526
1298880171 -8.59095 41.1526
1298880172 -8.5909 41.1525
1298880173 -8.59086 41.1525
1298880174 -8.59082 41.1525
1298880175 -8.59079 41.1524
1298880176 -8.59077 41.1524
1298880177 -8.59074 41.1523
1298880178 -8.59074 41.1522
1298880179 -8.5907 41.1521
1298880180 -8.59063 41.152
1298880181 -8.59055 41.152
1298880182 -8.5905 41.1519
1298880183 -8.59044 41.1519
1298880184 -8.59037 41.1518
1298880185 -8.59031 41.1518
1298880186 -8.59023 41.1518
1298880187 -8.59015 41.1517
1298880188 -8.59007 41.1517
1298880189 -8.58999 41.1516
1298880190 -8.58992 41.1516
1298880191 -8.58985 41.1515
1298880192 -8.58981 41.1514
1298880193 -8.58977 41.1514
1298880194 -8.58976 41.1513
1298880195 -8.58975 41.1513
1298880196 -8.58975 41.1512
1298880197 -8.58973 41.1512
1298880198 -8.58969 41.1511
1298880199 -8.58965 41.1511
1298880200 -8.58963 41.1511
1298880205 -8.58963 41.1512
1298880206 -8.58964 41.1512
1298880212 -8.58961 41.1512
1298880213 -8.58958 41.1512
1298880214 -8.58956 41.1512
1298880216 -8.58957 41.1513
1298880217 -8.58962 41.1513
1298880218 -8.58966 41.1513
1298880219 -8.58972 41.1514
1298880220 -8.58979 41.1514
1298880221 -8.58984 41.1515
1298880222 -8.5899 41.1515
1298880223 -8.58995 41.1516
1298880224 -8.59 41.1516
1298880225 -8.59005 41.1517
1298880226 -8.59011 41.1517
1298880227 -8.59019 41.1518
1298880228 -8.59028 41.1518
1298880229 -8.59037 41.1519
1298880230 -8.59046 41.1519
1298880231 -8.59054 41.152
1298880232 -8.59061 41.152
1298880233 -8.59067 41.152
1298880234 -8.59073 41.1521
1298880235 -8.59076 41.1521
1298880236 -8.59078 41.1522
1298880237 -8.5908 41.1522
1298880238 -8.59082 41.1523
1298880239 -8.59083 41.1524
1298880242 -8.59096 41.1525
1298880243 -8.59102 41.1526
1298880244 -8.59109 41.1526
1298880245 -8.59117 41.1526
1298880246 -8.59123 41.1526
1298880247 -8.59132 41.1526
1298880248 -8.59142 41.1525
1298880249 -8.59152 41.1525
1298880250 -8.59162 41.1525
1298880251 -8.59169 41.1525
1298880252 -8.59178 41.1524
1298880253 -8.59184 41.1524
1298880254 -8.5919 41.1523
1298880255 -8.59196 41.1522
1298880256 -8.59199 41.1522
1298880257 -8.59203 41.1521
1298880258 -8.59207 41.152
1298880259 -8.59209 41.152
1298880260 -8.59211 41.1519
1298880261 -8.59214 41.1519
1298880262 -8.59216 41.1519
1298880263 -8.5922 41.1519
1298880264 -8.59221 41.1519
1298880265 -8.59222 41.1519
1298880269 -8.59218 41.152
1298880270 -8.59216 41.152
1298880271 -8.59213 41.1521
1298880272 -8.59209 41.1522
1298880273 -8.59205 41.1523
1298880274 -8.59199 41.1523
1298880275 -8.59194 41.1524
1298880276 -8.5919 41.1525
1298880277 -8.59184 41.1526
1298880278 -8.59176 41.1527
1298880279 -8.59166 41.1528
1298880280 -8.59156 41.1529
1298880281 -8.59146 41.153
1298880282 -8.59136 41.1531
1298880283 -8.59126 41.1532
1298880284 -8.59117 41.1533
1298880285 -8.59113 41.1534
1298880286 -8.59109 41.1535
1298880287 -8.59107 41.1537
1298880288 -8.59107 41.1538
1298880289 -8.59106 41.1539
1298880290 -8.59104 41.154
1298880291 -8.59102 41.1541
1298880292 -8.59101 41.1542
1298880293 -8.59101 41.1544
1298880294 -8.59101 41.1545
1298880295 -8.59101 41.1546
1298880296 -8.59101 41.1547
1298880297 -8.59099 41.1548
1298880298 -8.59099 41.1549
1298880299 -8.59098 41.1551
1298880301 -8.59098 41.1553
1298880302 -8.59103 41.1554
1298880303 -8.59105 41.1554
1298880304 -8.59103 41.1555
1298880305 -8.59102 41.1555
1298880306 -8.59099 41.1556
1298880307 -8.59094 41.1556
1298880308 -8.59082 41.1556
1298880309 -8.59071 41.1556
1298880310 -8.59061 41.1556
1298880311 -8.59051 41.1556
1298880312 -8.59042 41.1556
1298880313 -8.59036 41.1557
1298880314 -8.59033 41.1557
1298880315 -8.59032 41.1557
1298880316 -8.59032 41.1558
1298880317 -8.59033 41.1559
1298880318 -8.59034 41.156
1298880320 -8.59034 41.1561
1298880321 -8.59035 41.1562
1298880322 -8.59036 41.1562
1298880323 -8.59037 41.1562
1298880325 -8.59038 41.1562
1298880327 -8.59039 41.1562
1298880329 -8.5904 41.1562
1298880332 -8.59041 41.1562
1298880336 -8.59042 41.1562
1298880338 -8.59043 41.1562
1298880341 -8.59044 41.1562
1298880342 -8.59045 41.1563
1298880343 -8.59047 41.1563
1298880344 -8.59052 41.1563
1298880345 -8.59058 41.1563
1298880346 -8.59064 41.1563
1298880347 -8.59071 41.1563
1298880348 -8.59076 41.1563
1298880349 -8.59082 41.1563
1298880350 -8.59086 41.1563
1298880351 -8.59088 41.1563
1298880352 -8.59089 41.1563
1298880363 -8.59087 41.1563
1298880386 -8.59091 41.1563
1298880387 -8.59097 41.1563
1298880388 -8.59104 41.1563
1298880389 -8.59112 41.1563
1298880390 -8.59119 41.1563
1298880391 -8.59129 41.1563
1298880392 -8.59139 41.1563
1298880393 -8.59151 41.1563
1298880394 -8.59163 41.1563
1298880395 -8.59172 41.1563
1298880396 -8.59184 41.1563
1298880397 -8.59198 41.1563
1298880398 -8.59214 41.1563
1298880399 -8.59229 41.1563
1298880400 -8.59243 41.1562
1298880401 -8.59259 41.1562
1298880402 -8.59274 41.1562
1298880403 -8.5929 41.1562
1298880404 -8.59307 41.1562
1298880405 -8.59323 41.1561
1298880406 -8.59336 41.1561
1298880407 -8.5935 41.1561
1298880408 -8.59361 41.1561
1298880409 -8.5937 41.1561
1298880410 -8.59375 41.1561
1298880411 -8.59374 41.1562
1298880412 -8.59375 41.1562
1298880413 -8.59374 41.1563
1298880414 -8.59373 41.1563
1298880415 -8.59371 41.1564
1298880416 -8.5937 41.1564
1298880417 -8.59371 41.1565
1298880418 -8.59372 41.1566
1298880419 -8.59372 41.1567
1298880420 -8.59371 41.1568
1298880421 -8.5937 41.1569
1298880422 -8.59368 41.157
1298880423 -8.59365 41.1571
1298880424 -8.59361 41.1572
1298880425 -8.59358 41.1573
1298880426 -8.59356 41.1574
1298880427 -8.59353 41.1575
1298880428 -8.59351 41.1575
1298880429 -8.59349 41.1576
1298880430 -8.59347 41.1577
1298880431 -8.59348 41.1577
1298880435 -8.59349 41.1578
1298880436 -8.59351 41.1578
1298880437 -8.59352 41.1578
1298880438 -8.59354 41.1578
1298880439 -8.59355 41.1578
1298880440 -8.59356 41.1578
1298880441 -8.59357 41.1579
1298880442 -8.59359 41.1579
1298880443 -8.59361 41.1579
1298880444 -8.59362 41.1579
1298880446 -8.59361 41.158
1298880447 -8.5936 41.158
1298880448 -8.59358 41.1581
1298880449 -8.59354 41.1581
1298880450 -8.59352 41.1582
1298880451 -8.59346 41.1582
1298880452 -8.59341 41.1583
1298880453 -8.59335 41.1584
1298880454 -8.5933 41.1584
1298880455 -8.59325 41.1585
1298880456 -8.5932 41.1586
1298880457 -8.59314 41.1587
1298880458 -8.59308 41.1588
1298880459 -8.59302 41.1589
1298880460 -8.59297 41.159
1298880461 -8.59289 41.1591
1298880462 -8.59283 41.1592
1298880463 -8.59277 41.1593
1298880464 -8.59272 41.1594
1298880465 -8.59267 41.1595
1298880466 -8.59261 41.1597
1298880467 -8.59254 41.1598
1298880468 -8.59248 41.1599
1298880469 -8.59242 41.16
1298880470 -8.59234 41.1601
1298880471 -8.59228 41.1602
1298880472 -8.59222 41.1603
1298880473 -8.59216 41.1604
1298880474 -8.5921 41.1605
1298880475 -8.59205 41.1606
1298880476 -8.592 41.1607
1298880477 -8.59198 41.1607
1298880478 -8.59195 41.1607
1298880479 -8.59194 41.1608
1298880480 -8.59192 41.1608
1298880481 -8.59191 41.1608
1298880487 -8.59193 41.1608
1298880515 -8.59195 41.1608
1298880524 -8.59189 41.1609
1298880525 -8.59186 41.1609
1298880526 -8.59182 41.161
1298880527 -8.59178 41.161
1298880528 -8.59173 41.1611
1298880529 -8.59169 41.1612
1298880530 -8.59164 41.1613
1298880531 -8.59159 41.1614
1298880532 -8.59154 41.1614
1298880533 -8.59148 41.1615
1298880534 -8.59143 41.1616
1298880535 -8.59136 41.1617
1298880536 -8.59131 41.1618
1298880537 -8.59126 41.1618
1298880538 -8.59125 41.1619
1298880540 -8.59126 41.1619
1298880541 -8.59128 41.1619
1298880542 -8.59131 41.162
1298880543 -8.59135 41.162
1298880544 -8.59139 41.162
1298880545 -8.59143 41.1619
1298880546 -8.59148 41.1619
1298880547 -8.59152 41.1618
1298880548 -8.59157 41.1618
1298880549 -8.59162 41.1617
1298880550 -8.59166 41.1617
1298880551 -8.59172 41.1616
1298880552 -8.59178 41.1616
1298880553 -8.59186 41.1615
1298880554 -8.59194 41.1616
1298880555 -8.59202 41.1616
1298880556 -8.5921 41.1616
1298880557 -8.59218 41.1616
1298880558 -8.59227 41.1617
1298880559 -8.59236 41.1617
1298880560 -8.59246 41.1618
1298880561 -8.59258 41.1619
1298880562 -8.59269 41.1619
1298880563 -8.59276 41.162
1298880564 -8.59282 41.1621
1298880565 -8.59288 41.1622
1298880566 -8.59292 41.1623
1298880567 -8.59293 41.1624
1298880568 -8.59291 41.1625
1298880569 -8.59288 41.1626
1298880570 -8.59283 41.1627
1298880571 -8.59277 41.1628
1298880572 -8.59271 41.1628
1298880573 -8.59265 41.1629
1298880574 -8.5926 41.1629
1298880575 -8.59257 41.163
1298880576 -8.59256 41.163
1298880577 -8.59258 41.1631
1298880578 -8.5926 41.1631
1298880579 -8.59262 41.1632
1298880580 -8.5927 41.1632
1298880581 -8.59279 41.1632
1298880582 -8.59285 41.1633
1298880583 -8.59293 41.1634
1298880584 -8.59298 41.1635
1298880585 -8.59307 41.1636
1298880586 -8.59315 41.1637
1298880587 -8.59324 41.1637
1298880588 -8.59333 41.1637
1298880589 -8.5934 41.1637
1298880590 -8.59343 41.1638
1298880591 -8.59344 41.1638
1298880592 -8.59346 41.1638
1298880593 -8.59345 41.1638
1298880604 -8.59348 41.1638
1298880605 -8.59351 41.1638
1298880606 -8.59353 41.1638
1298880607 -8.59357 41.1638
1298880608 -8.59363 41.1638
1298880609 -8.5937 41.1638
1298880610 -8.59379 41.1638
1298880611 -8.5939 41.1638
1298880612 -8.59402 41.1639
1298880613 -8.59415 41.1639
1298880614 -8.59429 41.1639
1298880615 -8.59442 41.1639
1298880616 -8.59456 41.1639
1298880617 -8.59469 41.1639
1298880618 -8.5948 41.164
1298880619 -8.59491 41.164
1298880620 -8.59501 41.164
1298880621 -8.59508 41.164
1298880622 -8.59513 41.164
1298880623 -8.59516 41.164
1298880624 -8.59518 41.164
1298880645 -8.59517 41.164
1298880681 -8.5952 41.164
1298880682 -8.59523 41.164
1298880683 -8.59524 41.164
1298880684 -8.59526 41.164
1298880685 -8.59528 41.164
1298880686 -8.59529 41.164
1298880687 -8.59531 41.1641
1298880688 -8.59534 41.164
1298880689 -8.59539 41.164
1298880690 -8.59542 41.164
1298880691 -8.59548 41.164
1298880692 -8.59551 41.1639
1298880693 -8.59554 41.1639
1298880694 -8.59556 41.1639
1298880695 -8.59555 41.1638
1298880696 -8.59555 41.1637
1298880698 -8.59552 41.1636
1298880699 -8.59554 41.1636
1298880700 -8.59549 41.1635
1298880702 -8.59547 41.1635
1298880703 -8.59541 41.1635
1298880704 -8.59536 41.1634
1298880705 -8.5953 41.1634
1298880706 -8.59522 41.1634
1298880707 -8.59513 41.1634
1298880708 -8.59504 41.1634
1298880709 -8.59493 41.1634
1298880710 -8.59482 41.1633
1298880711 -8.59472 41.1633
1298880712 -8.59462 41.1633
1298880713 -8.59451 41.1633
1298880714 -8.59441 41.1633
1298880715 -8.59431 41.1633
1298880716 -8.59421 41.1633
1298880717 -8.59411 41.1632
1298880718 -8.59402 41.1632
1298880719 -8.59393 41.1632
1298880720 -8.59386 41.1632
1298880721 -8.59384 41.1632
1298880722 -8.5938 41.1632
1298880723 -8.59378 41.1632
1298880724 -8.59376 41.1632
1298880725 -8.59374 41.1632
1298880726 -8.59372 41.1632
1298880727 -8.59373 41.1631
1298880728 -8.59375 41.1631
1298880729 -8.59376 41.163
1298880730 -8.59377 41.163
1298880731 -8.59374 41.1629
1298880733 -8.59373 41.1628
1298880734 -8.59371 41.1628
1298880736 -8.5937 41.1627
1298880737 -8.59368 41.1627
1298880738 -8.59364 41.1627
1298880739 -8.5936 41.1626
1298880740 -8.59355 41.1626
1298880741 -8.59347 41.1626
1298880742 -8.5934 41.1626
1298880743 -8.59333 41.1625
1298880744 -8.59325 41.1625
1298880745 -8.59321 41.1625
1298880746 -8.59315 41.1625
1298880747 -8.59309 41.1625
1298880748 -8.59303 41.1625
1298880749 -8.59297 41.1625
1298880750 -8.59294 41.1625
1298880752 -8.59287 41.1626
1298880753 -8.59283 41.1626
1298880754 -8.59279 41.1627
1298880755 -8.59275 41.1627
1298880757 -8.59265 41.1628
1298880759 -8.59253 41.1629
1298880760 -8.59247 41.1629
1298880761 -8.59241 41.163
1298880762 -8.5923 41.163
1298880763 -8.59219 41.163
1298880764 -8.5921 41.163
1298880765 -8.592 41.163
1298880766 -8.59191 41.163
1298880767 -8.59183 41.163
1298880768 -8.59177 41.163
1298880769 -8.59172 41.163
1298880770 -8.59167 41.163
1298880771 -8.59165 41.163
1298880772 -8.59164 41.163
1298880775 -8.59165 41.1629
1298880779 -8.59164 41.1629
1298880781 -8.59163 41.1629
1298880788 -8.59162 41.1629
1298880791 -8.59161 41.1629
1298880841 -8.5916 41.1629
1298880842 -8.59159 41.1629
1298880843 -8.59158 41.1629
1298880845 -8.59157 41.1629
1298880847 -8.59156 41.1629
1298880892 -8.59161 41.1628
1298880895 -8.5916 41.1628
1298880898 -8.59159 41.1628
1298880903 -8.59158 41.1628
1298880945 -8.59158 41.163
1298880946 -8.59159 41.163
1298880951 -8.5916 41.163
1298880956 -8.59161 41.163
1298880961 -8.59162 41.163
1298881008 -8.59166 41.1629
1298881020 -8.59167 41.1629
1298881091 -8.59155 41.1629
1298881097 -8.59154 41.1629
1298881142 -8.59153 41.1629
1298881144 -8.59152 41.1629
1298881145 -8.59151 41.1629
1298881147 -8.5915 41.1629
1298881151 -8.59149 41.1629
1298881154 -8.59148 41.1629
1298881158 -8.59147 41.1629
1298881162 -8.59146 41.1628
1298881166 -8.59145 41.1628
1298881175 -8.59144 41.1628
1298881181 -8.59143 41.1628
1298881200 -8.59144 41.1628
