:break:
1298880064 -8.65735 41.1612
1298880072 -8.65734 41.1612
1298880141 -8.65733 41.1612
1298880151 -8.65732 41.1612
1298880170 -8.65731 41.1612
1298880171 -8.65729 41.1612
1298880172 -8.65726 41.1612
1298880173 -8.65724 41.1612
1298880174 -8.65721 41.1613
1298880175 -8.65719 41.1613
1298880176 -8.65718 41.1613
1298880177 -8.65717 41.1613
1298880178 -8.65716 41.1613
1298880224 -8.6572 41.1613
1298880264 -8.65715 41.1613
1298880283 -8.65714 41.1613
1298880474 -8.65718 41.1612
1298880831 -8.65713 41.1613
1298880832 -8.65712 41.1613
1298880833 -8.6571 41.1613
1298880834 -8.65708 41.1613
1298880835 -8.65707 41.1613
1298880837 -8.65707 41.1614
1298880845 -8.65706 41.1614
1298880881 -8.65708 41.1614
1298880886 -8.65709 41.1613
1298880910 -8.65706 41.1613
1298880911 -8.65705 41.1614
1298880912 -8.65704 41.1614
1298880920 -8.65703 41.1614
1298881118 -8.65702 41.1614
1298881124 -8.65701 41.1614
1298881200 -8.65702 41.1614
