:break:
1298880001 -8.61327 41.167
1298880009 -8.61326 41.167
1298880019 -8.61325 41.167
1298880074 -8.61324 41.167
1298880102 -8.61323 41.167
1298880123 -8.61328 41.167
1298880130 -8.61329 41.167
1298880138 -8.6133 41.167
1298880147 -8.61331 41.167
1298880195 -8.61329 41.1669
1298880196 -8.6133 41.1669
1298880198 -8.61331 41.1669
1298880200 -8.61332 41.1669
1298880228 -8.61333 41.1669
1298880236 -8.61334 41.1669
1298880270 -8.61328 41.1669
1298880276 -8.61327 41.1669
1298880280 -8.61326 41.1669
1298880354 -8.61325 41.1669
1298880358 -8.61324 41.1669
1298880361 -8.61323 41.1669
1298880364 -8.61322 41.1669
1298880460 -8.61329 41.1668
1298880470 -8.6133 41.1668
1298880530 -8.61325 41.1668
1298880546 -8.61324 41.1668
1298880550 -8.61323 41.1668
1298880558 -8.61322 41.1668
1298880562 -8.61321 41.1668
1298880565 -8.6132 41.1668
1298880568 -8.61319 41.1668
1298880613 -8.61326 41.1668
1298880692 -8.61327 41.1668
1298880698 -8.61328 41.1668
1298880722 -8.61331 41.1668
1298881072 -8.61318 41.1668
1298881089 -8.61317 41.1668
1298881095 -8.61316 41.1668
1298881101 -8.61315 41.1668
1298881110 -8.61314 41.1668
1298881195 -8.61327 41.1667
1298881200 -8.61327 41.1667
