:break:
1298880048 -8.63819 41.1788
1298880050 -8.63818 41.1788
1298880058 -8.63817 41.1788
1298880059 -8.63816 41.1789
1298880060 -8.63815 41.1789
1298880061 -8.63814 41.1789
1298880062 -8.63813 41.1789
1298880063 -8.63811 41.1789
1298880064 -8.63808 41.1789
1298880065 -8.63803 41.1789
1298880066 -8.63797 41.1789
1298880067 -8.63789 41.1789
1298880068 -8.63782 41.1789
1298880069 -8.63774 41.1789
1298880070 -8.63766 41.1789
1298880071 -8.63759 41.1789
1298880072 -8.63753 41.1789
1298880073 -8.63748 41.179
1298880074 -8.63744 41.179
1298880075 -8.63742 41.1791
1298880076 -8.63739 41.1791
1298880077 -8.63736 41.1792
1298880078 -8.63734 41.1793
1298880079 -8.63731 41.1793
1298880080 -8.63728 41.1794
1298880081 -8.63725 41.1795
1298880082 -8.63722 41.1796
1298880083 -8.63719 41.1796
1298880084 -8.63716 41.1797
1298880085 -8.63713 41.1798
1298880086 -8.63709 41.1799
1298880087 -8.63707 41.1799
1298880088 -8.63703 41.18
1298880089 -8.637 41.1801
1298880090 -8.63697 41.1801
1298880091 -8.63694 41.1802
1298880092 -8.6369 41.1803
1298880093 -8.63685 41.1803
1298880094 -8.63679 41.1804
1298880095 -8.63673 41.1805
1298880096 -8.63667 41.1805
1298880097 -8.63661 41.1806
1298880098 -8.63654 41.1807
1298880099 -8.63648 41.1807
1298880100 -8.63642 41.1808
1298880101 -8.63636 41.1808
1298880102 -8.63629 41.1809
1298880103 -8.63624 41.181
1298880104 -8.63618 41.181
1298880105 -8.63615 41.181
1298880106 -8.63613 41.181
1298880108 -8.63614 41.181
1298880112 -8.63613 41.1811
1298880113 -8.63611 41.1811
1298880115 -8.63611 41.1812
1298880116 -8.63612 41.1812
1298880117 -8.63614 41.1812
1298880118 -8.63618 41.1813
1298880119 -8.63625 41.1813
1298880120 -8.63633 41.1814
1298880121 -8.63642 41.1814
1298880122 -8.63652 41.1815
1298880123 -8.63662 41.1815
1298880124 -8.63672 41.1816
1298880125 -8.63682 41.1817
1298880126 -8.63693 41.1817
1298880127 -8.63705 41.1818
1298880128 -8.63717 41.1818
1298880129 -8.63729 41.1819
1298880130 -8.63742 41.182
1298880131 -8.63755 41.182
1298880132 -8.63769 41.1821
1298880133 -8.63783 41.1822
1298880134 -8.63798 41.1823
1298880135 -8.63812 41.1824
1298880136 -8.63827 41.1825
1298880137 -8.63842 41.1825
1298880138 -8.63859 41.1826
1298880139 -8.63875 41.1827
1298880140 -8.63891 41.1828
1298880141 -8.63908 41.1829
1298880142 -8.63924 41.183
1298880143 -8.63941 41.1831
1298880144 -8.63957 41.1832
1298880145 -8.63973 41.1833
1298880146 -8.63989 41.1834
1298880147 -8.64006 41.1835
1298880148 -8.64023 41.1835
1298880149 -8.6404 41.1836
1298880150 -8.64056 41.1837
1298880151 -8.64073 41.1838
1298880152 -8.64088 41.1839
1298880153 -8.64103 41.184
1298880154 -8.64116 41.1841
1298880155 -8.6413 41.1841
1298880156 -8.64141 41.1842
1298880157 -8.64154 41.1843
1298880158 -8.64166 41.1843
1298880159 -8.6418 41.1844
1298880160 -8.64194 41.1844
1298880161 -8.64208 41.1844
1298880162 -8.64221 41.1844
1298880163 -8.64236 41.1844
1298880164 -8.64251 41.1844
1298880165 -8.64265 41.1844
1298880166 -8.64281 41.1844
1298880167 -8.64295 41.1843
1298880168 -8.6431 41.1843
1298880169 -8.64324 41.1842
1298880170 -8.64338 41.1841
1298880171 -8.64353 41.1841
1298880172 -8.64368 41.184
1298880173 -8.64383 41.1839
1298880174 -8.64398 41.1839
1298880175 -8.64413 41.1838
1298880176 -8.64428 41.1837
1298880177 -8.64444 41.1836
1298880178 -8.64459 41.1836
1298880179 -8.64474 41.1835
1298880180 -8.6449 41.1834
1298880181 -8.64506 41.1833
1298880182 -8.64521 41.1833
1298880183 -8.64536 41.1832
1298880184 -8.6455 41.1831
1298880185 -8.64561 41.1831
1298880186 -8.64571 41.183
1298880187 -8.64579 41.183
1298880188 -8.64585 41.1829
1298880189 -8.6459 41.1829
1298880190 -8.64593 41.1829
1298880191 -8.64595 41.1829
1298880192 -8.64596 41.1829
1298880204 -8.64594 41.1829
1298880225 -8.64599 41.1829
1298880226 -8.64602 41.1828
1298880227 -8.64607 41.1828
1298880228 -8.64609 41.1828
1298880229 -8.64612 41.1828
1298880230 -8.64614 41.1828
1298880231 -8.64615 41.1828
1298880233 -8.64616 41.1828
1298880238 -8.64615 41.1827
1298880248 -8.64616 41.1827
1298880252 -8.64617 41.1827
1298880254 -8.64617 41.1826
1298880255 -8.64616 41.1826
1298880256 -8.64614 41.1826
1298880257 -8.64611 41.1825
1298880258 -8.64608 41.1825
1298880259 -8.64605 41.1824
1298880260 -8.64601 41.1823
1298880261 -8.64597 41.1823
1298880262 -8.64593 41.1822
1298880263 -8.64589 41.1821
1298880264 -8.64585 41.182
1298880265 -8.64581 41.1819
1298880266 -8.64576 41.1819
1298880267 -8.64572 41.1818
1298880268 -8.64567 41.1817
1298880269 -8.64563 41.1816
1298880270 -8.6456 41.1815
1298880271 -8.64556 41.1814
1298880272 -8.64553 41.1813
1298880273 -8.64549 41.1813
1298880274 -8.64547 41.1812
1298880275 -8.64546 41.1811
1298880276 -8.64546 41.181
1298880277 -8.64548 41.181
1298880278 -8.64552 41.1809
1298880279 -8.64555 41.1808
1298880280 -8.64559 41.1808
1298880281 -8.64563 41.1807
1298880282 -8.64567 41.1807
1298880283 -8.64571 41.1806
1298880284 -8.64574 41.1805
1298880285 -8.64577 41.1805
1298880286 -8.64581 41.1804
1298880287 -8.64585 41.1803
1298880288 -8.64589 41.1802
1298880289 -8.64593 41.1801
1298880290 -8.64596 41.18
1298880291 -8.646 41.1799
1298880292 -8.64603 41.1798
1298880293 -8.64605 41.1797
1298880294 -8.64607 41.1796
1298880295 -8.64608 41.1795
1298880296 -8.6461 41.1794
1298880297 -8.64611 41.1793
1298880298 -8.64615 41.1792
1298880299 -8.64618 41.1792
1298880300 -8.64623 41.1791
1298880301 -8.64629 41.179
1298880302 -8.64635 41.179
1298880303 -8.64641 41.1789
1298880304 -8.64646 41.1789
1298880305 -8.64651 41.1788
1298880306 -8.64653 41.1787
1298880307 -8.64653 41.1786
1298880308 -8.64653 41.1785
1298880309 -8.64653 41.1784
1298880310 -8.64653 41.1783
1298880311 -8.64653 41.1782
1298880312 -8.64653 41.1781
1298880313 -8.64653 41.178
1298880315 -8.64652 41.1779
1298880316 -8.64653 41.1779
1298880317 -8.64653 41.1778
1298880323 -8.64654 41.1778
1298880329 -8.64655 41.1778
1298880390 -8.64656 41.1778
1298880391 -8.64656 41.1777
1298880397 -8.64657 41.1777
1298880407 -8.64655 41.1777
1298880410 -8.64654 41.1777
1298880420 -8.64653 41.1777
1298880429 -8.64652 41.1777
1298880433 -8.64652 41.1778
1298880479 -8.64651 41.1778
1298880483 -8.6465 41.1778
1298880487 -8.64649 41.1778
1298880493 -8.64648 41.1778
1298880560 -8.64647 41.1778
1298880564 -8.64646 41.1778
1298880568 -8.64645 41.1778
1298880594 -8.64644 41.1778
1298880598 -8.64643 41.1778
1298880601 -8.64642 41.1778
1298880604 -8.64641 41.1778
1298880606 -8.6464 41.1778
1298880608 -8.64639 41.1778
1298880609 -8.64638 41.1778
1298880610 -8.64637 41.1778
1298880612 -8.64636 41.1778
1298880614 -8.64635 41.1778
1298880623 -8.64634 41.1778
1298880842 -8.64657 41.1778
1298880932 -8.64658 41.1777
1298880936 -8.64659 41.1777
1298880940 -8.6466 41.1777
1298880952 -8.64661 41.1777
1298880957 -8.64661 41.1778
1298880968 -8.6466 41.1778
1298880975 -8.64659 41.1778
1298881026 -8.64658 41.1778
1298881110 -8.64651 41.1777
1298881114 -8.6465 41.1777
1298881200 -8.64645 41.1778
