:break:
1298880018 -8.58421 41.1632
1298880028 -8.58422 41.1632
1298880036 -8.58423 41.1632
1298880040 -8.58424 41.1632
1298880049 -8.58425 41.1632
1298880070 -8.58425 41.1631
1298880084 -8.58424 41.1631
1298880087 -8.58423 41.1631
1298880089 -8.58422 41.1631
1298880091 -8.58421 41.1631
1298880093 -8.5842 41.1631
1298880094 -8.58419 41.1631
1298880095 -8.58419 41.1632
1298880096 -8.58418 41.1632
1298880098 -8.58417 41.1632
1298880101 -8.58416 41.1632
1298880126 -8.5842 41.1632
1298880142 -8.58426 41.1631
1298880143 -8.58427 41.1631
1298880145 -8.58428 41.1631
1298880147 -8.58429 41.1631
1298880150 -8.5843 41.1631
1298880154 -8.58431 41.1631
1298880174 -8.58428 41.1632
1298880175 -8.58427 41.1632
1298880184 -8.58426 41.1632
1298880316 -8.58418 41.1631
1298881200 -8.58429 41.1631
