:break:
1298880036 -8.58035 41.1594
1298880037 -8.58034 41.1594
1298880061 -8.58036 41.1594
1298880065 -8.58037 41.1594
1298880072 -8.58038 41.1594
1298880077 -8.58039 41.1594
1298880081 -8.5804 41.1594
1298880218 -8.58033 41.1594
1298880412 -8.58041 41.1594
1298880413 -8.58044 41.1594
1298880414 -8.58047 41.1594
1298880415 -8.58053 41.1594
1298880416 -8.58059 41.1594
1298880417 -8.58065 41.1594
1298880418 -8.58073 41.1594
1298880419 -8.5808 41.1594
1298880420 -8.58088 41.1594
1298880421 -8.58098 41.1594
1298880422 -8.58108 41.1594
1298880423 -8.58118 41.1594
1298880424 -8.58127 41.1594
1298880425 -8.58136 41.1594
1298880426 -8.58147 41.1593
1298880427 -8.58158 41.1593
1298880428 -8.58169 41.1593
1298880429 -8.5818 41.1593
1298880430 -8.58189 41.1592
1298880431 -8.58195 41.1591
1298880432 -8.58199 41.1591
1298880433 -8.58201 41.159
1298880434 -8.58205 41.1589
1298880435 -8.58208 41.1588
1298880436 -8.58213 41.1588
1298880437 -8.58219 41.1588
1298880438 -8.58226 41.1587
1298880439 -8.58233 41.1587
1298880440 -8.58239 41.1587
1298880441 -8.58244 41.1587
1298880442 -8.58252 41.1587
1298880443 -8.58262 41.1588
1298880444 -8.58273 41.1588
1298880445 -8.58282 41.1589
1298880446 -8.58292 41.1589
1298880447 -8.583 41.1589
1298880448 -8.58308 41.1589
1298880449 -8.58314 41.1588
1298880450 -8.5832 41.1588
1298880451 -8.58328 41.1588
1298880452 -8.58336 41.1588
1298880453 -8.58345 41.1587
1298880454 -8.58355 41.1587
1298880455 -8.58366 41.1586
1298880456 -8.58376 41.1586
1298880457 -8.58389 41.1585
1298880458 -8.584 41.1585
1298880459 -8.58412 41.1584
1298880460 -8.58424 41.1584
1298880461 -8.58434 41.1583
1298880462 -8.58446 41.1583
1298880463 -8.58458 41.1582
1298880464 -8.58469 41.1582
1298880465 -8.58482 41.1581
1298880466 -8.58494 41.1581
1298880467 -8.58506 41.158
1298880468 -8.58519 41.1579
1298880469 -8.58531 41.1579
1298880470 -8.58542 41.1578
1298880471 -8.58554 41.1578
1298880472 -8.58565 41.1578
1298880473 -8.58574 41.1577
1298880474 -8.58578 41.1577
1298880475 -8.58581 41.1576
1298880476 -8.5858 41.1576
1298880477 -8.58577 41.1576
1298880478 -8.58571 41.1575
1298880479 -8.58564 41.1575
1298880480 -8.58556 41.1575
1298880481 -8.58547 41.1575
1298880482 -8.58539 41.1575
1298880483 -8.58531 41.1574
1298880484 -8.58524 41.1574
1298880485 -8.58521 41.1574
1298880486 -8.58519 41.1573
1298880488 -8.5852 41.1572
1298880489 -8.5852 41.1571
1298880490 -8.58521 41.157
1298880491 -8.58521 41.1569
1298880492 -8.58521 41.1568
1298880493 -8.58521 41.1567
1298880494 -8.58521 41.1566
1298880495 -8.58521 41.1565
1298880497 -8.58521 41.1564
1298880498 -8.58522 41.1563
1298880500 -8.58523 41.1563
1298880501 -8.58524 41.1563
1298880505 -8.58525 41.1563
1298880506 -8.58526 41.1563
1298880507 -8.58527 41.1563
1298880508 -8.58529 41.1563
1298880509 -8.58534 41.1563
1298880510 -8.58541 41.1563
1298880511 -8.58549 41.1563
1298880512 -8.58558 41.1563
1298880513 -8.58568 41.1563
1298880514 -8.58581 41.1563
1298880515 -8.58595 41.1563
1298880516 -8.58608 41.1563
1298880517 -8.58622 41.1563
1298880518 -8.58636 41.1563
1298880519 -8.5865 41.1563
1298880520 -8.58667 41.1563
1298880521 -8.58682 41.1563
1298880522 -8.58699 41.1563
1298880523 -8.58716 41.1563
1298880524 -8.58733 41.1563
1298880525 -8.5875 41.1563
1298880526 -8.58768 41.1563
1298880527 -8.58785 41.1563
1298880528 -8.58803 41.1563
1298880529 -8.58821 41.1563
1298880530 -8.58839 41.1563
1298880531 -8.58856 41.1562
1298880532 -8.58873 41.1562
1298880533 -8.5889 41.1563
1298880534 -8.58906 41.1563
1298880535 -8.58921 41.1563
1298880536 -8.58937 41.1563
1298880537 -8.58952 41.1562
1298880538 -8.58967 41.1562
1298880539 -8.58982 41.1562
1298880540 -8.58997 41.1562
1298880541 -8.5901 41.1562
1298880542 -8.59023 41.1562
1298880543 -8.59034 41.1563
1298880544 -8.59044 41.1563
1298880545 -8.59052 41.1563
1298880546 -8.59058 41.1563
1298880547 -8.59062 41.1563
1298880548 -8.59064 41.1563
1298880549 -8.59064 41.1562
1298880553 -8.59063 41.1562
1298880558 -8.59061 41.1563
1298880561 -8.5906 41.1563
1298880573 -8.59068 41.1563
1298880574 -8.59073 41.1563
1298880575 -8.59081 41.1563
1298880576 -8.59088 41.1563
1298880577 -8.59094 41.1563
1298880578 -8.59101 41.1563
1298880579 -8.59108 41.1563
1298880580 -8.59115 41.1563
1298880581 -8.59121 41.1563
1298880582 -8.59126 41.1563
1298880583 -8.5913 41.1563
1298880584 -8.59135 41.1563
1298880585 -8.59138 41.1563
1298880586 -8.59142 41.1562
1298880587 -8.59146 41.1562
1298880588 -8.59151 41.1562
1298880589 -8.59154 41.1562
1298880590 -8.59155 41.1561
1298880591 -8.59156 41.1561
1298880592 -8.59156 41.156
1298880594 -8.59156 41.1559
1298880595 -8.59157 41.1558
1298880597 -8.59157 41.1557
1298880599 -8.59157 41.1556
1298880600 -8.59156 41.1556
1298880601 -8.59154 41.1556
1298880602 -8.59152 41.1556
1298880603 -8.59147 41.1555
1298880604 -8.59141 41.1555
1298880605 -8.59135 41.1555
1298880606 -8.59128 41.1555
1298880607 -8.59121 41.1555
1298880608 -8.59117 41.1554
1298880609 -8.59113 41.1554
1298880610 -8.59112 41.1553
1298880611 -8.59111 41.1552
1298880612 -8.59112 41.1552
1298880613 -8.59112 41.1551
1298880614 -8.59112 41.155
1298880615 -8.59113 41.1549
1298880616 -8.59113 41.1548
1298880617 -8.59112 41.1547
1298880618 -8.59112 41.1546
1298880619 -8.59113 41.1545
1298880620 -8.59113 41.1544
1298880621 -8.59114 41.1544
1298880622 -8.59115 41.1543
1298880623 -8.59115 41.1542
1298880624 -8.59115 41.1541
1298880625 -8.59114 41.154
1298880626 -8.59113 41.1539
1298880627 -8.59115 41.1538
1298880628 -8.59116 41.1537
1298880629 -8.59117 41.1536
1298880630 -8.59119 41.1535
1298880631 -8.59121 41.1535
1298880632 -8.59125 41.1534
1298880633 -8.59128 41.1533
1298880634 -8.59135 41.1532
1298880635 -8.5914 41.1532
1298880636 -8.59146 41.1531
1298880637 -8.59152 41.1531
1298880638 -8.59157 41.153
1298880639 -8.5916 41.153
1298880640 -8.59162 41.153
1298880641 -8.59163 41.1529
1298880646 -8.59165 41.1529
1298880647 -8.59167 41.1529
1298880648 -8.59171 41.1529
1298880649 -8.59174 41.1528
1298880650 -8.59179 41.1528
1298880651 -8.59183 41.1527
1298880652 -8.59189 41.1527
1298880653 -8.59193 41.1526
1298880654 -8.59198 41.1526
1298880655 -8.59201 41.1525
1298880656 -8.59206 41.1525
1298880657 -8.59208 41.1524
1298880658 -8.59212 41.1523
1298880659 -8.59215 41.1523
1298880660 -8.59217 41.1522
1298880661 -8.59219 41.1522
1298880662 -8.59221 41.1522
1298880676 -8.59221 41.1521
1298880677 -8.59222 41.1521
1298880678 -8.59224 41.1521
1298880679 -8.59225 41.1521
1298880680 -8.59227 41.152
1298880681 -8.59229 41.152
1298880682 -8.59232 41.1519
1298880683 -8.59234 41.1519
1298880684 -8.59236 41.1519
1298880685 -8.59237 41.1518
1298880686 -8.59239 41.1518
1298880695 -8.59238 41.1518
1298880717 -8.5924 41.1517
1298880718 -8.59243 41.1517
1298880719 -8.59245 41.1517
1298880720 -8.59248 41.1516
1298880721 -8.59252 41.1516
1298880722 -8.59254 41.1515
1298880723 -8.59257 41.1515
1298880724 -8.59261 41.1514
1298880725 -8.59264 41.1514
1298880726 -8.59267 41.1514
1298880727 -8.59271 41.1513
1298880728 -8.59273 41.1513
1298880729 -8.59277 41.1513
1298880730 -8.59281 41.1512
1298880731 -8.59286 41.1512
1298880732 -8.59291 41.1512
1298880733 -8.59298 41.1512
1298880734 -8.59305 41.1511
1298880735 -8.59313 41.1511
1298880736 -8.5932 41.1511
1298880737 -8.59326 41.1511
1298880738 -8.5933 41.1511
1298880739 -8.59332 41.1511
1298880740 -8.59333 41.1511
1298880749 -8.59334 41.1511
1298880752 -8.59335 41.151
1298880757 -8.59336 41.151
1298880763 -8.59337 41.151
1298880764 -8.5934 41.151
1298880765 -8.59344 41.151
1298880766 -8.5935 41.151
1298880767 -8.59357 41.151
1298880768 -8.59364 41.151
1298880769 -8.5937 41.151
1298880770 -8.59379 41.151
1298880771 -8.59387 41.1509
1298880772 -8.59396 41.1509
1298880773 -8.59404 41.1509
1298880774 -8.59413 41.1509
1298880775 -8.59422 41.1508
1298880776 -8.59431 41.1508
1298880777 -8.59441 41.1507
1298880778 -8.5945 41.1507
1298880779 -8.59459 41.1506
1298880780 -8.59469 41.1506
1298880781 -8.59478 41.1505
1298880782 -8.59487 41.1505
1298880783 -8.59496 41.1504
1298880784 -8.59505 41.1504
1298880785 -8.59512 41.1503
1298880786 -8.59517 41.1503
1298880787 -8.59523 41.1503
1298880788 -8.59529 41.1502
1298880789 -8.59536 41.1502
1298880790 -8.59545 41.1501
1298880791 -8.59554 41.1501
1298880792 -8.59564 41.15
1298880793 -8.59573 41.15
1298880794 -8.59582 41.1499
1298880795 -8.59593 41.1499
1298880796 -8.59604 41.1498
1298880797 -8.59616 41.1497
1298880798 -8.59629 41.1496
1298880799 -8.59643 41.1496
1298880800 -8.59656 41.1495
1298880801 -8.59669 41.1494
1298880802 -8.59682 41.1493
1298880803 -8.59696 41.1493
1298880804 -8.5971 41.1492
1298880805 -8.59723 41.1491
1298880806 -8.59737 41.149
1298880807 -8.5975 41.1489
1298880808 -8.59763 41.1488
1298880809 -8.59774 41.1488
1298880810 -8.59783 41.1487
1298880811 -8.5979 41.1486
1298880812 -8.59795 41.1486
1298880813 -8.59799 41.1486
1298880814 -8.59799 41.1485
1298880815 -8.598 41.1485
1298880818 -8.59798 41.1485
1298880819 -8.59797 41.1485
1298880820 -8.59796 41.1485
1298880821 -8.59795 41.1485
1298880824 -8.59794 41.1485
1298880827 -8.59793 41.1485
1298880832 -8.59792 41.1485
1298880835 -8.59791 41.1485
1298880838 -8.5979 41.1485
1298880841 -8.59789 41.1485
1298880849 -8.59788 41.1485
1298880854 -8.59793 41.1484
1298880855 -8.59794 41.1484
1298880856 -8.59796 41.1484
1298880857 -8.59805 41.1485
1298880858 -8.5981 41.1485
1298880859 -8.59812 41.1485
1298880860 -8.59814 41.1485
1298880861 -8.59816 41.1485
1298880863 -8.59817 41.1485
1298880871 -8.59818 41.1485
1298880874 -8.59819 41.1485
1298880879 -8.5982 41.1485
1298880893 -8.59821 41.1485
1298880900 -8.59822 41.1485
1298880911 -8.59823 41.1485
1298880922 -8.59825 41.1485
1298880923 -8.59827 41.1484
1298880924 -8.5983 41.1484
1298880925 -8.59833 41.1484
1298880926 -8.59836 41.1484
1298880927 -8.59838 41.1484
1298880929 -8.5984 41.1484
1298880930 -8.59841 41.1484
1298880931 -8.59844 41.1484
1298880932 -8.59847 41.1484
1298880933 -8.59851 41.1484
1298880934 -8.59856 41.1484
1298880935 -8.59862 41.1484
1298880936 -8.59867 41.1484
1298880937 -8.59874 41.1484
1298880938 -8.59882 41.1484
1298880939 -8.59891 41.1484
1298880940 -8.59901 41.1484
1298880941 -8.59911 41.1484
1298880942 -8.59922 41.1484
1298880943 -8.59935 41.1485
1298880944 -8.59946 41.1485
1298880945 -8.5996 41.1485
1298880946 -8.59973 41.1485
1298880947 -8.59986 41.1486
1298880948 -8.59999 41.1486
1298880949 -8.60012 41.1486
1298880950 -8.60026 41.1486
1298880951 -8.60039 41.1486
1298880952 -8.60053 41.1487
1298880953 -8.60065 41.1487
1298880954 -8.60079 41.1487
1298880955 -8.60091 41.1488
1298880956 -8.60104 41.1488
1298880957 -8.60116 41.1488
1298880958 -8.60129 41.1488
1298880959 -8.60141 41.1489
1298880960 -8.60152 41.1489
1298880961 -8.60162 41.1489
1298880962 -8.60171 41.1489
1298880963 -8.6018 41.149
1298880964 -8.60188 41.149
1298880965 -8.60197 41.149
1298880966 -8.60206 41.1491
1298880967 -8.60215 41.1491
1298880968 -8.60225 41.1491
1298880969 -8.60234 41.1491
1298880970 -8.60246 41.1492
1298880971 -8.6026 41.1492
1298880972 -8.60271 41.1492
1298880973 -8.60279 41.1493
1298880974 -8.60289 41.1493
1298880975 -8.603 41.1493
1298880976 -8.60311 41.1494
1298880977 -8.60321 41.1494
1298880978 -8.6033 41.1494
1298880979 -8.6034 41.1495
1298880980 -8.60351 41.1495
1298880981 -8.60361 41.1495
1298880982 -8.60373 41.1495
1298880983 -8.60385 41.1496
1298880984 -8.60397 41.1496
1298880985 -8.60409 41.1496
1298880986 -8.60422 41.1496
1298880987 -8.60431 41.1496
1298880988 -8.60445 41.1496
1298880989 -8.60459 41.1496
1298880990 -8.6047 41.1496
1298880991 -8.60482 41.1497
1298880992 -8.60492 41.1497
1298880993 -8.60504 41.1498
1298880994 -8.60515 41.1498
1298880995 -8.60526 41.1498
1298880996 -8.60537 41.1498
1298880997 -8.60548 41.1499
1298880998 -8.6056 41.1499
1298880999 -8.60574 41.1499
1298881000 -8.60585 41.1499
1298881001 -8.60594 41.1499
1298881002 -8.60603 41.1499
1298881003 -8.60611 41.15
1298881004 -8.60619 41.15
1298881005 -8.60628 41.15
1298881006 -8.60638 41.15
1298881007 -8.60647 41.15
1298881008 -8.60656 41.15
1298881009 -8.60665 41.1501
1298881010 -8.60675 41.1501
1298881011 -8.60684 41.1501
1298881012 -8.60692 41.1501
1298881013 -8.60697 41.1501
1298881014 -8.607 41.1501
1298881015 -8.60702 41.1501
1298881065 -8.60701 41.1501
1298881067 -8.60703 41.1501
1298881068 -8.60707 41.1501
1298881069 -8.60712 41.1501
1298881070 -8.60719 41.1501
1298881071 -8.60725 41.1501
1298881072 -8.60732 41.1502
1298881073 -8.6074 41.1502
1298881074 -8.60748 41.1502
1298881075 -8.60757 41.1503
1298881076 -8.60768 41.1503
1298881077 -8.60779 41.1503
1298881078 -8.60792 41.1504
1298881079 -8.60804 41.1504
1298881080 -8.60817 41.1504
1298881081 -8.60829 41.1505
1298881082 -8.60842 41.1505
1298881083 -8.60854 41.1505
1298881084 -8.60866 41.1506
1298881085 -8.60877 41.1506
1298881086 -8.60884 41.1506
1298881087 -8.60894 41.1506
1298881088 -8.60902 41.1506
1298881089 -8.60912 41.1507
1298881090 -8.60922 41.1507
1298881091 -8.60932 41.1507
1298881092 -8.60943 41.1507
1298881093 -8.60952 41.1508
1298881094 -8.60958 41.1508
1298881095 -8.60962 41.1508
1298881096 -8.60966 41.1508
1298881097 -8.60967 41.1508
1298881098 -8.60968 41.1508
1298881100 -8.60969 41.1508
1298881103 -8.6097 41.1508
1298881104 -8.6097 41.1507
1298881115 -8.60971 41.1507
1298881116 -8.60972 41.1507
1298881117 -8.60974 41.1507
1298881118 -8.60976 41.1508
1298881119 -8.60979 41.1508
1298881120 -8.6098 41.1508
1298881121 -8.60983 41.1508
1298881122 -8.60986 41.1508
1298881123 -8.60987 41.1508
1298881124 -8.60988 41.1508
1298881125 -8.60989 41.1508
1298881131 -8.60987 41.1509
1298881132 -8.60986 41.1509
1298881136 -8.60985 41.1509
1298881139 -8.60984 41.1509
1298881142 -8.60983 41.1509
1298881144 -8.60982 41.1509
1298881147 -8.60981 41.1509
1298881149 -8.6098 41.1509
1298881157 -8.60979 41.1509
1298881159 -8.60978 41.1509
1298881161 -8.60977 41.1509
1298881163 -8.60975 41.151
1298881165 -8.60974 41.151
1298881167 -8.60977 41.151
1298881170 -8.60988 41.1509
1298881171 -8.6099 41.1509
1298881172 -8.60992 41.1509
1298881173 -8.60992 41.151
1298881175 -8.6099 41.151
1298881176 -8.60989 41.151
1298881178 -8.60987 41.151
1298881179 -8.60986 41.1511
1298881180 -8.60984 41.1511
1298881181 -8.60981 41.1511
1298881182 -8.6098 41.1511
1298881183 -8.60977 41.1512
1298881184 -8.60973 41.1512
1298881185 -8.6097 41.1512
1298881186 -8.60966 41.1513
1298881187 -8.60962 41.1513
1298881188 -8.6096 41.1513
1298881189 -8.60958 41.1514
1298881190 -8.60957 41.1514
1298881200 -8.60958 41.1514
