:break:
1298880075 -8.6268 41.167
1298880081 -8.62679 41.167
1298880093 -8.62678 41.167
1298880150 -8.62681 41.167
1298880242 -8.62682 41.167
1298880362 -8.62679 41.1671
1298880369 -8.6268 41.1671
1298880375 -8.62681 41.1671
1298880405 -8.62678 41.1671
1298880514 -8.62683 41.167
1298880547 -8.62685 41.167
1298880548 -8.62687 41.167
1298880549 -8.62688 41.167
1298880560 -8.62689 41.167
1298880579 -8.6269 41.167
1298880665 -8.62686 41.167
1298880689 -8.62684 41.167
1298880893 -8.62693 41.167
1298880894 -8.62696 41.167
1298880895 -8.62699 41.167
1298880896 -8.627 41.167
1298880901 -8.62701 41.167
1298880907 -8.62702 41.167
1298880917 -8.62703 41.167
1298880926 -8.62704 41.167
1298880960 -8.62705 41.167
1298880962 -8.62705 41.1669
1298880976 -8.62706 41.1669
1298880985 -8.62706 41.167
1298881046 -8.62708 41.167
1298881047 -8.62711 41.167
1298881048 -8.62715 41.167
1298881049 -8.62718 41.167
1298881050 -8.62723 41.167
1298881051 -8.62726 41.167
1298881052 -8.6273 41.167
1298881053 -8.62734 41.1671
1298881054 -8.62736 41.1671
1298881055 -8.62738 41.1671
1298881056 -8.62739 41.1671
1298881058 -8.62742 41.1671
1298881059 -8.62745 41.1671
1298881060 -8.62751 41.1671
1298881061 -8.62757 41.1671
1298881062 -8.62763 41.1672
1298881063 -8.62772 41.1672
1298881064 -8.62782 41.1672
1298881065 -8.62792 41.1673
1298881066 -8.62803 41.1673
1298881067 -8.62813 41.1674
1298881068 -8.62824 41.1674
1298881069 -8.62834 41.1675
1298881070 -8.62845 41.1675
1298881071 -8.62857 41.1676
1298881072 -8.6287 41.1676
1298881073 -8.62882 41.1677
1298881074 -8.62896 41.1677
1298881075 -8.62909 41.1678
1298881076 -8.62923 41.1678
1298881077 -8.62935 41.1679
1298881078 -8.62948 41.168
1298881079 -8.6296 41.168
1298881080 -8.6297 41.168
1298881081 -8.62982 41.1681
1298881082 -8.62993 41.1681
1298881083 -8.63004 41.1681
1298881084 -8.63015 41.1681
1298881085 -8.63028 41.1681
1298881086 -8.63041 41.1681
1298881087 -8.63054 41.1681
1298881088 -8.63068 41.168
1298881089 -8.63083 41.168
1298881090 -8.63096 41.1679
1298881091 -8.63111 41.1679
1298881092 -8.63125 41.1679
1298881093 -8.6314 41.1678
1298881094 -8.63154 41.1678
1298881095 -8.63168 41.1677
1298881096 -8.63183 41.1677
1298881097 -8.63197 41.1677
1298881098 -8.63212 41.1676
1298881099 -8.63226 41.1676
1298881100 -8.63241 41.1675
1298881101 -8.63256 41.1675
1298881102 -8.63271 41.1675
1298881103 -8.63284 41.1674
1298881104 -8.63299 41.1674
1298881105 -8.63312 41.1673
1298881106 -8.63323 41.1673
1298881107 -8.63335 41.1673
1298881108 -8.63346 41.1672
1298881109 -8.63357 41.1672
1298881110 -8.63365 41.1672
1298881111 -8.63372 41.1671
1298881112 -8.63375 41.1671
1298881113 -8.63375 41.167
1298881114 -8.63374 41.167
1298881115 -8.63368 41.167
1298881116 -8.63362 41.167
1298881117 -8.63356 41.167
1298881118 -8.63348 41.167
1298881119 -8.63341 41.167
1298881120 -8.63335 41.167
1298881121 -8.6333 41.167
1298881122 -8.63325 41.167
1298881123 -8.63322 41.167
1298881124 -8.63321 41.167
1298881137 -8.6332 41.167
1298881149 -8.63319 41.167
1298881150 -8.63315 41.1669
1298881151 -8.63312 41.1669
1298881152 -8.63309 41.1669
1298881153 -8.63306 41.1668
1298881154 -8.63302 41.1668
1298881155 -8.63299 41.1667
1298881156 -8.63294 41.1666
1298881157 -8.6329 41.1665
1298881158 -8.63285 41.1664
1298881159 -8.6328 41.1664
1298881160 -8.63275 41.1663
1298881161 -8.6327 41.1662
1298881162 -8.63265 41.1661
1298881163 -8.63258 41.166
1298881164 -8.63253 41.1659
1298881165 -8.63249 41.1658
1298881166 -8.63244 41.1657
1298881167 -8.63241 41.1657
1298881168 -8.6324 41.1657
1298881178 -8.6324 41.1656
1298881179 -8.63238 41.1656
1298881180 -8.63235 41.1656
1298881181 -8.63231 41.1655
1298881182 -8.63228 41.1655
1298881183 -8.63224 41.1654
1298881184 -8.63221 41.1653
1298881185 -8.63216 41.1652
1298881186 -8.63211 41.1652
1298881187 -8.63205 41.1651
1298881188 -8.63201 41.165
1298881189 -8.63195 41.1649
1298881190 -8.6319 41.1648
1298881191 -8.63185 41.1647
1298881193 -8.63187 41.1646
1298881194 -8.63194 41.1645
1298881195 -8.63204 41.1645
1298881196 -8.63214 41.1644
1298881197 -8.63226 41.1644
1298881198 -8.63238 41.1643
1298881199 -8.63251 41.1642
1298881200 -8.63265 41.1642
