:break:
1298880146 -8.59946 41.1493
1298880152 -8.59945 41.1493
1298880241 -8.59947 41.1493
1298880365 -8.59944 41.1493
1298880368 -8.59943 41.1493
1298880371 -8.59942 41.1493
1298880373 -8.59941 41.1493
1298880376 -8.5994 41.1493
1298880443 -8.59939 41.1493
1298880470 -8.59938 41.1493
1298880645 -8.59937 41.1493
1298880646 -8.59937 41.1492
1298880648 -8.59936 41.1492
1298880650 -8.59935 41.1492
1298880652 -8.59934 41.1492
1298880653 -8.59933 41.1492
1298880655 -8.59932 41.1492
1298880658 -8.59931 41.1492
1298881200 -8.59933 41.1492
