:break:
1298880162 -8.59977 41.1494
1298880181 -8.59976 41.1494
1298880198 -8.59975 41.1494
1298880209 -8.59974 41.1494
1298880330 -8.59978 41.1494
1298880352 -8.59979 41.1494
1298880412 -8.59972 41.1494
1298880414 -8.59971 41.1494
1298880415 -8.5997 41.1494
1298880416 -8.59968 41.1494
1298880417 -8.59965 41.1494
1298880418 -8.59962 41.1494
1298880419 -8.59959 41.1494
1298880420 -8.59955 41.1494
1298880421 -8.59954 41.1494
1298880422 -8.59952 41.1494
1298880423 -8.59951 41.1493
1298880425 -8.5995 41.1493
1298880428 -8.59949 41.1493
1298880436 -8.59948 41.1493
1298880465 -8.59952 41.1493
1298880674 -8.59946 41.1493
1298880675 -8.59945 41.1493
1298880676 -8.59944 41.1493
1298880677 -8.59943 41.1493
1298880678 -8.59942 41.1493
1298880681 -8.59941 41.1493
1298880690 -8.5994 41.1493
1298880693 -8.5994 41.1492
1298880707 -8.59939 41.1492
1298880740 -8.59939 41.1493
1298880912 -8.59938 41.1492
1298881023 -8.59941 41.1492
1298881035 -8.59942 41.1492
1298881200 -8.59939 41.1492
