:break:
1298880066 -8.62087 41.1616
1298880068 -8.62088 41.1616
1298880069 -8.62089 41.1616
1298880071 -8.6209 41.1616
1298880074 -8.62091 41.1616
1298880081 -8.62091 41.1617
1298880082 -8.62092 41.1617
1298880089 -8.62093 41.1617
1298880117 -8.62094 41.1617
1298880173 -8.62092 41.1616
1298880175 -8.62095 41.1617
1298880176 -8.62101 41.1617
1298880177 -8.62103 41.1616
1298880178 -8.62104 41.1616
1298880179 -8.62106 41.1615
1298880180 -8.62107 41.1614
1298880181 -8.62109 41.1613
1298880182 -8.62111 41.1612
1298880183 -8.62113 41.1611
1298880184 -8.62115 41.161
1298880185 -8.62116 41.1609
1298880186 -8.62118 41.1608
1298880187 -8.6212 41.1607
1298880188 -8.62122 41.1607
1298880189 -8.62124 41.1606
1298880190 -8.62128 41.1605
1298880191 -8.62134 41.1605
1298880192 -8.62142 41.1604
1298880193 -8.62151 41.1604
1298880194 -8.6216 41.1604
1298880195 -8.62169 41.1604
1298880196 -8.62179 41.1604
1298880197 -8.6219 41.1604
1298880198 -8.622 41.1604
1298880199 -8.62209 41.1604
1298880200 -8.62219 41.1604
1298880201 -8.62228 41.1605
1298880202 -8.62237 41.1605
1298880203 -8.62245 41.1605
1298880204 -8.62253 41.1605
1298880205 -8.62261 41.1605
1298880206 -8.62269 41.1605
1298880207 -8.62278 41.1604
1298880208 -8.62286 41.1604
1298880209 -8.62294 41.1604
1298880210 -8.62302 41.1603
1298880211 -8.62306 41.1603
1298880212 -8.62311 41.1603
1298880213 -8.62314 41.1603
1298880214 -8.62317 41.1603
1298880215 -8.62319 41.1603
1298880218 -8.62318 41.1603
1298880219 -8.62316 41.1603
1298880221 -8.62313 41.1603
1298880222 -8.62312 41.1603
1298880263 -8.6231 41.1603
1298880276 -8.62309 41.1603
1298880283 -8.62308 41.1603
1298880492 -8.62313 41.1604
1298880506 -8.62314 41.1604
1298880586 -8.62315 41.1603
1298880738 -8.62314 41.1602
1298880743 -8.62313 41.1602
1298880750 -8.62312 41.1602
1298880762 -8.62311 41.1602
1298880766 -8.6231 41.1602
1298880768 -8.62309 41.1602
1298880770 -8.62308 41.1602
1298880857 -8.62307 41.1602
1298880862 -8.62306 41.1602
1298880871 -8.62305 41.1602
1298880891 -8.62304 41.1602
1298880975 -8.62303 41.1602
1298881097 -8.62305 41.1603
1298881098 -8.62299 41.1603
1298881099 -8.62294 41.1603
1298881100 -8.62287 41.1604
1298881101 -8.6228 41.1604
1298881102 -8.62272 41.1604
1298881103 -8.62261 41.1604
1298881104 -8.6225 41.1604
1298881105 -8.62238 41.1604
1298881106 -8.62226 41.1604
1298881107 -8.62214 41.1604
1298881108 -8.62201 41.1604
1298881109 -8.62187 41.1603
1298881110 -8.62174 41.1603
1298881111 -8.62162 41.1603
1298881112 -8.6215 41.1603
1298881113 -8.62139 41.1603
1298881114 -8.6213 41.1603
1298881115 -8.62122 41.1603
1298881116 -8.62116 41.1603
1298881117 -8.62114 41.1604
1298881118 -8.62113 41.1604
1298881119 -8.62112 41.1605
1298881121 -8.62112 41.1606
1298881122 -8.62111 41.1607
1298881123 -8.6211 41.1607
1298881124 -8.62108 41.1608
1298881125 -8.62107 41.1609
1298881126 -8.62106 41.161
1298881127 -8.62105 41.1611
1298881128 -8.62104 41.1612
1298881129 -8.62101 41.1613
1298881130 -8.62098 41.1613
1298881131 -8.62094 41.1614
1298881132 -8.62087 41.1614
1298881133 -8.6208 41.1614
1298881134 -8.62072 41.1615
1298881135 -8.62064 41.1615
1298881136 -8.62056 41.1616
1298881137 -8.62047 41.1616
1298881138 -8.62037 41.1617
1298881139 -8.62028 41.1617
1298881140 -8.62018 41.1618
1298881141 -8.62009 41.1618
1298881142 -8.62 41.1618
1298881143 -8.61991 41.1619
1298881144 -8.61983 41.1619
1298881145 -8.61974 41.162
1298881146 -8.61966 41.162
1298881147 -8.61957 41.162
1298881148 -8.6195 41.1621
1298881149 -8.61942 41.1621
1298881150 -8.61934 41.1622
1298881151 -8.61925 41.1622
1298881152 -8.61917 41.1622
1298881153 -8.61909 41.1623
1298881154 -8.61903 41.1623
1298881155 -8.61897 41.1623
1298881156 -8.61892 41.1624
1298881157 -8.61888 41.1624
1298881158 -8.61883 41.1624
1298881159 -8.6188 41.1624
1298881160 -8.61878 41.1624
1298881161 -8.61877 41.1624
1298881162 -8.61875 41.1624
1298881163 -8.61873 41.1624
1298881164 -8.6187 41.1625
1298881165 -8.61865 41.1625
1298881166 -8.61859 41.1625
1298881167 -8.61853 41.1625
1298881168 -8.61846 41.1625
1298881169 -8.61837 41.1625
1298881170 -8.61827 41.1625
1298881171 -8.61817 41.1625
1298881172 -8.61806 41.1625
1298881173 -8.61795 41.1625
1298881174 -8.61783 41.1625
1298881175 -8.61772 41.1625
1298881176 -8.61758 41.1625
1298881177 -8.61743 41.1625
1298881178 -8.61728 41.1625
1298881179 -8.61714 41.1625
1298881180 -8.61701 41.1625
1298881181 -8.61689 41.1624
1298881182 -8.6168 41.1624
1298881183 -8.61674 41.1624
1298881184 -8.61671 41.1624
1298881185 -8.61669 41.1624
1298881186 -8.61668 41.1624
1298881199 -8.61665 41.1624
1298881200 -8.6166 41.1624
