:break:
1298880531 -8.59936 41.1492
1298880533 -8.59936 41.1493
1298880535 -8.59937 41.1493
1298880579 -8.59935 41.1492
1298880602 -8.59937 41.1492
1298880622 -8.59934 41.1492
1298880628 -8.59933 41.1492
1298880631 -8.59932 41.1492
1298880633 -8.59931 41.1492
1298880636 -8.5993 41.1492
1298880638 -8.59929 41.1492
1298880640 -8.59928 41.1492
1298880645 -8.59927 41.1492
1298880648 -8.59926 41.1492
1298880732 -8.59925 41.1492
1298880859 -8.59925 41.1491
1298880864 -8.59926 41.1491
1298881023 -8.59924 41.1492
1298881186 -8.59924 41.1491
1298881200 -8.59926 41.1492
