:break:
1298880003 -8.60481 41.1612
1298880005 -8.60482 41.1612
1298880006 -8.60483 41.1611
1298880008 -8.60482 41.1611
1298880013 -8.60484 41.1611
1298880037 -8.60485 41.1611
1298880044 -8.60483 41.1612
1298880052 -8.6048 41.1612
1298880064 -8.60486 41.1611
1298880169 -8.6049 41.161
1298880170 -8.60492 41.161
1298880171 -8.60494 41.161
1298880172 -8.60495 41.161
1298880174 -8.60493 41.161
1298880175 -8.60491 41.161
1298880180 -8.60489 41.1611
1298880181 -8.60488 41.1611
1298880182 -8.60487 41.1611
1298880209 -8.60481 41.1611
1298880210 -8.6048 41.1611
1298880212 -8.60479 41.1612
1298880215 -8.60479 41.1611
1298880216 -8.60478 41.1612
1298880251 -8.60477 41.1612
1298880252 -8.60476 41.1612
1298880256 -8.60475 41.1612
1298880260 -8.60474 41.1612
1298880261 -8.60473 41.1612
1298880271 -8.60472 41.1612
1298880272 -8.60471 41.1612
1298880283 -8.60478 41.1611
1298880284 -8.60477 41.1611
1298880355 -8.60475 41.1611
1298880357 -8.60476 41.1611
1298880636 -8.60495 41.1609
1298880637 -8.60496 41.1609
1298880638 -8.60498 41.1608
1298880639 -8.605 41.1608
1298880640 -8.605 41.1607
1298880644 -8.60501 41.1607
1298880645 -8.60502 41.1607
1298880647 -8.60503 41.1607
1298880651 -8.60504 41.1607
1298880677 -8.60503 41.1606
1298880678 -8.60499 41.1606
1298880679 -8.60495 41.1606
1298880680 -8.60487 41.1606
1298880681 -8.60482 41.1605
1298880682 -8.60476 41.1605
1298880683 -8.6047 41.1605
1298880684 -8.60468 41.1605
1298880690 -8.60467 41.1605
1298880691 -8.60466 41.1605
1298880692 -8.60465 41.1605
1298880693 -8.60464 41.1605
1298880694 -8.60461 41.1605
1298880695 -8.60459 41.1605
1298880696 -8.60458 41.1605
1298880697 -8.60457 41.1605
1298880698 -8.60456 41.1605
1298880700 -8.60455 41.1605
1298880705 -8.60454 41.1605
1298880707 -8.60453 41.1605
1298880714 -8.60452 41.1605
1298880715 -8.60451 41.1605
1298880716 -8.6045 41.1605
1298880717 -8.60449 41.1605
1298880718 -8.60447 41.1605
1298880719 -8.60444 41.1605
1298880720 -8.6044 41.1605
1298880721 -8.60437 41.1606
1298880722 -8.60435 41.1606
1298880723 -8.60433 41.1606
1298880724 -8.60432 41.1607
1298880725 -8.60431 41.1608
1298880726 -8.60428 41.1608
1298880727 -8.60425 41.1609
1298880728 -8.60423 41.161
1298880729 -8.6042 41.161
1298880730 -8.6042 41.1611
1298880731 -8.60419 41.1611
1298880732 -8.60417 41.1612
1298880734 -8.60417 41.1613
1298880736 -8.60419 41.1612
1298880737 -8.60422 41.1612
1298880738 -8.60426 41.1612
1298880739 -8.60433 41.1611
1298880740 -8.6044 41.1611
1298880741 -8.60436 41.1611
1298880743 -8.6043 41.1612
1298880745 -8.60423 41.1612
1298880746 -8.60422 41.1613
1298880747 -8.6042 41.1613
1298880748 -8.60419 41.1613
1298880750 -8.60414 41.1614
1298880751 -8.60412 41.1614
1298880752 -8.6041 41.1614
1298880753 -8.60408 41.1614
1298880754 -8.60405 41.1615
1298880755 -8.60403 41.1615
1298880756 -8.60401 41.1615
1298880757 -8.604 41.1615
1298880758 -8.60399 41.1616
1298880759 -8.60397 41.1616
1298880760 -8.60396 41.1616
1298880762 -8.60395 41.1616
1298880763 -8.60393 41.1616
1298880766 -8.60392 41.1616
1298880773 -8.60394 41.1616
1298880778 -8.60393 41.1617
1298880779 -8.60394 41.1617
1298880780 -8.60395 41.1617
1298880781 -8.60397 41.1617
1298880782 -8.60398 41.1617
1298880783 -8.60398 41.1618
1298880785 -8.60394 41.1618
1298880786 -8.60388 41.1619
1298880787 -8.60384 41.1619
1298880788 -8.60381 41.162
1298880789 -8.60377 41.162
1298880790 -8.60371 41.1621
1298880791 -8.60364 41.1622
1298880792 -8.60358 41.1622
1298880793 -8.60351 41.1623
1298880794 -8.60343 41.1624
1298880795 -8.60336 41.1624
1298880796 -8.60327 41.1625
1298880797 -8.60319 41.1625
1298880798 -8.60311 41.1626
1298880799 -8.60305 41.1627
1298880800 -8.60299 41.1627
1298880801 -8.60293 41.1628
1298880802 -8.60289 41.1628
1298880803 -8.60286 41.1628
1298880804 -8.60283 41.1629
1298880805 -8.6028 41.1629
1298880806 -8.60278 41.1629
1298880807 -8.60273 41.163
1298880808 -8.60266 41.163
1298880809 -8.60258 41.1631
1298880810 -8.60248 41.1631
1298880811 -8.60237 41.1632
1298880812 -8.60231 41.1632
1298880813 -8.60224 41.1633
1298880814 -8.60216 41.1634
1298880815 -8.60213 41.1634
1298880816 -8.60211 41.1634
1298880818 -8.60212 41.1634
1298880836 -8.6021 41.1634
1298880837 -8.60208 41.1634
1298880838 -8.60206 41.1635
1298880839 -8.60201 41.1635
1298880840 -8.60197 41.1635
1298880841 -8.60192 41.1636
1298880842 -8.60187 41.1636
1298880843 -8.60181 41.1637
1298880844 -8.60177 41.1637
1298880845 -8.60173 41.1637
1298880846 -8.6017 41.1637
1298880847 -8.60168 41.1638
1298880848 -8.60164 41.1638
1298880849 -8.60159 41.1638
1298880850 -8.60153 41.1638
1298880851 -8.60145 41.1639
1298880852 -8.60135 41.164
1298880853 -8.60126 41.164
1298880854 -8.60118 41.1641
1298880855 -8.60111 41.1642
1298880856 -8.60104 41.1642
1298880857 -8.60097 41.1643
1298880858 -8.60089 41.1643
1298880859 -8.60082 41.1644
1298880860 -8.60077 41.1644
1298880861 -8.60072 41.1645
1298880862 -8.60067 41.1645
1298880863 -8.60062 41.1645
1298880864 -8.60055 41.1646
1298880865 -8.60047 41.1647
1298880866 -8.60039 41.1647
1298880867 -8.60029 41.1648
1298880868 -8.6002 41.1649
1298880869 -8.6001 41.1649
1298880870 -8.60002 41.165
1298880871 -8.59995 41.165
1298880872 -8.5999 41.165
1298880873 -8.59983 41.1651
1298880874 -8.59976 41.1651
1298880875 -8.59969 41.1651
1298880876 -8.59961 41.1652
1298880877 -8.59954 41.1652
1298880878 -8.59949 41.1652
1298880879 -8.59946 41.1653
1298880880 -8.59944 41.1653
1298880881 -8.5994 41.1653
1298880882 -8.59937 41.1653
1298880883 -8.59935 41.1653
1298880884 -8.59929 41.1654
1298880885 -8.59921 41.1654
1298880886 -8.59913 41.1654
1298880887 -8.59906 41.1654
1298880888 -8.59897 41.1654
1298880889 -8.59888 41.1654
1298880890 -8.59877 41.1654
1298880891 -8.59865 41.1654
1298880892 -8.59853 41.1654
1298880893 -8.59838 41.1654
1298880894 -8.59824 41.1654
1298880895 -8.5981 41.1654
1298880896 -8.59795 41.1653
1298880897 -8.59783 41.1653
1298880898 -8.59771 41.1653
1298880899 -8.59762 41.1653
1298880900 -8.59752 41.1653
1298880901 -8.5974 41.1653
1298880902 -8.59729 41.1653
1298880903 -8.59716 41.1652
1298880904 -8.59703 41.1652
1298880905 -8.59689 41.1652
1298880906 -8.59676 41.1652
1298880907 -8.59664 41.1652
1298880908 -8.59651 41.1652
1298880909 -8.59638 41.1651
1298880910 -8.59624 41.1651
1298880911 -8.59611 41.1651
1298880912 -8.59596 41.1651
1298880913 -8.59582 41.1651
1298880914 -8.59566 41.165
1298880915 -8.59549 41.165
1298880916 -8.59534 41.165
1298880917 -8.59518 41.165
1298880918 -8.59503 41.165
1298880919 -8.59487 41.165
1298880920 -8.5947 41.1649
1298880921 -8.59455 41.1649
1298880922 -8.5944 41.1649
1298880923 -8.59425 41.1649
1298880924 -8.59411 41.1648
1298880925 -8.59397 41.1648
1298880926 -8.59383 41.1648
1298880927 -8.59371 41.1648
1298880928 -8.59361 41.1648
1298880929 -8.59352 41.1648
1298880930 -8.59343 41.1648
1298880931 -8.59333 41.1647
1298880932 -8.59324 41.1647
1298880933 -8.59312 41.1647
1298880934 -8.59298 41.1647
1298880935 -8.59284 41.1647
1298880936 -8.59269 41.1647
1298880937 -8.59253 41.1646
1298880938 -8.59237 41.1646
1298880939 -8.59222 41.1646
1298880940 -8.59207 41.1646
1298880941 -8.59193 41.1646
1298880942 -8.59178 41.1645
1298880943 -8.59162 41.1645
1298880944 -8.59144 41.1645
1298880945 -8.59126 41.1645
1298880946 -8.59108 41.1645
1298880947 -8.59093 41.1644
1298880948 -8.59081 41.1644
1298880949 -8.59073 41.1644
1298880950 -8.59066 41.1644
1298880951 -8.59062 41.1643
1298880952 -8.59056 41.1643
1298880953 -8.59052 41.1643
1298880954 -8.59046 41.1643
1298880955 -8.59038 41.1642
1298880956 -8.59031 41.1642
1298880957 -8.59026 41.1642
1298880958 -8.59023 41.1642
1298880959 -8.59022 41.1642
1298880963 -8.59024 41.1642
1298880967 -8.59025 41.1642
1298880983 -8.59027 41.1642
1298880999 -8.59017 41.1642
1298881000 -8.59011 41.1642
1298881001 -8.59005 41.1641
1298881002 -8.58999 41.1641
1298881003 -8.58991 41.1641
1298881004 -8.58983 41.164
1298881005 -8.58976 41.164
1298881006 -8.5897 41.164
1298881007 -8.58963 41.164
1298881008 -8.58957 41.164
1298881009 -8.58951 41.164
1298881010 -8.58945 41.164
1298881011 -8.58938 41.1641
1298881012 -8.58933 41.1641
1298881013 -8.58928 41.1642
1298881014 -8.58923 41.1643
1298881015 -8.5892 41.1644
1298881016 -8.58917 41.1645
1298881017 -8.58914 41.1645
1298881018 -8.58911 41.1646
1298881019 -8.58909 41.1647
1298881020 -8.58905 41.1648
1298881021 -8.58901 41.1649
1298881022 -8.58898 41.165
1298881023 -8.58894 41.1651
1298881024 -8.58889 41.1652
1298881025 -8.58884 41.1653
1298881026 -8.58881 41.1654
1298881027 -8.58878 41.1655
1298881028 -8.58875 41.1656
1298881029 -8.58871 41.1657
1298881030 -8.58868 41.1658
1298881031 -8.58865 41.1659
1298881032 -8.58861 41.166
1298881033 -8.58857 41.1661
1298881034 -8.5885 41.1661
1298881035 -8.58843 41.1662
1298881036 -8.58834 41.1662
1298881037 -8.58825 41.1662
1298881038 -8.58815 41.1663
1298881039 -8.58804 41.1663
1298881040 -8.58793 41.1663
1298881041 -8.58782 41.1664
1298881042 -8.5877 41.1664
1298881043 -8.58759 41.1664
1298881044 -8.58748 41.1664
1298881045 -8.58737 41.1665
1298881046 -8.58726 41.1665
1298881047 -8.58715 41.1665
1298881048 -8.58705 41.1666
1298881049 -8.58697 41.1667
1298881050 -8.58693 41.1667
1298881051 -8.5869 41.1668
1298881052 -8.58689 41.1669
1298881053 -8.58687 41.167
1298881054 -8.58685 41.1671
1298881055 -8.58681 41.1671
1298881056 -8.58676 41.1672
1298881057 -8.5867 41.1672
1298881058 -8.58663 41.1671
1298881059 -8.58656 41.1671
1298881060 -8.58648 41.1671
1298881061 -8.5864 41.1671
1298881062 -8.58631 41.1672
1298881063 -8.58621 41.1672
1298881064 -8.58611 41.1672
1298881065 -8.58601 41.1672
1298881066 -8.58591 41.1673
1298881067 -8.58581 41.1673
1298881068 -8.58572 41.1673
1298881069 -8.58562 41.1673
1298881070 -8.58553 41.1674
1298881071 -8.58545 41.1674
1298881072 -8.5854 41.1674
1298881073 -8.58536 41.1674
1298881074 -8.58534 41.1675
1298881076 -8.58535 41.1675
1298881077 -8.58536 41.1675
1298881078 -8.58538 41.1676
1298881079 -8.58539 41.1676
1298881080 -8.5854 41.1676
1298881081 -8.58541 41.1676
1298881082 -8.58541 41.1677
1298881083 -8.58542 41.1677
1298881084 -8.58542 41.1678
1298881085 -8.58543 41.1678
1298881086 -8.58544 41.1678
1298881097 -8.58545 41.1678
1298881099 -8.58546 41.1678
1298881101 -8.58547 41.1678
1298881104 -8.58548 41.1678
1298881113 -8.58549 41.1677
1298881114 -8.58548 41.1677
1298881119 -8.5855 41.1678
1298881121 -8.58551 41.1678
1298881126 -8.5855 41.1677
1298881135 -8.58549 41.1676
1298881136 -8.58546 41.1676
1298881137 -8.58542 41.1676
1298881138 -8.58541 41.1675
1298881139 -8.58539 41.1675
1298881140 -8.58538 41.1675
1298881144 -8.58539 41.1674
1298881145 -8.58541 41.1674
1298881146 -8.58544 41.1674
1298881147 -8.58551 41.1674
1298881148 -8.5856 41.1674
1298881149 -8.5857 41.1674
1298881150 -8.5858 41.1673
1298881151 -8.58592 41.1673
1298881152 -8.58605 41.1673
1298881153 -8.58617 41.1672
1298881154 -8.5863 41.1672
1298881155 -8.5864 41.1672
1298881156 -8.5865 41.1672
1298881157 -8.58657 41.1672
1298881158 -8.58663 41.1672
1298881159 -8.58668 41.1672
1298881160 -8.58673 41.1672
1298881162 -8.58679 41.1672
1298881163 -8.58682 41.1672
1298881164 -8.58684 41.1671
1298881165 -8.58685 41.167
1298881166 -8.58686 41.167
1298881167 -8.58688 41.1669
1298881168 -8.58691 41.1668
1298881169 -8.58695 41.1667
1298881170 -8.587 41.1667
1298881171 -8.58706 41.1666
1298881172 -8.58713 41.1666
1298881173 -8.58722 41.1665
1298881174 -8.58729 41.1665
1298881175 -8.58736 41.1665
1298881176 -8.58742 41.1664
1298881177 -8.58749 41.1664
1298881178 -8.58755 41.1664
1298881179 -8.58763 41.1664
1298881180 -8.58772 41.1664
1298881181 -8.58782 41.1663
1298881182 -8.58792 41.1663
1298881183 -8.58801 41.1663
1298881184 -8.5881 41.1663
1298881185 -8.58818 41.1662
1298881187 -8.58831 41.1662
1298881188 -8.58837 41.1662
1298881189 -8.5884 41.1662
1298881190 -8.58842 41.1663
1298881191 -8.58842 41.1664
1298881192 -8.58839 41.1664
1298881193 -8.58837 41.1665
1298881194 -8.58833 41.1666
1298881195 -8.58828 41.1667
1298881196 -8.58823 41.1668
1298881197 -8.58819 41.1669
1298881198 -8.58814 41.167
1298881199 -8.58809 41.1671
1298881200 -8.58803 41.1672
