:break:
1298880044 -8.58857 41.1539
1298880045 -8.5885 41.1538
1298880046 -8.58844 41.1537
1298880047 -8.58838 41.1537
1298880048 -8.5883 41.1536
1298880049 -8.58821 41.1536
1298880050 -8.58814 41.1535
1298880051 -8.58807 41.1535
1298880052 -8.588 41.1534
1298880053 -8.58793 41.1533
1298880054 -8.58784 41.1532
1298880055 -8.58775 41.1532
1298880056 -8.58763 41.1532
1298880057 -8.58756 41.1531
1298880058 -8.58748 41.153
1298880059 -8.5874 41.153
1298880060 -8.58731 41.1529
1298880061 -8.58724 41.1528
1298880062 -8.58717 41.1528
1298880063 -8.5871 41.1527
1298880064 -8.58701 41.1527
1298880065 -8.58693 41.1526
1298880066 -8.58684 41.1525
1298880067 -8.58676 41.1525
1298880068 -8.58669 41.1524
1298880069 -8.58665 41.1524
1298880070 -8.58662 41.1524
1298880071 -8.5866 41.1523
1298880072 -8.58659 41.1523
1298880073 -8.58658 41.1523
1298880074 -8.58656 41.1522
1298880075 -8.58654 41.1522
1298880076 -8.58656 41.1521
1298880077 -8.5866 41.152
1298880078 -8.58661 41.152
1298880079 -8.58662 41.1519
1298880080 -8.5866 41.1518
1298880082 -8.58659 41.1517
1298880083 -8.58659 41.1516
1298880084 -8.58658 41.1515
1298880085 -8.58656 41.1515
1298880086 -8.5865 41.1514
1298880087 -8.58645 41.1513
1298880088 -8.58639 41.1513
1298880089 -8.58633 41.1512
1298880090 -8.58628 41.1512
1298880091 -8.58622 41.1511
1298880092 -8.58616 41.1511
1298880093 -8.58611 41.151
1298880094 -8.58607 41.151
1298880095 -8.58606 41.1509
1298880096 -8.58607 41.1508
1298880097 -8.58606 41.1507
1298880098 -8.58607 41.1506
1298880099 -8.58608 41.1505
1298880100 -8.5861 41.1505
1298880101 -8.5861 41.1504
1298880102 -8.58609 41.1502
1298880103 -8.58608 41.1501
1298880104 -8.58608 41.15
1298880105 -8.5861 41.1499
1298880106 -8.58612 41.1497
1298880107 -8.58614 41.1496
1298880109 -8.58615 41.1495
1298880110 -8.58616 41.1494
1298880111 -8.58618 41.1493
1298880112 -8.58621 41.1493
1298880113 -8.58622 41.1492
1298880114 -8.58623 41.1492
1298880115 -8.58623 41.1491
1298880117 -8.58624 41.1491
1298880118 -8.58626 41.149
1298880119 -8.58627 41.149
1298880121 -8.58623 41.149
1298880122 -8.58618 41.1489
1298880123 -8.58614 41.1489
1298880124 -8.5861 41.1489
1298880125 -8.58605 41.1489
1298880126 -8.58601 41.1489
1298880127 -8.58596 41.1489
1298880128 -8.58592 41.1489
1298880129 -8.58587 41.1489
1298880130 -8.58582 41.1489
1298880131 -8.58578 41.1489
1298880132 -8.58577 41.1489
1298880133 -8.58576 41.1488
1298880134 -8.58574 41.1488
1298880135 -8.58572 41.1488
1298880136 -8.58571 41.1488
1298880137 -8.5857 41.1488
1298880139 -8.58569 41.1488
1298880140 -8.58568 41.1488
1298880142 -8.58568 41.1489
1298880170 -8.58567 41.1489
1298880209 -8.58571 41.1489
1298880210 -8.58575 41.1489
1298880213 -8.58584 41.149
1298880214 -8.58586 41.149
1298880215 -8.58587 41.149
1298880217 -8.58589 41.149
1298880218 -8.58591 41.149
1298880219 -8.58593 41.149
1298880220 -8.58595 41.149
1298880221 -8.58597 41.149
1298880222 -8.586 41.149
1298880223 -8.58603 41.149
1298880224 -8.58605 41.149
1298880225 -8.58609 41.149
1298880226 -8.58612 41.1491
1298880227 -8.58616 41.1491
1298880228 -8.58619 41.1492
1298880229 -8.5862 41.1492
1298880230 -8.58619 41.1493
1298880231 -8.58617 41.1494
1298880234 -8.58613 41.1497
1298880235 -8.58612 41.1498
1298880236 -8.58612 41.1499
1298880237 -8.58612 41.15
1298880238 -8.58612 41.1501
1298880239 -8.58613 41.1501
1298880240 -8.58614 41.1502
1298880241 -8.58614 41.1503
1298880242 -8.58613 41.1504
1298880243 -8.58612 41.1505
1298880244 -8.5861 41.1506
1298880245 -8.5861 41.1507
1298880246 -8.58612 41.1508
1298880247 -8.58615 41.1508
1298880248 -8.58618 41.1509
1298880249 -8.58621 41.1509
1298880250 -8.58623 41.151
1298880251 -8.58626 41.151
1298880252 -8.5863 41.151
1298880253 -8.58635 41.1511
1298880254 -8.5864 41.1511
1298880255 -8.58645 41.1512
1298880256 -8.5865 41.1512
1298880257 -8.58656 41.1513
1298880258 -8.58661 41.1513
1298880259 -8.58664 41.1513
1298880260 -8.58665 41.1514
1298880261 -8.58664 41.1514
1298880262 -8.58665 41.1515
1298880263 -8.58666 41.1515
1298880264 -8.58668 41.1516
1298880265 -8.5867 41.1517
1298880266 -8.58672 41.1517
1298880267 -8.58674 41.1518
1298880268 -8.58676 41.1518
1298880269 -8.5868 41.1519
1298880270 -8.58682 41.1519
1298880271 -8.58684 41.152
1298880272 -8.58685 41.152
1298880273 -8.58686 41.1521
1298880274 -8.58688 41.1521
1298880275 -8.58692 41.1522
1298880276 -8.58697 41.1523
1298880277 -8.58701 41.1523
1298880278 -8.58707 41.1524
1298880279 -8.58713 41.1525
1298880280 -8.58719 41.1526
1298880281 -8.58725 41.1526
1298880282 -8.58732 41.1527
1298880283 -8.58738 41.1528
1298880284 -8.58743 41.1528
1298880285 -8.5875 41.1529
1298880286 -8.58759 41.1529
1298880287 -8.58766 41.153
1298880288 -8.58773 41.153
1298880289 -8.58778 41.1531
1298880291 -8.58791 41.1532
1298880292 -8.58797 41.1533
1298880293 -8.58804 41.1533
1298880294 -8.58811 41.1534
1298880296 -8.58819 41.1535
1298880297 -8.58824 41.1536
1298880299 -8.58836 41.1537
1298880300 -8.58842 41.1537
1298880301 -8.58848 41.1538
1298880302 -8.58855 41.1539
1298880303 -8.58862 41.1539
1298880304 -8.58869 41.154
1298880305 -8.58876 41.154
1298880306 -8.58883 41.1541
1298880307 -8.5889 41.1541
1298880308 -8.58897 41.1542
1298880309 -8.58905 41.1543
1298880310 -8.58913 41.1543
1298880311 -8.58921 41.1544
1298880312 -8.58929 41.1544
1298880313 -8.58938 41.1545
1298880314 -8.58946 41.1546
1298880315 -8.58954 41.1547
1298880316 -8.58962 41.1547
1298880317 -8.58969 41.1548
1298880318 -8.58976 41.1548
1298880319 -8.58983 41.1549
1298880320 -8.5899 41.155
1298880321 -8.58997 41.1551
1298880322 -8.59003 41.1552
1298880323 -8.59009 41.1552
1298880324 -8.59017 41.1553
1298880325 -8.59023 41.1553
1298880326 -8.59029 41.1554
1298880327 -8.59034 41.1554
1298880328 -8.59037 41.1555
1298880329 -8.59038 41.1555
1298880330 -8.5904 41.1555
1298880331 -8.59042 41.1555
1298880332 -8.59044 41.1556
1298880333 -8.59046 41.1557
1298880335 -8.59046 41.1558
1298880336 -8.59047 41.1559
1298880337 -8.59047 41.156
1298880338 -8.59048 41.156
1298880339 -8.59047 41.1561
1298880342 -8.59047 41.1562
1298880343 -8.59048 41.1562
1298880344 -8.5905 41.1562
1298880345 -8.59054 41.1562
1298880346 -8.59059 41.1562
1298880347 -8.59064 41.1562
1298880348 -8.5907 41.1562
1298880349 -8.59075 41.1562
1298880350 -8.59081 41.1562
1298880351 -8.59086 41.1562
1298880352 -8.5909 41.1562
1298880353 -8.59091 41.1562
1298880354 -8.59092 41.1562
1298880355 -8.59093 41.1562
1298880361 -8.59094 41.1562
1298880368 -8.59095 41.1562
1298880386 -8.59097 41.1562
1298880387 -8.59099 41.1562
1298880388 -8.59103 41.1562
1298880389 -8.59107 41.1562
1298880390 -8.59111 41.1562
1298880391 -8.59115 41.1562
1298880392 -8.59117 41.1562
1298880393 -8.5912 41.1562
1298880394 -8.59123 41.1562
1298880395 -8.59126 41.1562
1298880397 -8.59128 41.1562
1298880398 -8.59129 41.1562
1298880408 -8.5913 41.1562
1298880410 -8.59131 41.1562
1298880425 -8.59131 41.1561
1298880429 -8.5913 41.1561
1298880436 -8.59129 41.1561
1298880450 -8.59128 41.1561
1298880489 -8.59132 41.1562
1298880490 -8.59133 41.1562
1298880492 -8.59134 41.1562
1298880521 -8.59132 41.1561
1298880522 -8.59133 41.1561
1298880523 -8.59134 41.1561
1298880525 -8.59135 41.1561
1298880528 -8.59136 41.1561
1298880532 -8.59136 41.1562
1298880535 -8.59135 41.1562
1298880549 -8.59127 41.1562
1298880557 -8.59126 41.1561
1298880567 -8.59127 41.1561
1298880791 -8.59139 41.1562
1298880792 -8.59142 41.1562
1298880793 -8.59147 41.1562
1298880794 -8.59154 41.1562
1298880795 -8.59162 41.1562
1298880796 -8.59168 41.1562
1298880797 -8.59175 41.1563
1298880798 -8.59185 41.1563
1298880799 -8.59197 41.1563
1298880800 -8.59211 41.1563
1298880801 -8.59227 41.1563
1298880802 -8.59243 41.1563
1298880803 -8.59257 41.1563
1298880804 -8.59273 41.1562
1298880805 -8.59289 41.1562
1298880806 -8.59304 41.1563
1298880807 -8.5932 41.1563
1298880808 -8.59333 41.1562
1298880809 -8.59343 41.1562
1298880810 -8.5935 41.1562
1298880811 -8.59353 41.1562
1298880812 -8.59356 41.1562
1298880813 -8.59357 41.1562
1298880814 -8.59358 41.1562
1298880816 -8.59359 41.1562
1298880817 -8.5936 41.1562
1298880819 -8.59361 41.1562
1298880823 -8.59362 41.1562
1298880824 -8.59363 41.1562
1298880825 -8.59364 41.1562
1298880826 -8.59365 41.1562
1298880827 -8.59366 41.1562
1298880828 -8.59367 41.1562
1298880830 -8.59368 41.1562
1298880831 -8.59369 41.1562
1298880833 -8.5937 41.1562
1298880836 -8.59371 41.1562
1298880837 -8.59373 41.1561
1298880839 -8.59372 41.1561
1298880841 -8.59375 41.1561
1298880842 -8.59377 41.1561
1298880843 -8.59379 41.1561
1298880844 -8.59381 41.1561
1298880845 -8.59383 41.156
1298880846 -8.59389 41.1561
1298880847 -8.59397 41.1561
1298880848 -8.59406 41.1561
1298880849 -8.59415 41.1562
1298880850 -8.59422 41.1562
1298880851 -8.59428 41.1562
1298880852 -8.59432 41.1563
1298880853 -8.59433 41.1563
1298880854 -8.59436 41.1563
1298880855 -8.5944 41.1563
1298880856 -8.59446 41.1563
1298880857 -8.59451 41.1562
1298880858 -8.59456 41.1562
1298880859 -8.59463 41.1561
1298880860 -8.59471 41.156
1298880861 -8.59478 41.156
1298880862 -8.59486 41.1559
1298880863 -8.59493 41.1558
1298880864 -8.59499 41.1557
1298880865 -8.59505 41.1556
1298880866 -8.59509 41.1555
1298880867 -8.59515 41.1554
1298880868 -8.59522 41.1553
1298880869 -8.59529 41.1552
1298880870 -8.59537 41.1551
1298880871 -8.59544 41.155
1298880872 -8.5955 41.155
1298880873 -8.59552 41.1549
1298880874 -8.59555 41.1548
1298880875 -8.59558 41.1547
1298880876 -8.59562 41.1546
1298880877 -8.59566 41.1545
1298880878 -8.59567 41.1544
1298880879 -8.5957 41.1542
1298880880 -8.59577 41.1541
1298880881 -8.59583 41.154
1298880882 -8.59593 41.154
1298880883 -8.59602 41.1539
1298880884 -8.59604 41.1539
1298880885 -8.59604 41.1538
1298880886 -8.59605 41.1538
1298880887 -8.59607 41.1537
1298880888 -8.5961 41.1537
1298880889 -8.59617 41.1537
1298880890 -8.59628 41.1537
1298880891 -8.5964 41.1537
1298880892 -8.59654 41.1537
1298880893 -8.59666 41.1537
1298880894 -8.59676 41.1538
1298880895 -8.59687 41.1538
1298880896 -8.59699 41.1538
1298880897 -8.59711 41.1538
1298880898 -8.59724 41.1538
1298880899 -8.59739 41.1538
1298880900 -8.59753 41.1538
1298880901 -8.5977 41.1538
1298880902 -8.59788 41.1538
1298880903 -8.59806 41.1538
1298880904 -8.59824 41.1537
1298880905 -8.59843 41.1537
1298880906 -8.59861 41.1536
1298880907 -8.59876 41.1536
1298880908 -8.59886 41.1535
1298880909 -8.59892 41.1535
1298880910 -8.59899 41.1535
1298880911 -8.59904 41.1535
1298880912 -8.59909 41.1535
1298880913 -8.59912 41.1535
1298880914 -8.59914 41.1535
1298880915 -8.59915 41.1535
1298880916 -8.59916 41.1535
1298880917 -8.59917 41.1534
1298880918 -8.59918 41.1534
1298880919 -8.59919 41.1534
1298880922 -8.5992 41.1535
1298880924 -8.59921 41.1535
1298880926 -8.59922 41.1535
1298880927 -8.59923 41.1535
1298880928 -8.59926 41.1534
1298880929 -8.59929 41.1534
1298880930 -8.59934 41.1534
1298880931 -8.59939 41.1534
1298880932 -8.59946 41.1534
1298880933 -8.59951 41.1534
1298880934 -8.59955 41.1534
1298880935 -8.59961 41.1533
1298880936 -8.59966 41.1533
1298880937 -8.59972 41.1533
1298880938 -8.59977 41.1534
1298880939 -8.59982 41.1534
1298880940 -8.5999 41.1534
1298880941 -8.59997 41.1533
1298880942 -8.60003 41.1533
1298880943 -8.60009 41.1533
1298880944 -8.60018 41.1533
1298880945 -8.60029 41.1532
1298880946 -8.60039 41.1532
1298880947 -8.60046 41.1532
1298880948 -8.60051 41.1533
1298880949 -8.60054 41.1533
1298880950 -8.60058 41.1533
1298880951 -8.60063 41.1533
1298880952 -8.60068 41.1533
1298880953 -8.60072 41.1533
1298880954 -8.60078 41.1533
1298880955 -8.60083 41.1533
1298880956 -8.60087 41.1533
1298880957 -8.6009 41.1533
1298880958 -8.60096 41.1533
1298880959 -8.60102 41.1533
1298880960 -8.60108 41.1533
1298880961 -8.60113 41.1533
1298880962 -8.60117 41.1533
1298880963 -8.60122 41.1533
1298880964 -8.60126 41.1533
1298880965 -8.60132 41.1533
1298880966 -8.60135 41.1533
1298880967 -8.6014 41.1533
1298880968 -8.60143 41.1533
1298880969 -8.60146 41.1533
1298880970 -8.60148 41.1533
1298880971 -8.6015 41.1533
1298880972 -8.60151 41.1533
1298880973 -8.60153 41.1533
1298880975 -8.60154 41.1533
1298880976 -8.60155 41.1533
1298880977 -8.60157 41.1533
1298880978 -8.60158 41.1533
1298880979 -8.60159 41.1533
1298880980 -8.6016 41.1533
1298880982 -8.60161 41.1533
1298880983 -8.60162 41.1533
1298880986 -8.60163 41.1533
1298880987 -8.60164 41.1533
1298880989 -8.60165 41.1533
1298880992 -8.60166 41.1533
1298880994 -8.60167 41.1533
1298880995 -8.60168 41.1533
1298880998 -8.60169 41.1533
1298880999 -8.60171 41.1533
1298881000 -8.60172 41.1533
1298881001 -8.60176 41.1533
1298881002 -8.6018 41.1533
1298881003 -8.60183 41.1533
1298881004 -8.60186 41.1533
1298881005 -8.6019 41.1533
1298881006 -8.60196 41.1533
1298881007 -8.602 41.1533
1298881008 -8.60204 41.1533
1298881009 -8.60206 41.1533
1298881010 -8.60209 41.1533
1298881011 -8.60213 41.1533
1298881012 -8.60216 41.1533
1298881013 -8.60218 41.1533
1298881014 -8.6022 41.1534
1298881015 -8.60221 41.1535
1298881016 -8.60224 41.1535
1298881017 -8.60227 41.1536
1298881018 -8.60231 41.1537
1298881019 -8.60234 41.1538
1298881020 -8.60239 41.1539
1298881021 -8.60243 41.1539
1298881022 -8.60247 41.154
1298881023 -8.60247 41.1541
1298881024 -8.60243 41.1542
1298881026 -8.60244 41.1542
1298881027 -8.60245 41.1543
1298881028 -8.60244 41.1543
1298881029 -8.60247 41.1543
1298881030 -8.60248 41.1544
1298881031 -8.60249 41.1544
1298881032 -8.6025 41.1544
1298881033 -8.60251 41.1544
1298881034 -8.60252 41.1544
1298881035 -8.60253 41.1544
1298881036 -8.60254 41.1544
1298881037 -8.60255 41.1544
1298881038 -8.60256 41.1544
1298881039 -8.60258 41.1544
1298881041 -8.60259 41.1544
1298881044 -8.6026 41.1544
1298881049 -8.60259 41.1545
1298881050 -8.60261 41.1545
1298881052 -8.60262 41.1545
1298881053 -8.60264 41.1545
1298881054 -8.60268 41.1545
1298881055 -8.60273 41.1545
1298881056 -8.60279 41.1545
1298881057 -8.60286 41.1545
1298881058 -8.60296 41.1545
1298881059 -8.60307 41.1546
1298881060 -8.60316 41.1546
1298881061 -8.60326 41.1546
1298881062 -8.60337 41.1546
1298881063 -8.60347 41.1546
1298881064 -8.60357 41.1547
1298881065 -8.60367 41.1547
1298881066 -8.60375 41.1547
1298881067 -8.60383 41.1547
1298881068 -8.6039 41.1547
1298881069 -8.60398 41.1547
1298881070 -8.60407 41.1547
1298881071 -8.60416 41.1547
1298881072 -8.60424 41.1547
1298881073 -8.60431 41.1547
1298881074 -8.60438 41.1547
1298881075 -8.60444 41.1547
1298881076 -8.60449 41.1548
1298881077 -8.60453 41.1548
1298881078 -8.60456 41.1548
1298881079 -8.60457 41.1547
1298881080 -8.60456 41.1547
1298881088 -8.60457 41.1546
1298881090 -8.60457 41.1545
1298881091 -8.60458 41.1545
1298881092 -8.60459 41.1544
1298881095 -8.60459 41.1543
1298881097 -8.60459 41.1542
1298881098 -8.60464 41.1541
1298881099 -8.60473 41.154
1298881100 -8.60485 41.1539
1298881101 -8.60498 41.1538
1298881102 -8.60513 41.1538
1298881103 -8.60529 41.1537
1298881104 -8.60546 41.1537
1298881105 -8.60563 41.1537
1298881106 -8.60582 41.1536
1298881107 -8.60602 41.1536
1298881108 -8.60619 41.1536
1298881109 -8.60636 41.1536
1298881110 -8.60652 41.1536
1298881111 -8.60669 41.1536
1298881112 -8.60684 41.1536
1298881113 -8.60698 41.1536
1298881114 -8.60707 41.1536
1298881115 -8.60716 41.1536
1298881116 -8.6072 41.1536
1298881118 -8.60723 41.1536
1298881119 -8.60725 41.1536
1298881120 -8.60726 41.1536
1298881123 -8.60727 41.1536
1298881124 -8.60728 41.1536
1298881126 -8.60729 41.1535
1298881129 -8.6073 41.1535
1298881131 -8.60731 41.1535
1298881133 -8.60732 41.1535
1298881134 -8.60733 41.1535
1298881135 -8.60735 41.1535
1298881136 -8.60736 41.1535
1298881137 -8.60737 41.1535
1298881138 -8.60741 41.1535
1298881139 -8.60745 41.1535
1298881140 -8.60748 41.1535
1298881141 -8.60753 41.1535
1298881142 -8.60758 41.1535
1298881143 -8.60764 41.1535
1298881144 -8.6077 41.1535
1298881145 -8.60776 41.1535
1298881146 -8.60783 41.1535
1298881147 -8.6079 41.1536
1298881148 -8.60795 41.1536
1298881149 -8.60801 41.1537
1298881150 -8.60809 41.1537
1298881151 -8.6082 41.1537
1298881152 -8.60834 41.1537
1298881153 -8.60849 41.1537
1298881154 -8.60866 41.1537
1298881155 -8.60885 41.1537
1298881156 -8.60906 41.1537
1298881157 -8.60928 41.1537
1298881158 -8.60952 41.1537
1298881159 -8.60971 41.1536
1298881160 -8.60989 41.1536
1298881161 -8.61008 41.1536
1298881162 -8.61026 41.1536
1298881163 -8.61044 41.1537
1298881164 -8.61062 41.1537
1298881165 -8.6108 41.1536
1298881166 -8.61098 41.1536
1298881167 -8.61115 41.1536
1298881168 -8.61129 41.1536
1298881169 -8.61142 41.1536
1298881170 -8.61155 41.1536
1298881171 -8.61166 41.1536
1298881172 -8.61174 41.1536
1298881173 -8.61181 41.1536
1298881174 -8.61186 41.1536
1298881175 -8.61189 41.1536
1298881176 -8.61193 41.1536
1298881177 -8.61194 41.1536
1298881178 -8.61195 41.1536
1298881179 -8.61196 41.1536
1298881180 -8.61196 41.1537
1298881181 -8.61196 41.1538
1298881182 -8.61198 41.1538
1298881184 -8.61199 41.1539
1298881185 -8.61202 41.154
1298881186 -8.61203 41.1541
1298881187 -8.61203 41.1542
1298881188 -8.61202 41.1542
1298881189 -8.61201 41.1543
1298881190 -8.612 41.1544
1298881191 -8.612 41.1545
1298881192 -8.612 41.1546
1298881193 -8.61199 41.1547
1298881194 -8.61197 41.1547
1298881195 -8.61198 41.1548
1298881196 -8.612 41.1548
1298881197 -8.61202 41.1548
1298881198 -8.61203 41.1549
1298881199 -8.61205 41.1549
1298881200 -8.61208 41.1549
