:break:
1298880073 -8.64935 41.1545
1298880075 -8.64936 41.1545
1298880078 -8.64937 41.1545
1298880086 -8.64938 41.1545
1298880090 -8.64939 41.1545
1298880093 -8.6494 41.1545
1298880118 -8.64941 41.1544
1298880121 -8.64942 41.1544
1298880130 -8.64942 41.1543
1298880131 -8.64943 41.1543
1298880132 -8.64944 41.1543
1298880133 -8.64947 41.1543
1298880134 -8.64949 41.1543
1298880135 -8.64952 41.1543
1298880136 -8.64954 41.1543
1298880137 -8.64955 41.1543
1298880141 -8.64953 41.1543
1298880146 -8.64951 41.1543
1298880148 -8.6495 41.1543
1298880157 -8.64948 41.1543
1298880164 -8.64946 41.1543
1298880169 -8.64945 41.1543
1298880182 -8.64941 41.1543
1298880186 -8.6494 41.1543
1298880193 -8.64939 41.1543
1298880196 -8.64938 41.1543
1298880198 -8.64937 41.1543
1298880200 -8.64936 41.1543
1298880204 -8.64935 41.1543
1298880210 -8.64934 41.1543
1298880217 -8.64933 41.1543
1298880236 -8.64932 41.1543
1298880249 -8.64931 41.1543
1298880618 -8.64957 41.1543
1298880619 -8.64961 41.1543
1298880620 -8.64967 41.1543
1298880621 -8.64973 41.1543
1298880622 -8.64979 41.1543
1298880623 -8.64986 41.1543
1298880624 -8.64993 41.1543
1298880625 -8.64998 41.1543
1298880626 -8.65003 41.1543
1298880627 -8.65007 41.1543
1298880628 -8.65012 41.1543
1298880629 -8.65015 41.1542
1298880630 -8.65018 41.1542
1298880631 -8.65019 41.1542
1298880632 -8.6502 41.1542
1298880633 -8.6502 41.1541
1298880644 -8.65022 41.1541
1298880645 -8.65024 41.154
1298880646 -8.65028 41.154
1298880647 -8.65031 41.154
1298880648 -8.65034 41.1539
1298880649 -8.65036 41.1539
1298880664 -8.65037 41.1539
1298880669 -8.65038 41.1539
1298880685 -8.65038 41.1538
1298880686 -8.65037 41.1538
1298880687 -8.65036 41.1538
1298880688 -8.65033 41.1537
1298880689 -8.6503 41.1537
1298880690 -8.65027 41.1536
1298880691 -8.65022 41.1536
1298880692 -8.65019 41.1535
1298880693 -8.65014 41.1535
1298880694 -8.6501 41.1534
1298880695 -8.65004 41.1534
1298880696 -8.65 41.1533
1298880697 -8.64995 41.1532
1298880698 -8.64989 41.1532
1298880699 -8.64985 41.1531
1298880700 -8.64979 41.1531
1298880701 -8.64975 41.153
1298880702 -8.64969 41.1529
1298880703 -8.64964 41.1529
1298880704 -8.64959 41.1528
1298880705 -8.64953 41.1527
1298880706 -8.64947 41.1527
1298880707 -8.64941 41.1526
1298880708 -8.64937 41.1526
1298880709 -8.64933 41.1525
1298880710 -8.64932 41.1525
1298880711 -8.64931 41.1525
1298880717 -8.6493 41.1525
1298880718 -8.64928 41.1525
1298880719 -8.64925 41.1525
1298880720 -8.64922 41.1525
1298880721 -8.64919 41.1524
1298880722 -8.64918 41.1524
1298880727 -8.64917 41.1524
1298880729 -8.64915 41.1524
1298880730 -8.64912 41.1524
1298880731 -8.64907 41.1525
1298880732 -8.64902 41.1525
1298880733 -8.64896 41.1525
1298880734 -8.6489 41.1525
1298880735 -8.64884 41.1526
1298880736 -8.64877 41.1526
1298880737 -8.64869 41.1526
1298880738 -8.6486 41.1526
1298880739 -8.64851 41.1526
1298880740 -8.64843 41.1526
1298880741 -8.64836 41.1526
1298880742 -8.64829 41.1526
1298880743 -8.64821 41.1525
1298880744 -8.64813 41.1525
1298880745 -8.64804 41.1525
1298880746 -8.64794 41.1525
1298880747 -8.64785 41.1525
1298880748 -8.64775 41.1525
1298880749 -8.64765 41.1524
1298880750 -8.64756 41.1524
1298880751 -8.64748 41.1524
1298880752 -8.64743 41.1524
1298880753 -8.64737 41.1523
1298880754 -8.64734 41.1523
1298880755 -8.64735 41.1522
1298880756 -8.64736 41.1522
1298880757 -8.64739 41.1521
1298880758 -8.64741 41.1521
1298880759 -8.64742 41.152
1298880760 -8.64743 41.1519
1298880762 -8.64742 41.1518
1298880774 -8.64741 41.1518
1298880782 -8.64743 41.1518
1298880786 -8.64744 41.1518
1298880794 -8.64745 41.1518
1298880814 -8.64746 41.1518
1298880820 -8.64747 41.1518
1298880834 -8.64748 41.1518
1298880853 -8.64745 41.1517
1298880854 -8.64743 41.1517
1298880856 -8.64742 41.1516
1298880857 -8.64743 41.1516
1298880858 -8.64746 41.1515
1298880859 -8.64749 41.1515
1298880860 -8.64749 41.1514
1298880861 -8.64748 41.1514
1298880862 -8.6475 41.1513
1298880864 -8.64749 41.1512
1298880865 -8.64747 41.1512
1298880866 -8.64746 41.1511
1298880867 -8.64745 41.151
1298880868 -8.64743 41.151
1298880869 -8.64742 41.1509
1298880870 -8.64734 41.1509
1298880871 -8.64724 41.1509
1298880872 -8.64716 41.1509
1298880873 -8.64708 41.1509
1298880874 -8.64699 41.1509
1298880875 -8.64691 41.1509
1298880876 -8.64683 41.1508
1298880877 -8.64678 41.1508
1298880878 -8.64672 41.1507
1298880879 -8.64668 41.1507
1298880880 -8.64662 41.1506
1298880881 -8.64656 41.1506
1298880882 -8.64653 41.1505
1298880883 -8.64651 41.1504
1298880884 -8.6465 41.1504
1298880885 -8.6465 41.1503
1298880886 -8.64652 41.1502
1298880887 -8.64654 41.1502
1298880888 -8.64657 41.1501
1298880889 -8.64659 41.15
1298880890 -8.64658 41.15
1298880891 -8.64657 41.1499
1298880892 -8.64656 41.1498
1298880893 -8.64653 41.1497
1298880894 -8.6465 41.1496
1298880895 -8.64644 41.1495
1298880896 -8.64637 41.1494
1298880897 -8.64631 41.1493
1298880898 -8.64625 41.1493
1298880899 -8.64618 41.1492
1298880900 -8.64611 41.1491
1298880901 -8.64605 41.149
1298880902 -8.64598 41.149
1298880903 -8.64592 41.1489
1298880904 -8.64588 41.1488
1298880905 -8.64585 41.1487
1298880907 -8.64587 41.1486
1298880908 -8.64589 41.1485
1298880909 -8.6459 41.1485
1298880910 -8.64591 41.1485
1298880911 -8.64592 41.1485
1298880912 -8.64592 41.1484
1298880915 -8.64593 41.1484
1298880922 -8.64591 41.1484
1298880923 -8.64589 41.1484
1298880924 -8.64585 41.1484
1298880925 -8.6458 41.1484
1298880926 -8.64572 41.1484
1298880927 -8.64563 41.1483
1298880928 -8.64554 41.1483
1298880929 -8.64544 41.1483
1298880930 -8.64532 41.1483
1298880931 -8.6452 41.1483
1298880932 -8.64508 41.1483
1298880933 -8.64495 41.1483
1298880934 -8.64481 41.1483
1298880935 -8.64469 41.1482
1298880936 -8.64455 41.1482
1298880937 -8.64441 41.1482
1298880938 -8.64428 41.1482
1298880939 -8.64413 41.1482
1298880940 -8.64399 41.1481
1298880941 -8.64385 41.1481
1298880942 -8.64371 41.1481
1298880943 -8.64356 41.1481
1298880944 -8.64342 41.1481
1298880945 -8.64329 41.148
1298880946 -8.64314 41.148
1298880947 -8.643 41.148
1298880948 -8.64285 41.148
1298880949 -8.64271 41.148
1298880950 -8.64256 41.148
1298880951 -8.6424 41.148
1298880952 -8.64224 41.148
1298880953 -8.64209 41.1481
1298880954 -8.64193 41.1481
1298880955 -8.64176 41.1481
1298880956 -8.64161 41.1482
1298880957 -8.64145 41.1482
1298880958 -8.6413 41.1482
1298880959 -8.64113 41.1483
1298880960 -8.64098 41.1483
1298880961 -8.64083 41.1484
1298880962 -8.64067 41.1484
1298880963 -8.64052 41.1484
1298880964 -8.64036 41.1484
1298880965 -8.64021 41.1485
1298880966 -8.64005 41.1485
1298880967 -8.6399 41.1485
1298880968 -8.63975 41.1485
1298880969 -8.6396 41.1485
1298880970 -8.63946 41.1485
1298880971 -8.63932 41.1484
1298880972 -8.63917 41.1484
1298880973 -8.63903 41.1484
1298880974 -8.63888 41.1484
1298880975 -8.63875 41.1484
1298880976 -8.6386 41.1484
1298880977 -8.63846 41.1484
1298880978 -8.63831 41.1484
1298880979 -8.63816 41.1484
1298880980 -8.63801 41.1484
1298880981 -8.63786 41.1484
1298880982 -8.6377 41.1483
1298880983 -8.63755 41.1483
1298880984 -8.6374 41.1483
1298880985 -8.63725 41.1483
1298880986 -8.6371 41.1483
1298880987 -8.63696 41.1483
1298880988 -8.63681 41.1483
1298880989 -8.63668 41.1483
1298880990 -8.63654 41.1482
1298880991 -8.6364 41.1482
1298880992 -8.63626 41.1482
1298880993 -8.63613 41.1482
1298880994 -8.63599 41.1481
1298880995 -8.63587 41.1481
1298880996 -8.63574 41.1481
1298880997 -8.63562 41.148
1298880998 -8.63549 41.148
1298880999 -8.63537 41.148
1298881000 -8.63524 41.1479
1298881001 -8.63512 41.1479
1298881002 -8.635 41.1478
1298881003 -8.63488 41.1478
1298881004 -8.63476 41.1478
1298881005 -8.63464 41.1477
1298881006 -8.63451 41.1477
1298881007 -8.63439 41.1477
1298881008 -8.63427 41.1476
1298881009 -8.63414 41.1476
1298881010 -8.63402 41.1475
1298881011 -8.63392 41.1475
1298881012 -8.63381 41.1474
1298881013 -8.6337 41.1474
1298881014 -8.63361 41.1473
1298881015 -8.63353 41.1473
1298881016 -8.63348 41.1473
1298881017 -8.63346 41.1472
1298881018 -8.63345 41.1472
1298881032 -8.63347 41.1472
1298881039 -8.63348 41.1472
1298881053 -8.63344 41.1472
1298881054 -8.6334 41.1472
1298881055 -8.63337 41.1472
1298881056 -8.6333 41.1471
1298881057 -8.63322 41.1471
1298881058 -8.63313 41.1471
1298881059 -8.63304 41.147
1298881060 -8.63293 41.147
1298881061 -8.63284 41.1469
1298881062 -8.63274 41.1469
1298881063 -8.63263 41.1468
1298881064 -8.63253 41.1468
1298881065 -8.63243 41.1467
1298881066 -8.63234 41.1467
1298881067 -8.63225 41.1466
1298881068 -8.63216 41.1466
1298881069 -8.63209 41.1465
1298881070 -8.63201 41.1465
1298881071 -8.63194 41.1464
1298881072 -8.63186 41.1464
1298881073 -8.6318 41.1464
1298881074 -8.63174 41.1463
1298881075 -8.63168 41.1463
1298881076 -8.63164 41.1462
1298881077 -8.63158 41.1462
1298881078 -8.63152 41.1462
1298881079 -8.63146 41.1462
1298881080 -8.63141 41.1462
1298881081 -8.63138 41.1463
1298881082 -8.63133 41.1463
1298881083 -8.63129 41.1463
1298881084 -8.63123 41.1463
1298881085 -8.63114 41.1464
1298881086 -8.63107 41.1464
1298881087 -8.63098 41.1464
1298881088 -8.63089 41.1464
1298881089 -8.63081 41.1464
1298881090 -8.63072 41.1464
1298881091 -8.63065 41.1464
1298881092 -8.63058 41.1464
1298881093 -8.6305 41.1464
1298881094 -8.63042 41.1464
1298881095 -8.63033 41.1464
1298881096 -8.63024 41.1464
1298881097 -8.63015 41.1464
1298881098 -8.63003 41.1464
1298881099 -8.62992 41.1464
1298881100 -8.6298 41.1464
1298881101 -8.62969 41.1464
1298881102 -8.62959 41.1464
1298881103 -8.62951 41.1463
1298881104 -8.62942 41.1463
1298881105 -8.62934 41.1462
1298881106 -8.62926 41.1461
1298881107 -8.62917 41.146
1298881108 -8.62907 41.146
1298881109 -8.62898 41.1459
1298881110 -8.62888 41.1458
1298881111 -8.62877 41.1457
1298881112 -8.62866 41.1456
1298881113 -8.62854 41.1455
1298881114 -8.62843 41.1454
1298881115 -8.62833 41.1454
1298881116 -8.62822 41.1453
1298881117 -8.62808 41.1453
1298881118 -8.62795 41.1452
1298881119 -8.62781 41.1452
1298881120 -8.62767 41.1452
1298881121 -8.62753 41.1453
1298881122 -8.6274 41.1453
1298881123 -8.62726 41.1453
1298881124 -8.62713 41.1453
1298881125 -8.627 41.1453
1298881126 -8.62686 41.1453
1298881127 -8.62673 41.1453
1298881128 -8.6266 41.1453
1298881129 -8.62647 41.1454
1298881130 -8.62634 41.1454
1298881131 -8.62621 41.1454
1298881132 -8.62609 41.1454
1298881133 -8.62596 41.1454
1298881134 -8.62584 41.1454
1298881135 -8.62572 41.1454
1298881136 -8.6256 41.1454
1298881137 -8.62547 41.1454
1298881138 -8.62536 41.1455
1298881139 -8.62524 41.1455
1298881140 -8.62511 41.1455
1298881141 -8.625 41.1455
1298881142 -8.62487 41.1455
1298881143 -8.62475 41.1455
1298881144 -8.62463 41.1455
1298881145 -8.62451 41.1455
1298881146 -8.62439 41.1456
1298881147 -8.62427 41.1456
1298881148 -8.62414 41.1456
1298881149 -8.62402 41.1456
1298881150 -8.6239 41.1456
1298881151 -8.62377 41.1456
1298881152 -8.62365 41.1456
1298881153 -8.62352 41.1456
1298881154 -8.62339 41.1456
1298881155 -8.62326 41.1456
1298881156 -8.62312 41.1457
1298881157 -8.62297 41.1457
1298881158 -8.62283 41.1457
1298881159 -8.62266 41.1457
1298881160 -8.62251 41.1457
1298881161 -8.62237 41.1457
1298881162 -8.62222 41.1458
1298881163 -8.62206 41.1458
1298881164 -8.62191 41.1458
1298881165 -8.62175 41.1458
1298881166 -8.6216 41.1458
1298881167 -8.62145 41.1459
1298881168 -8.62133 41.1459
1298881169 -8.62119 41.1459
1298881170 -8.62107 41.1459
1298881171 -8.62096 41.1459
1298881172 -8.62084 41.1459
1298881173 -8.62073 41.146
1298881174 -8.62066 41.146
1298881175 -8.62062 41.146
1298881176 -8.62061 41.146
1298881184 -8.62063 41.146
1298881187 -8.62064 41.146
1298881190 -8.62065 41.146
1298881195 -8.62067 41.146
1298881198 -8.62068 41.146
1298881200 -8.62068 41.146
