:break:
1298880040 -8.58667 41.1522
1298880041 -8.58667 41.1521
1298880042 -8.58666 41.152
1298880043 -8.58665 41.152
1298880044 -8.58665 41.1519
1298880045 -8.58665 41.1517
1298880046 -8.58665 41.1516
1298880047 -8.58665 41.1515
1298880048 -8.58665 41.1514
1298880049 -8.58662 41.1514
1298880050 -8.58658 41.1513
1298880051 -8.5865 41.1512
1298880052 -8.58641 41.1511
1298880053 -8.58633 41.1511
1298880054 -8.58624 41.151
1298880055 -8.58616 41.1509
1298880056 -8.5861 41.1508
1298880057 -8.58606 41.1507
1298880058 -8.58606 41.1506
1298880059 -8.58608 41.1505
1298880060 -8.58612 41.1504
1298880061 -8.58614 41.1503
1298880062 -8.58617 41.1501
1298880063 -8.5862 41.15
1298880064 -8.58623 41.1499
1298880065 -8.58626 41.1498
1298880066 -8.58628 41.1497
1298880067 -8.58631 41.1496
1298880068 -8.58632 41.1495
1298880069 -8.58635 41.1494
1298880070 -8.58636 41.1493
1298880071 -8.58636 41.1492
1298880072 -8.58635 41.1492
1298880073 -8.58634 41.1491
1298880074 -8.58635 41.1491
1298880075 -8.58635 41.149
1298880076 -8.58636 41.149
1298880078 -8.58637 41.149
1298880084 -8.58639 41.149
1298880085 -8.58641 41.1489
1298880087 -8.58636 41.1489
1298880088 -8.58631 41.1488
1298880089 -8.58625 41.1488
1298880090 -8.58621 41.1488
1298880091 -8.58617 41.1488
1298880092 -8.58613 41.1488
1298880093 -8.5861 41.1488
1298880094 -8.58606 41.1488
1298880095 -8.58602 41.1488
1298880096 -8.58596 41.1488
1298880097 -8.58589 41.1488
1298880098 -8.58584 41.1488
1298880099 -8.58578 41.1488
1298880100 -8.58575 41.1488
1298880101 -8.58572 41.1488
1298880102 -8.58569 41.1488
1298880103 -8.58567 41.1488
1298880104 -8.58565 41.1488
1298880105 -8.58564 41.1488
1298880106 -8.58564 41.1489
1298880108 -8.58566 41.1489
1298880109 -8.58568 41.1489
1298880110 -8.58571 41.149
1298880111 -8.58575 41.149
1298880112 -8.58578 41.149
1298880113 -8.58582 41.149
1298880114 -8.58585 41.149
1298880115 -8.58586 41.149
1298880117 -8.58587 41.149
1298880162 -8.58588 41.149
1298880183 -8.58589 41.149
1298880223 -8.5859 41.149
1298880231 -8.58591 41.149
1298880729 -8.58594 41.149
1298880730 -8.58596 41.149
1298880731 -8.586 41.149
1298880732 -8.58603 41.149
1298880733 -8.58605 41.149
1298880734 -8.58608 41.149
1298880735 -8.5861 41.149
1298880736 -8.58611 41.149
1298880741 -8.58613 41.149
1298880742 -8.58615 41.149
1298880743 -8.58619 41.149
1298880744 -8.58624 41.149
1298880745 -8.58631 41.149
1298880746 -8.58638 41.149
1298880747 -8.58647 41.149
1298880748 -8.58656 41.149
1298880749 -8.58665 41.149
1298880750 -8.58675 41.149
1298880751 -8.58685 41.1491
1298880752 -8.58695 41.1491
1298880753 -8.58706 41.1491
1298880754 -8.58718 41.1492
1298880755 -8.58731 41.1492
1298880756 -8.58742 41.1492
1298880757 -8.58755 41.1493
1298880758 -8.58766 41.1493
1298880759 -8.58779 41.1493
1298880760 -8.58793 41.1494
1298880761 -8.58806 41.1494
1298880762 -8.58821 41.1494
1298880763 -8.58836 41.1495
1298880764 -8.58851 41.1495
1298880765 -8.58867 41.1495
1298880766 -8.58883 41.1496
1298880767 -8.58899 41.1496
1298880768 -8.58917 41.1497
1298880769 -8.58933 41.1497
1298880770 -8.5895 41.1498
1298880771 -8.58966 41.1498
1298880772 -8.58982 41.1499
1298880773 -8.58994 41.1499
1298880774 -8.59006 41.1499
1298880775 -8.59017 41.15
1298880776 -8.59027 41.15
1298880777 -8.59037 41.15
1298880778 -8.59048 41.1501
1298880779 -8.59059 41.1501
1298880780 -8.59069 41.1501
1298880781 -8.59079 41.1501
1298880782 -8.59088 41.1502
1298880783 -8.59097 41.1502
1298880784 -8.59105 41.1502
1298880785 -8.59113 41.1502
1298880786 -8.59121 41.1503
1298880787 -8.59132 41.1503
1298880788 -8.59143 41.1503
1298880789 -8.59154 41.1504
1298880790 -8.59165 41.1504
1298880791 -8.59177 41.1504
1298880792 -8.5919 41.1505
1298880793 -8.59203 41.1505
1298880794 -8.59216 41.1505
1298880795 -8.5923 41.1506
1298880796 -8.59244 41.1506
1298880797 -8.5926 41.1507
1298880798 -8.59275 41.1507
1298880799 -8.59288 41.1508
1298880800 -8.593 41.1508
1298880801 -8.5931 41.1508
1298880802 -8.59316 41.1508
1298880803 -8.5932 41.1508
1298880804 -8.59322 41.1508
1298880805 -8.59324 41.1508
1298880807 -8.59325 41.1508
1298880808 -8.59327 41.1508
1298880809 -8.59328 41.1508
1298880810 -8.5933 41.1508
1298880811 -8.59331 41.1508
1298880812 -8.59333 41.1508
1298880813 -8.59334 41.1508
1298880814 -8.59338 41.1508
1298880815 -8.59342 41.1508
1298880816 -8.59347 41.1509
1298880817 -8.59352 41.1509
1298880818 -8.59355 41.1509
1298880819 -8.5936 41.151
1298880820 -8.59365 41.151
1298880821 -8.59372 41.151
1298880822 -8.5938 41.151
1298880823 -8.59388 41.151
1298880824 -8.59394 41.151
1298880825 -8.594 41.151
1298880826 -8.59408 41.151
1298880827 -8.59416 41.1511
1298880828 -8.59423 41.1511
1298880829 -8.5943 41.1512
1298880830 -8.59433 41.1513
1298880831 -8.59436 41.1514
1298880832 -8.59441 41.1515
1298880833 -8.59443 41.1516
1298880834 -8.59447 41.1517
1298880835 -8.5945 41.1518
1298880836 -8.59454 41.1519
1298880837 -8.59458 41.152
1298880838 -8.59461 41.1521
1298880839 -8.59466 41.1523
1298880840 -8.5947 41.1524
1298880841 -8.59474 41.1525
1298880842 -8.59478 41.1527
1298880843 -8.59482 41.1528
1298880844 -8.59487 41.1529
1298880845 -8.5949 41.153
1298880846 -8.59495 41.1532
1298880847 -8.59499 41.1533
1298880848 -8.59504 41.1534
1298880849 -8.59508 41.1536
1298880850 -8.59513 41.1537
1298880851 -8.59517 41.1538
1298880852 -8.59523 41.154
1298880853 -8.59527 41.1541
1298880854 -8.59531 41.1542
1298880855 -8.59537 41.1544
1298880856 -8.5954 41.1545
1298880857 -8.59541 41.1546
1298880858 -8.59543 41.1547
1298880859 -8.59544 41.1548
1298880860 -8.59542 41.1549
1298880861 -8.59538 41.155
1298880862 -8.59534 41.1551
1298880863 -8.5953 41.1552
1298880864 -8.59524 41.1553
1298880865 -8.59519 41.1554
1298880866 -8.59513 41.1555
1298880867 -8.59507 41.1556
1298880868 -8.59502 41.1557
1298880869 -8.59496 41.1558
1298880870 -8.59491 41.1559
1298880871 -8.59484 41.156
1298880872 -8.59478 41.1561
1298880873 -8.59472 41.1562
1298880874 -8.59465 41.1563
1298880875 -8.59459 41.1564
1298880876 -8.59456 41.1564
1298880877 -8.59452 41.1565
1298880878 -8.59449 41.1566
1298880879 -8.59445 41.1566
1298880880 -8.59441 41.1567
1298880881 -8.59435 41.1568
1298880882 -8.5943 41.1569
1298880883 -8.59424 41.157
1298880884 -8.59418 41.1571
1298880885 -8.59412 41.1572
1298880886 -8.59406 41.1573
1298880887 -8.59403 41.1574
1298880888 -8.59399 41.1575
1298880889 -8.59397 41.1575
1298880890 -8.59394 41.1575
1298880891 -8.59394 41.1576
1298880892 -8.59397 41.1576
1298880893 -8.594 41.1576
1298880894 -8.59405 41.1576
1298880895 -8.59409 41.1577
1298880896 -8.59415 41.1577
1298880897 -8.59423 41.1577
1298880898 -8.59431 41.1577
1298880899 -8.59436 41.1577
1298880900 -8.59442 41.1578
1298880901 -8.5945 41.1578
1298880902 -8.59458 41.1578
1298880903 -8.59467 41.1579
1298880904 -8.59474 41.1579
1298880905 -8.59482 41.1579
1298880906 -8.5949 41.158
1298880907 -8.59501 41.158
1298880908 -8.59508 41.158
1298880909 -8.59514 41.158
1298880910 -8.59518 41.158
1298880911 -8.59522 41.1581
1298880912 -8.59524 41.1581
1298880913 -8.59526 41.1582
1298880915 -8.59523 41.1583
1298880916 -8.59518 41.1583
1298880917 -8.59513 41.1584
1298880918 -8.59507 41.1584
1298880919 -8.59502 41.1585
1298880920 -8.59497 41.1585
1298880921 -8.59494 41.1586
1298880922 -8.59489 41.1587
1298880923 -8.59484 41.1587
1298880924 -8.59478 41.1588
1298880925 -8.59473 41.1589
1298880926 -8.59469 41.1589
1298880927 -8.59469 41.159
1298880930 -8.59469 41.1591
1298880931 -8.5947 41.1591
1298880935 -8.59472 41.1591
1298880936 -8.59476 41.1591
1298880937 -8.5948 41.1591
1298880938 -8.59487 41.1592
1298880939 -8.59495 41.1592
1298880940 -8.59503 41.1592
1298880941 -8.59513 41.1593
1298880942 -8.59523 41.1593
1298880943 -8.59535 41.1593
1298880944 -8.59548 41.1594
1298880945 -8.5956 41.1594
1298880946 -8.59573 41.1595
1298880947 -8.59584 41.1595
1298880948 -8.59593 41.1595
1298880949 -8.59602 41.1595
1298880950 -8.59609 41.1596
1298880951 -8.59613 41.1596
1298880953 -8.59612 41.1597
1298880954 -8.59607 41.1597
1298880955 -8.59601 41.1597
1298880956 -8.59593 41.1598
1298880957 -8.59583 41.1598
1298880958 -8.59572 41.1598
1298880959 -8.5956 41.1599
1298880960 -8.59549 41.1599
1298880961 -8.59535 41.16
1298880962 -8.59521 41.16
1298880963 -8.59505 41.16
1298880964 -8.5949 41.1601
1298880965 -8.59475 41.1601
1298880966 -8.59459 41.1602
1298880967 -8.59444 41.1602
1298880968 -8.59432 41.1603
1298880969 -8.5942 41.1603
1298880970 -8.5941 41.1604
1298880971 -8.59403 41.1604
1298880972 -8.59398 41.1604
1298880973 -8.59397 41.1605
1298880974 -8.59398 41.1605
1298880975 -8.59399 41.1605
1298880977 -8.594 41.1605
1298880978 -8.59402 41.1605
1298880979 -8.59406 41.1605
1298880980 -8.59411 41.1606
1298880981 -8.59418 41.1606
1298880982 -8.59429 41.1606
1298880983 -8.59441 41.1606
1298880984 -8.59454 41.1606
1298880985 -8.59469 41.1607
1298880986 -8.59484 41.1607
1298880987 -8.59499 41.1607
1298880988 -8.59514 41.1607
1298880989 -8.59528 41.1608
1298880990 -8.5954 41.1608
1298880991 -8.59553 41.1608
1298880992 -8.59566 41.1608
1298880993 -8.59577 41.1608
1298880994 -8.59586 41.1609
1298880995 -8.59592 41.1609
1298880996 -8.59596 41.1609
1298880997 -8.59602 41.1609
1298880998 -8.59608 41.1609
1298880999 -8.59616 41.1609
1298881000 -8.59626 41.1609
1298881001 -8.59637 41.1609
1298881002 -8.59649 41.1609
1298881003 -8.59663 41.1609
1298881004 -8.59676 41.161
1298881005 -8.59691 41.161
1298881006 -8.59706 41.161
1298881007 -8.59721 41.161
1298881008 -8.59737 41.161
1298881009 -8.59751 41.161
1298881010 -8.59764 41.1611
1298881011 -8.59775 41.1611
1298881012 -8.59785 41.1611
1298881013 -8.59793 41.1611
1298881014 -8.59798 41.1611
1298881015 -8.59801 41.1611
1298881016 -8.59802 41.1611
1298881026 -8.59803 41.1611
1298881031 -8.59804 41.1611
1298881035 -8.59805 41.1611
1298881036 -8.59808 41.1611
1298881037 -8.59811 41.1611
1298881038 -8.59816 41.1611
1298881039 -8.59822 41.1611
1298881040 -8.5983 41.1611
1298881041 -8.59841 41.1611
1298881042 -8.59853 41.1612
1298881043 -8.59865 41.1612
1298881044 -8.59879 41.1612
1298881045 -8.59893 41.1612
1298881046 -8.59909 41.1612
1298881047 -8.59924 41.1613
1298881048 -8.59938 41.1613
1298881049 -8.59951 41.1613
1298881050 -8.59962 41.1613
1298881051 -8.59971 41.1613
1298881052 -8.59978 41.1613
1298881053 -8.59984 41.1613
1298881054 -8.5999 41.1613
1298881055 -8.59997 41.1614
1298881056 -8.60003 41.1614
1298881057 -8.6001 41.1614
1298881058 -8.60018 41.1614
1298881059 -8.60027 41.1614
1298881060 -8.60035 41.1614
1298881061 -8.60044 41.1614
1298881062 -8.60051 41.1615
1298881063 -8.60061 41.1615
1298881064 -8.60072 41.1615
1298881065 -8.60084 41.1615
1298881066 -8.60098 41.1615
1298881067 -8.60111 41.1615
1298881068 -8.60125 41.1616
1298881069 -8.60138 41.1616
1298881070 -8.60152 41.1616
1298881071 -8.60164 41.1616
1298881072 -8.60177 41.1616
1298881073 -8.6019 41.1616
1298881074 -8.60204 41.1616
1298881075 -8.60218 41.1617
1298881076 -8.60234 41.1617
1298881077 -8.60248 41.1617
1298881078 -8.60261 41.1617
1298881079 -8.60272 41.1617
1298881080 -8.6028 41.1618
1298881081 -8.60287 41.1618
1298881082 -8.60292 41.1618
1298881083 -8.60297 41.1618
1298881084 -8.60302 41.1618
1298881085 -8.60306 41.1618
1298881086 -8.60309 41.1618
1298881087 -8.60312 41.1618
1298881088 -8.60313 41.1618
1298881089 -8.60314 41.1618
1298881093 -8.60315 41.1618
1298881101 -8.60316 41.1618
1298881103 -8.60317 41.1618
1298881105 -8.60318 41.1618
1298881107 -8.60319 41.1618
1298881108 -8.6032 41.1618
1298881112 -8.6032 41.1617
1298881113 -8.60321 41.1617
1298881120 -8.60322 41.1617
1298881146 -8.60322 41.1618
1298881147 -8.60324 41.1618
1298881148 -8.6033 41.1618
1298881149 -8.60335 41.1618
1298881150 -8.60342 41.1619
1298881151 -8.60348 41.1619
1298881152 -8.60354 41.1619
1298881153 -8.6036 41.1619
1298881154 -8.60366 41.1619
1298881155 -8.60372 41.1619
1298881156 -8.60379 41.1619
1298881157 -8.60388 41.1619
1298881158 -8.60396 41.162
1298881159 -8.60405 41.162
1298881160 -8.60409 41.162
1298881161 -8.60413 41.162
1298881162 -8.60416 41.162
1298881163 -8.60421 41.162
1298881164 -8.60426 41.162
1298881165 -8.60432 41.162
1298881166 -8.6044 41.162
1298881167 -8.60446 41.162
1298881168 -8.60451 41.162
1298881169 -8.60455 41.162
1298881170 -8.60459 41.162
1298881171 -8.60463 41.162
1298881172 -8.6047 41.162
1298881173 -8.6048 41.162
1298881174 -8.6049 41.162
1298881175 -8.60502 41.162
1298881176 -8.60515 41.162
1298881177 -8.60529 41.162
1298881178 -8.60543 41.162
1298881179 -8.60558 41.1621
1298881180 -8.60572 41.1621
1298881181 -8.60586 41.1621
1298881182 -8.60599 41.1621
1298881183 -8.60611 41.1621
1298881184 -8.60622 41.1622
1298881185 -8.60634 41.1622
1298881186 -8.60644 41.1622
1298881187 -8.60655 41.1622
1298881188 -8.60666 41.1622
1298881189 -8.60675 41.1622
1298881190 -8.60685 41.1622
1298881191 -8.60693 41.1622
1298881192 -8.60702 41.1623
1298881193 -8.6071 41.1623
1298881194 -8.60716 41.1623
1298881195 -8.60721 41.1623
1298881196 -8.60725 41.1623
1298881197 -8.60728 41.1623
1298881198 -8.60729 41.1623
1298881199 -8.6073 41.1623
1298881200 -8.6073 41.1623
