:break:
1298880050 -8.62669 41.1669
1298880051 -8.62672 41.1669
1298880052 -8.62674 41.1669
1298880053 -8.62676 41.1669
1298880054 -8.62679 41.1669
1298880055 -8.6268 41.1669
1298880056 -8.62682 41.1669
1298880057 -8.62682 41.167
1298880077 -8.62681 41.167
1298880086 -8.62682 41.1671
1298880096 -8.62683 41.1671
1298880098 -8.62684 41.1671
1298880099 -8.62685 41.1671
1298880100 -8.62686 41.1671
1298880104 -8.62686 41.167
1298880107 -8.62685 41.167
1298880109 -8.62684 41.167
1298880110 -8.62683 41.167
1298880113 -8.6268 41.167
1298880114 -8.62679 41.167
1298880116 -8.62678 41.167
1298880118 -8.62677 41.167
1298880120 -8.62676 41.167
1298880129 -8.62675 41.167
1298880141 -8.62676 41.1671
1298880142 -8.62675 41.1671
1298880147 -8.62674 41.1671
1298880168 -8.62687 41.1669
1298880171 -8.62688 41.1669
1298880172 -8.62689 41.1669
1298880175 -8.6269 41.1669
1298880178 -8.62691 41.1669
1298880219 -8.62686 41.1669
1298880223 -8.62685 41.1669
1298880224 -8.62684 41.1669
1298880228 -8.62683 41.1669
1298880234 -8.62681 41.1669
1298880295 -8.62687 41.167
1298880302 -8.62688 41.167
1298880308 -8.62689 41.167
1298880310 -8.6269 41.167
1298880336 -8.62691 41.167
1298880527 -8.62681 41.1671
1298880534 -8.6268 41.1671
1298880542 -8.62687 41.1671
1298880543 -8.62688 41.1671
1298880545 -8.62689 41.1671
1298880552 -8.6269 41.1671
1298880554 -8.62691 41.1671
1298880571 -8.62692 41.167
1298880576 -8.62693 41.167
1298880582 -8.62694 41.167
1298880586 -8.62695 41.167
1298880607 -8.62696 41.167
1298880620 -8.62697 41.167
1298880628 -8.62698 41.167
1298880633 -8.62699 41.167
1298880640 -8.627 41.167
1298880643 -8.627 41.1669
1298880645 -8.62701 41.1669
1298880667 -8.62702 41.1669
1298880678 -8.62703 41.1669
1298880685 -8.62704 41.1669
1298880722 -8.62698 41.1669
1298880723 -8.62699 41.1669
1298880739 -8.62697 41.1669
1298880742 -8.62696 41.1669
1298880775 -8.62693 41.1669
1298880872 -8.62696 41.1671
1298880873 -8.62699 41.1671
1298880874 -8.62702 41.1671
1298880875 -8.62708 41.167
1298880876 -8.62715 41.167
1298880877 -8.62718 41.167
1298880878 -8.62719 41.1669
1298880880 -8.62718 41.1669
1298880881 -8.62715 41.1669
1298880882 -8.62712 41.1669
1298880883 -8.6271 41.1669
1298880884 -8.62708 41.1669
1298880888 -8.62694 41.1669
1298880894 -8.62678 41.1669
1298880895 -8.62677 41.1669
1298880897 -8.62675 41.1669
1298880900 -8.62674 41.167
1298880904 -8.62673 41.167
1298880908 -8.62672 41.167
1298880914 -8.62671 41.167
1298880916 -8.6267 41.167
1298880921 -8.62669 41.167
1298880922 -8.62668 41.167
1298880928 -8.62667 41.167
1298880929 -8.62668 41.1671
1298880932 -8.62667 41.1671
1298880934 -8.62666 41.1671
1298880935 -8.62665 41.1671
1298880937 -8.62664 41.1671
1298880963 -8.62666 41.167
1298880964 -8.62665 41.167
1298880968 -8.62664 41.167
1298880974 -8.62663 41.167
1298880975 -8.6266 41.167
1298880976 -8.62657 41.1669
1298880977 -8.62655 41.1669
1298880978 -8.6265 41.1669
1298880979 -8.62646 41.1669
1298880980 -8.62643 41.1669
1298880981 -8.62639 41.1669
1298880982 -8.62635 41.1668
1298880983 -8.62627 41.1668
1298880984 -8.62621 41.1668
1298880985 -8.62613 41.1669
1298880986 -8.62604 41.1669
1298880987 -8.62596 41.1669
1298880988 -8.62588 41.1669
1298880989 -8.62581 41.1669
1298880990 -8.62574 41.1669
1298880991 -8.62568 41.1669
1298880992 -8.62564 41.1669
1298880993 -8.6256 41.1669
1298880994 -8.62557 41.1669
1298880995 -8.62556 41.167
1298880996 -8.62555 41.167
1298880997 -8.62554 41.167
1298881002 -8.62555 41.1669
1298881003 -8.62556 41.1669
1298881030 -8.62554 41.1669
1298881047 -8.62552 41.167
1298881048 -8.62548 41.167
1298881049 -8.62545 41.167
1298881050 -8.62541 41.167
1298881051 -8.62537 41.167
1298881052 -8.62531 41.167
1298881053 -8.62525 41.167
1298881054 -8.62518 41.1671
1298881055 -8.6251 41.1671
1298881056 -8.62501 41.1671
1298881057 -8.62493 41.1671
1298881058 -8.62483 41.1671
1298881059 -8.62472 41.1671
1298881060 -8.62462 41.1672
1298881061 -8.62453 41.1672
1298881062 -8.62445 41.1672
1298881063 -8.62437 41.1672
1298881064 -8.62427 41.1672
1298881065 -8.62416 41.1672
1298881066 -8.62404 41.1673
1298881067 -8.62393 41.1673
1298881068 -8.62381 41.1673
1298881069 -8.62369 41.1674
1298881070 -8.62358 41.1674
1298881071 -8.62347 41.1674
1298881072 -8.62337 41.1674
1298881073 -8.62327 41.1675
1298881074 -8.62318 41.1675
1298881075 -8.62311 41.1675
1298881076 -8.62303 41.1675
1298881077 -8.62298 41.1675
1298881078 -8.62292 41.1675
1298881079 -8.62285 41.1675
1298881080 -8.62278 41.1675
1298881081 -8.62272 41.1675
1298881082 -8.62264 41.1675
1298881083 -8.62256 41.1675
1298881084 -8.62248 41.1675
1298881085 -8.6224 41.1675
1298881086 -8.62232 41.1675
1298881087 -8.62224 41.1675
1298881088 -8.62215 41.1675
1298881089 -8.62205 41.1675
1298881090 -8.62198 41.1675
1298881091 -8.6219 41.1675
1298881092 -8.62178 41.1675
1298881093 -8.62169 41.1675
1298881094 -8.62162 41.1675
1298881095 -8.62153 41.1675
1298881096 -8.62143 41.1675
1298881097 -8.62133 41.1675
1298881098 -8.62123 41.1675
1298881099 -8.62114 41.1675
1298881100 -8.62105 41.1675
1298881101 -8.62096 41.1675
1298881102 -8.62087 41.1675
1298881103 -8.62078 41.1675
1298881104 -8.62072 41.1675
1298881105 -8.62065 41.1675
1298881106 -8.62058 41.1675
1298881107 -8.62052 41.1675
1298881108 -8.62046 41.1675
1298881109 -8.62043 41.1674
1298881110 -8.62038 41.1674
1298881111 -8.62036 41.1673
1298881112 -8.62035 41.1673
1298881113 -8.62034 41.1672
1298881114 -8.62036 41.1671
1298881115 -8.62039 41.1671
1298881116 -8.6204 41.167
1298881117 -8.62043 41.167
1298881118 -8.62046 41.1669
1298881119 -8.62048 41.1669
1298881120 -8.62049 41.1668
1298881123 -8.62048 41.1668
1298881124 -8.62047 41.1668
1298881125 -8.62045 41.1668
1298881126 -8.62043 41.1668
1298881127 -8.6204 41.1668
1298881128 -8.62037 41.1668
1298881129 -8.62035 41.1668
1298881130 -8.62033 41.1668
1298881131 -8.62032 41.1668
1298881132 -8.6203 41.1668
1298881134 -8.62031 41.1668
1298881136 -8.62034 41.1667
1298881140 -8.62037 41.1667
1298881144 -8.62034 41.1668
1298881146 -8.62028 41.1668
1298881147 -8.62025 41.1669
1298881148 -8.62021 41.1669
1298881149 -8.62018 41.167
1298881150 -8.62017 41.1671
1298881152 -8.62019 41.1672
1298881153 -8.6202 41.1672
1298881154 -8.62021 41.1673
1298881155 -8.62018 41.1673
1298881156 -8.62016 41.1674
1298881157 -8.62019 41.1674
1298881158 -8.62022 41.1675
1298881159 -8.62026 41.1675
1298881160 -8.62031 41.1675
1298881161 -8.62035 41.1675
1298881162 -8.62038 41.1675
1298881163 -8.62043 41.1676
1298881164 -8.62052 41.1676
1298881165 -8.62058 41.1676
1298881166 -8.62064 41.1676
1298881167 -8.62072 41.1676
1298881168 -8.62083 41.1676
1298881169 -8.62096 41.1676
1298881170 -8.62109 41.1676
1298881171 -8.62127 41.1675
1298881172 -8.62148 41.1675
1298881173 -8.6216 41.1675
1298881174 -8.62173 41.1675
1298881175 -8.62186 41.1675
1298881176 -8.622 41.1675
1298881177 -8.62214 41.1675
1298881178 -8.62226 41.1675
1298881179 -8.62239 41.1675
1298881180 -8.6225 41.1675
1298881181 -8.62262 41.1675
1298881182 -8.62273 41.1675
1298881183 -8.62283 41.1675
1298881186 -8.62306 41.1675
1298881187 -8.62314 41.1675
1298881188 -8.62322 41.1675
1298881189 -8.62331 41.1675
1298881190 -8.6234 41.1675
1298881191 -8.6235 41.1675
1298881192 -8.62359 41.1675
1298881193 -8.62367 41.1675
1298881194 -8.62376 41.1674
1298881195 -8.62384 41.1674
1298881196 -8.62389 41.1674
1298881197 -8.62393 41.1674
1298881198 -8.62396 41.1674
1298881199 -8.62398 41.1674
1298881200 -8.62399 41.1674
