:break:
1298880747 -8.62682 41.1544
1298880748 -8.62679 41.1543
1298880749 -8.62676 41.1542
1298880750 -8.62673 41.1541
1298880751 -8.6267 41.154
:break:
1298880755 -8.62659 41.1537
1298880756 -8.62657 41.1536
1298880757 -8.62655 41.1535
1298880758 -8.62651 41.1534
1298880759 -8.6265 41.1533
1298880760 -8.62648 41.1532
1298880761 -8.62645 41.1531
1298880762 -8.62644 41.1531
:break:
1298880764 -8.6264 41.153
1298880765 -8.62638 41.1529
1298880766 -8.62637 41.1529
1298880767 -8.62636 41.1529
1298880775 -8.62636 41.153
1298880782 -8.62635 41.153
1298880784 -8.62615 41.1529
1298880785 -8.62616 41.1529
1298880786 -8.62618 41.1529
1298880787 -8.62618 41.153
1298880788 -8.62619 41.153
1298880789 -8.62622 41.153
1298880790 -8.62622 41.1529
1298880791 -8.62623 41.1529
1298880792 -8.62623 41.153
1298880794 -8.62624 41.1529
1298880797 -8.62625 41.1529
1298880798 -8.62626 41.1529
1298880799 -8.62627 41.1529
1298880801 -8.62628 41.1529
1298880802 -8.62629 41.1529
1298880804 -8.6263 41.1529
1298880808 -8.62631 41.1529
1298880811 -8.62632 41.1529
1298880815 -8.62633 41.1529
1298880822 -8.62634 41.1529
1298880823 -8.62635 41.1529
1298880850 -8.62635 41.1528
1298880851 -8.62633 41.1528
1298880852 -8.62631 41.1527
1298880853 -8.62632 41.1527
1298880854 -8.62634 41.1527
1298880855 -8.62637 41.1526
1298880856 -8.62643 41.1526
1298880857 -8.6265 41.1526
1298880858 -8.62657 41.1526
1298880859 -8.62665 41.1525
1298880860 -8.62673 41.1525
1298880861 -8.62681 41.1525
1298880862 -8.6269 41.1525
1298880863 -8.627 41.1525
1298880864 -8.6271 41.1525
1298880865 -8.62721 41.1525
1298880866 -8.62733 41.1525
1298880867 -8.62744 41.1525
1298880868 -8.62755 41.1525
1298880869 -8.62767 41.1525
1298880870 -8.62777 41.1525
1298880871 -8.62788 41.1525
1298880872 -8.62796 41.1525
1298880873 -8.62803 41.1525
1298880874 -8.62809 41.1525
1298880875 -8.62816 41.1525
1298880876 -8.6282 41.1525
1298880877 -8.62824 41.1525
1298880878 -8.62825 41.1525
1298880880 -8.62826 41.1525
1298880887 -8.62828 41.1525
1298880888 -8.62831 41.1525
1298880889 -8.62836 41.1525
1298880890 -8.62843 41.1525
1298880891 -8.62848 41.1526
1298880892 -8.62852 41.1526
1298880893 -8.62855 41.1526
1298880894 -8.62861 41.1526
1298880895 -8.62869 41.1526
1298880896 -8.62873 41.1526
1298880897 -8.62879 41.1525
1298880898 -8.62884 41.1525
1298880899 -8.62892 41.1526
1298880900 -8.629 41.1526
1298880901 -8.62908 41.1526
1298880902 -8.62917 41.1526
1298880903 -8.62928 41.1526
1298880904 -8.62939 41.1526
1298880905 -8.62952 41.1527
1298880906 -8.62977 41.1526
1298880907 -8.62993 41.1526
1298880908 -8.63008 41.1526
1298880909 -8.63021 41.1526
1298880910 -8.63033 41.1526
1298880911 -8.63045 41.1526
1298880912 -8.63058 41.1526
1298880913 -8.63068 41.1527
1298880914 -8.63078 41.1526
1298880915 -8.63086 41.1526
1298880916 -8.63093 41.1526
1298880917 -8.631 41.1527
1298880918 -8.63106 41.1527
1298880919 -8.63114 41.1527
1298880920 -8.63123 41.1527
1298880921 -8.63134 41.1527
1298880922 -8.63147 41.1527
1298880923 -8.63159 41.1527
1298880924 -8.63173 41.1527
1298880925 -8.63185 41.1527
1298880926 -8.63198 41.1528
1298880927 -8.63211 41.1528
1298880928 -8.63222 41.1528
1298880929 -8.63232 41.1528
1298880930 -8.63245 41.1528
1298880931 -8.6326 41.1528
1298880932 -8.63273 41.1527
1298880933 -8.63287 41.1527
1298880934 -8.63301 41.1527
1298880935 -8.63314 41.1527
1298880936 -8.63327 41.1527
1298880937 -8.63339 41.1527
1298880938 -8.63351 41.1527
1298880939 -8.63363 41.1527
1298880940 -8.63374 41.1526
1298880941 -8.63387 41.1526
1298880942 -8.63401 41.1526
1298880943 -8.63414 41.1526
1298880944 -8.63429 41.1526
1298880945 -8.63444 41.1525
1298880946 -8.6346 41.1525
1298880947 -8.63476 41.1525
1298880948 -8.63491 41.1525
1298880949 -8.63507 41.1525
1298880950 -8.63522 41.1525
1298880951 -8.63538 41.1525
1298880952 -8.63553 41.1525
1298880953 -8.63566 41.1525
1298880954 -8.63579 41.1525
1298880955 -8.63591 41.1525
1298880956 -8.63602 41.1525
1298880957 -8.63611 41.1525
1298880958 -8.6362 41.1526
1298880959 -8.63629 41.1526
1298880960 -8.63637 41.1526
1298880961 -8.63645 41.1526
1298880962 -8.63652 41.1527
1298880963 -8.63659 41.1527
1298880964 -8.63666 41.1527
1298880965 -8.63672 41.1527
1298880966 -8.63678 41.1527
1298880967 -8.63682 41.1528
1298880968 -8.63687 41.1528
1298880969 -8.63692 41.1528
1298880970 -8.63698 41.1528
1298880971 -8.63702 41.1528
1298880972 -8.63709 41.1528
1298880973 -8.63716 41.1529
1298880974 -8.63725 41.1529
1298880975 -8.63737 41.1529
1298880976 -8.63749 41.1529
1298880977 -8.63762 41.153
1298880978 -8.63774 41.153
1298880979 -8.63787 41.153
1298880980 -8.63798 41.153
1298880981 -8.6381 41.1531
1298880982 -8.63821 41.1531
1298880983 -8.63831 41.1531
1298880984 -8.63841 41.1531
1298880985 -8.6385 41.1532
1298880986 -8.63858 41.1532
1298880987 -8.63867 41.1532
1298880988 -8.63875 41.1532
1298880989 -8.63885 41.1532
1298880990 -8.63896 41.1533
1298880991 -8.63906 41.1533
1298880992 -8.63919 41.1533
1298880993 -8.63932 41.1533
1298880994 -8.63944 41.1534
1298880995 -8.63959 41.1534
1298880996 -8.63971 41.1534
1298880997 -8.63984 41.1535
1298880998 -8.63996 41.1535
1298880999 -8.64008 41.1535
1298881000 -8.64018 41.1535
1298881001 -8.64029 41.1535
1298881002 -8.6404 41.1536
1298881003 -8.64051 41.1536
1298881004 -8.64063 41.1536
1298881005 -8.64076 41.1536
1298881006 -8.64088 41.1537
1298881007 -8.64101 41.1537
1298881008 -8.64113 41.1537
1298881009 -8.64123 41.1538
1298881010 -8.64134 41.1538
1298881011 -8.64145 41.1538
1298881012 -8.64152 41.1539
1298881013 -8.64159 41.1539
1298881014 -8.64166 41.1539
1298881015 -8.64172 41.1539
1298881016 -8.64177 41.1539
1298881017 -8.6418 41.154
1298881018 -8.64181 41.154
1298881024 -8.64182 41.154
1298881026 -8.64183 41.154
1298881029 -8.64184 41.154
1298881031 -8.64187 41.154
1298881032 -8.64192 41.154
1298881033 -8.64197 41.154
1298881034 -8.64202 41.154
1298881035 -8.64206 41.1541
1298881036 -8.64212 41.1541
1298881037 -8.64218 41.1541
1298881038 -8.64227 41.1542
1298881039 -8.64242 41.1542
1298881040 -8.64254 41.1542
1298881041 -8.64265 41.1543
1298881042 -8.64275 41.1543
1298881043 -8.64286 41.1543
1298881044 -8.64297 41.1544
1298881045 -8.64308 41.1544
1298881046 -8.64319 41.1544
1298881047 -8.64329 41.1545
1298881048 -8.6434 41.1545
1298881049 -8.64352 41.1545
1298881050 -8.64364 41.1546
1298881051 -8.64375 41.1546
1298881052 -8.64387 41.1546
1298881053 -8.64399 41.1546
1298881054 -8.64412 41.1546
1298881055 -8.64425 41.1546
1298881056 -8.64437 41.1546
1298881057 -8.64448 41.1546
1298881058 -8.6446 41.1545
1298881059 -8.64473 41.1545
1298881060 -8.64484 41.1545
1298881061 -8.64497 41.1545
1298881062 -8.6451 41.1545
1298881063 -8.64524 41.1545
1298881064 -8.64537 41.1545
1298881065 -8.64551 41.1545
1298881066 -8.64564 41.1545
1298881067 -8.64577 41.1545
1298881068 -8.64589 41.1544
1298881069 -8.64602 41.1544
1298881070 -8.64614 41.1544
1298881071 -8.64626 41.1544
1298881072 -8.64639 41.1544
1298881073 -8.64652 41.1544
1298881074 -8.64664 41.1544
1298881075 -8.64676 41.1544
1298881076 -8.64687 41.1543
1298881077 -8.64696 41.1543
1298881078 -8.64703 41.1543
1298881079 -8.64709 41.1543
1298881080 -8.64713 41.1543
1298881081 -8.64715 41.1543
1298881082 -8.64717 41.1543
1298881083 -8.64719 41.1543
1298881084 -8.6472 41.1543
1298881085 -8.64722 41.1543
1298881086 -8.64723 41.1543
1298881087 -8.64724 41.1543
1298881088 -8.64726 41.1543
1298881089 -8.64729 41.1543
1298881090 -8.64733 41.1543
1298881091 -8.64738 41.1543
1298881092 -8.64745 41.1543
1298881093 -8.64752 41.1543
1298881094 -8.64761 41.1543
1298881095 -8.64771 41.1543
1298881096 -8.64781 41.1543
1298881097 -8.6479 41.1543
1298881098 -8.64799 41.1543
1298881099 -8.64806 41.1543
1298881100 -8.64811 41.1544
1298881101 -8.64813 41.1544
1298881102 -8.64813 41.1545
1298881103 -8.64812 41.1545
1298881104 -8.64808 41.1546
1298881105 -8.64805 41.1546
1298881106 -8.64802 41.1547
1298881107 -8.64801 41.1547
1298881108 -8.648 41.1548
1298881109 -8.64801 41.1548
1298881112 -8.64802 41.1548
1298881113 -8.64804 41.1549
1298881114 -8.64805 41.1549
1298881130 -8.64807 41.1549
1298881131 -8.64809 41.155
1298881132 -8.64811 41.155
1298881133 -8.64813 41.155
1298881134 -8.64814 41.155
1298881135 -8.64815 41.155
1298881136 -8.64816 41.155
1298881148 -8.64817 41.155
1298881156 -8.64818 41.155
1298881158 -8.64819 41.155
1298881161 -8.6482 41.155
1298881162 -8.64822 41.155
1298881163 -8.64823 41.155
1298881164 -8.64825 41.155
1298881165 -8.64827 41.155
1298881166 -8.6483 41.155
1298881167 -8.64832 41.155
1298881168 -8.64834 41.155
1298881169 -8.64836 41.155
1298881170 -8.64839 41.155
1298881171 -8.64841 41.155
1298881172 -8.64843 41.155
1298881173 -8.64846 41.155
1298881174 -8.64849 41.155
1298881175 -8.64852 41.155
1298881176 -8.64857 41.155
1298881177 -8.64861 41.155
1298881178 -8.64867 41.1549
1298881179 -8.64873 41.1549
1298881180 -8.64878 41.1549
1298881181 -8.64884 41.1549
1298881182 -8.64889 41.1549
1298881183 -8.64893 41.1549
1298881184 -8.64897 41.1548
1298881185 -8.64901 41.1548
1298881186 -8.64904 41.1548
1298881187 -8.64905 41.1547
1298881188 -8.64907 41.1547
1298881190 -8.64908 41.1547
1298881200 -8.64907 41.1547
