:break:
1298880181 -8.67609 41.1632
1298880182 -8.67608 41.1632
1298880204 -8.67609 41.1633
1298880205 -8.6761 41.1633
1298880207 -8.67611 41.1633
1298880210 -8.67612 41.1633
1298880234 -8.67613 41.1633
1298880235 -8.67614 41.1633
1298880236 -8.67615 41.1633
1298880237 -8.67616 41.1633
1298880244 -8.67616 41.1632
1298880245 -8.67614 41.1632
1298880246 -8.67614 41.1631
1298880247 -8.67612 41.1631
1298880248 -8.67611 41.163
1298880249 -8.6761 41.163
1298880250 -8.6761 41.1629
1298880251 -8.67612 41.1629
1298880252 -8.67616 41.1629
1298880253 -8.67622 41.1628
1298880254 -8.67628 41.1628
1298880255 -8.67636 41.1628
1298880256 -8.67644 41.1627
1298880257 -8.67653 41.1627
1298880258 -8.67663 41.1626
1298880259 -8.67671 41.1625
1298880260 -8.67682 41.1625
1298880261 -8.67693 41.1624
1298880262 -8.67705 41.1624
1298880263 -8.67716 41.1623
1298880264 -8.67726 41.1622
1298880265 -8.67732 41.1622
1298880266 -8.67738 41.1622
1298880267 -8.67745 41.1621
1298880268 -8.67752 41.1621
1298880269 -8.67758 41.162
1298880270 -8.67764 41.162
1298880271 -8.67772 41.162
1298880272 -8.6778 41.162
1298880273 -8.6779 41.1619
1298880274 -8.67798 41.1619
1298880275 -8.67807 41.1618
1298880276 -8.67817 41.1618
1298880277 -8.67827 41.1617
1298880278 -8.67836 41.1617
1298880279 -8.67845 41.1617
1298880280 -8.67852 41.1616
1298880281 -8.67859 41.1616
1298880282 -8.67866 41.1615
1298880283 -8.67871 41.1615
1298880284 -8.67879 41.1614
1298880285 -8.67888 41.1614
1298880286 -8.67897 41.1613
1298880287 -8.67909 41.1613
1298880288 -8.67919 41.1612
1298880289 -8.6793 41.1612
1298880290 -8.67942 41.1611
1298880291 -8.67955 41.1611
1298880292 -8.67967 41.1611
1298880293 -8.67984 41.161
1298880294 -8.67999 41.1609
1298880295 -8.68013 41.1608
1298880296 -8.68025 41.1607
1298880297 -8.68037 41.1607
1298880298 -8.68048 41.1606
1298880299 -8.68059 41.1606
1298880300 -8.68071 41.1605
1298880301 -8.68081 41.1605
1298880302 -8.6809 41.1605
1298880303 -8.68098 41.1605
1298880304 -8.68104 41.1604
1298880305 -8.68108 41.1604
1298880306 -8.68112 41.1604
1298880307 -8.68116 41.1604
1298880308 -8.68118 41.1604
1298880309 -8.68122 41.1604
1298880310 -8.68124 41.1604
1298880311 -8.68125 41.1604
1298880312 -8.68126 41.1604
1298880313 -8.68128 41.1604
1298880314 -8.68131 41.1604
1298880315 -8.68133 41.1603
1298880318 -8.68134 41.1603
1298880320 -8.68135 41.1603
1298880326 -8.68136 41.1603
1298880327 -8.68137 41.1603
1298880328 -8.68139 41.1603
1298880329 -8.68141 41.1603
1298880331 -8.68142 41.1603
1298880333 -8.68143 41.1603
1298880337 -8.68144 41.1603
1298880339 -8.68145 41.1603
1298880356 -8.68146 41.1603
1298880358 -8.68147 41.1603
1298880361 -8.68148 41.1603
1298880365 -8.68149 41.1603
1298880366 -8.6815 41.1603
1298880367 -8.68153 41.1603
1298880368 -8.68155 41.1603
1298880369 -8.68159 41.1603
1298880370 -8.68162 41.1602
1298880371 -8.68163 41.1602
1298880372 -8.68165 41.1602
1298880374 -8.68166 41.1602
1298880390 -8.68168 41.1602
1298880398 -8.68167 41.1602
1298880399 -8.68164 41.1602
1298880401 -8.68157 41.1602
1298880402 -8.68154 41.1602
1298880403 -8.68152 41.1602
1298880404 -8.68149 41.1602
1298880408 -8.6814 41.1603
1298880421 -8.68138 41.1603
1298880451 -8.68136 41.1604
1298880465 -8.68138 41.1604
1298880468 -8.68139 41.1604
1298880497 -8.6814 41.1604
1298880504 -8.68141 41.1604
1298880532 -8.68137 41.1604
1298880546 -8.68135 41.1604
1298880735 -8.6812 41.1604
1298880736 -8.68117 41.1604
1298880737 -8.68114 41.1604
1298880738 -8.68113 41.1604
1298880743 -8.6811 41.1604
1298880744 -8.68109 41.1604
1298880756 -8.68121 41.1604
1298880758 -8.68129 41.1604
1298880759 -8.68131 41.1603
1298880764 -8.68152 41.1603
1298880766 -8.68161 41.1602
1298880769 -8.68171 41.1602
1298880770 -8.68174 41.1602
1298880771 -8.68178 41.1602
1298880772 -8.68181 41.1602
1298880773 -8.68183 41.1603
1298880774 -8.68189 41.1603
1298880775 -8.68195 41.1603
1298880776 -8.68201 41.1604
1298880777 -8.68208 41.1605
1298880778 -8.68214 41.1606
1298880779 -8.6822 41.1606
1298880780 -8.68228 41.1607
1298880781 -8.68238 41.1607
1298880782 -8.68246 41.1608
1298880783 -8.68253 41.1609
1298880784 -8.68259 41.161
1298880785 -8.68266 41.1611
1298880786 -8.68273 41.1612
1298880787 -8.68278 41.1613
1298880788 -8.68283 41.1614
1298880789 -8.6829 41.1615
1298880790 -8.68296 41.1616
1298880791 -8.68303 41.1617
1298880792 -8.68311 41.1618
1298880793 -8.68319 41.1619
1298880794 -8.68324 41.162
1298880795 -8.6833 41.1622
1298880796 -8.68333 41.1622
1298880797 -8.68338 41.1623
1298880798 -8.68341 41.1624
1298880799 -8.68344 41.1624
1298880800 -8.68345 41.1625
1298880801 -8.68349 41.1626
1298880802 -8.68351 41.1626
1298880803 -8.68354 41.1627
1298880804 -8.68358 41.1628
1298880805 -8.68361 41.1628
1298880806 -8.68363 41.1629
1298880807 -8.68367 41.1629
1298880808 -8.68371 41.163
1298880809 -8.68374 41.1631
1298880810 -8.68379 41.1632
1298880811 -8.68384 41.1632
1298880812 -8.68388 41.1633
1298880813 -8.68393 41.1634
1298880814 -8.68398 41.1635
1298880815 -8.68401 41.1636
1298880816 -8.68406 41.1637
1298880817 -8.68411 41.1638
1298880818 -8.68415 41.1639
1298880819 -8.68417 41.164
1298880820 -8.68422 41.1641
1298880821 -8.68426 41.1641
1298880822 -8.6843 41.1642
1298880823 -8.68434 41.1643
1298880824 -8.68437 41.1644
1298880825 -8.68441 41.1644
1298880826 -8.68446 41.1645
1298880827 -8.68449 41.1646
1298880828 -8.6845 41.1647
1298880829 -8.68452 41.1647
1298880830 -8.68455 41.1648
1298880831 -8.68458 41.1649
1298880832 -8.68461 41.165
1298880833 -8.68466 41.1651
1298880834 -8.6847 41.1651
1298880835 -8.68476 41.1652
1298880836 -8.68481 41.1654
1298880837 -8.68487 41.1655
1298880838 -8.68492 41.1656
1298880839 -8.68497 41.1657
1298880840 -8.68502 41.1658
1298880841 -8.68506 41.1659
1298880842 -8.68509 41.1659
1298880843 -8.68512 41.166
1298880844 -8.68514 41.1661
1298880845 -8.68516 41.1661
1298880846 -8.68521 41.1661
1298880847 -8.68526 41.1661
1298880848 -8.68533 41.1661
1298880849 -8.68541 41.1661
1298880850 -8.6855 41.1661
1298880851 -8.68561 41.1661
1298880852 -8.68572 41.1661
1298880853 -8.68584 41.1662
1298880854 -8.68597 41.1662
1298880855 -8.68608 41.1662
1298880856 -8.6862 41.1662
1298880857 -8.68632 41.1662
1298880858 -8.68648 41.1662
1298880859 -8.68665 41.1662
1298880860 -8.6868 41.1661
1298880861 -8.68694 41.1661
1298880862 -8.68706 41.166
1298880863 -8.68717 41.166
1298880864 -8.68725 41.166
1298880865 -8.68731 41.166
1298880866 -8.68735 41.166
1298880868 -8.68736 41.166
1298880869 -8.68737 41.166
1298880870 -8.68739 41.166
1298880871 -8.68741 41.166
1298880872 -8.68745 41.1661
1298880873 -8.68748 41.1661
1298880874 -8.68753 41.1661
1298880875 -8.68757 41.1662
1298880876 -8.68762 41.1663
1298880877 -8.68767 41.1663
1298880878 -8.68773 41.1664
1298880879 -8.68779 41.1665
1298880880 -8.68785 41.1666
1298880881 -8.68792 41.1667
1298880882 -8.68797 41.1668
1298880883 -8.68802 41.1669
1298880884 -8.68807 41.167
1298880885 -8.68811 41.1671
1298880886 -8.68813 41.1672
1298880887 -8.68816 41.1672
1298880888 -8.68816 41.1673
1298880889 -8.68817 41.1673
1298880890 -8.68814 41.1674
1298880891 -8.68811 41.1674
1298880892 -8.68809 41.1675
1298880893 -8.68804 41.1675
1298880894 -8.688 41.1676
1298880895 -8.68794 41.1676
1298880896 -8.68791 41.1677
1298880897 -8.68788 41.1678
1298880898 -8.68787 41.1679
1298880899 -8.68788 41.168
1298880900 -8.68792 41.1681
1298880901 -8.68795 41.1682
1298880902 -8.68799 41.1683
1298880903 -8.68801 41.1684
1298880904 -8.68801 41.1685
1298880905 -8.68796 41.1686
1298880906 -8.68791 41.1686
1298880907 -8.68783 41.1687
1298880908 -8.68776 41.1688
1298880909 -8.68768 41.1689
1298880910 -8.68759 41.169
1298880911 -8.6875 41.1691
1298880912 -8.6874 41.1693
1298880913 -8.6873 41.1694
1298880914 -8.68721 41.1695
1298880915 -8.68712 41.1697
1298880916 -8.68703 41.1698
1298880917 -8.68698 41.17
1298880918 -8.68694 41.1701
1298880919 -8.68693 41.1703
1298880920 -8.68693 41.1704
1298880921 -8.68694 41.1706
1298880922 -8.68699 41.1707
1298880923 -8.68704 41.1709
1298880924 -8.68712 41.171
1298880925 -8.68721 41.1712
1298880926 -8.68729 41.1713
1298880927 -8.68737 41.1714
1298880928 -8.68744 41.1716
1298880929 -8.68751 41.1717
1298880930 -8.68758 41.1718
1298880931 -8.68765 41.1719
1298880932 -8.68771 41.1719
1298880933 -8.68778 41.172
1298880934 -8.68784 41.1722
1298880935 -8.68792 41.1723
1298880936 -8.68798 41.1724
1298880937 -8.68804 41.1724
1298880938 -8.68809 41.1725
1298880939 -8.68813 41.1726
1298880940 -8.68816 41.1726
1298880941 -8.68818 41.1726
1298880942 -8.6882 41.1727
1298880944 -8.68823 41.1727
1298880945 -8.68825 41.1728
1298880946 -8.68828 41.1728
1298880947 -8.68829 41.1728
1298880948 -8.68831 41.1729
1298880950 -8.6883 41.173
1298880951 -8.68829 41.1731
1298880952 -8.68826 41.1732
1298880953 -8.68825 41.1732
1298880954 -8.68826 41.1733
1298880955 -8.68828 41.1734
1298880956 -8.68831 41.1735
1298880957 -8.68836 41.1735
1298880958 -8.6884 41.1736
1298880959 -8.68847 41.1737
1298880960 -8.68856 41.1737
1298880961 -8.68864 41.1738
1298880962 -8.68872 41.1739
1298880963 -8.68877 41.1739
1298880964 -8.68882 41.174
1298880965 -8.68883 41.1741
1298880966 -8.68884 41.1742
1298880967 -8.68886 41.1743
1298880968 -8.68889 41.1744
1298880969 -8.68891 41.1745
1298880970 -8.68892 41.1745
1298880971 -8.68892 41.1746
1298880973 -8.68891 41.1746
1298880974 -8.68883 41.1747
1298880975 -8.68878 41.1747
1298880976 -8.68869 41.1747
1298880977 -8.68858 41.1747
1298880978 -8.68846 41.1748
1298880979 -8.68831 41.1748
1298880980 -8.68816 41.1748
1298880981 -8.68801 41.1748
1298880982 -8.68784 41.1748
1298880983 -8.68769 41.1748
1298880984 -8.68753 41.1748
1298880985 -8.68737 41.1748
1298880986 -8.68722 41.1748
1298880987 -8.68712 41.1748
1298880988 -8.68705 41.1749
1298880989 -8.687 41.1749
1298880990 -8.68697 41.1749
1298880991 -8.68695 41.1749
1298880992 -8.68695 41.175
1298880993 -8.68696 41.1751
1298880994 -8.68698 41.1752
1298880995 -8.687 41.1753
1298880996 -8.68701 41.1754
1298880997 -8.68703 41.1755
1298880998 -8.68704 41.1756
1298880999 -8.68707 41.1757
1298881000 -8.68709 41.1758
1298881001 -8.68712 41.1759
1298881002 -8.68713 41.176
1298881003 -8.68715 41.1761
1298881004 -8.68718 41.1762
1298881005 -8.6872 41.1763
1298881006 -8.68721 41.1764
1298881007 -8.68721 41.1765
1298881008 -8.68721 41.1766
1298881009 -8.68716 41.1766
1298881010 -8.68711 41.1766
1298881011 -8.68704 41.1767
1298881012 -8.68694 41.1767
1298881013 -8.68682 41.1767
1298881014 -8.6867 41.1767
1298881015 -8.68657 41.1767
1298881016 -8.68646 41.1768
1298881017 -8.68633 41.1768
1298881018 -8.68622 41.1768
1298881019 -8.68609 41.1768
1298881020 -8.68594 41.1768
1298881021 -8.68578 41.1768
1298881022 -8.68562 41.1769
1298881023 -8.68546 41.1769
1298881024 -8.68529 41.1769
1298881025 -8.68513 41.1769
1298881026 -8.68496 41.1769
1298881027 -8.68477 41.1769
1298881028 -8.68458 41.1769
1298881029 -8.6844 41.1769
1298881030 -8.68422 41.177
1298881031 -8.68404 41.177
1298881032 -8.68386 41.177
1298881033 -8.68366 41.177
1298881034 -8.68348 41.177
1298881035 -8.68331 41.177
1298881036 -8.68315 41.177
1298881037 -8.68299 41.177
1298881038 -8.68286 41.1771
1298881039 -8.68272 41.1771
1298881040 -8.68259 41.1771
1298881041 -8.68245 41.1771
1298881042 -8.68232 41.1771
1298881043 -8.68219 41.1771
1298881044 -8.68207 41.1771
1298881045 -8.68196 41.1771
1298881046 -8.68187 41.1771
1298881047 -8.68178 41.1771
1298881048 -8.6817 41.1771
1298881049 -8.68163 41.1771
1298881050 -8.68157 41.1771
1298881051 -8.68152 41.1771
1298881052 -8.68148 41.1771
1298881053 -8.68145 41.1771
1298881054 -8.68144 41.1771
1298881055 -8.68143 41.1771
1298881082 -8.68144 41.1772
1298881083 -8.68143 41.1772
1298881088 -8.68142 41.1772
1298881098 -8.68141 41.1772
1298881108 -8.6814 41.1772
1298881116 -8.68139 41.1772
1298881117 -8.68136 41.1772
1298881118 -8.68133 41.1772
1298881119 -8.68126 41.1772
1298881120 -8.6812 41.1772
1298881121 -8.68113 41.1772
1298881122 -8.68108 41.1773
1298881123 -8.68105 41.1773
1298881125 -8.68107 41.1774
1298881126 -8.68108 41.1775
1298881127 -8.68109 41.1776
1298881128 -8.68112 41.1777
1298881129 -8.68115 41.1778
1298881130 -8.68117 41.1779
1298881131 -8.68119 41.178
1298881132 -8.6812 41.1781
1298881133 -8.68123 41.1782
1298881134 -8.68126 41.1783
1298881135 -8.68127 41.1784
1298881136 -8.68129 41.1785
1298881137 -8.6813 41.1785
1298881138 -8.68128 41.1786
1298881139 -8.68127 41.1787
1298881140 -8.68124 41.1788
1298881141 -8.68123 41.1789
1298881142 -8.68126 41.179
1298881143 -8.68131 41.1791
1298881144 -8.68138 41.1791
1298881145 -8.68146 41.1792
1298881146 -8.68153 41.1793
1298881147 -8.68159 41.1794
1298881148 -8.68167 41.1795
1298881149 -8.68172 41.1796
1298881150 -8.68178 41.1797
1298881151 -8.68181 41.1797
1298881152 -8.68188 41.1798
1298881153 -8.6819 41.1799
1298881154 -8.68188 41.1799
1298881155 -8.68187 41.18
1298881157 -8.68188 41.18
1298881158 -8.68191 41.18
1298881159 -8.68194 41.18
1298881160 -8.68192 41.1801
1298881161 -8.68193 41.1801
1298881162 -8.68193 41.1802
1298881163 -8.68188 41.1803
1298881164 -8.68182 41.1803
1298881165 -8.68179 41.1804
1298881166 -8.68172 41.1805
1298881167 -8.68163 41.1805
1298881168 -8.68151 41.1805
1298881169 -8.68141 41.1805
1298881170 -8.68125 41.1805
1298881171 -8.68108 41.1805
1298881172 -8.68091 41.1806
1298881173 -8.68074 41.1806
1298881174 -8.68056 41.1806
1298881175 -8.68038 41.1806
1298881176 -8.6802 41.1806
1298881177 -8.68003 41.1807
1298881178 -8.67985 41.1807
1298881179 -8.67965 41.1808
1298881180 -8.67945 41.1808
1298881181 -8.67925 41.1809
1298881182 -8.67904 41.181
1298881183 -8.67884 41.1811
1298881184 -8.67865 41.1812
1298881185 -8.67845 41.1813
1298881186 -8.67827 41.1814
1298881187 -8.6781 41.1816
1298881188 -8.67793 41.1817
1298881189 -8.67775 41.1819
1298881190 -8.67759 41.182
1298881191 -8.67743 41.1822
1298881192 -8.67728 41.1824
1298881193 -8.67711 41.1825
1298881194 -8.67694 41.1827
1298881195 -8.67676 41.1829
1298881196 -8.67659 41.1831
1298881197 -8.67643 41.1832
1298881198 -8.67626 41.1834
1298881199 -8.67609 41.1836
1298881200 -8.67593 41.1838
