:break:
1298880035 -8.64922 41.1544
1298880083 -8.64922 41.1543
1298880085 -8.64923 41.1543
1298880086 -8.64924 41.1543
1298880087 -8.64928 41.1543
1298880088 -8.64931 41.1543
1298880089 -8.64935 41.1543
1298880090 -8.64937 41.1543
1298880091 -8.64939 41.1543
1298880092 -8.6494 41.1543
1298880094 -8.64941 41.1543
1298880095 -8.64942 41.1543
1298880097 -8.64943 41.1543
1298880098 -8.64944 41.1543
1298880100 -8.64945 41.1543
1298880102 -8.64946 41.1543
1298880104 -8.64946 41.1542
1298880105 -8.64947 41.1542
1298880106 -8.64948 41.1542
1298880107 -8.64949 41.1542
1298880108 -8.64951 41.1542
1298880109 -8.64955 41.1542
1298880110 -8.64958 41.1543
1298880111 -8.64961 41.1542
1298880112 -8.64967 41.1542
1298880113 -8.64973 41.1542
1298880114 -8.6498 41.1542
1298880115 -8.64988 41.1542
1298880116 -8.64995 41.1542
1298880117 -8.65002 41.1542
1298880118 -8.65007 41.1542
1298880119 -8.65012 41.1542
1298880120 -8.65015 41.1542
1298880121 -8.65017 41.1542
1298880122 -8.65018 41.1542
1298880123 -8.65019 41.1541
1298880124 -8.6502 41.1541
1298880127 -8.65021 41.1541
1298880128 -8.65022 41.1541
1298880130 -8.65023 41.1541
1298880134 -8.65024 41.1541
1298880152 -8.65025 41.1541
1298880153 -8.65027 41.154
1298880154 -8.65029 41.154
1298880155 -8.65032 41.1539
1298880156 -8.65035 41.1539
1298880157 -8.65035 41.1538
1298880158 -8.65032 41.1538
1298880159 -8.65026 41.1538
1298880160 -8.65018 41.1538
1298880161 -8.65012 41.1538
1298880162 -8.65004 41.1538
1298880163 -8.64995 41.1539
1298880164 -8.64986 41.1539
1298880165 -8.64977 41.1539
1298880166 -8.64965 41.154
1298880167 -8.64952 41.154
1298880168 -8.6494 41.154
1298880169 -8.64928 41.1541
1298880170 -8.64913 41.1541
1298880171 -8.64897 41.1541
1298880172 -8.64882 41.1541
1298880173 -8.64866 41.1541
1298880174 -8.64848 41.1541
1298880175 -8.6483 41.1541
1298880176 -8.64813 41.1541
1298880177 -8.64795 41.1541
1298880178 -8.64777 41.1542
1298880179 -8.64758 41.1542
1298880180 -8.64739 41.1542
1298880181 -8.64721 41.1542
1298880182 -8.64703 41.1542
1298880183 -8.64685 41.1542
1298880184 -8.64668 41.1542
1298880185 -8.64652 41.1542
1298880186 -8.64635 41.1542
1298880187 -8.6462 41.1542
1298880188 -8.64604 41.1543
1298880189 -8.64589 41.1543
1298880190 -8.64572 41.1543
1298880191 -8.64554 41.1543
1298880192 -8.64536 41.1543
1298880193 -8.64521 41.1544
1298880194 -8.64507 41.1545
1298880195 -8.6449 41.1545
1298880196 -8.64472 41.1545
1298880197 -8.64455 41.1546
1298880198 -8.64439 41.1545
1298880199 -8.64424 41.1545
1298880200 -8.6441 41.1545
1298880201 -8.64397 41.1545
1298880202 -8.64383 41.1545
1298880203 -8.64371 41.1545
1298880204 -8.64358 41.1544
1298880205 -8.64345 41.1544
1298880206 -8.64332 41.1543
1298880207 -8.64319 41.1543
1298880208 -8.64304 41.1543
1298880209 -8.6429 41.1542
1298880210 -8.64275 41.1542
1298880211 -8.6426 41.1541
1298880212 -8.64246 41.154
1298880213 -8.64229 41.154
1298880214 -8.64211 41.1539
1298880215 -8.64193 41.1539
1298880216 -8.64175 41.1538
1298880217 -8.64156 41.1538
1298880218 -8.64137 41.1537
1298880219 -8.64118 41.1537
1298880220 -8.64098 41.1536
1298880221 -8.6408 41.1536
1298880222 -8.64062 41.1535
1298880223 -8.64044 41.1535
1298880224 -8.64026 41.1534
1298880225 -8.64009 41.1534
1298880226 -8.63991 41.1533
1298880227 -8.63973 41.1533
1298880228 -8.63955 41.1532
1298880229 -8.63936 41.1532
1298880230 -8.63917 41.1532
1298880231 -8.63898 41.1531
1298880232 -8.6388 41.1531
1298880233 -8.63861 41.153
1298880234 -8.63842 41.153
1298880235 -8.63822 41.153
1298880236 -8.63802 41.1529
1298880237 -8.63783 41.1529
1298880238 -8.63764 41.1528
1298880239 -8.63746 41.1528
1298880240 -8.63729 41.1528
1298880241 -8.63711 41.1527
1298880242 -8.63693 41.1527
1298880243 -8.63673 41.1526
1298880244 -8.63654 41.1526
1298880245 -8.63635 41.1526
1298880246 -8.63615 41.1525
1298880247 -8.63594 41.1525
1298880248 -8.63574 41.1525
1298880249 -8.63554 41.1524
1298880250 -8.63533 41.1524
1298880251 -8.63513 41.1524
1298880252 -8.63494 41.1524
1298880253 -8.63477 41.1524
1298880254 -8.63461 41.1524
1298880255 -8.63442 41.1524
1298880256 -8.63425 41.1524
1298880257 -8.63408 41.1525
1298880258 -8.63389 41.1525
1298880259 -8.63371 41.1525
1298880260 -8.6335 41.1525
1298880261 -8.63329 41.1526
1298880262 -8.63309 41.1526
1298880263 -8.6329 41.1526
1298880264 -8.63273 41.1526
1298880265 -8.63258 41.1527
1298880266 -8.63243 41.1527
1298880267 -8.63231 41.1527
1298880268 -8.63222 41.1527
1298880269 -8.63212 41.1526
1298880270 -8.63204 41.1526
1298880271 -8.63197 41.1526
1298880272 -8.63191 41.1526
1298880273 -8.63185 41.1526
1298880274 -8.63178 41.1526
1298880275 -8.63172 41.1526
1298880276 -8.63166 41.1526
1298880277 -8.63159 41.1526
1298880278 -8.63154 41.1526
1298880279 -8.6315 41.1526
1298880280 -8.63146 41.1526
1298880281 -8.63145 41.1526
1298880286 -8.63144 41.1526
1298880287 -8.63142 41.1526
1298880288 -8.6314 41.1526
1298880289 -8.63138 41.1526
1298880290 -8.63135 41.1526
1298880291 -8.63134 41.1526
1298880292 -8.63132 41.1526
1298880302 -8.63133 41.1526
1298880307 -8.6313 41.1526
1298880308 -8.63127 41.1526
1298880309 -8.63122 41.1526
1298880310 -8.63116 41.1526
1298880311 -8.63111 41.1526
1298880312 -8.63105 41.1526
1298880313 -8.63098 41.1526
1298880314 -8.63091 41.1526
1298880315 -8.63082 41.1526
1298880316 -8.63073 41.1526
1298880317 -8.63062 41.1526
1298880318 -8.6305 41.1526
1298880319 -8.63036 41.1526
1298880320 -8.63023 41.1526
1298880321 -8.63008 41.1526
1298880322 -8.62991 41.1525
1298880323 -8.62974 41.1525
1298880324 -8.62957 41.1525
1298880325 -8.6294 41.1525
1298880326 -8.62923 41.1525
1298880327 -8.62907 41.1525
1298880328 -8.62889 41.1525
1298880329 -8.62873 41.1525
1298880330 -8.62857 41.1525
1298880331 -8.6284 41.1524
1298880332 -8.62824 41.1525
1298880333 -8.62807 41.1525
1298880334 -8.6279 41.1525
1298880335 -8.62776 41.1525
1298880336 -8.62763 41.1525
1298880337 -8.62752 41.1525
1298880338 -8.62742 41.1525
1298880339 -8.62733 41.1525
1298880340 -8.62724 41.1524
1298880341 -8.62717 41.1524
1298880342 -8.62712 41.1523
1298880343 -8.6271 41.1523
1298880344 -8.62709 41.1523
1298880346 -8.62709 41.1522
1298880348 -8.6271 41.1522
1298880350 -8.62711 41.1522
1298880351 -8.62712 41.1522
1298880352 -8.62713 41.1522
1298880358 -8.62709 41.1521
1298880359 -8.62708 41.1521
1298880360 -8.62706 41.1521
1298880361 -8.62702 41.1521
1298880362 -8.62698 41.1521
1298880363 -8.62692 41.1521
1298880364 -8.62687 41.1521
1298880365 -8.62681 41.1521
1298880366 -8.62674 41.1521
1298880367 -8.62666 41.1522
1298880368 -8.62658 41.1522
1298880369 -8.6265 41.1522
1298880370 -8.6264 41.1522
1298880371 -8.62628 41.1523
1298880372 -8.62617 41.1523
1298880373 -8.62604 41.1523
1298880374 -8.62592 41.1524
1298880375 -8.6258 41.1524
1298880376 -8.62568 41.1525
1298880377 -8.62556 41.1525
1298880378 -8.62544 41.1525
1298880379 -8.62532 41.1525
1298880380 -8.62519 41.1526
1298880381 -8.62507 41.1526
1298880382 -8.62493 41.1527
1298880383 -8.62481 41.1527
1298880384 -8.62469 41.1527
1298880385 -8.62457 41.1528
1298880386 -8.62448 41.1528
1298880387 -8.62439 41.1529
1298880388 -8.6243 41.1529
1298880389 -8.62421 41.1529
1298880390 -8.62413 41.1529
1298880391 -8.62408 41.1529
1298880392 -8.62402 41.1529
1298880393 -8.62391 41.1529
1298880394 -8.6238 41.1529
1298880395 -8.6237 41.1529
1298880396 -8.6236 41.1528
1298880397 -8.6235 41.1528
1298880398 -8.62343 41.1528
1298880399 -8.62337 41.1528
1298880400 -8.62331 41.1528
1298880401 -8.62328 41.1528
1298880402 -8.62322 41.1528
1298880403 -8.62316 41.1529
1298880404 -8.62308 41.1529
1298880405 -8.62301 41.1529
1298880406 -8.62293 41.1528
1298880407 -8.62285 41.1528
1298880408 -8.62278 41.1528
1298880409 -8.62271 41.1528
1298880410 -8.62263 41.1527
1298880411 -8.62256 41.1527
1298880412 -8.6225 41.1527
1298880413 -8.62243 41.1527
1298880414 -8.62231 41.1527
1298880415 -8.62223 41.1527
1298880416 -8.62215 41.1527
1298880417 -8.62208 41.1527
1298880418 -8.62203 41.1527
1298880419 -8.62196 41.1527
1298880420 -8.62193 41.1527
1298880421 -8.62189 41.1527
1298880422 -8.62186 41.1527
1298880423 -8.62181 41.1527
1298880424 -8.62177 41.1527
1298880426 -8.6217 41.1527
1298880427 -8.62167 41.1528
1298880428 -8.62164 41.1528
1298880429 -8.62162 41.1528
1298880430 -8.6216 41.1528
1298880431 -8.62158 41.1528
1298880432 -8.62156 41.1528
1298880433 -8.62155 41.1528
1298880434 -8.62152 41.1528
1298880435 -8.62151 41.1528
1298880436 -8.6215 41.1528
1298880437 -8.62148 41.1528
1298880438 -8.62147 41.1528
1298880439 -8.62144 41.1528
1298880440 -8.62143 41.1528
1298880441 -8.62142 41.1528
1298880443 -8.62141 41.1528
1298880445 -8.62139 41.1528
1298880452 -8.6214 41.1528
1298880463 -8.62145 41.1528
1298880465 -8.62146 41.1528
1298880472 -8.62135 41.1528
1298880473 -8.6213 41.1528
1298880474 -8.62124 41.1528
1298880475 -8.62118 41.1528
1298880476 -8.62111 41.1528
1298880477 -8.62106 41.1528
1298880478 -8.621 41.1528
1298880479 -8.62096 41.1528
1298880480 -8.62093 41.1528
1298880481 -8.62091 41.1528
1298880482 -8.62089 41.1527
1298880483 -8.62088 41.1527
1298880487 -8.62087 41.1527
1298880492 -8.62086 41.1527
1298880494 -8.62085 41.1527
1298880495 -8.62084 41.1527
1298880498 -8.62083 41.1527
1298880556 -8.62082 41.1527
1298880557 -8.62081 41.1527
1298880558 -8.62079 41.1527
1298880559 -8.62077 41.1527
1298880560 -8.62076 41.1527
1298880561 -8.62078 41.1527
1298880563 -8.62086 41.1528
1298880564 -8.6209 41.1528
1298880565 -8.62095 41.1529
1298880566 -8.62099 41.153
1298880567 -8.62104 41.1531
1298880568 -8.62106 41.1532
1298880569 -8.62108 41.1533
1298880570 -8.6211 41.1534
1298880571 -8.62103 41.1536
1298880572 -8.62103 41.1538
1298880573 -8.62102 41.1539
1298880574 -8.621 41.154
1298880575 -8.62099 41.1542
1298880576 -8.62097 41.1544
1298880577 -8.62096 41.1546
1298880578 -8.62096 41.1547
1298880579 -8.62097 41.1549
1298880580 -8.62097 41.155
1298880581 -8.62097 41.1551
1298880582 -8.62096 41.1552
1298880583 -8.62096 41.1553
1298880584 -8.62095 41.1553
1298880585 -8.62095 41.1554
1298880586 -8.62094 41.1554
1298880589 -8.62093 41.1554
1298880611 -8.62092 41.1554
1298880637 -8.62093 41.1555
1298880640 -8.62095 41.1556
1298880641 -8.62096 41.1556
1298880642 -8.62098 41.1556
1298880643 -8.62099 41.1557
1298880645 -8.62098 41.1558
1298880646 -8.62096 41.1559
1298880647 -8.62096 41.156
1298880648 -8.62096 41.1561
1298880649 -8.62094 41.1561
1298880650 -8.62092 41.1562
1298880651 -8.62092 41.1563
1298880652 -8.62091 41.1563
1298880654 -8.62093 41.1564
1298880655 -8.62095 41.1564
1298880656 -8.62097 41.1564
1298880657 -8.62099 41.1565
1298880658 -8.62101 41.1565
1298880659 -8.62102 41.1565
1298880661 -8.62103 41.1565
1298880664 -8.62102 41.1566
1298880665 -8.62101 41.1566
1298880667 -8.621 41.1566
1298880670 -8.62099 41.1566
1298880672 -8.62098 41.1566
1298880673 -8.62097 41.1566
1298880681 -8.62096 41.1566
1298880731 -8.62101 41.1567
1298880736 -8.62103 41.1566
1298880737 -8.62105 41.1566
1298880738 -8.62107 41.1566
1298880739 -8.62112 41.1566
1298880740 -8.62116 41.1566
1298880741 -8.6212 41.1567
1298880742 -8.62124 41.1567
1298880743 -8.62129 41.1567
1298880744 -8.62133 41.1567
1298880745 -8.62138 41.1567
1298880746 -8.62144 41.1568
1298880747 -8.62153 41.1568
1298880748 -8.6216 41.1568
1298880749 -8.62167 41.1568
1298880750 -8.62173 41.1568
1298880751 -8.62177 41.1569
1298880752 -8.62182 41.1569
1298880753 -8.62189 41.1569
1298880754 -8.62195 41.1569
1298880755 -8.622 41.1569
1298880756 -8.62204 41.1569
1298880757 -8.62206 41.1569
1298880758 -8.62208 41.1569
1298880759 -8.62209 41.1569
1298880760 -8.6221 41.1569
1298880762 -8.62211 41.1569
1298880763 -8.62212 41.1569
1298880764 -8.62213 41.1569
1298880765 -8.62214 41.1569
1298880768 -8.62216 41.1569
1298880769 -8.62218 41.1569
1298880770 -8.62222 41.157
1298880771 -8.62227 41.157
1298880772 -8.62232 41.157
1298880773 -8.62239 41.157
1298880774 -8.62245 41.157
1298880775 -8.62252 41.157
1298880776 -8.62259 41.157
1298880777 -8.62268 41.157
1298880778 -8.62276 41.157
1298880779 -8.62285 41.157
1298880780 -8.62295 41.157
1298880781 -8.62304 41.1571
1298880782 -8.62316 41.1571
1298880783 -8.62328 41.1571
1298880784 -8.62341 41.1571
1298880785 -8.62354 41.1571
1298880786 -8.62365 41.1572
1298880787 -8.62376 41.1572
1298880788 -8.6239 41.1572
1298880789 -8.62402 41.1573
1298880790 -8.62415 41.1573
1298880791 -8.62427 41.1573
1298880792 -8.62438 41.1573
1298880793 -8.62448 41.1573
1298880794 -8.62457 41.1573
1298880795 -8.62466 41.1574
1298880796 -8.62471 41.1574
1298880797 -8.62475 41.1574
1298880798 -8.62477 41.1574
1298880799 -8.62479 41.1574
1298880800 -8.62482 41.1574
1298880801 -8.62484 41.1574
1298880802 -8.62488 41.1574
1298880803 -8.62493 41.1574
1298880804 -8.62498 41.1574
1298880805 -8.62501 41.1574
1298880806 -8.62507 41.1574
1298880807 -8.62514 41.1574
1298880808 -8.62522 41.1574
1298880809 -8.62529 41.1575
1298880810 -8.62541 41.1575
1298880811 -8.62553 41.1575
1298880812 -8.62565 41.1575
1298880813 -8.62578 41.1575
1298880814 -8.62591 41.1576
1298880815 -8.62604 41.1576
1298880816 -8.62618 41.1576
1298880817 -8.62631 41.1577
1298880818 -8.62645 41.1577
1298880819 -8.62656 41.1577
1298880820 -8.62669 41.1578
1298880821 -8.62682 41.1578
1298880822 -8.62699 41.1578
1298880823 -8.62715 41.1578
1298880824 -8.62729 41.1579
1298880825 -8.6274 41.1579
1298880826 -8.62748 41.1579
1298880827 -8.62753 41.1579
1298880828 -8.6276 41.1579
1298880829 -8.62763 41.1579
1298880830 -8.62765 41.1579
1298880831 -8.62766 41.1579
1298880832 -8.6277 41.1579
1298880833 -8.62772 41.1579
1298880835 -8.62773 41.1579
1298880837 -8.62775 41.1579
1298880839 -8.62776 41.1579
1298880840 -8.62777 41.1579
1298880845 -8.62778 41.1579
1298880848 -8.62779 41.1579
1298880850 -8.6278 41.1579
1298880852 -8.62781 41.1578
1298880853 -8.62784 41.1578
1298880854 -8.62786 41.1579
1298880855 -8.62787 41.1579
1298880856 -8.62789 41.1579
1298880857 -8.6279 41.1579
1298880859 -8.62791 41.1579
1298880860 -8.62792 41.158
1298880861 -8.62793 41.158
1298880862 -8.62794 41.1581
1298880863 -8.62797 41.1581
1298880864 -8.62801 41.1582
1298880865 -8.62806 41.1582
1298880866 -8.62808 41.1583
1298880867 -8.62814 41.1583
1298880868 -8.6282 41.1584
1298880869 -8.62826 41.1585
1298880870 -8.62832 41.1585
1298880871 -8.62837 41.1586
1298880872 -8.6284 41.1586
1298880873 -8.62843 41.1586
1298880874 -8.62848 41.1587
1298880875 -8.62852 41.1587
1298880876 -8.62858 41.1588
1298880877 -8.62862 41.1588
1298880878 -8.6287 41.1589
1298880879 -8.62878 41.1589
1298880880 -8.62885 41.1589
1298880881 -8.62891 41.1589
1298880882 -8.62897 41.159
1298880883 -8.62901 41.1589
1298880884 -8.62904 41.1589
1298880885 -8.62906 41.1589
1298880886 -8.62907 41.1589
1298880887 -8.62911 41.1589
1298880888 -8.62916 41.1589
1298880889 -8.62924 41.1589
1298880890 -8.62932 41.1589
1298880891 -8.62938 41.1589
1298880892 -8.62943 41.1589
1298880893 -8.62949 41.1588
1298880894 -8.62953 41.1588
1298880895 -8.62959 41.1588
1298880896 -8.62963 41.1588
1298880897 -8.62969 41.1588
1298880898 -8.62973 41.1587
1298880899 -8.62978 41.1587
1298880900 -8.62981 41.1587
1298880901 -8.62987 41.1586
1298880902 -8.62989 41.1586
1298880903 -8.62992 41.1585
1298880904 -8.62997 41.1584
1298880905 -8.63003 41.1584
1298880906 -8.63007 41.1583
1298880907 -8.63011 41.1582
1298880908 -8.63015 41.1582
1298880909 -8.63019 41.1581
1298880910 -8.63021 41.158
1298880911 -8.63023 41.158
1298880912 -8.63024 41.1579
1298880913 -8.63025 41.1578
1298880914 -8.63026 41.1578
1298880915 -8.63027 41.1577
1298880916 -8.63025 41.1576
1298880917 -8.63023 41.1576
1298880918 -8.63021 41.1575
1298880919 -8.63018 41.1575
1298880921 -8.63019 41.1575
1298880923 -8.6302 41.1574
1298880929 -8.63018 41.1574
1298880930 -8.63015 41.1574
1298880931 -8.63012 41.1573
1298880932 -8.63008 41.1573
1298880933 -8.63004 41.1572
1298880934 -8.62999 41.1572
1298880935 -8.62994 41.1572
1298880936 -8.62988 41.1571
1298880937 -8.62982 41.1571
1298880938 -8.62975 41.157
1298880939 -8.62968 41.157
1298880940 -8.6296 41.157
1298880941 -8.62954 41.1569
1298880942 -8.62951 41.1569
1298880943 -8.62949 41.1569
1298880944 -8.6295 41.1568
1298880945 -8.62951 41.1567
1298880946 -8.62953 41.1566
1298880947 -8.62955 41.1565
1298880948 -8.62958 41.1564
1298880949 -8.6296 41.1563
1298880950 -8.62963 41.1562
1298880951 -8.62966 41.1561
1298880952 -8.62969 41.156
1298880953 -8.6297 41.156
1298880954 -8.62973 41.1559
1298880955 -8.62975 41.1559
1298880956 -8.62978 41.1558
1298880957 -8.6298 41.1558
1298880958 -8.62983 41.1557
1298880959 -8.62986 41.1557
1298880960 -8.62988 41.1556
1298880961 -8.62993 41.1556
1298880962 -8.62997 41.1555
1298880963 -8.63002 41.1555
1298880964 -8.63006 41.1554
1298880965 -8.6301 41.1553
1298880966 -8.63015 41.1553
1298880967 -8.63021 41.1552
1298880968 -8.63027 41.1552
1298880969 -8.63033 41.1551
1298880970 -8.6304 41.1551
1298880971 -8.63045 41.155
1298880972 -8.6305 41.155
1298880973 -8.63053 41.1549
1298880974 -8.63057 41.1549
1298880975 -8.63059 41.1549
1298880976 -8.63064 41.1549
1298880977 -8.63067 41.1549
1298880978 -8.63069 41.1549
1298880979 -8.63071 41.1549
1298880980 -8.63072 41.1548
1298880981 -8.63073 41.1548
1298880982 -8.63074 41.1548
1298880983 -8.63076 41.1548
1298880984 -8.63077 41.1548
1298880987 -8.63078 41.1548
1298880988 -8.63079 41.1548
1298880990 -8.6308 41.1548
1298880993 -8.63081 41.1548
:break:
1298881149 -8.63075 41.1548
1298881150 -8.63075 41.1547
1298881152 -8.63077 41.1548
1298881156 -8.63076 41.1548
1298881161 -8.63079 41.1548
1298881164 -8.6308 41.1548
1298881170 -8.63078 41.1548
1298881178 -8.63074 41.1548
1298881200 -8.6308 41.1548
