:break:
1298880026 -8.61086 41.1456
1298880036 -8.61087 41.1456
1298880040 -8.61088 41.1456
1298880049 -8.61088 41.1455
1298880065 -8.61089 41.1456
1298880073 -8.6109 41.1455
1298880078 -8.61089 41.1455
1298880091 -8.61085 41.1456
1298880095 -8.61084 41.1456
1298880108 -8.61083 41.1456
1298880117 -8.61082 41.1456
1298880122 -8.61081 41.1456
1298880130 -8.6108 41.1456
1298880137 -8.61079 41.1456
1298880265 -8.61084 41.1455
1298880267 -8.61083 41.1455
1298880277 -8.61085 41.1455
1298880323 -8.61086 41.1455
1298880420 -8.61087 41.1455
1298880436 -8.6109 41.1456
1298880445 -8.61091 41.1456
1298880449 -8.61092 41.1456
1298880466 -8.61093 41.1456
1298880472 -8.61094 41.1456
1298880479 -8.61095 41.1456
1298880494 -8.61096 41.1456
1298880503 -8.61097 41.1456
1298880517 -8.61095 41.1455
1298880527 -8.61094 41.1455
1298880530 -8.61093 41.1455
1298880532 -8.61092 41.1455
1298880534 -8.61091 41.1455
1298880584 -8.61088 41.1454
1298880586 -8.61089 41.1454
1298880594 -8.6109 41.1454
1298880595 -8.61091 41.1454
1298880597 -8.61092 41.1454
1298880598 -8.61093 41.1454
1298880599 -8.61094 41.1454
1298880600 -8.61095 41.1454
1298880603 -8.61096 41.1454
1298880604 -8.61097 41.1454
1298880609 -8.61098 41.1454
1298880611 -8.611 41.1454
1298880612 -8.61103 41.1453
1298880613 -8.61106 41.1453
1298880614 -8.61107 41.1453
1298880615 -8.61104 41.1452
1298880617 -8.61108 41.1452
1298880618 -8.61112 41.1451
1298880619 -8.61115 41.1451
1298880620 -8.61117 41.1451
1298880621 -8.61119 41.1451
1298880622 -8.61121 41.1451
1298880623 -8.61122 41.1451
1298880630 -8.61118 41.1451
1298880631 -8.61121 41.145
1298880632 -8.61123 41.145
1298880633 -8.61126 41.145
1298880634 -8.6113 41.145
1298880635 -8.61134 41.1449
1298880636 -8.6114 41.1449
1298880637 -8.61142 41.1449
1298880638 -8.61143 41.1449
1298880642 -8.61142 41.1448
1298880643 -8.61144 41.1448
1298880644 -8.61147 41.1448
1298880645 -8.6115 41.1448
1298880646 -8.61153 41.1448
1298880647 -8.61156 41.1447
1298880648 -8.6116 41.1447
1298880649 -8.61161 41.1447
1298880650 -8.61164 41.1447
1298880651 -8.61167 41.1447
1298880652 -8.61168 41.1447
1298880653 -8.6117 41.1447
1298880655 -8.6117 41.1448
1298880658 -8.61169 41.1448
1298880660 -8.61171 41.1448
1298880661 -8.61173 41.1449
1298880662 -8.61178 41.1449
1298880663 -8.61184 41.145
1298880664 -8.61189 41.145
1298880665 -8.61191 41.145
1298880666 -8.61197 41.1451
1298880667 -8.61204 41.1452
1298880668 -8.61209 41.1452
1298880669 -8.61212 41.1453
1298880670 -8.61214 41.1453
1298880671 -8.61215 41.1454
1298880672 -8.61216 41.1454
1298880673 -8.61217 41.1454
1298880674 -8.61219 41.1455
1298880676 -8.61218 41.1455
1298880677 -8.61218 41.1456
1298880680 -8.61219 41.1456
1298880681 -8.61219 41.1457
1298880682 -8.61217 41.1457
1298880683 -8.61215 41.1458
1298880684 -8.61217 41.1458
1298880685 -8.6122 41.1458
1298880686 -8.61223 41.1458
1298880687 -8.61221 41.1459
1298880688 -8.6122 41.1459
1298880689 -8.61218 41.1459
1298880690 -8.61219 41.1459
1298880691 -8.61218 41.146
1298880692 -8.6122 41.146
1298880693 -8.61222 41.146
1298880694 -8.61224 41.146
1298880695 -8.61226 41.1461
1298880696 -8.61228 41.1461
1298880697 -8.61227 41.1462
1298880699 -8.61226 41.1463
1298880700 -8.61226 41.1464
1298880701 -8.61225 41.1465
1298880702 -8.61225 41.1466
1298880703 -8.61224 41.1466
1298880704 -8.61224 41.1467
1298880705 -8.61221 41.1468
1298880706 -8.61218 41.1469
1298880708 -8.61219 41.147
1298880709 -8.61218 41.1471
1298880710 -8.61218 41.1472
1298880711 -8.61217 41.1473
1298880712 -8.61218 41.1474
1298880713 -8.61217 41.1475
1298880714 -8.61217 41.1476
1298880715 -8.61216 41.1476
1298880716 -8.61215 41.1477
1298880717 -8.61214 41.1478
1298880718 -8.61213 41.1478
1298880719 -8.61212 41.1479
1298880720 -8.61213 41.1479
1298880721 -8.61218 41.1479
1298880722 -8.61224 41.1479
1298880723 -8.61231 41.148
1298880724 -8.61237 41.148
1298880725 -8.61244 41.148
1298880726 -8.61251 41.1481
1298880727 -8.6126 41.1481
1298880728 -8.61269 41.1481
1298880729 -8.61278 41.1482
1298880730 -8.61289 41.1482
1298880731 -8.613 41.1482
:break:
1298880759 -8.61901 41.1481
1298880760 -8.61921 41.148
1298880761 -8.61932 41.148
1298880762 -8.61941 41.148
1298880763 -8.61949 41.148
1298880764 -8.61958 41.148
1298880765 -8.61966 41.1479
1298880766 -8.61971 41.1479
1298880767 -8.61976 41.1479
1298880768 -8.61981 41.1479
1298880769 -8.61986 41.1479
1298880770 -8.6199 41.1479
1298880771 -8.61995 41.1479
1298880772 -8.61998 41.1478
1298880773 -8.62001 41.1478
1298880774 -8.62004 41.1478
1298880775 -8.62005 41.1478
1298880776 -8.62006 41.1477
1298880778 -8.62007 41.1477
1298880780 -8.62008 41.1477
1298880783 -8.62009 41.1477
1298880788 -8.6201 41.1477
1298880836 -8.62011 41.1477
1298880837 -8.62012 41.1477
1298880838 -8.62015 41.1476
1298880839 -8.62017 41.1476
1298880840 -8.62021 41.1476
1298880841 -8.62025 41.1475
1298880842 -8.62028 41.1475
1298880843 -8.62033 41.1474
1298880844 -8.62036 41.1474
1298880845 -8.62038 41.1473
1298880846 -8.62039 41.1472
1298880847 -8.62038 41.1472
1298880848 -8.62035 41.1471
1298880849 -8.62032 41.147
1298880850 -8.62027 41.1469
1298880851 -8.62025 41.1468
1298880852 -8.62023 41.1468
1298880853 -8.62021 41.1467
1298880854 -8.6202 41.1466
1298880855 -8.62018 41.1466
1298880856 -8.62017 41.1465
1298880857 -8.62016 41.1465
1298880859 -8.62016 41.1464
1298880874 -8.62015 41.1464
1298880875 -8.62014 41.1463
1298880877 -8.62013 41.1463
1298880878 -8.62011 41.1462
1298880879 -8.62008 41.1462
1298880880 -8.62005 41.1461
1298880881 -8.61998 41.1461
1298880882 -8.61991 41.1461
1298880883 -8.61983 41.1461
1298880884 -8.61973 41.1461
1298880885 -8.61962 41.1461
1298880886 -8.61952 41.1461
1298880887 -8.61941 41.1461
1298880888 -8.6193 41.1461
1298880889 -8.6192 41.1462
1298880890 -8.61909 41.1462
1298880891 -8.619 41.1462
1298880892 -8.61892 41.1462
1298880893 -8.61886 41.1462
1298880894 -8.6188 41.1462
1298880895 -8.61876 41.1462
1298880896 -8.61873 41.1462
1298880901 -8.61872 41.1462
1298880903 -8.6187 41.1462
1298880904 -8.61866 41.1462
1298880905 -8.61862 41.1462
1298880906 -8.61856 41.1462
1298880907 -8.6185 41.1463
1298880908 -8.61843 41.1463
1298880909 -8.61835 41.1463
1298880910 -8.61826 41.1463
1298880911 -8.61817 41.1463
1298880912 -8.61809 41.1463
1298880913 -8.61802 41.1463
1298880914 -8.61796 41.1463
1298880915 -8.61791 41.1463
1298880916 -8.61786 41.1463
1298880917 -8.61781 41.1463
1298880918 -8.61775 41.1463
1298880919 -8.61771 41.1463
1298880920 -8.61766 41.1462
1298880921 -8.61763 41.1462
1298880922 -8.61762 41.1461
1298880923 -8.61761 41.146
1298880924 -8.61759 41.1459
1298880925 -8.61757 41.1459
1298880926 -8.61754 41.1458
1298880927 -8.61753 41.1457
1298880928 -8.6175 41.1456
1298880929 -8.61747 41.1455
1298880930 -8.61745 41.1454
1298880931 -8.61743 41.1453
1298880932 -8.6174 41.1452
1298880933 -8.61738 41.1451
1298880934 -8.61735 41.145
1298880935 -8.6173 41.1449
1298880936 -8.61723 41.1449
1298880937 -8.61713 41.1448
1298880938 -8.61705 41.1448
1298880939 -8.61697 41.1448
1298880940 -8.61691 41.1449
1298880941 -8.61683 41.1449
1298880942 -8.61675 41.1449
1298880943 -8.61666 41.145
1298880944 -8.61656 41.145
1298880945 -8.61646 41.1451
1298880946 -8.61634 41.1451
1298880947 -8.61622 41.1452
1298880948 -8.6161 41.1452
1298880949 -8.61597 41.1453
1298880950 -8.61585 41.1453
1298880951 -8.61575 41.1454
1298880952 -8.61564 41.1454
1298880953 -8.61552 41.1455
1298880954 -8.6154 41.1455
1298880955 -8.61529 41.1456
1298880956 -8.61516 41.1456
1298880957 -8.61503 41.1457
1298880958 -8.6149 41.1457
1298880959 -8.61476 41.1458
1298880960 -8.61463 41.1458
1298880961 -8.61449 41.1459
1298880962 -8.61438 41.1459
1298880963 -8.61426 41.1459
1298880964 -8.61414 41.146
1298880965 -8.61404 41.146
1298880966 -8.61396 41.146
1298880967 -8.61388 41.146
1298880968 -8.6138 41.1459
1298880969 -8.61375 41.1459
1298880970 -8.61369 41.1458
1298880971 -8.6136 41.1458
1298880972 -8.61344 41.1459
1298880973 -8.61331 41.1459
1298880974 -8.6132 41.1459
1298880975 -8.61309 41.1459
1298880976 -8.61299 41.1459
1298880977 -8.6129 41.146
1298880978 -8.61281 41.146
1298880979 -8.61276 41.146
1298880980 -8.61271 41.146
1298880981 -8.61268 41.146
1298880982 -8.61266 41.146
1298880983 -8.61264 41.146
1298880984 -8.61263 41.146
1298880989 -8.61262 41.146
1298880994 -8.61261 41.146
1298880998 -8.6126 41.146
1298881044 -8.61259 41.146
1298881045 -8.61258 41.146
1298881049 -8.61257 41.146
1298881054 -8.61256 41.146
1298881056 -8.61255 41.146
1298881057 -8.61254 41.146
1298881058 -8.61251 41.146
1298881059 -8.61249 41.146
1298881060 -8.61244 41.146
1298881061 -8.61237 41.146
1298881062 -8.61231 41.146
1298881063 -8.61224 41.146
1298881064 -8.61221 41.146
1298881065 -8.61218 41.146
1298881066 -8.61216 41.1461
1298881068 -8.61217 41.1461
1298881071 -8.61218 41.1461
1298881072 -8.6122 41.1461
1298881073 -8.61221 41.1462
1298881075 -8.6122 41.1463
1298881076 -8.6122 41.1464
1298881077 -8.61219 41.1464
1298881078 -8.61219 41.1465
1298881079 -8.61219 41.1466
1298881080 -8.61219 41.1467
1298881081 -8.61218 41.1468
1298881082 -8.61218 41.1469
1298881083 -8.61215 41.147
1298881084 -8.61216 41.1471
1298881085 -8.61218 41.1472
1298881086 -8.6122 41.1473
1298881087 -8.61221 41.1474
1298881088 -8.61221 41.1475
1298881089 -8.61221 41.1476
1298881090 -8.61222 41.1476
1298881091 -8.61218 41.1477
1298881092 -8.61216 41.1478
1298881093 -8.61215 41.1478
1298881094 -8.61214 41.1479
1298881095 -8.61215 41.1479
1298881096 -8.61216 41.1479
1298881097 -8.61221 41.148
1298881098 -8.61225 41.148
1298881099 -8.61234 41.148
1298881100 -8.61243 41.148
1298881101 -8.61249 41.148
1298881102 -8.61258 41.1481
1298881103 -8.61267 41.1481
1298881104 -8.61276 41.1481
1298881105 -8.61285 41.1481
1298881106 -8.61294 41.1482
1298881107 -8.61305 41.1482
:break:
1298881132 -8.61945 41.148
1298881133 -8.61962 41.148
1298881134 -8.61974 41.1479
1298881135 -8.61984 41.1479
1298881136 -8.61991 41.1479
1298881137 -8.61998 41.1478
1298881138 -8.62002 41.1478
1298881139 -8.62007 41.1478
1298881140 -8.6201 41.1478
1298881141 -8.62014 41.1477
1298881142 -8.62018 41.1477
1298881143 -8.62023 41.1477
1298881144 -8.62029 41.1477
1298881145 -8.62034 41.1477
1298881146 -8.62041 41.1477
1298881147 -8.62048 41.1477
1298881148 -8.62054 41.1477
1298881149 -8.62057 41.1478
1298881150 -8.6206 41.1478
1298881151 -8.6206 41.1479
1298881152 -8.62061 41.148
1298881153 -8.62063 41.1481
1298881154 -8.62064 41.1482
1298881155 -8.62066 41.1483
1298881156 -8.62067 41.1484
1298881157 -8.62069 41.1485
1298881158 -8.6207 41.1486
1298881159 -8.62072 41.1487
1298881160 -8.62074 41.1488
1298881161 -8.62076 41.1489
1298881162 -8.62078 41.149
1298881163 -8.62078 41.1491
1298881164 -8.62079 41.1492
1298881165 -8.6208 41.1492
1298881166 -8.62081 41.1492
1298881175 -8.62079 41.1493
1298881184 -8.62079 41.1494
1298881186 -8.62078 41.1494
1298881189 -8.62079 41.1495
1298881190 -8.62081 41.1495
1298881191 -8.62081 41.1496
1298881192 -8.62082 41.1496
1298881193 -8.62083 41.1497
1298881194 -8.62084 41.1497
1298881196 -8.62085 41.1498
1298881197 -8.62086 41.1499
1298881198 -8.62087 41.1499
1298881199 -8.6209 41.15
1298881200 -8.62093 41.1501
