:break:
1298880020 -8.59132 41.1627
1298880021 -8.5913 41.1627
1298880022 -8.59128 41.1627
1298880023 -8.59126 41.1627
1298880024 -8.59123 41.1627
1298880025 -8.59119 41.1627
1298880026 -8.59117 41.1627
1298880027 -8.59114 41.1627
1298880028 -8.59111 41.1627
1298880029 -8.59109 41.1626
1298880030 -8.59108 41.1626
1298880032 -8.59107 41.1626
1298880035 -8.59106 41.1626
1298880038 -8.59105 41.1626
1298880039 -8.59105 41.1625
1298880043 -8.59107 41.1625
1298880044 -8.59108 41.1625
1298880045 -8.59112 41.1624
1298880046 -8.59116 41.1624
1298880047 -8.59119 41.1623
1298880048 -8.59124 41.1623
1298880049 -8.59128 41.1622
1298880050 -8.59133 41.1621
1298880051 -8.59139 41.1621
1298880052 -8.59145 41.162
1298880053 -8.59152 41.1619
1298880054 -8.59159 41.1618
1298880055 -8.59167 41.1617
1298880056 -8.59174 41.1616
1298880057 -8.59182 41.1615
1298880058 -8.59189 41.1613
1298880059 -8.59196 41.1612
1298880060 -8.592 41.1611
1298880061 -8.59204 41.161
1298880062 -8.59208 41.1609
1298880063 -8.59214 41.1607
1298880064 -8.59219 41.1606
1298880065 -8.59225 41.1605
1298880066 -8.59234 41.1604
1298880067 -8.59242 41.1603
1298880068 -8.59251 41.1601
1298880069 -8.59259 41.16
1298880070 -8.59267 41.1599
1298880071 -8.59275 41.1597
1298880072 -8.59282 41.1596
1298880073 -8.59289 41.1595
1298880074 -8.59297 41.1594
1298880075 -8.59304 41.1593
1298880076 -8.5931 41.1592
1298880077 -8.59317 41.1591
1298880078 -8.59323 41.159
1298880079 -8.59327 41.1589
1298880080 -8.5933 41.1589
1298880081 -8.59333 41.1588
1298880082 -8.59334 41.1588
1298880087 -8.59332 41.1588
1298880088 -8.59331 41.1588
1298880091 -8.5933 41.1588
1298880092 -8.59329 41.1588
1298880093 -8.59328 41.1587
1298880094 -8.59327 41.1587
1298880095 -8.59326 41.1587
1298880097 -8.59325 41.1587
1298880098 -8.59324 41.1587
1298880100 -8.59323 41.1587
1298880105 -8.59322 41.1587
1298880106 -8.59321 41.1587
1298880107 -8.5932 41.1587
1298880110 -8.59319 41.1587
1298880111 -8.59319 41.1586
1298880117 -8.59318 41.1586
1298880123 -8.59317 41.1586
1298880127 -8.5932 41.1586
1298880128 -8.59324 41.1586
1298880129 -8.59328 41.1586
1298880130 -8.59331 41.1585
1298880131 -8.59335 41.1585
1298880132 -8.59342 41.1584
1298880133 -8.59347 41.1583
1298880134 -8.59353 41.1582
1298880135 -8.5936 41.1582
1298880136 -8.59365 41.1581
1298880137 -8.59371 41.158
1298880138 -8.59378 41.1579
1298880139 -8.59382 41.1577
1298880140 -8.59388 41.1576
1298880141 -8.59395 41.1575
1298880142 -8.59401 41.1574
1298880143 -8.59409 41.1573
1298880144 -8.59415 41.1572
1298880145 -8.59421 41.1571
1298880146 -8.59425 41.157
1298880147 -8.5943 41.1569
1298880148 -8.59433 41.1568
1298880149 -8.59437 41.1568
1298880150 -8.59439 41.1568
1298880151 -8.5944 41.1567
1298880153 -8.59441 41.1567
1298880158 -8.59439 41.1567
1298880172 -8.5944 41.1566
1298880173 -8.59438 41.1566
1298880175 -8.59437 41.1566
1298880177 -8.59435 41.1566
1298880179 -8.59434 41.1566
1298880181 -8.59436 41.1566
1298880193 -8.59433 41.1566
1298880201 -8.59445 41.1566
1298880202 -8.59452 41.1565
1298880203 -8.59455 41.1565
1298880204 -8.59459 41.1564
1298880205 -8.59461 41.1564
1298880206 -8.59467 41.1563
1298880207 -8.59472 41.1562
1298880208 -8.59478 41.1561
1298880209 -8.59485 41.156
1298880210 -8.59491 41.1559
1298880211 -8.59496 41.1558
1298880212 -8.59501 41.1557
1298880213 -8.59507 41.1556
1298880214 -8.59513 41.1555
1298880215 -8.5952 41.1555
1298880216 -8.59525 41.1554
1298880217 -8.59531 41.1553
1298880218 -8.59536 41.1552
1298880219 -8.59544 41.1551
1298880220 -8.59552 41.155
1298880221 -8.59559 41.1549
1298880222 -8.59565 41.1548
1298880223 -8.59571 41.1547
1298880224 -8.59577 41.1546
1298880225 -8.59585 41.1545
1298880226 -8.59595 41.1544
1298880227 -8.59601 41.1542
1298880228 -8.59608 41.1541
1298880229 -8.59614 41.154
1298880230 -8.59621 41.1538
1298880231 -8.59627 41.1537
1298880232 -8.59634 41.1536
1298880233 -8.59639 41.1535
1298880234 -8.59646 41.1533
1298880235 -8.59653 41.1532
1298880236 -8.59661 41.1531
1298880237 -8.59668 41.1529
1298880238 -8.59676 41.1528
1298880239 -8.59685 41.1527
1298880240 -8.59692 41.1525
1298880241 -8.59698 41.1524
1298880242 -8.59705 41.1522
1298880243 -8.59712 41.1521
1298880244 -8.59721 41.152
1298880245 -8.59728 41.1519
1298880246 -8.59736 41.1517
1298880247 -8.59744 41.1516
1298880248 -8.59751 41.1515
1298880249 -8.59758 41.1513
1298880250 -8.59765 41.1512
1298880251 -8.59773 41.1511
1298880252 -8.5978 41.1509
1298880253 -8.59788 41.1508
1298880254 -8.59795 41.1507
1298880255 -8.59803 41.1506
1298880256 -8.59811 41.1504
1298880257 -8.59818 41.1503
1298880258 -8.59828 41.1502
1298880259 -8.59842 41.1501
1298880260 -8.59856 41.1501
1298880261 -8.59871 41.15
1298880262 -8.59886 41.1499
1298880263 -8.599 41.1498
1298880264 -8.59913 41.1497
1298880265 -8.59924 41.1496
1298880266 -8.59933 41.1495
1298880267 -8.59941 41.1495
1298880268 -8.59949 41.1495
1298880269 -8.59957 41.1494
1298880270 -8.59964 41.1494
1298880271 -8.59969 41.1494
1298880272 -8.59971 41.1494
1298880273 -8.59972 41.1494
1298880274 -8.59975 41.1494
1298880275 -8.59979 41.1494
1298880276 -8.59982 41.1494
1298880277 -8.59987 41.1494
1298880278 -8.59992 41.1494
1298880279 -8.59999 41.1494
1298880280 -8.60006 41.1494
1298880281 -8.60012 41.1494
1298880282 -8.60018 41.1494
1298880283 -8.60022 41.1494
1298880284 -8.60025 41.1494
1298880285 -8.60026 41.1494
1298880289 -8.60027 41.1494
1298880291 -8.60028 41.1494
1298880292 -8.60029 41.1494
1298880293 -8.60031 41.1494
1298880297 -8.60032 41.1494
1298880306 -8.60033 41.1494
1298880310 -8.60034 41.1494
1298880311 -8.60035 41.1494
1298880312 -8.60036 41.1494
1298880314 -8.60037 41.1494
1298880317 -8.60038 41.1494
1298880318 -8.60039 41.1494
1298880320 -8.6004 41.1494
1298880321 -8.60041 41.1494
1298880323 -8.60043 41.1494
1298880324 -8.60044 41.1494
1298880325 -8.60045 41.1493
1298880327 -8.60046 41.1493
1298880328 -8.60047 41.1492
1298880329 -8.60048 41.1492
1298880330 -8.60049 41.1491
1298880331 -8.60051 41.149
1298880332 -8.60052 41.149
1298880333 -8.60054 41.1489
1298880350 -8.60055 41.1489
1298880355 -8.60054 41.1488
1298880363 -8.60053 41.1488
1298880368 -8.60052 41.1488
1298880369 -8.60051 41.1488
1298880373 -8.60052 41.1487
1298880375 -8.60054 41.1487
1298880376 -8.6006 41.1487
1298880377 -8.60066 41.1487
1298880378 -8.60072 41.1487
1298880379 -8.6008 41.1487
1298880380 -8.60089 41.1487
1298880381 -8.60098 41.1488
1298880382 -8.60107 41.1488
1298880383 -8.60118 41.1488
1298880384 -8.60129 41.1488
1298880385 -8.60139 41.1489
1298880386 -8.60148 41.1489
1298880387 -8.60154 41.1489
1298880388 -8.60159 41.1489
1298880389 -8.60162 41.1489
1298880391 -8.60163 41.1489
1298880392 -8.60164 41.1489
1298880393 -8.60165 41.1489
1298880394 -8.60166 41.1489
1298880395 -8.60167 41.1489
1298880396 -8.60168 41.1489
1298880400 -8.60169 41.1489
1298880407 -8.6017 41.1489
1298880410 -8.60171 41.1489
1298880414 -8.60173 41.1489
1298880415 -8.60175 41.149
1298880416 -8.60179 41.149
1298880417 -8.60183 41.149
1298880418 -8.60188 41.149
1298880419 -8.60191 41.149
1298880420 -8.60197 41.149
1298880421 -8.60202 41.1491
1298880422 -8.60208 41.1491
1298880423 -8.60215 41.1491
1298880424 -8.6022 41.1492
1298880425 -8.60231 41.1492
1298880426 -8.6024 41.1492
1298880427 -8.60249 41.1493
1298880428 -8.60258 41.1493
1298880429 -8.60267 41.1493
1298880430 -8.60278 41.1493
1298880431 -8.60281 41.1494
1298880432 -8.60297 41.1494
1298880433 -8.60312 41.1494
1298880434 -8.60326 41.1494
1298880435 -8.60341 41.1494
1298880436 -8.60354 41.1495
1298880437 -8.60367 41.1495
1298880438 -8.60379 41.1495
1298880439 -8.60391 41.1496
1298880440 -8.60402 41.1496
1298880441 -8.60414 41.1496
1298880442 -8.60428 41.1497
1298880443 -8.60441 41.1497
1298880444 -8.60454 41.1498
1298880445 -8.60466 41.1498
1298880446 -8.60478 41.1498
1298880447 -8.60489 41.1499
1298880448 -8.60501 41.1499
1298880449 -8.60511 41.1499
1298880450 -8.60523 41.1499
1298880451 -8.60534 41.15
1298880452 -8.60542 41.15
1298880453 -8.60552 41.15
1298880454 -8.60561 41.15
1298880455 -8.60572 41.1501
1298880456 -8.60581 41.1501
1298880457 -8.60592 41.1501
1298880458 -8.60603 41.1501
1298880459 -8.60615 41.1501
1298880460 -8.60625 41.1501
1298880461 -8.60635 41.1502
1298880462 -8.60645 41.1502
1298880463 -8.60655 41.1502
1298880464 -8.60664 41.1502
1298880465 -8.60672 41.1502
1298880466 -8.6068 41.1502
1298880467 -8.60686 41.1502
1298880468 -8.60693 41.1502
1298880469 -8.607 41.1501
1298880470 -8.60703 41.1501
1298880471 -8.60708 41.1501
1298880472 -8.60713 41.15
1298880473 -8.6072 41.1499
1298880474 -8.60726 41.1498
1298880475 -8.60732 41.1498
1298880476 -8.60737 41.1497
1298880477 -8.60743 41.1496
1298880478 -8.60747 41.1496
1298880479 -8.60752 41.1495
1298880480 -8.60756 41.1494
1298880481 -8.60761 41.1493
1298880482 -8.60764 41.1493
1298880483 -8.60769 41.1492
1298880484 -8.60773 41.1491
1298880485 -8.60778 41.1491
1298880486 -8.60781 41.149
1298880487 -8.60783 41.149
1298880488 -8.60787 41.1489
1298880489 -8.60792 41.1489
1298880490 -8.60796 41.1488
1298880491 -8.60802 41.1488
1298880492 -8.60808 41.1487
1298880493 -8.60812 41.1486
1298880494 -8.6082 41.1485
1298880495 -8.60828 41.1485
1298880496 -8.60835 41.1484
1298880497 -8.6084 41.1483
1298880498 -8.60846 41.1482
1298880499 -8.6085 41.1481
1298880500 -8.60854 41.1481
1298880501 -8.60855 41.148
1298880502 -8.60858 41.1479
1298880503 -8.6086 41.1479
1298880504 -8.60862 41.1479
1298880505 -8.60862 41.1478
1298880506 -8.60863 41.1478
1298880507 -8.60864 41.1478
1298880508 -8.60865 41.1477
1298880509 -8.60863 41.1477
1298880513 -8.60862 41.1477
1298880524 -8.60864 41.1477
1298880535 -8.60864 41.1476
1298880536 -8.60865 41.1476
1298880537 -8.60866 41.1476
1298880538 -8.60868 41.1476
1298880539 -8.6087 41.1476
1298880540 -8.60872 41.1475
1298880541 -8.60877 41.1475
1298880542 -8.60881 41.1475
1298880543 -8.60889 41.1475
1298880544 -8.60894 41.1475
1298880545 -8.609 41.1475
1298880546 -8.60902 41.1475
1298880547 -8.60906 41.1475
1298880548 -8.6091 41.1475
1298880549 -8.60916 41.1475
1298880550 -8.60923 41.1475
1298880551 -8.60931 41.1475
1298880552 -8.60939 41.1476
1298880553 -8.60948 41.1476
1298880554 -8.60956 41.1476
1298880555 -8.60964 41.1476
1298880556 -8.60971 41.1477
1298880557 -8.60979 41.1477
1298880558 -8.60984 41.1477
1298880559 -8.6099 41.1477
1298880560 -8.60996 41.1478
1298880561 -8.61001 41.1478
1298880562 -8.61006 41.1478
1298880563 -8.6101 41.1478
1298880564 -8.61015 41.1478
1298880565 -8.61019 41.1478
1298880566 -8.61023 41.1478
1298880567 -8.61027 41.1478
1298880568 -8.61031 41.1478
1298880569 -8.61037 41.1479
1298880570 -8.61045 41.1479
1298880571 -8.61055 41.1479
1298880572 -8.61064 41.1479
1298880573 -8.61075 41.1479
1298880574 -8.61085 41.1479
1298880575 -8.61095 41.148
1298880576 -8.61104 41.148
1298880577 -8.61111 41.148
1298880578 -8.61118 41.148
1298880579 -8.61125 41.148
1298880580 -8.61132 41.148
1298880581 -8.61142 41.148
1298880582 -8.6115 41.148
1298880583 -8.61158 41.148
1298880584 -8.61166 41.148
1298880585 -8.61174 41.148
1298880586 -8.61182 41.148
1298880587 -8.61189 41.148
1298880588 -8.61196 41.148
1298880589 -8.61205 41.148
1298880590 -8.61214 41.148
1298880591 -8.61224 41.1481
1298880592 -8.61233 41.1481
1298880593 -8.61241 41.1481
1298880594 -8.61251 41.1482
1298880595 -8.61261 41.1482
1298880596 -8.61273 41.1482
1298880597 -8.61286 41.1482
1298880598 -8.61302 41.1483
1298880599 -8.61315 41.1483
1298880600 -8.61328 41.1483
1298880601 -8.6134 41.1483
1298880602 -8.61352 41.1483
1298880603 -8.61364 41.1483
1298880604 -8.61374 41.1483
1298880605 -8.61384 41.1484
1298880606 -8.61395 41.1484
1298880607 -8.61403 41.1484
1298880608 -8.61408 41.1484
1298880609 -8.61416 41.1484
1298880610 -8.61424 41.1483
1298880611 -8.61431 41.1482
1298880612 -8.61437 41.1481
1298880613 -8.61441 41.1481
1298880614 -8.61446 41.148
1298880615 -8.61449 41.1479
1298880616 -8.61451 41.1478
1298880617 -8.61454 41.1478
1298880618 -8.61457 41.1477
1298880619 -8.61458 41.1476
1298880620 -8.61461 41.1476
1298880621 -8.61463 41.1475
1298880622 -8.61464 41.1475
1298880624 -8.61463 41.1474
1298880625 -8.61462 41.1474
1298880626 -8.61461 41.1474
1298880627 -8.61459 41.1474
1298880628 -8.61458 41.1474
1298880630 -8.61457 41.1475
1298880638 -8.61456 41.1475
1298880643 -8.6146 41.1474
1298880644 -8.61466 41.1474
1298880645 -8.61467 41.1474
1298880646 -8.61468 41.1474
1298880647 -8.6147 41.1474
1298880648 -8.61471 41.1474
1298880649 -8.61476 41.1474
1298880650 -8.61479 41.1473
1298880651 -8.61482 41.1473
1298880652 -8.61484 41.1473
1298880653 -8.61486 41.1473
1298880654 -8.6149 41.1472
1298880655 -8.61499 41.1472
1298880656 -8.61506 41.1472
1298880657 -8.61513 41.1472
1298880658 -8.61521 41.1472
1298880659 -8.61529 41.1472
1298880660 -8.61538 41.1472
1298880661 -8.61547 41.1473
1298880662 -8.6156 41.1473
1298880663 -8.61572 41.1473
1298880664 -8.61581 41.1473
1298880665 -8.6159 41.1473
1298880666 -8.61598 41.1473
1298880667 -8.61606 41.1472
1298880668 -8.61614 41.1472
1298880669 -8.61622 41.1472
1298880670 -8.6163 41.1472
1298880671 -8.61639 41.1472
1298880672 -8.61649 41.1472
1298880673 -8.61658 41.1472
1298880674 -8.61665 41.1472
1298880675 -8.61673 41.1472
1298880676 -8.61679 41.1472
1298880677 -8.61684 41.1472
1298880678 -8.61688 41.1472
1298880679 -8.61692 41.1472
1298880680 -8.61695 41.1472
1298880681 -8.617 41.1472
1298880682 -8.61704 41.1472
1298880683 -8.6171 41.1473
1298880684 -8.61715 41.1473
1298880685 -8.6172 41.1473
1298880686 -8.61728 41.1472
1298880687 -8.61736 41.1472
1298880688 -8.61745 41.1472
1298880689 -8.61754 41.1472
1298880690 -8.61761 41.1472
1298880691 -8.61769 41.1472
1298880692 -8.61775 41.1472
1298880693 -8.61781 41.1472
1298880694 -8.61783 41.1472
1298880695 -8.61786 41.1472
1298880696 -8.61787 41.1472
1298880697 -8.61789 41.1472
1298880698 -8.61789 41.1471
1298880699 -8.6179 41.1471
1298880703 -8.61789 41.147
1298880705 -8.61788 41.1469
1298880706 -8.61785 41.1469
1298880707 -8.61783 41.1468
1298880708 -8.61782 41.1468
1298880709 -8.61781 41.1467
1298880710 -8.61779 41.1467
1298880711 -8.61778 41.1467
1298880712 -8.61778 41.1466
1298880724 -8.61779 41.1466
1298880728 -8.6178 41.1466
1298880762 -8.61777 41.1466
1298880763 -8.61776 41.1465
1298880764 -8.61775 41.1465
1298880765 -8.61774 41.1465
1298880766 -8.61773 41.1464
1298880767 -8.6177 41.1464
1298880768 -8.61767 41.1463
1298880769 -8.61765 41.1462
1298880770 -8.61763 41.1461
1298880771 -8.61761 41.146
1298880772 -8.61759 41.1459
1298880773 -8.61756 41.1458
1298880774 -8.61754 41.1457
1298880775 -8.61751 41.1456
1298880776 -8.61748 41.1455
1298880777 -8.61745 41.1454
1298880778 -8.61743 41.1453
1298880779 -8.6174 41.1452
1298880780 -8.61737 41.1451
1298880781 -8.61735 41.145
1298880782 -8.6173 41.1449
1298880783 -8.61724 41.1449
1298880784 -8.61716 41.1448
1298880785 -8.61707 41.1448
1298880786 -8.61697 41.1449
1298880787 -8.61688 41.1449
1298880788 -8.61678 41.1449
1298880789 -8.61669 41.145
1298880790 -8.6166 41.145
1298880791 -8.61652 41.145
1298880792 -8.61644 41.1451
1298880793 -8.61637 41.1451
1298880794 -8.61628 41.1451
1298880795 -8.6162 41.1452
1298880796 -8.61612 41.1452
1298880797 -8.61603 41.1452
1298880798 -8.61596 41.1453
1298880799 -8.6159 41.1453
1298880800 -8.61585 41.1453
1298880801 -8.61582 41.1453
1298880802 -8.61578 41.1453
1298880803 -8.61575 41.1454
1298880804 -8.6157 41.1454
1298880805 -8.61565 41.1454
1298880806 -8.61558 41.1455
1298880807 -8.61551 41.1455
1298880808 -8.61542 41.1455
1298880809 -8.61531 41.1456
1298880810 -8.61521 41.1456
1298880811 -8.6151 41.1457
1298880812 -8.61498 41.1457
1298880813 -8.61485 41.1458
1298880814 -8.61471 41.1458
1298880815 -8.61457 41.1459
1298880816 -8.61442 41.1459
1298880817 -8.61429 41.1459
1298880818 -8.61416 41.146
1298880819 -8.61406 41.146
1298880820 -8.61397 41.146
1298880821 -8.6139 41.146
1298880822 -8.61384 41.1459
1298880823 -8.61377 41.1459
1298880824 -8.61368 41.1459
1298880825 -8.6136 41.1459
1298880826 -8.61352 41.1458
1298880827 -8.61344 41.1458
1298880828 -8.61336 41.1458
1298880829 -8.61326 41.1458
1298880830 -8.61314 41.1459
1298880831 -8.61302 41.1459
1298880832 -8.6129 41.1459
1298880833 -8.61278 41.1459
1298880834 -8.61268 41.1459
1298880835 -8.6126 41.1459
1298880836 -8.61253 41.1459
1298880837 -8.61244 41.1459
1298880838 -8.61234 41.146
1298880839 -8.61225 41.146
1298880840 -8.61217 41.146
1298880841 -8.61207 41.146
1298880842 -8.61196 41.146
1298880843 -8.61184 41.1461
1298880844 -8.61173 41.1461
1298880845 -8.61162 41.1461
1298880846 -8.61152 41.1461
1298880847 -8.61144 41.1461
1298880848 -8.61137 41.1461
1298880849 -8.61133 41.1462
1298880850 -8.6113 41.1462
1298880851 -8.61129 41.1462
1298880852 -8.61127 41.1463
1298880853 -8.61125 41.1463
1298880854 -8.61125 41.1464
1298880855 -8.61125 41.1465
1298880856 -8.61123 41.1465
1298880857 -8.61122 41.1466
1298880858 -8.6112 41.1467
1298880859 -8.61118 41.1468
1298880860 -8.61116 41.1469
1298880861 -8.61115 41.147
1298880862 -8.61113 41.1471
1298880863 -8.61112 41.1472
1298880864 -8.61109 41.1473
1298880865 -8.61107 41.1474
1298880866 -8.61106 41.1474
1298880867 -8.61104 41.1475
1298880868 -8.61104 41.1476
1298880869 -8.61103 41.1477
1298880871 -8.611 41.1478
1298880872 -8.61097 41.1479
1298880873 -8.61097 41.148
1298880874 -8.61096 41.148
1298880875 -8.61095 41.1481
1298880876 -8.61093 41.1482
1298880877 -8.61091 41.1482
1298880878 -8.61089 41.1482
1298880879 -8.61088 41.1483
1298880880 -8.61087 41.1483
1298880881 -8.61086 41.1483
1298880882 -8.61085 41.1484
1298880884 -8.61083 41.1485
1298880885 -8.61082 41.1485
1298880886 -8.61079 41.1486
1298880887 -8.61074 41.1487
1298880888 -8.6107 41.1487
1298880889 -8.61068 41.1488
1298880890 -8.61065 41.1489
1298880891 -8.61063 41.1489
1298880898 -8.61064 41.1489
1298880903 -8.61066 41.1489
1298880907 -8.61067 41.1489
1298880908 -8.61068 41.1489
1298880909 -8.61069 41.1489
1298880910 -8.6107 41.1489
1298880913 -8.61071 41.1489
1298880914 -8.61072 41.1489
1298880916 -8.61073 41.1489
1298880926 -8.61066 41.149
1298880927 -8.61064 41.149
1298880928 -8.61061 41.149
1298880929 -8.61057 41.1491
1298880930 -8.61053 41.1491
1298880931 -8.61052 41.1491
1298880932 -8.6105 41.1491
1298880933 -8.61049 41.1491
1298880934 -8.61047 41.1491
1298880935 -8.61044 41.1491
1298880936 -8.61041 41.1491
1298880937 -8.61038 41.1491
1298880938 -8.61035 41.1491
1298880939 -8.61034 41.1491
1298880940 -8.61032 41.1491
1298880941 -8.61031 41.149
1298880942 -8.6103 41.149
1298880943 -8.61029 41.149
1298880944 -8.61028 41.149
1298880946 -8.61027 41.149
1298880947 -8.61026 41.1491
1298880949 -8.61025 41.1491
1298880951 -8.61024 41.1491
1298880954 -8.61023 41.1491
1298880960 -8.61022 41.1491
1298880969 -8.61021 41.1491
1298880973 -8.6102 41.1491
1298880974 -8.61019 41.1491
1298880975 -8.61017 41.1491
1298880976 -8.61016 41.1491
1298880977 -8.61012 41.1491
1298880978 -8.61007 41.149
1298880979 -8.61002 41.149
1298880980 -8.60997 41.149
1298880981 -8.60991 41.1489
1298880982 -8.60985 41.1489
1298880983 -8.60978 41.1488
1298880984 -8.60971 41.1488
1298880985 -8.60965 41.1487
1298880986 -8.60959 41.1486
1298880987 -8.60953 41.1485
1298880988 -8.60947 41.1485
1298880989 -8.60942 41.1484
1298880990 -8.60936 41.1483
1298880991 -8.60933 41.1482
1298880992 -8.60927 41.1482
1298880993 -8.60921 41.1481
1298880994 -8.60916 41.1481
1298880995 -8.6091 41.1481
1298880996 -8.60905 41.148
1298880997 -8.60899 41.148
1298880998 -8.60893 41.1479
1298880999 -8.60887 41.1479
1298881000 -8.60881 41.1479
1298881001 -8.60877 41.1479
1298881002 -8.60873 41.1479
1298881003 -8.60872 41.1479
1298881004 -8.6087 41.1479
1298881005 -8.60869 41.1479
1298881006 -8.60868 41.1479
1298881009 -8.60867 41.1479
1298881011 -8.60866 41.1479
1298881015 -8.60865 41.1479
1298881020 -8.60864 41.1479
1298881030 -8.60863 41.1479
1298881078 -8.60865 41.1478
1298881113 -8.60866 41.1478
1298881118 -8.60867 41.1478
1298881124 -8.60868 41.1478
1298881200 -8.60865 41.1478
