:break:
1298880872 -8.59028 41.124
1298880874 -8.59029 41.124
1298880875 -8.5903 41.1239
1298880877 -8.59031 41.1239
1298880881 -8.59032 41.1239
1298880892 -8.59027 41.1239
1298880893 -8.59024 41.124
1298880894 -8.59022 41.124
1298880895 -8.59021 41.124
1298880896 -8.5902 41.124
1298880897 -8.59019 41.124
1298880899 -8.59018 41.124
1298880904 -8.59017 41.124
1298880909 -8.59016 41.124
1298880913 -8.59015 41.124
1298880914 -8.59015 41.1241
1298880937 -8.59013 41.1239
1298880938 -8.59011 41.1239
1298880939 -8.5901 41.1239
1298880940 -8.59009 41.1239
1298880941 -8.59007 41.1239
1298880942 -8.59004 41.1238
1298880943 -8.59002 41.1238
1298880944 -8.58998 41.1238
1298880945 -8.58996 41.1237
1298880946 -8.58996 41.1236
1298880947 -8.58992 41.1236
1298880948 -8.58989 41.1235
1298880949 -8.58984 41.1234
1298880950 -8.5898 41.1234
1298880951 -8.58974 41.1233
1298880952 -8.58968 41.1233
1298880953 -8.58963 41.1232
1298880954 -8.58956 41.1231
1298880955 -8.58952 41.1231
1298880956 -8.58947 41.123
1298880957 -8.58942 41.1229
1298880958 -8.58937 41.1228
1298880959 -8.58933 41.1228
1298880960 -8.58929 41.1227
1298880961 -8.58926 41.1227
1298880962 -8.58923 41.1226
1298880963 -8.5892 41.1226
1298880972 -8.58919 41.1226
1298880980 -8.58918 41.1226
1298880993 -8.58917 41.1226
1298880994 -8.58915 41.1226
1298880995 -8.58912 41.1226
1298880996 -8.58909 41.1225
1298880997 -8.58905 41.1226
1298880998 -8.58901 41.1226
1298880999 -8.58896 41.1226
1298881000 -8.58891 41.1227
1298881001 -8.58883 41.1227
1298881002 -8.58874 41.1228
1298881003 -8.58867 41.1229
1298881004 -8.58857 41.1229
1298881005 -8.58847 41.123
1298881006 -8.58837 41.1231
1298881007 -8.58829 41.1232
1298881008 -8.58822 41.1233
1298881009 -8.58818 41.1234
1298881010 -8.58814 41.1235
1298881011 -8.58811 41.1236
1298881012 -8.58807 41.1237
1298881013 -8.58803 41.1239
1298881014 -8.58798 41.124
1298881015 -8.58794 41.1241
1298881016 -8.58789 41.1243
1298881017 -8.58785 41.1244
1298881018 -8.58782 41.1245
1298881019 -8.58778 41.1246
1298881020 -8.58775 41.1247
1298881021 -8.58771 41.1248
1298881022 -8.58766 41.1249
1298881023 -8.58759 41.1249
1298881024 -8.58752 41.1249
1298881025 -8.58747 41.1249
1298881026 -8.58742 41.125
1298881027 -8.5874 41.125
1298881028 -8.58739 41.125
1298881029 -8.58741 41.1251
1298881030 -8.58744 41.1251
1298881031 -8.58749 41.1252
1298881032 -8.58753 41.1252
1298881033 -8.58758 41.1253
1298881034 -8.58765 41.1254
1298881035 -8.58771 41.1254
1298881036 -8.58776 41.1255
1298881037 -8.58783 41.1256
1298881038 -8.58789 41.1257
1298881039 -8.58795 41.1258
1298881040 -8.58803 41.1258
1298881041 -8.5881 41.1259
1298881042 -8.58815 41.126
1298881043 -8.58821 41.1261
1298881044 -8.58822 41.1262
1298881045 -8.58824 41.1264
1298881046 -8.58826 41.1265
1298881047 -8.58828 41.1266
1298881048 -8.5883 41.1267
1298881049 -8.58831 41.1268
1298881050 -8.58833 41.1269
1298881051 -8.58838 41.127
1298881052 -8.58844 41.1271
1298881053 -8.58852 41.1271
1298881054 -8.58861 41.1272
1298881055 -8.58871 41.1272
1298881056 -8.58878 41.1273
1298881057 -8.58883 41.1273
1298881058 -8.58887 41.1273
1298881059 -8.5889 41.1273
1298881060 -8.58892 41.1274
1298881061 -8.58895 41.1274
1298881062 -8.589 41.1274
1298881063 -8.58905 41.1274
1298881064 -8.58911 41.1275
1298881065 -8.58919 41.1275
1298881066 -8.58927 41.1275
1298881067 -8.58937 41.1276
1298881068 -8.58947 41.1276
1298881069 -8.58956 41.1277
1298881070 -8.58966 41.1277
1298881071 -8.58976 41.1277
1298881072 -8.58987 41.1277
1298881073 -8.58998 41.1277
1298881074 -8.59009 41.1277
1298881075 -8.59018 41.1277
1298881076 -8.59028 41.1277
1298881077 -8.59038 41.1277
1298881078 -8.59049 41.1277
1298881079 -8.5906 41.1277
1298881080 -8.59071 41.1277
1298881081 -8.59082 41.1277
1298881082 -8.59095 41.1277
1298881083 -8.59108 41.1277
1298881084 -8.59121 41.1277
1298881085 -8.59135 41.1277
1298881086 -8.59149 41.1277
1298881087 -8.59163 41.1277
1298881088 -8.59175 41.1277
1298881089 -8.59186 41.1277
1298881090 -8.59196 41.1277
1298881091 -8.59203 41.1277
1298881092 -8.59209 41.1277
1298881093 -8.59215 41.1277
1298881094 -8.5922 41.1277
1298881095 -8.59225 41.1278
1298881096 -8.59228 41.1278
1298881097 -8.59232 41.1279
1298881098 -8.59235 41.1279
1298881099 -8.59238 41.128
1298881100 -8.59242 41.128
1298881101 -8.59244 41.128
1298881102 -8.59247 41.1281
1298881103 -8.59249 41.1281
1298881104 -8.59251 41.1281
1298881105 -8.59253 41.1282
1298881106 -8.59254 41.1282
1298881107 -8.59257 41.1282
1298881108 -8.59259 41.1283
1298881109 -8.59262 41.1283
1298881110 -8.59263 41.1283
1298881111 -8.59264 41.1284
1298881112 -8.59266 41.1284
1298881113 -8.59268 41.1284
1298881114 -8.5927 41.1285
1298881115 -8.59271 41.1285
1298881119 -8.59273 41.1285
1298881120 -8.59276 41.1285
1298881121 -8.59279 41.1286
1298881122 -8.59282 41.1286
1298881123 -8.59285 41.1286
1298881124 -8.59289 41.1286
1298881125 -8.59292 41.1287
1298881126 -8.59296 41.1287
1298881127 -8.59301 41.1288
1298881128 -8.59307 41.1288
1298881129 -8.59315 41.1289
1298881130 -8.59322 41.129
1298881131 -8.59328 41.1291
1298881132 -8.59334 41.1292
1298881133 -8.59342 41.1292
1298881134 -8.59349 41.1293
1298881135 -8.59357 41.1294
1298881136 -8.59366 41.1295
1298881137 -8.59375 41.1296
1298881138 -8.59383 41.1297
1298881139 -8.59392 41.1298
1298881140 -8.59402 41.1298
1298881141 -8.59414 41.1299
1298881142 -8.59425 41.1299
1298881143 -8.59437 41.13
1298881144 -8.59448 41.13
1298881145 -8.59457 41.13
1298881146 -8.59465 41.1301
1298881147 -8.59473 41.1301
1298881148 -8.59481 41.1301
1298881149 -8.5949 41.1301
1298881150 -8.59499 41.1302
1298881151 -8.5951 41.1302
1298881152 -8.59521 41.1303
1298881153 -8.59531 41.1303
1298881154 -8.59541 41.1303
1298881155 -8.59551 41.1303
1298881156 -8.5956 41.1303
1298881157 -8.59571 41.1303
1298881158 -8.59583 41.1303
1298881159 -8.59593 41.1303
1298881160 -8.59604 41.1303
1298881161 -8.59613 41.1304
1298881162 -8.59619 41.1305
1298881163 -8.59623 41.1305
1298881164 -8.59628 41.1306
1298881165 -8.59631 41.1306
1298881167 -8.59632 41.1307
1298881168 -8.59631 41.1307
1298881173 -8.59633 41.1307
1298881174 -8.59635 41.1307
1298881175 -8.59639 41.1307
1298881176 -8.59641 41.1307
1298881177 -8.59645 41.1308
1298881178 -8.59648 41.1308
1298881179 -8.59652 41.1308
1298881180 -8.59655 41.1309
1298881181 -8.59658 41.1309
1298881182 -8.59663 41.131
1298881183 -8.5967 41.1311
1298881184 -8.5968 41.1311
1298881185 -8.59689 41.1312
1298881186 -8.59697 41.1312
1298881187 -8.59703 41.1313
1298881188 -8.59706 41.1314
1298881189 -8.59709 41.1315
1298881190 -8.59712 41.1316
1298881191 -8.59717 41.1317
1298881192 -8.59722 41.1318
1298881193 -8.59729 41.1319
1298881194 -8.59736 41.132
1298881195 -8.59746 41.1321
1298881196 -8.59757 41.1321
1298881197 -8.5977 41.1322
1298881198 -8.59785 41.1323
1298881199 -8.59801 41.1324
1298881200 -8.59818 41.1324
