:break:
1298880054 -8.64221 41.1599
1298880056 -8.64222 41.1599
1298880060 -8.64223 41.1599
1298880065 -8.64224 41.1599
1298880072 -8.64225 41.1599
1298880073 -8.64225 41.16
1298880077 -8.64224 41.16
1298880084 -8.64223 41.16
1298880114 -8.64221 41.16
1298880115 -8.64219 41.16
1298880116 -8.64215 41.16
1298880117 -8.64212 41.16
1298880118 -8.64208 41.1601
1298880119 -8.64205 41.1601
1298880120 -8.64202 41.1601
1298880121 -8.64197 41.1601
1298880122 -8.64193 41.1601
1298880123 -8.64187 41.1601
1298880124 -8.64181 41.1601
1298880125 -8.64175 41.16
1298880126 -8.64168 41.16
1298880127 -8.64162 41.16
1298880128 -8.64157 41.16
1298880129 -8.64151 41.16
1298880130 -8.64146 41.1601
1298880131 -8.64143 41.1601
1298880132 -8.64141 41.1602
1298880133 -8.6414 41.1602
1298880134 -8.64138 41.1602
1298880135 -8.64135 41.1603
1298880136 -8.64131 41.1603
1298880137 -8.64127 41.1603
1298880138 -8.64121 41.1604
1298880139 -8.64112 41.1604
1298880140 -8.64101 41.1605
1298880141 -8.64092 41.1605
1298880142 -8.64084 41.1605
1298880143 -8.64075 41.1605
1298880144 -8.64066 41.1606
1298880145 -8.64058 41.1606
1298880146 -8.64049 41.1606
1298880147 -8.64041 41.1607
1298880148 -8.6403 41.1607
1298880149 -8.6402 41.1608
1298880150 -8.64009 41.1608
1298880151 -8.63999 41.1609
1298880152 -8.63989 41.1609
