:break:
1298880048 -8.60861 41.1477
1298880051 -8.6086 41.1477
1298880078 -8.60862 41.1477
1298880087 -8.60863 41.1477
1298880115 -8.60864 41.1477
1298880147 -8.6086 41.1476
1298880148 -8.60859 41.1476
1298880150 -8.60858 41.1476
1298880174 -8.60857 41.1476
1298880176 -8.60856 41.1476
1298880180 -8.60855 41.1476
1298880186 -8.60854 41.1476
1298880192 -8.60853 41.1475
1298880200 -8.60852 41.1475
1298880207 -8.60851 41.1475
1298880220 -8.60854 41.1475
1298880277 -8.60861 41.1476
1298880308 -8.60862 41.1476
1298880314 -8.60863 41.1476
1298880325 -8.60864 41.1476
1298880333 -8.60865 41.1476
1298880335 -8.60865 41.1477
1298880341 -8.60866 41.1477
1298880351 -8.60858 41.1477
1298880352 -8.60854 41.1477
1298880353 -8.60851 41.1477
1298880354 -8.60849 41.1477
1298880355 -8.60848 41.1477
1298880358 -8.60848 41.1476
1298880359 -8.60849 41.1476
1298880360 -8.60851 41.1476
1298880361 -8.60853 41.1476
1298880372 -8.60857 41.1475
1298880373 -8.60858 41.1475
1298880375 -8.60859 41.1475
1298880376 -8.6086 41.1475
1298880378 -8.60861 41.1475
1298880379 -8.60862 41.1475
1298880381 -8.60863 41.1475
1298880384 -8.60863 41.1474
1298880385 -8.60864 41.1474
1298880388 -8.60865 41.1474
1298880391 -8.60866 41.1474
1298880394 -8.60867 41.1475
1298880396 -8.60868 41.1475
1298880399 -8.60869 41.1475
1298880400 -8.60871 41.1475
1298880401 -8.60872 41.1474
1298880402 -8.60876 41.1474
1298880403 -8.60881 41.1474
1298880404 -8.60886 41.1474
1298880405 -8.60891 41.1475
1298880406 -8.60895 41.1475
1298880407 -8.60899 41.1475
1298880408 -8.60902 41.1475
1298880409 -8.60907 41.1475
1298880410 -8.60911 41.1476
1298880411 -8.60917 41.1476
1298880412 -8.60924 41.1476
1298880413 -8.60931 41.1476
1298880414 -8.60939 41.1476
1298880415 -8.60949 41.1476
1298880416 -8.60958 41.1476
1298880417 -8.60968 41.1476
1298880418 -8.60976 41.1476
1298880419 -8.60985 41.1477
1298880420 -8.60991 41.1477
1298880421 -8.60999 41.1477
1298880422 -8.61007 41.1477
1298880423 -8.61016 41.1478
1298880424 -8.61024 41.1478
1298880425 -8.61034 41.1479
1298880426 -8.61044 41.1479
1298880427 -8.61053 41.1479
1298880428 -8.61062 41.1479
1298880429 -8.6107 41.148
1298880430 -8.61077 41.148
1298880431 -8.61081 41.148
1298880432 -8.61096 41.1479
1298880433 -8.61121 41.1479
1298880434 -8.61135 41.1479
1298880435 -8.6115 41.1479
1298880436 -8.61163 41.1479
1298880437 -8.61176 41.148
1298880438 -8.61187 41.148
1298880439 -8.61199 41.148
1298880440 -8.61213 41.148
1298880441 -8.61223 41.1481
1298880442 -8.61232 41.1482
1298880443 -8.61241 41.1483
1298880444 -8.6125 41.1483
1298880445 -8.61257 41.1484
1298880446 -8.61267 41.1485
:break:
1298880472 -8.61948 41.1479
1298880473 -8.61965 41.148
1298880474 -8.61978 41.1479
1298880475 -8.61987 41.1479
1298880476 -8.61994 41.1479
1298880477 -8.61998 41.1478
1298880478 -8.62002 41.1478
1298880479 -8.62005 41.1478
1298880480 -8.62006 41.1478
1298880481 -8.62007 41.1477
1298880483 -8.62008 41.1477
1298880485 -8.62009 41.1477
1298880486 -8.62011 41.1477
1298880487 -8.62012 41.1477
1298880488 -8.62013 41.1476
1298880489 -8.62014 41.1476
1298880490 -8.62015 41.1476
1298880491 -8.62016 41.1476
1298880516 -8.62018 41.1476
1298880517 -8.6202 41.1476
1298880518 -8.62023 41.1475
1298880519 -8.62025 41.1475
1298880520 -8.62027 41.1475
1298880521 -8.62029 41.1474
1298880522 -8.62031 41.1474
1298880523 -8.62033 41.1474
1298880524 -8.62034 41.1474
1298880526 -8.62036 41.1473
1298880527 -8.62037 41.1473
1298880529 -8.62037 41.1472
1298880531 -8.62036 41.1471
1298880532 -8.62034 41.1471
1298880533 -8.62032 41.147
1298880534 -8.62029 41.1469
1298880535 -8.62027 41.1469
1298880536 -8.62025 41.1468
1298880537 -8.62024 41.1467
1298880538 -8.62022 41.1466
1298880539 -8.6202 41.1466
1298880540 -8.62019 41.1465
1298880541 -8.62018 41.1465
1298880543 -8.62017 41.1465
1298880545 -8.62017 41.1464
1298880546 -8.62018 41.1464
1298880557 -8.62016 41.1465
1298880568 -8.62016 41.1464
1298880570 -8.62015 41.1464
1298880571 -8.62013 41.1463
1298880572 -8.62012 41.1463
1298880573 -8.62011 41.1462
1298880574 -8.62007 41.1461
1298880575 -8.62 41.1461
1298880576 -8.61991 41.1461
1298880577 -8.6198 41.1461
1298880578 -8.6197 41.1461
1298880579 -8.61958 41.1461
1298880580 -8.61945 41.1461
1298880581 -8.61933 41.1462
1298880582 -8.61918 41.1462
1298880583 -8.61904 41.1462
1298880584 -8.6189 41.1462
1298880585 -8.61876 41.1462
1298880586 -8.61863 41.1463
1298880587 -8.61852 41.1463
1298880588 -8.6184 41.1463
1298880589 -8.6183 41.1463
1298880590 -8.6182 41.1463
1298880591 -8.61811 41.1463
1298880592 -8.61802 41.1463
1298880593 -8.61795 41.1463
1298880594 -8.61788 41.1464
1298880595 -8.61782 41.1464
1298880596 -8.61773 41.1464
1298880597 -8.61767 41.1464
1298880598 -8.61763 41.1464
1298880599 -8.61762 41.1464
1298880601 -8.61761 41.1463
1298880607 -8.61762 41.1463
1298880611 -8.61763 41.1463
1298880760 -8.61764 41.1462
1298880767 -8.61765 41.1462
1298880804 -8.61766 41.1462
1298880816 -8.61767 41.1462
1298880849 -8.61764 41.1463
1298880902 -8.61765 41.1463
1298880907 -8.61766 41.1463
1298880912 -8.61767 41.1463
1298881082 -8.61765 41.1461
1298881083 -8.61764 41.1461
1298881084 -8.61763 41.146
1298881085 -8.6176 41.1459
1298881086 -8.61758 41.1458
1298881087 -8.61755 41.1457
1298881088 -8.61753 41.1456
1298881089 -8.6175 41.1455
1298881090 -8.61747 41.1454
1298881091 -8.61745 41.1453
1298881092 -8.61743 41.1452
1298881093 -8.6174 41.1451
1298881094 -8.61736 41.145
1298881095 -8.61731 41.1449
1298881096 -8.61722 41.1449
1298881097 -8.61711 41.1448
1298881098 -8.61701 41.1448
1298881099 -8.61688 41.1449
1298881100 -8.61677 41.1449
1298881101 -8.61665 41.145
1298881102 -8.61655 41.1451
1298881103 -8.61645 41.1451
1298881104 -8.61637 41.1451
1298881105 -8.61629 41.1452
1298881106 -8.61624 41.1452
1298881107 -8.61619 41.1452
1298881108 -8.61615 41.1452
1298881109 -8.61611 41.1452
1298881110 -8.61606 41.1452
1298881111 -8.61602 41.1453
1298881112 -8.61599 41.1453
1298881113 -8.61597 41.1453
1298881114 -8.61595 41.1453
1298881118 -8.61594 41.1453
1298881119 -8.61593 41.1453
1298881120 -8.61589 41.1453
1298881121 -8.61584 41.1453
1298881122 -8.6158 41.1454
1298881123 -8.61575 41.1454
1298881124 -8.61572 41.1454
1298881125 -8.61566 41.1454
1298881126 -8.6156 41.1455
1298881127 -8.61551 41.1455
1298881128 -8.61541 41.1455
1298881129 -8.6153 41.1456
1298881130 -8.6152 41.1456
1298881131 -8.61511 41.1457
1298881132 -8.61503 41.1457
1298881133 -8.61496 41.1457
1298881134 -8.61489 41.1457
1298881135 -8.6148 41.1458
1298881136 -8.6147 41.1458
1298881137 -8.61458 41.1459
1298881138 -8.61444 41.1459
1298881139 -8.6143 41.146
1298881140 -8.61415 41.146
1298881141 -8.61405 41.146
1298881142 -8.61398 41.146
1298881143 -8.61389 41.146
1298881144 -8.61378 41.146
1298881145 -8.61367 41.1459
1298881146 -8.61357 41.1459
1298881147 -8.61348 41.1459
1298881148 -8.61338 41.1459
1298881149 -8.61328 41.1459
1298881150 -8.61317 41.1459
1298881151 -8.61306 41.1459
1298881152 -8.61297 41.1459
1298881153 -8.61291 41.1459
1298881154 -8.61287 41.1459
1298881155 -8.61284 41.1459
1298881156 -8.61282 41.1459
1298881158 -8.61283 41.1459
1298881162 -8.61285 41.1459
1298881169 -8.61286 41.1459
1298881181 -8.61281 41.1459
1298881182 -8.6128 41.1459
1298881183 -8.61279 41.1459
1298881184 -8.61278 41.1459
1298881186 -8.61277 41.1459
1298881188 -8.61276 41.1459
1298881190 -8.61275 41.1459
1298881198 -8.61278 41.146
1298881199 -8.61277 41.146
1298881200 -8.61276 41.146
