:break:
1298880054 -8.62493 41.1731
1298880055 -8.62467 41.1731
1298880056 -8.6244 41.1732
1298880057 -8.62414 41.1732
1298880058 -8.62387 41.1732
1298880059 -8.62361 41.1733
1298880060 -8.62334 41.1733
1298880061 -8.62306 41.1733
1298880062 -8.6228 41.1733
1298880063 -8.62256 41.1734
1298880064 -8.62232 41.1734
1298880065 -8.62209 41.1734
1298880066 -8.62186 41.1734
1298880067 -8.62161 41.1734
1298880068 -8.62137 41.1735
1298880069 -8.62112 41.1735
1298880070 -8.62087 41.1735
1298880071 -8.62062 41.1735
1298880072 -8.62037 41.1736
1298880073 -8.62011 41.1736
1298880074 -8.61986 41.1736
1298880075 -8.61961 41.1736
1298880076 -8.61935 41.1737
1298880077 -8.61908 41.1737
1298880078 -8.61881 41.1737
1298880079 -8.61854 41.1737
1298880080 -8.61827 41.1738
1298880081 -8.618 41.1738
1298880082 -8.61774 41.1738
1298880083 -8.61748 41.1739
1298880084 -8.61723 41.1739
1298880085 -8.61698 41.1739
1298880086 -8.61673 41.1739
1298880087 -8.61648 41.174
1298880088 -8.61624 41.174
1298880089 -8.61601 41.174
1298880090 -8.61577 41.174
1298880091 -8.61555 41.1741
1298880092 -8.61532 41.1741
1298880093 -8.61511 41.1741
1298880094 -8.61492 41.1742
1298880095 -8.61472 41.1742
1298880096 -8.61453 41.1743
1298880097 -8.61435 41.1743
1298880098 -8.61416 41.1743
1298880099 -8.61398 41.1744
1298880100 -8.61379 41.1744
1298880101 -8.6136 41.1744
1298880102 -8.61341 41.1744
1298880103 -8.61321 41.1744
1298880104 -8.61302 41.1744
1298880105 -8.61284 41.1744
1298880106 -8.61266 41.1744
1298880107 -8.6125 41.1744
1298880108 -8.61233 41.1744
1298880109 -8.61216 41.1744
1298880110 -8.612 41.1744
1298880111 -8.61184 41.1744
1298880112 -8.61167 41.1744
1298880113 -8.61151 41.1743
1298880114 -8.61135 41.1743
1298880115 -8.61119 41.1743
1298880116 -8.61104 41.1743
1298880117 -8.61088 41.1743
1298880118 -8.61072 41.1742
1298880119 -8.61056 41.1742
1298880120 -8.6104 41.1742
1298880121 -8.61024 41.1742
1298880122 -8.61008 41.1741
1298880123 -8.60993 41.1741
1298880124 -8.6098 41.174
1298880125 -8.60968 41.174
1298880126 -8.60955 41.174
1298880127 -8.60943 41.1739
1298880128 -8.60931 41.1739
1298880129 -8.60918 41.1738
1298880130 -8.60908 41.1738
1298880131 -8.60897 41.1737
1298880132 -8.60887 41.1737
1298880133 -8.60878 41.1737
1298880134 -8.60871 41.1736
1298880135 -8.60863 41.1736
1298880136 -8.60855 41.1735
1298880137 -8.60849 41.1735
1298880138 -8.60842 41.1735
1298880139 -8.60835 41.1734
1298880140 -8.60828 41.1734
1298880141 -8.60821 41.1733
1298880142 -8.60814 41.1733
1298880143 -8.60808 41.1732
1298880144 -8.60801 41.1732
1298880145 -8.60796 41.1731
1298880146 -8.60791 41.1731
1298880147 -8.60783 41.173
1298880148 -8.60775 41.173
1298880149 -8.60767 41.1729
1298880150 -8.60757 41.1728
1298880151 -8.60748 41.1728
1298880152 -8.60738 41.1727
1298880153 -8.60729 41.1726
1298880154 -8.6072 41.1725
1298880155 -8.60712 41.1724
1298880156 -8.60704 41.1723
1298880157 -8.60696 41.1722
1298880158 -8.60688 41.1722
1298880159 -8.6068 41.1721
1298880160 -8.60671 41.172
1298880161 -8.60662 41.1719
1298880162 -8.60653 41.1718
1298880163 -8.60643 41.1718
1298880164 -8.60634 41.1717
1298880165 -8.60625 41.1717
1298880166 -8.60618 41.1716
1298880167 -8.60611 41.1716
1298880168 -8.60605 41.1716
1298880169 -8.606 41.1715
1298880170 -8.60595 41.1715
1298880171 -8.60593 41.1715
1298880172 -8.60591 41.1715
1298880173 -8.6059 41.1715
1298880181 -8.60592 41.1715
1298880192 -8.60594 41.1715
1298880218 -8.60588 41.1715
1298880219 -8.60585 41.1714
1298880220 -8.60584 41.1714
1298880222 -8.60589 41.1713
1298880223 -8.60595 41.1712
1298880224 -8.60601 41.1712
1298880225 -8.60607 41.1711
1298880226 -8.60614 41.171
1298880227 -8.60621 41.171
1298880228 -8.60628 41.1709
1298880229 -8.60635 41.1708
1298880230 -8.60642 41.1708
1298880231 -8.60648 41.1707
1298880232 -8.60655 41.1706
1298880233 -8.60659 41.1706
1298880234 -8.60663 41.1705
1298880235 -8.60664 41.1705
1298880236 -8.60661 41.1705
1298880237 -8.60656 41.1704
1298880238 -8.6065 41.1704
1298880239 -8.60646 41.1703
1298880240 -8.60642 41.1703
1298880241 -8.6064 41.1702
1298880242 -8.6064 41.1701
1298880243 -8.6064 41.17
1298880244 -8.60638 41.17
1298880245 -8.60634 41.1699
1298880246 -8.60627 41.1698
1298880247 -8.60619 41.1697
1298880248 -8.60609 41.1697
1298880249 -8.606 41.1696
1298880250 -8.60589 41.1696
1298880251 -8.60576 41.1696
1298880252 -8.60561 41.1696
1298880253 -8.60546 41.1697
1298880254 -8.6053 41.1697
1298880255 -8.60515 41.1698
1298880256 -8.60501 41.1699
1298880257 -8.60486 41.1699
1298880258 -8.60472 41.1699
1298880259 -8.60459 41.17
1298880260 -8.60446 41.17
1298880261 -8.60433 41.17
1298880262 -8.6042 41.17
1298880263 -8.60407 41.17
1298880264 -8.60393 41.17
1298880265 -8.60381 41.17
1298880266 -8.6037 41.17
1298880267 -8.60362 41.17
1298880268 -8.60354 41.17
1298880269 -8.60345 41.17
1298880270 -8.60335 41.17
1298880271 -8.60323 41.17
1298880272 -8.60312 41.17
1298880273 -8.603 41.1699
1298880274 -8.60289 41.1699
1298880275 -8.6028 41.1699
1298880276 -8.60275 41.1699
1298880277 -8.60272 41.1699
1298880280 -8.60273 41.1699
1298880284 -8.60274 41.1699
1298880303 -8.60271 41.1699
1298880304 -8.60269 41.1699
1298880305 -8.60264 41.1699
1298880306 -8.6026 41.1699
1298880307 -8.60257 41.1699
1298880308 -8.60257 41.17
1298880311 -8.60258 41.17
1298880314 -8.6026 41.17
1298880315 -8.60263 41.17
1298880316 -8.60268 41.17
1298880317 -8.60273 41.17
1298880318 -8.6028 41.17
1298880319 -8.60288 41.17
1298880320 -8.60295 41.17
1298880321 -8.60304 41.17
1298880322 -8.60314 41.17
1298880324 -8.60332 41.17
1298880325 -8.60342 41.17
1298880327 -8.60366 41.17
1298880328 -8.60379 41.17
1298880330 -8.60406 41.17
1298880335 -8.6047 41.17
1298880336 -8.60483 41.1699
1298880337 -8.60495 41.1699
1298880338 -8.60508 41.1699
1298880339 -8.60522 41.1698
1298880340 -8.60536 41.1698
1298880341 -8.60551 41.1697
1298880342 -8.60564 41.1697
1298880343 -8.60576 41.1697
1298880344 -8.6059 41.1697
1298880345 -8.60601 41.1697
1298880346 -8.60611 41.1698
1298880347 -8.60622 41.1698
1298880348 -8.60631 41.1699
1298880352 -8.60641 41.1702
1298880353 -8.60643 41.1703
1298880354 -8.60646 41.1704
1298880356 -8.60655 41.1705
1298880357 -8.60659 41.1705
1298880360 -8.60667 41.1705
1298880361 -8.60672 41.1705
1298880362 -8.60677 41.1705
1298880363 -8.60684 41.1704
1298880364 -8.60691 41.1704
1298880365 -8.60699 41.1704
1298880366 -8.60708 41.1703
1298880367 -8.60718 41.1703
1298880368 -8.60729 41.1702
1298880369 -8.6074 41.1702
1298880370 -8.60751 41.1701
1298880371 -8.60762 41.1701
1298880372 -8.60772 41.1701
1298880373 -8.60781 41.17
1298880374 -8.6079 41.17
1298880375 -8.60797 41.17
1298880376 -8.60805 41.17
1298880377 -8.60813 41.17
1298880378 -8.60821 41.1699
1298880379 -8.60828 41.1699
1298880380 -8.60835 41.1699
1298880381 -8.60842 41.1699
1298880382 -8.60851 41.1699
1298880383 -8.6086 41.1699
1298880384 -8.60869 41.17
1298880385 -8.60878 41.17
1298880386 -8.60888 41.17
1298880387 -8.60896 41.1701
1298880388 -8.60905 41.1701
1298880389 -8.60914 41.1702
1298880390 -8.60922 41.1702
1298880391 -8.6093 41.1703
1298880392 -8.60938 41.1704
1298880393 -8.60945 41.1705
1298880394 -8.60953 41.1705
1298880395 -8.6096 41.1706
1298880396 -8.60966 41.1707
1298880397 -8.60972 41.1707
1298880398 -8.60979 41.1708
1298880399 -8.60986 41.1709
1298880400 -8.60992 41.1709
1298880401 -8.60999 41.171
1298880402 -8.61006 41.1711
1298880403 -8.61012 41.1711
1298880404 -8.61019 41.1712
1298880405 -8.61026 41.1713
1298880406 -8.61034 41.1713
1298880407 -8.61043 41.1714
1298880408 -8.61052 41.1714
1298880409 -8.6106 41.1715
1298880410 -8.61069 41.1715
1298880411 -8.61077 41.1716
1298880412 -8.61085 41.1716
1298880413 -8.61092 41.1717
1298880414 -8.61099 41.1717
1298880415 -8.61106 41.1718
1298880416 -8.61112 41.1718
1298880417 -8.61116 41.1718
1298880418 -8.61118 41.1718
1298880419 -8.6112 41.1719
1298880420 -8.61121 41.1719
1298880421 -8.61121 41.172
1298880423 -8.61121 41.1721
1298880425 -8.61119 41.1722
1298880426 -8.61118 41.1723
1298880428 -8.61117 41.1724
1298880430 -8.61116 41.1725
1298880431 -8.61115 41.1725
1298880432 -8.61116 41.1726
1298880433 -8.6112 41.1726
1298880434 -8.61125 41.1726
1298880435 -8.61131 41.1726
1298880436 -8.61136 41.1727
1298880437 -8.61141 41.1727
1298880438 -8.61144 41.1727
1298880439 -8.61147 41.1727
1298880440 -8.6115 41.1727
1298880441 -8.61151 41.1727
1298880455 -8.61152 41.1727
1298880460 -8.61153 41.1727
1298880462 -8.61154 41.1727
1298880466 -8.61155 41.1727
1298880503 -8.61149 41.1727
1298880506 -8.61148 41.1727
1298880512 -8.61146 41.1727
1298880517 -8.61145 41.1727
1298880668 -8.61157 41.1727
1298880669 -8.61158 41.1727
1298880670 -8.61159 41.1727
1298880671 -8.6116 41.1727
1298880672 -8.61161 41.1727
1298880674 -8.61162 41.1727
1298880677 -8.61163 41.1727
1298880837 -8.61164 41.1727
1298880899 -8.61165 41.1727
1298880902 -8.61166 41.1727
1298880910 -8.61165 41.1728
1298880911 -8.61166 41.1728
1298880914 -8.61167 41.1728
1298880916 -8.61168 41.1728
1298880919 -8.61169 41.1727
1298880922 -8.6117 41.1727
1298880929 -8.61171 41.1727
1298880945 -8.61172 41.1727
1298881039 -8.61172 41.1726
1298881040 -8.61173 41.1726
1298881041 -8.61174 41.1726
1298881044 -8.61175 41.1726
1298881046 -8.61176 41.1726
1298881050 -8.61177 41.1726
1298881051 -8.61177 41.1727
1298881056 -8.61176 41.1727
1298881060 -8.61175 41.1727
1298881064 -8.61174 41.1727
1298881070 -8.61178 41.1727
1298881094 -8.61179 41.1727
1298881100 -8.6118 41.1727
1298881105 -8.61181 41.1727
1298881117 -8.61182 41.1727
1298881151 -8.61174 41.1728
1298881152 -8.61173 41.1728
1298881155 -8.61172 41.1728
1298881192 -8.61175 41.1728
1298881200 -8.61175 41.1727
