:break:
1298880007 -8.61424 41.1831
1298880008 -8.61413 41.1831
1298880009 -8.61403 41.1831
1298880010 -8.61395 41.1832
1298880011 -8.61385 41.1832
1298880012 -8.61376 41.1832
1298880013 -8.61366 41.1832
1298880014 -8.61357 41.1832
1298880015 -8.6135 41.1832
1298880016 -8.61344 41.1833
1298880017 -8.61341 41.1833
1298880018 -8.61338 41.1834
1298880019 -8.61338 41.1835
1298880020 -8.61337 41.1835
1298880021 -8.61336 41.1836
1298880022 -8.61336 41.1837
1298880023 -8.61335 41.1837
1298880024 -8.61334 41.1838
1298880026 -8.61333 41.1839
1298880027 -8.61333 41.184
1298880028 -8.61332 41.184
1298880029 -8.61332 41.1841
1298880030 -8.6133 41.1841
1298880031 -8.61329 41.1842
1298880032 -8.61328 41.1843
1298880033 -8.61327 41.1844
1298880034 -8.61325 41.1844
1298880035 -8.61323 41.1845
1298880036 -8.61322 41.1846
1298880037 -8.61321 41.1847
1298880038 -8.6132 41.1848
1298880039 -8.61318 41.1849
1298880040 -8.61316 41.185
1298880041 -8.61314 41.1851
1298880042 -8.61313 41.1852
1298880043 -8.61312 41.1853
1298880044 -8.61311 41.1854
1298880045 -8.6131 41.1854
1298880046 -8.61308 41.1855
1298880047 -8.61307 41.1856
1298880048 -8.61305 41.1858
1298880049 -8.61304 41.1859
1298880050 -8.61301 41.186
1298880051 -8.613 41.1861
1298880052 -8.61297 41.1862
1298880053 -8.61295 41.1863
1298880054 -8.61293 41.1864
1298880055 -8.61291 41.1865
1298880056 -8.6129 41.1866
1298880057 -8.61288 41.1867
1298880058 -8.61287 41.1867
1298880059 -8.61286 41.1868
1298880060 -8.61285 41.1869
1298880061 -8.61283 41.187
1298880062 -8.61279 41.1871
1298880063 -8.61278 41.1872
1298880064 -8.61274 41.1872
1298880065 -8.61272 41.1873
1298880066 -8.61269 41.1874
1298880067 -8.61268 41.1875
1298880068 -8.61265 41.1876
1298880069 -8.61262 41.1877
1298880070 -8.61259 41.1878
1298880071 -8.61256 41.1879
1298880072 -8.61255 41.1881
1298880073 -8.61253 41.1881
1298880074 -8.6125 41.1882
1298880075 -8.61245 41.1883
1298880076 -8.61237 41.1885
1298880077 -8.61232 41.1886
1298880078 -8.61228 41.1887
1298880079 -8.61224 41.1889
1298880080 -8.6122 41.189
1298880081 -8.61216 41.1891
1298880082 -8.61213 41.1892
1298880083 -8.6121 41.1894
1298880084 -8.61206 41.1895
1298880085 -8.61203 41.1896
1298880086 -8.612 41.1897
1298880087 -8.61197 41.1898
1298880088 -8.61195 41.19
1298880089 -8.61191 41.1901
1298880090 -8.61188 41.1902
1298880091 -8.61186 41.1903
1298880092 -8.61183 41.1904
1298880093 -8.6118 41.1905
1298880094 -8.61178 41.1906
1298880095 -8.61176 41.1906
1298880096 -8.61174 41.1907
1298880097 -8.6117 41.1907
1298880098 -8.61163 41.1907
1298880099 -8.61156 41.1907
1298880100 -8.61148 41.1907
1298880101 -8.61137 41.1907
1298880102 -8.61125 41.1907
1298880103 -8.61112 41.1907
1298880104 -8.61099 41.1906
1298880105 -8.61088 41.1906
1298880106 -8.61077 41.1906
1298880107 -8.61067 41.1906
1298880108 -8.6106 41.1906
1298880109 -8.61055 41.1905
1298880110 -8.61053 41.1905
1298880111 -8.61051 41.1905
1298880113 -8.61053 41.1904
1298880114 -8.61054 41.1903
1298880115 -8.61056 41.1903
1298880116 -8.61058 41.1902
1298880117 -8.6106 41.1901
1298880118 -8.61062 41.1901
1298880131 -8.61062 41.19
1298880132 -8.61061 41.19
1298880133 -8.61058 41.19
1298880134 -8.61053 41.19
1298880135 -8.61046 41.19
1298880136 -8.61037 41.19
1298880137 -8.61029 41.19
1298880138 -8.61022 41.1899
1298880139 -8.61014 41.1899
1298880140 -8.61005 41.1899
1298880141 -8.60996 41.1899
1298880142 -8.60986 41.1899
1298880143 -8.60977 41.1899
1298880144 -8.6097 41.19
1298880145 -8.60963 41.1901
1298880146 -8.60958 41.1902
1298880147 -8.60953 41.1903
1298880148 -8.60946 41.1904
1298880149 -8.6094 41.1905
1298880150 -8.60934 41.1906
1298880151 -8.60927 41.1907
1298880152 -8.6092 41.1908
1298880153 -8.60914 41.1909
1298880154 -8.60909 41.191
1298880155 -8.60902 41.1911
1298880156 -8.60897 41.1912
1298880157 -8.60891 41.1913
1298880158 -8.60886 41.1914
1298880159 -8.6088 41.1915
1298880160 -8.60873 41.1915
1298880161 -8.60866 41.1915
1298880162 -8.60858 41.1915
1298880163 -8.60851 41.1915
1298880164 -8.60843 41.1915
1298880165 -8.60835 41.1914
1298880166 -8.60827 41.1914
1298880167 -8.60819 41.1914
1298880168 -8.60809 41.1913
1298880169 -8.608 41.1913
1298880170 -8.60789 41.1912
1298880171 -8.60778 41.1912
1298880172 -8.60769 41.1912
1298880173 -8.6076 41.1911
1298880174 -8.60751 41.1911
1298880175 -8.60741 41.1911
1298880176 -8.6073 41.1911
1298880177 -8.60719 41.191
1298880178 -8.60707 41.191
1298880179 -8.60694 41.1909
1298880180 -8.60682 41.1909
1298880181 -8.6067 41.1908
1298880182 -8.60658 41.1908
1298880183 -8.60648 41.1908
1298880184 -8.60641 41.1907
1298880185 -8.60637 41.1906
1298880186 -8.60631 41.1906
1298880187 -8.60627 41.1906
1298880188 -8.60625 41.1906
1298880189 -8.60623 41.1906
1298880190 -8.60622 41.1906
1298880191 -8.60621 41.1906
1298880196 -8.6062 41.1906
1298880202 -8.60619 41.1906
1298880207 -8.60618 41.1906
1298880208 -8.60615 41.1906
1298880209 -8.60612 41.1906
1298880210 -8.60608 41.1906
1298880211 -8.60603 41.1906
1298880212 -8.60597 41.1905
1298880213 -8.60592 41.1905
1298880214 -8.60585 41.1905
1298880215 -8.60578 41.1905
1298880216 -8.60571 41.1904
1298880217 -8.60563 41.1904
1298880218 -8.60554 41.1903
1298880219 -8.60545 41.1903
1298880220 -8.60537 41.1903
1298880221 -8.60528 41.1902
1298880222 -8.60518 41.1902
1298880223 -8.60506 41.1901
1298880224 -8.60495 41.1901
1298880225 -8.60482 41.19
1298880226 -8.6047 41.19
1298880227 -8.60459 41.1899
1298880228 -8.60446 41.1899
1298880229 -8.60432 41.1899
1298880230 -8.60418 41.1898
1298880231 -8.60403 41.1898
1298880232 -8.60388 41.1898
1298880233 -8.60373 41.1898
1298880234 -8.60358 41.1897
1298880235 -8.60343 41.1897
1298880236 -8.60328 41.1897
1298880237 -8.60313 41.1897
1298880238 -8.60297 41.1897
1298880239 -8.60282 41.1896
1298880240 -8.60268 41.1896
1298880241 -8.60252 41.1896
1298880242 -8.60237 41.1896
1298880243 -8.60222 41.1895
1298880244 -8.60206 41.1895
1298880245 -8.60192 41.1895
1298880246 -8.60178 41.1894
1298880247 -8.60164 41.1894
1298880248 -8.60153 41.1894
1298880249 -8.60144 41.1893
1298880250 -8.60135 41.1893
1298880251 -8.60126 41.1893
1298880252 -8.60116 41.1892
1298880253 -8.60105 41.1892
1298880254 -8.60092 41.1891
1298880255 -8.6008 41.189
1298880256 -8.60066 41.189
1298880257 -8.60052 41.1889
1298880258 -8.60039 41.1888
1298880259 -8.60027 41.1888
1298880260 -8.60016 41.1887
1298880261 -8.60005 41.1887
1298880262 -8.59993 41.1887
1298880263 -8.59981 41.1887
1298880264 -8.59969 41.1887
1298880265 -8.59957 41.1887
1298880266 -8.59945 41.1888
1298880267 -8.59932 41.1888
1298880268 -8.5992 41.1889
1298880269 -8.59908 41.1889
1298880270 -8.59895 41.1889
1298880271 -8.59882 41.189
1298880272 -8.59871 41.189
1298880273 -8.59861 41.1891
1298880274 -8.59853 41.1891
1298880275 -8.59847 41.1891
1298880276 -8.59842 41.1891
1298880277 -8.59841 41.1891
1298880278 -8.5984 41.1891
1298880292 -8.59843 41.1891
1298880309 -8.59844 41.1891
1298880320 -8.59845 41.1891
1298880325 -8.59837 41.1892
1298880326 -8.5983 41.1892
1298880327 -8.59824 41.1892
1298880328 -8.59818 41.1892
1298880329 -8.59811 41.1892
1298880330 -8.59804 41.1892
1298880331 -8.59796 41.1892
1298880332 -8.59788 41.1892
1298880333 -8.59781 41.1891
1298880334 -8.59773 41.1891
1298880335 -8.59766 41.189
1298880336 -8.59758 41.189
1298880337 -8.59751 41.1889
1298880338 -8.59743 41.1888
1298880339 -8.59736 41.1888
1298880340 -8.59729 41.1887
1298880341 -8.59721 41.1887
1298880342 -8.59715 41.1886
1298880343 -8.5971 41.1886
1298880344 -8.59704 41.1885
1298880345 -8.597 41.1885
1298880346 -8.59694 41.1884
1298880347 -8.59688 41.1884
1298880348 -8.59683 41.1883
1298880349 -8.59676 41.1883
1298880350 -8.59672 41.1882
1298880351 -8.59669 41.1881
1298880352 -8.59668 41.1881
1298880353 -8.59668 41.188
1298880354 -8.59668 41.1879
1298880355 -8.59668 41.1878
1298880356 -8.59669 41.1878
1298880357 -8.59669 41.1877
1298880358 -8.5967 41.1876
1298880359 -8.59672 41.1876
1298880360 -8.59673 41.1875
1298880361 -8.59675 41.1874
1298880362 -8.59676 41.1873
1298880363 -8.59678 41.1873
1298880364 -8.59679 41.1872
1298880365 -8.59681 41.1871
1298880366 -8.59683 41.1871
1298880367 -8.59685 41.187
1298880368 -8.59686 41.1869
1298880369 -8.59687 41.1869
1298880370 -8.59687 41.1868
1298880371 -8.59688 41.1867
1298880372 -8.59688 41.1866
1298880373 -8.59689 41.1865
1298880375 -8.59689 41.1864
1298880376 -8.59689 41.1863
1298880377 -8.5969 41.1862
1298880379 -8.5969 41.1861
1298880380 -8.59691 41.186
1298880381 -8.59691 41.1859
1298880382 -8.5969 41.1858
1298880384 -8.59691 41.1857
1298880385 -8.59691 41.1856
1298880386 -8.59692 41.1855
1298880387 -8.59692 41.1854
1298880388 -8.59692 41.1853
1298880390 -8.59692 41.1852
1298880391 -8.59693 41.1851
1298880392 -8.59694 41.1851
1298880393 -8.597 41.1851
1298880394 -8.59706 41.185
1298880395 -8.59713 41.185
1298880396 -8.59722 41.185
1298880397 -8.59732 41.185
1298880398 -8.59743 41.185
1298880399 -8.59754 41.185
1298880400 -8.59765 41.185
1298880401 -8.59774 41.185
1298880402 -8.59782 41.185
1298880403 -8.59788 41.185
1298880404 -8.59792 41.185
1298880405 -8.59794 41.185
1298880406 -8.59796 41.185
1298880410 -8.59795 41.185
1298880415 -8.598 41.185
1298880416 -8.59805 41.185
1298880417 -8.59811 41.185
1298880418 -8.59818 41.185
1298880419 -8.59826 41.185
1298880420 -8.59835 41.1849
1298880421 -8.59842 41.1849
1298880422 -8.59848 41.1848
1298880423 -8.59854 41.1847
1298880424 -8.59857 41.1846
1298880425 -8.5986 41.1845
1298880426 -8.59864 41.1844
1298880427 -8.59868 41.1843
1298880428 -8.59872 41.1843
1298880429 -8.59875 41.1842
1298880430 -8.59877 41.1841
1298880431 -8.59882 41.184
1298880432 -8.59886 41.1839
1298880433 -8.59889 41.1839
1298880434 -8.59891 41.1838
1298880435 -8.59893 41.1838
1298880436 -8.59896 41.1837
1298880437 -8.59898 41.1837
1298880438 -8.59899 41.1837
1298880439 -8.59901 41.1836
1298880440 -8.59904 41.1835
1298880441 -8.59907 41.1835
1298880442 -8.59911 41.1834
1298880443 -8.59914 41.1833
1298880444 -8.59917 41.1833
1298880445 -8.59919 41.1832
1298880446 -8.59922 41.1832
1298880447 -8.59924 41.1831
1298880448 -8.59926 41.1831
1298880449 -8.59928 41.1831
1298880450 -8.59929 41.1831
1298880451 -8.5993 41.183
1298880463 -8.59931 41.183
1298880464 -8.59933 41.183
1298880465 -8.59934 41.183
1298880466 -8.59936 41.1829
1298880467 -8.59937 41.1829
1298880469 -8.59938 41.1829
1298880474 -8.59939 41.1829
1298880475 -8.59942 41.183
1298880476 -8.59946 41.183
1298880477 -8.5995 41.183
1298880478 -8.59955 41.183
1298880479 -8.59959 41.183
1298880480 -8.59964 41.183
1298880481 -8.59971 41.183
1298880482 -8.59978 41.183
1298880483 -8.59984 41.183
1298880484 -8.5999 41.183
1298880485 -8.59997 41.1831
1298880486 -8.60002 41.1831
1298880487 -8.60005 41.1831
1298880491 -8.60006 41.1831
1298880492 -8.60007 41.1831
1298880493 -8.60008 41.1831
1298880494 -8.60009 41.1831
1298880495 -8.60011 41.1831
1298880496 -8.60012 41.1831
1298880498 -8.60013 41.1831
1298880499 -8.60015 41.1831
1298880500 -8.60019 41.1832
1298880501 -8.60024 41.1832
1298880502 -8.60028 41.1832
1298880503 -8.60034 41.1832
1298880504 -8.60038 41.1832
1298880505 -8.60045 41.1832
1298880506 -8.6005 41.1832
1298880507 -8.60056 41.1832
1298880508 -8.60061 41.1833
1298880509 -8.60067 41.1833
1298880510 -8.60073 41.1833
1298880511 -8.6008 41.1833
1298880512 -8.60087 41.1833
1298880513 -8.60092 41.1833
1298880514 -8.60098 41.1834
1298880515 -8.60103 41.1834
1298880516 -8.60108 41.1834
1298880517 -8.60114 41.1834
1298880518 -8.60118 41.1834
1298880519 -8.60123 41.1834
1298880520 -8.60126 41.1834
1298880521 -8.60127 41.1834
1298880524 -8.60128 41.1834
1298880527 -8.60129 41.1834
1298880533 -8.6013 41.1834
1298880538 -8.60132 41.1834
1298880539 -8.60135 41.1834
1298880540 -8.60136 41.1834
1298880541 -8.60137 41.1834
1298880572 -8.60138 41.1834
1298880573 -8.60139 41.1834
1298880574 -8.60141 41.1834
1298880575 -8.60145 41.1835
1298880576 -8.60151 41.1835
1298880577 -8.60157 41.1835
1298880578 -8.60163 41.1835
1298880579 -8.6017 41.1835
1298880580 -8.60176 41.1835
1298880581 -8.60183 41.1835
1298880582 -8.6019 41.1835
1298880583 -8.60199 41.1836
1298880584 -8.60209 41.1836
1298880585 -8.6022 41.1836
1298880586 -8.60231 41.1836
1298880587 -8.60241 41.1837
1298880588 -8.6025 41.1837
1298880589 -8.60257 41.1837
1298880590 -8.60264 41.1837
1298880591 -8.6027 41.1837
1298880592 -8.60276 41.1837
1298880593 -8.60281 41.1837
1298880594 -8.60287 41.1837
1298880595 -8.60291 41.1837
1298880596 -8.60296 41.1838
1298880597 -8.60298 41.1838
1298880598 -8.603 41.1838
1298880599 -8.60301 41.1838
1298880611 -8.60299 41.1838
1298880621 -8.60297 41.1838
1298880651 -8.60304 41.1838
1298880652 -8.60309 41.1838
1298880653 -8.60314 41.1838
1298880654 -8.60319 41.1838
1298880655 -8.60324 41.1838
1298880656 -8.60329 41.1838
1298880657 -8.6033 41.1837
1298880658 -8.60329 41.1837
1298880659 -8.60325 41.1837
1298880660 -8.6032 41.1836
1298880661 -8.60314 41.1836
1298880662 -8.60306 41.1836
1298880663 -8.60298 41.1836
1298880664 -8.60289 41.1835
1298880665 -8.60279 41.1835
1298880666 -8.6027 41.1835
1298880667 -8.60259 41.1835
1298880668 -8.60247 41.1834
1298880669 -8.60236 41.1834
1298880670 -8.60224 41.1834
1298880671 -8.60214 41.1834
1298880672 -8.60203 41.1833
1298880673 -8.60192 41.1833
1298880674 -8.60182 41.1833
1298880675 -8.60172 41.1833
1298880676 -8.60162 41.1832
1298880677 -8.60153 41.1832
1298880678 -8.60143 41.1832
1298880679 -8.60135 41.1832
1298880680 -8.60126 41.1831
1298880681 -8.60118 41.1831
1298880682 -8.6011 41.1831
1298880683 -8.60102 41.183
1298880684 -8.60094 41.183
1298880685 -8.60085 41.183
1298880686 -8.60078 41.183
1298880687 -8.60071 41.1829
1298880688 -8.60063 41.1829
1298880689 -8.60057 41.1829
1298880690 -8.60052 41.1829
1298880691 -8.60047 41.1829
1298880692 -8.60045 41.1829
1298880693 -8.60043 41.1828
1298880695 -8.60042 41.1828
1298880697 -8.60041 41.1828
1298880698 -8.6004 41.1828
1298880699 -8.60038 41.1828
1298880700 -8.60036 41.1828
1298880701 -8.60031 41.1828
1298880702 -8.60026 41.1828
1298880703 -8.60019 41.1828
1298880704 -8.60013 41.1828
1298880705 -8.60008 41.1827
1298880706 -8.60001 41.1827
1298880707 -8.59994 41.1827
1298880708 -8.59986 41.1827
1298880709 -8.59979 41.1827
1298880710 -8.59972 41.1826
1298880711 -8.59964 41.1826
1298880712 -8.59957 41.1826
1298880713 -8.59951 41.1826
1298880714 -8.59944 41.1826
1298880715 -8.59938 41.1826
1298880716 -8.59932 41.1825
1298880717 -8.59927 41.1825
1298880718 -8.59921 41.1825
1298880719 -8.59918 41.1825
1298880720 -8.59916 41.1825
1298880721 -8.59915 41.1825
1298880724 -8.59917 41.1825
1298880727 -8.59919 41.1825
1298880729 -8.59922 41.1825
1298880730 -8.59924 41.1825
1298880731 -8.59925 41.1825
1298880733 -8.59928 41.1825
1298880734 -8.5993 41.1825
1298880736 -8.59934 41.1825
1298880737 -8.59936 41.1825
1298880738 -8.59937 41.1825
1298880739 -8.59938 41.1825
1298880740 -8.59939 41.1825
1298880741 -8.5994 41.1825
1298880742 -8.59941 41.1825
1298880745 -8.59942 41.1825
1298880769 -8.59943 41.1825
1298880952 -8.59941 41.1826
1298880965 -8.59942 41.1826
1298881200 -8.59942 41.1825
