:break:
1298880131 -8.61178 41.1728
1298880133 -8.61177 41.1728
1298880144 -8.61179 41.1728
1298880148 -8.6118 41.1728
1298880153 -8.61181 41.1728
1298880168 -8.61182 41.1728
1298880173 -8.61183 41.1728
1298880176 -8.61184 41.1728
1298880181 -8.61185 41.1728
1298880182 -8.61185 41.1727
1298880192 -8.61184 41.1727
1298880197 -8.61183 41.1727
1298880232 -8.61182 41.1727
1298880240 -8.61181 41.1727
1298880263 -8.61186 41.1727
1298880265 -8.61187 41.1727
1298880269 -8.61188 41.1727
1298880271 -8.61189 41.1727
1298880278 -8.6119 41.1727
1298880294 -8.61189 41.1726
1298880361 -8.61191 41.1727
1298880367 -8.61192 41.1727
1298880371 -8.61193 41.1727
1298880386 -8.61189 41.1728
1298880388 -8.61188 41.1728
1298880391 -8.61187 41.1728
1298880464 -8.6119 41.1728
1298880465 -8.61191 41.1728
1298880466 -8.61192 41.1728
1298880467 -8.61193 41.1728
1298880475 -8.61194 41.1728
1298880478 -8.61195 41.1728
1298880481 -8.61196 41.1728
1298880482 -8.61196 41.1727
1298880489 -8.61197 41.1727
1298880518 -8.61195 41.1727
1298880528 -8.61194 41.1727
1298880642 -8.61198 41.1727
1298880643 -8.61199 41.1727
1298880644 -8.612 41.1727
1298880645 -8.61201 41.1727
1298880646 -8.61202 41.1727
1298880648 -8.61203 41.1727
1298880653 -8.61204 41.1727
1298880657 -8.61205 41.1727
1298880670 -8.61206 41.1727
1298880679 -8.61207 41.1727
1298880683 -8.61208 41.1727
1298880754 -8.61202 41.1728
1298880756 -8.61201 41.1728
1298880761 -8.612 41.1728
1298880770 -8.61199 41.1728
1298880773 -8.61198 41.1728
1298880778 -8.61197 41.1728
1298880819 -8.61208 41.1728
1298880822 -8.61209 41.1728
1298880825 -8.6121 41.1728
1298880827 -8.61211 41.1728
1298880828 -8.61212 41.1728
1298880872 -8.61207 41.1728
1298880899 -8.61213 41.1728
1298880921 -8.61214 41.1728
1298880923 -8.61215 41.1728
1298880925 -8.61216 41.1727
1298880927 -8.61217 41.1727
1298880928 -8.61218 41.1727
1298880929 -8.61219 41.1727
1298880932 -8.6122 41.1727
1298880933 -8.61221 41.1727
1298880956 -8.61215 41.1727
1298880959 -8.61214 41.1727
1298880974 -8.61213 41.1727
1298880990 -8.61216 41.1728
1298880991 -8.61217 41.1728
1298880997 -8.61222 41.1727
1298880998 -8.61223 41.1727
1298880999 -8.61224 41.1727
1298881000 -8.61223 41.1728
1298881004 -8.61222 41.1728
1298881006 -8.61221 41.1728
1298881008 -8.6122 41.1728
1298881009 -8.61219 41.1728
1298881011 -8.61218 41.1728
1298881105 -8.61212 41.1727
1298881109 -8.61211 41.1727
1298881191 -8.61224 41.1728
1298881195 -8.61225 41.1728
1298881200 -8.61225 41.1728
