:break:
1298880043 -8.67409 41.1537
1298880046 -8.6741 41.1537
1298880048 -8.67409 41.1538
1298880057 -8.6741 41.1538
1298880148 -8.67411 41.1538
1298880156 -8.67412 41.1538
1298880255 -8.6741 41.1539
1298880278 -8.67411 41.1539
1298880292 -8.67413 41.1538
1298880299 -8.67414 41.1538
1298880381 -8.67415 41.1538
1298880390 -8.67416 41.1538
1298880394 -8.67417 41.1538
1298880499 -8.67408 41.1538
1298880587 -8.67409 41.1539
1298880604 -8.67409 41.154
1298880608 -8.67408 41.154
1298880615 -8.67407 41.154
1298880763 -8.67406 41.154
1298880790 -8.67405 41.154
1298880822 -8.6741 41.154
1298880823 -8.67411 41.154
1298880826 -8.67412 41.154
1298880829 -8.67413 41.154
1298880833 -8.67414 41.154
1298880837 -8.67415 41.154
1298880893 -8.67404 41.154
1298880907 -8.67403 41.154
1298881200 -8.67412 41.154
