:break:
1298880395 -8.54937 41.1681
1298880396 -8.54938 41.1682
1298880397 -8.54941 41.1682
1298880398 -8.54944 41.1682
1298880399 -8.54948 41.1682
1298880400 -8.54947 41.1682
1298880401 -8.5495 41.1682
1298880402 -8.54952 41.1682
1298880403 -8.54956 41.1682
1298880404 -8.54961 41.1681
1298880406 -8.54963 41.1681
1298880407 -8.54966 41.1681
1298880408 -8.54969 41.168
1298880409 -8.54972 41.168
1298880410 -8.54976 41.168
1298880411 -8.54978 41.1679
1298880412 -8.54979 41.1679
1298880413 -8.5498 41.1679
1298880414 -8.54983 41.1679
1298880415 -8.54985 41.1678
1298880416 -8.54987 41.1678
1298880417 -8.54989 41.1678
1298880418 -8.54991 41.1677
1298880419 -8.54993 41.1677
1298880420 -8.54995 41.1677
1298880421 -8.54998 41.1676
1298880422 -8.55 41.1676
1298880423 -8.55006 41.1676
1298880424 -8.55004 41.1678
1298880425 -8.55011 41.1678
1298880426 -8.55014 41.1679
1298880427 -8.55022 41.1679
1298880428 -8.55029 41.1679
1298880429 -8.55038 41.168
1298880430 -8.55048 41.168
1298880431 -8.55058 41.1681
1298880432 -8.55068 41.1681
1298880433 -8.55077 41.1681
1298880434 -8.55087 41.1682
1298880435 -8.55098 41.1682
1298880436 -8.55112 41.1683
1298880437 -8.55122 41.1683
1298880438 -8.55132 41.1684
1298880439 -8.55144 41.1684
1298880440 -8.55155 41.1685
1298880441 -8.55166 41.1685
1298880442 -8.55175 41.1686
1298880443 -8.55186 41.1686
1298880444 -8.55197 41.1687
1298880445 -8.55209 41.1687
1298880446 -8.55221 41.1688
1298880447 -8.55232 41.1688
1298880448 -8.55245 41.1689
1298880449 -8.55257 41.1689
1298880450 -8.55271 41.1689
1298880451 -8.55283 41.1689
1298880452 -8.55297 41.1689
1298880453 -8.55311 41.169
1298880454 -8.55323 41.169
1298880455 -8.55338 41.1689
1298880456 -8.55351 41.1689
1298880457 -8.55364 41.1689
1298880458 -8.55378 41.1689
1298880459 -8.55391 41.1689
1298880460 -8.55406 41.1689
1298880461 -8.55419 41.1689
1298880462 -8.55434 41.1689
1298880463 -8.55448 41.1689
1298880464 -8.55463 41.1688
1298880465 -8.55477 41.1688
1298880466 -8.55491 41.1688
1298880467 -8.55506 41.1688
1298880468 -8.5552 41.1688
1298880469 -8.55535 41.1688
1298880470 -8.55549 41.1688
1298880471 -8.55564 41.1688
1298880472 -8.5558 41.1688
1298880473 -8.55595 41.1687
1298880474 -8.5561 41.1687
1298880475 -8.55626 41.1687
1298880476 -8.55641 41.1687
1298880477 -8.55657 41.1687
1298880478 -8.55672 41.1687
1298880479 -8.55688 41.1687
1298880480 -8.55704 41.1687
1298880481 -8.55718 41.1686
1298880482 -8.55733 41.1686
1298880483 -8.55746 41.1686
1298880484 -8.55759 41.1686
1298880485 -8.55772 41.1686
1298880486 -8.55785 41.1686
1298880487 -8.55797 41.1686
1298880488 -8.5581 41.1686
1298880489 -8.55822 41.1686
1298880490 -8.55833 41.1685
1298880491 -8.55844 41.1685
1298880492 -8.55855 41.1685
1298880493 -8.55867 41.1685
1298880494 -8.55878 41.1685
1298880495 -8.55888 41.1685
1298880496 -8.55899 41.1686
1298880497 -8.55911 41.1686
1298880498 -8.55922 41.1686
1298880499 -8.55933 41.1687
1298880500 -8.55944 41.1687
1298880501 -8.55953 41.1687
1298880502 -8.55961 41.1688
1298880503 -8.55967 41.1688
1298880504 -8.55971 41.1688
1298880505 -8.55975 41.1688
1298880506 -8.55977 41.1688
1298880515 -8.55976 41.1688
1298880520 -8.55979 41.1688
1298880521 -8.55982 41.1688
1298880522 -8.55985 41.1688
1298880523 -8.55989 41.1688
1298880524 -8.55994 41.1688
1298880525 -8.55999 41.1689
1298880526 -8.56004 41.1689
1298880527 -8.56011 41.1689
1298880528 -8.56017 41.1689
1298880529 -8.56024 41.1689
1298880530 -8.5603 41.169
1298880531 -8.56037 41.169
1298880532 -8.56043 41.169
1298880533 -8.56049 41.169
1298880534 -8.56053 41.169
1298880535 -8.56058 41.169
1298880536 -8.56061 41.1689
1298880537 -8.56067 41.1689
1298880538 -8.56075 41.1688
1298880539 -8.56084 41.1687
1298880540 -8.56092 41.1687
1298880541 -8.56102 41.1686
1298880542 -8.56112 41.1685
1298880543 -8.56122 41.1685
1298880544 -8.56133 41.1684
1298880545 -8.56144 41.1684
1298880546 -8.56156 41.1683
1298880547 -8.56169 41.1683
1298880548 -8.56182 41.1682
1298880549 -8.56196 41.1681
1298880550 -8.56211 41.1681
1298880551 -8.56225 41.168
1298880552 -8.5624 41.1679
1298880553 -8.56256 41.1679
1298880554 -8.56273 41.1678
1298880555 -8.56289 41.1677
1298880556 -8.56306 41.1677
1298880557 -8.56323 41.1676
1298880558 -8.5634 41.1675
1298880559 -8.56357 41.1675
1298880560 -8.56372 41.1674
1298880561 -8.56388 41.1674
1298880562 -8.56402 41.1673
1298880563 -8.56417 41.1673
1298880564 -8.5643 41.1672
1298880565 -8.56444 41.1672
1298880566 -8.56457 41.1671
1298880567 -8.5647 41.1671
1298880568 -8.56483 41.167
1298880569 -8.56496 41.167
1298880570 -8.56509 41.1669
1298880571 -8.56522 41.1669
1298880572 -8.56535 41.1669
1298880573 -8.56548 41.1668
1298880574 -8.56562 41.1668
1298880575 -8.56574 41.1667
1298880576 -8.56587 41.1667
1298880577 -8.56598 41.1666
1298880578 -8.5661 41.1666
1298880579 -8.5662 41.1666
1298880580 -8.5663 41.1666
1298880581 -8.56638 41.1666
1298880582 -8.56644 41.1666
1298880583 -8.56647 41.1666
1298880585 -8.56648 41.1666
1298880610 -8.56647 41.1665
1298880615 -8.5665 41.1666
1298880616 -8.56653 41.1666
1298880617 -8.56656 41.1666
1298880618 -8.5666 41.1667
1298880619 -8.56661 41.1667
1298880620 -8.56663 41.1667
1298880621 -8.56666 41.1668
1298880622 -8.56669 41.1668
1298880623 -8.56671 41.1668
1298880624 -8.56674 41.1669
1298880625 -8.56678 41.1669
1298880626 -8.56681 41.1669
1298880627 -8.56685 41.167
1298880628 -8.56688 41.167
1298880629 -8.56692 41.167
1298880630 -8.56696 41.167
1298880631 -8.56699 41.1671
1298880632 -8.56702 41.1671
1298880633 -8.56705 41.1671
1298880634 -8.56708 41.1671
1298880635 -8.56712 41.1671
1298880636 -8.56715 41.1671
1298880637 -8.56718 41.1672
1298880638 -8.5672 41.1672
1298880639 -8.56723 41.1672
1298880640 -8.56724 41.1672
1298880641 -8.56726 41.1672
1298880642 -8.5673 41.1672
1298880643 -8.56732 41.1672
1298880644 -8.56734 41.1672
1298880645 -8.56736 41.1672
1298880646 -8.56738 41.1672
1298880647 -8.56739 41.1672
1298880668 -8.56741 41.1672
1298880669 -8.56743 41.1673
1298880670 -8.56748 41.1673
1298880671 -8.56752 41.1673
1298880672 -8.56758 41.1673
1298880673 -8.56763 41.1673
1298880674 -8.56769 41.1673
1298880675 -8.56774 41.1674
1298880676 -8.56779 41.1674
1298880677 -8.56784 41.1674
1298880678 -8.56788 41.1674
1298880679 -8.56794 41.1675
1298880680 -8.56799 41.1675
1298880681 -8.56804 41.1675
1298880682 -8.56809 41.1675
1298880683 -8.56813 41.1675
1298880684 -8.56815 41.1675
1298880686 -8.56816 41.1675
1298880687 -8.56817 41.1675
1298880688 -8.56821 41.1675
1298880689 -8.56825 41.1676
1298880690 -8.5683 41.1676
1298880691 -8.56836 41.1676
1298880692 -8.56842 41.1676
1298880693 -8.5685 41.1676
1298880694 -8.56859 41.1676
1298880695 -8.56867 41.1676
1298880696 -8.56872 41.1676
1298880697 -8.56875 41.1676
1298880698 -8.56876 41.1676
1298880699 -8.56877 41.1676
1298880701 -8.56878 41.1676
1298880704 -8.56879 41.1676
1298880708 -8.5688 41.1676
1298880709 -8.56881 41.1677
1298880710 -8.56882 41.1677
1298880711 -8.56883 41.1677
1298880712 -8.56884 41.1677
1298880713 -8.56885 41.1677
1298880714 -8.56886 41.1677
1298880895 -8.56883 41.1676
1298880904 -8.56882 41.1676
1298880908 -8.56884 41.1676
1298880909 -8.56885 41.1676
1298880910 -8.56886 41.1676
1298880911 -8.5689 41.1676
1298880912 -8.56894 41.1676
1298880913 -8.56899 41.1676
1298880914 -8.56903 41.1676
1298880915 -8.56909 41.1676
1298880916 -8.56914 41.1676
1298880917 -8.5692 41.1676
1298880918 -8.56925 41.1676
1298880919 -8.5693 41.1676
1298880920 -8.56932 41.1676
1298880921 -8.56935 41.1676
1298880922 -8.56936 41.1676
1298880923 -8.56937 41.1676
1298880944 -8.5694 41.1676
1298880945 -8.56945 41.1676
1298880946 -8.56951 41.1676
1298880947 -8.56958 41.1676
1298880948 -8.56967 41.1676
1298880949 -8.56974 41.1676
1298880950 -8.56982 41.1676
1298880951 -8.56988 41.1676
1298880952 -8.56994 41.1676
1298880953 -8.56999 41.1676
1298880954 -8.57003 41.1676
1298880955 -8.57008 41.1676
1298880956 -8.57013 41.1676
1298880957 -8.57018 41.1675
1298880958 -8.57021 41.1675
1298880959 -8.57026 41.1675
1298880960 -8.57029 41.1674
1298880961 -8.5703 41.1673
1298880962 -8.57032 41.1673
1298880963 -8.57035 41.1672
1298880964 -8.57038 41.1671
1298880965 -8.57041 41.167
1298880966 -8.57045 41.167
1298880967 -8.57048 41.1669
1298880968 -8.57051 41.1668
1298880969 -8.57054 41.1667
1298880970 -8.57056 41.1666
1298880971 -8.57059 41.1666
1298880972 -8.57063 41.1665
1298880973 -8.57066 41.1664
1298880974 -8.57071 41.1663
1298880975 -8.57074 41.1662
1298880976 -8.57076 41.1661
1298880977 -8.57077 41.1661
1298880978 -8.57075 41.166
1298880979 -8.57071 41.166
1298880980 -8.57064 41.166
1298880981 -8.57055 41.166
1298880982 -8.57046 41.166
1298880983 -8.57035 41.166
1298880984 -8.57023 41.166
1298880985 -8.57012 41.166
1298880986 -8.57001 41.1661
1298880987 -8.56988 41.1661
1298880988 -8.56976 41.1661
1298880989 -8.56963 41.1662
1298880990 -8.5695 41.1662
1298880991 -8.56939 41.1662
1298880992 -8.56929 41.1662
1298880993 -8.5692 41.1663
1298880994 -8.56912 41.1663
1298880995 -8.56905 41.1663
1298880996 -8.569 41.1663
1298880997 -8.56895 41.1663
1298880998 -8.56894 41.1663
1298880999 -8.56893 41.1663
1298881111 -8.56892 41.1663
1298881154 -8.56896 41.1663
1298881159 -8.56897 41.1663
1298881164 -8.56898 41.1663
1298881200 -8.56895 41.1663
