:break:
1298880028 -8.62757 41.1577
1298880035 -8.62758 41.1577
1298880041 -8.62759 41.1577
1298880048 -8.6276 41.1577
1298880063 -8.62761 41.1577
1298880133 -8.62756 41.1577
1298880137 -8.62755 41.1577
1298880141 -8.62754 41.1577
1298880147 -8.62753 41.1577
1298880170 -8.62752 41.1577
1298880204 -8.62751 41.1577
1298880209 -8.6275 41.1577
1298880257 -8.62752 41.1576
1298880259 -8.62751 41.1576
1298880262 -8.6275 41.1576
1298880265 -8.62749 41.1576
1298880272 -8.62748 41.1576
1298880276 -8.62747 41.1576
1298880281 -8.62746 41.1576
1298880285 -8.62745 41.1576
1298880308 -8.62753 41.1576
1298880311 -8.62754 41.1576
1298880313 -8.62755 41.1576
1298880314 -8.62756 41.1576
1298880317 -8.62757 41.1576
1298880320 -8.62758 41.1576
1298880321 -8.62759 41.1576
1298880327 -8.6276 41.1576
1298880405 -8.62762 41.1576
1298880406 -8.62765 41.1576
1298880407 -8.62769 41.1576
1298880408 -8.62772 41.1576
1298880409 -8.62774 41.1577
1298880410 -8.62781 41.1577
1298880411 -8.62783 41.1578
1298880412 -8.62787 41.1578
1298880413 -8.6279 41.1578
1298880414 -8.62789 41.1579
1298880415 -8.62788 41.1579
1298880416 -8.62789 41.158
1298880418 -8.6279 41.158
1298880419 -8.62792 41.1581
1298880420 -8.62793 41.1581
1298880421 -8.62794 41.1581
1298880422 -8.62795 41.1581
1298880428 -8.62792 41.1582
1298880430 -8.62791 41.1582
1298880437 -8.62793 41.1582
1298880438 -8.62794 41.1582
1298880439 -8.62797 41.1582
1298880440 -8.62795 41.1583
1298880441 -8.62792 41.1584
1298880442 -8.62789 41.1584
1298880443 -8.62784 41.1584
1298880444 -8.62778 41.1585
1298880445 -8.62773 41.1585
1298880446 -8.62768 41.1585
1298880447 -8.62761 41.1585
1298880448 -8.62753 41.1586
1298880449 -8.62744 41.1586
1298880450 -8.62735 41.1587
1298880451 -8.62726 41.1587
1298880452 -8.62717 41.1588
1298880453 -8.62709 41.1588
1298880454 -8.627 41.1588
1298880455 -8.62691 41.1589
1298880456 -8.62682 41.1589
1298880457 -8.62673 41.1589
1298880458 -8.62664 41.159
1298880459 -8.62655 41.159
1298880460 -8.62646 41.1591
1298880461 -8.62638 41.1591
1298880462 -8.62628 41.1591
1298880463 -8.62618 41.1592
1298880464 -8.6261 41.1592
1298880465 -8.62596 41.1593
1298880466 -8.62587 41.1593
1298880467 -8.62579 41.1593
1298880468 -8.62572 41.1594
1298880469 -8.62565 41.1594
1298880470 -8.62557 41.1595
1298880471 -8.62549 41.1595
1298880472 -8.62542 41.1595
1298880473 -8.62535 41.1595
1298880474 -8.62528 41.1596
1298880475 -8.62522 41.1596
1298880476 -8.62517 41.1596
1298880477 -8.62512 41.1597
1298880478 -8.62509 41.1597
1298880479 -8.62505 41.1597
1298880480 -8.62502 41.1597
1298880481 -8.62501 41.1597
1298880482 -8.62499 41.1597
1298880483 -8.62498 41.1597
1298880484 -8.62497 41.1597
1298880486 -8.62496 41.1598
1298880487 -8.62497 41.1598
1298880491 -8.62495 41.1598
1298880492 -8.62493 41.1598
1298880493 -8.62489 41.1598
1298880494 -8.62484 41.1598
1298880495 -8.62478 41.1598
1298880496 -8.62472 41.1599
1298880497 -8.62465 41.1599
1298880498 -8.62457 41.1599
1298880499 -8.62449 41.1599
1298880500 -8.62441 41.16
1298880501 -8.62432 41.16
1298880502 -8.62423 41.1601
1298880503 -8.62414 41.1602
1298880504 -8.62403 41.1602
1298880505 -8.62395 41.1602
1298880506 -8.62386 41.1603
1298880507 -8.62378 41.1603
1298880508 -8.62368 41.1603
1298880509 -8.62358 41.1603
1298880510 -8.62343 41.1603
1298880511 -8.62331 41.1603
1298880512 -8.62321 41.1603
1298880513 -8.62309 41.1603
1298880514 -8.62298 41.1604
1298880515 -8.62287 41.1604
1298880516 -8.62276 41.1604
1298880517 -8.62266 41.1604
1298880518 -8.62256 41.1604
1298880519 -8.62247 41.1604
1298880520 -8.6224 41.1604
1298880521 -8.62233 41.1604
1298880522 -8.62226 41.1604
1298880523 -8.6222 41.1604
1298880524 -8.62212 41.1604
1298880525 -8.62204 41.1604
1298880526 -8.62195 41.1604
1298880527 -8.62185 41.1603
1298880528 -8.62175 41.1603
1298880529 -8.62165 41.1603
1298880530 -8.62155 41.1603
1298880531 -8.62146 41.1603
1298880532 -8.62138 41.1603
1298880533 -8.62131 41.1603
1298880534 -8.62125 41.1603
1298880535 -8.62121 41.1603
1298880536 -8.62119 41.1604
1298880537 -8.62118 41.1604
1298880538 -8.62118 41.1605
1298880539 -8.62119 41.1605
1298880540 -8.62119 41.1606
1298880541 -8.6212 41.1606
1298880543 -8.6212 41.1607
1298880544 -8.62119 41.1607
1298880545 -8.62119 41.1608
1298880546 -8.62118 41.1608
1298880549 -8.62118 41.1609
1298880558 -8.62118 41.161
1298880559 -8.62117 41.161
1298880560 -8.62115 41.1611
1298880562 -8.62113 41.1612
1298880563 -8.62112 41.1612
1298880564 -8.6211 41.1613
1298880565 -8.62109 41.1614
1298880567 -8.62108 41.1615
1298880568 -8.62107 41.1615
1298880569 -8.62106 41.1616
1298880570 -8.62106 41.1617
1298880571 -8.62105 41.1618
1298880572 -8.62102 41.1618
1298880573 -8.62102 41.1619
1298880574 -8.62102 41.162
1298880576 -8.62101 41.1621
1298880577 -8.62102 41.1621
1298880578 -8.62101 41.1622
1298880579 -8.621 41.1622
1298880580 -8.621 41.1623
1298880581 -8.62099 41.1623
1298880583 -8.621 41.1624
1298880584 -8.62101 41.1624
1298880586 -8.62102 41.1624
1298880588 -8.62103 41.1624
1298880589 -8.62104 41.1625
1298880592 -8.62103 41.1625
1298880593 -8.62101 41.1625
1298880594 -8.62096 41.1626
1298880595 -8.62094 41.1627
1298880596 -8.62093 41.1627
1298880597 -8.62091 41.1628
1298880598 -8.6209 41.1629
1298880599 -8.62088 41.163
1298880600 -8.62087 41.163
1298880601 -8.62086 41.1631
1298880602 -8.62085 41.1632
1298880603 -8.62083 41.1632
1298880604 -8.62082 41.1633
1298880605 -8.62081 41.1633
1298880606 -8.62079 41.1634
1298880607 -8.62078 41.1634
1298880608 -8.62078 41.1635
1298880609 -8.62077 41.1635
1298880610 -8.62076 41.1635
1298880611 -8.62075 41.1635
1298880612 -8.62073 41.1635
1298880613 -8.62073 41.1636
1298880614 -8.62072 41.1636
1298880615 -8.62071 41.1636
1298880616 -8.6207 41.1636
1298880617 -8.62069 41.1637
1298880618 -8.62068 41.1638
1298880619 -8.62067 41.1638
1298880620 -8.62066 41.1639
1298880621 -8.62066 41.164
1298880622 -8.62065 41.1641
1298880623 -8.62064 41.1641
1298880624 -8.62063 41.1642
1298880625 -8.62062 41.1643
1298880626 -8.62061 41.1644
1298880627 -8.62061 41.1645
1298880628 -8.62062 41.1645
1298880629 -8.62063 41.1646
1298880630 -8.62063 41.1647
1298880631 -8.62064 41.1647
1298880632 -8.62063 41.1648
1298880633 -8.62062 41.1649
1298880634 -8.62061 41.165
1298880635 -8.6206 41.1651
1298880636 -8.62059 41.1651
1298880637 -8.62057 41.1652
1298880638 -8.62054 41.1653
1298880639 -8.62053 41.1654
1298880640 -8.62052 41.1655
1298880641 -8.62051 41.1656
1298880642 -8.6205 41.1657
1298880643 -8.62049 41.1658
1298880644 -8.62048 41.1659
1298880645 -8.62046 41.166
1298880646 -8.62044 41.1661
1298880647 -8.62043 41.1662
1298880648 -8.62043 41.1663
1298880649 -8.62042 41.1664
1298880650 -8.6204 41.1665
1298880651 -8.62039 41.1666
1298880652 -8.62039 41.1667
1298880653 -8.62038 41.1668
1298880654 -8.62035 41.1669
1298880655 -8.62033 41.167
1298880656 -8.62031 41.1671
1298880657 -8.62029 41.1671
1298880658 -8.62028 41.1672
1298880659 -8.62028 41.1673
1298880661 -8.62028 41.1674
1298880662 -8.62026 41.1674
1298880663 -8.62023 41.1675
1298880664 -8.6202 41.1675
1298880665 -8.62016 41.1675
1298880666 -8.62008 41.1675
1298880667 -8.62001 41.1675
1298880668 -8.61995 41.1676
1298880669 -8.61989 41.1676
1298880670 -8.61982 41.1676
1298880671 -8.61977 41.1676
1298880672 -8.61973 41.1676
1298880673 -8.6197 41.1676
1298880674 -8.61969 41.1677
1298880675 -8.6197 41.1677
1298880677 -8.61969 41.1678
1298880678 -8.61964 41.1679
1298880679 -8.61964 41.168
1298880680 -8.61964 41.1681
1298880681 -8.61965 41.1682
1298880682 -8.61966 41.1682
1298880683 -8.61967 41.1683
1298880684 -8.61968 41.1684
1298880685 -8.61968 41.1685
1298880686 -8.61969 41.1686
1298880687 -8.61969 41.1687
1298880689 -8.61969 41.1688
1298880690 -8.61968 41.1688
1298880691 -8.61964 41.1688
1298880692 -8.61961 41.1689
1298880693 -8.61954 41.1689
1298880694 -8.61948 41.1689
1298880695 -8.61941 41.169
1298880696 -8.61934 41.169
1298880697 -8.61926 41.1691
1298880698 -8.61917 41.1691
1298880699 -8.61909 41.1692
1298880700 -8.619 41.1692
1298880701 -8.6189 41.1693
1298880702 -8.61882 41.1693
1298880703 -8.61874 41.1694
1298880704 -8.61865 41.1694
1298880705 -8.61855 41.1695
1298880706 -8.61846 41.1695
1298880707 -8.61836 41.1695
1298880708 -8.61826 41.1696
1298880709 -8.61815 41.1696
1298880710 -8.61805 41.1697
1298880711 -8.61797 41.1697
1298880712 -8.61788 41.1698
1298880713 -8.61782 41.1698
1298880714 -8.61778 41.1699
1298880715 -8.61774 41.1699
1298880716 -8.61772 41.1699
1298880717 -8.6177 41.1699
1298880718 -8.61768 41.1699
1298880719 -8.61767 41.1699
1298880720 -8.61765 41.1699
1298880721 -8.61764 41.17
1298880722 -8.61763 41.17
1298880725 -8.61767 41.17
1298880726 -8.6177 41.1701
1298880727 -8.61773 41.1701
1298880728 -8.61778 41.1701
1298880729 -8.61783 41.1702
1298880730 -8.61789 41.1702
1298880731 -8.61794 41.1703
1298880732 -8.618 41.1703
1298880733 -8.61809 41.1704
1298880734 -8.61817 41.1704
1298880735 -8.61824 41.1705
1298880736 -8.61829 41.1706
1298880737 -8.61836 41.1706
1298880738 -8.61846 41.1707
1298880739 -8.61853 41.1707
1298880740 -8.61861 41.1708
1298880741 -8.6187 41.1708
1298880742 -8.61879 41.1709
1298880743 -8.61889 41.1709
1298880744 -8.61898 41.171
1298880745 -8.61904 41.171
1298880746 -8.61908 41.1711
1298880747 -8.61912 41.1711
1298880748 -8.61916 41.1712
1298880749 -8.61918 41.1712
1298880750 -8.61923 41.1713
1298880751 -8.61927 41.1713
1298880752 -8.6193 41.1713
1298880753 -8.61932 41.1713
1298880754 -8.61931 41.1713
1298880755 -8.61928 41.1714
1298880756 -8.61924 41.1714
1298880757 -8.61921 41.1714
1298880758 -8.61917 41.1715
1298880759 -8.61912 41.1715
1298880760 -8.61905 41.1716
1298880761 -8.61897 41.1716
1298880762 -8.61888 41.1716
1298880763 -8.61879 41.1716
1298880764 -8.61868 41.1716
1298880765 -8.61856 41.1717
1298880766 -8.61845 41.1717
1298880767 -8.61834 41.1717
1298880768 -8.61822 41.1717
1298880769 -8.6181 41.1717
1298880770 -8.61799 41.1717
1298880771 -8.61787 41.1718
1298880772 -8.61775 41.1718
1298880773 -8.61764 41.1718
1298880774 -8.61752 41.1718
1298880775 -8.6174 41.1718
1298880776 -8.61727 41.1718
1298880777 -8.61715 41.1718
1298880778 -8.61703 41.1718
1298880779 -8.61692 41.1718
1298880780 -8.61681 41.1718
1298880781 -8.61673 41.1718
1298880782 -8.61665 41.1718
1298880783 -8.61659 41.1718
1298880784 -8.61654 41.1718
1298880785 -8.6165 41.1718
1298880786 -8.61648 41.1718
1298880787 -8.61648 41.1719
1298880788 -8.61649 41.1719
1298880789 -8.61651 41.172
1298880790 -8.61653 41.172
1298880791 -8.61655 41.1721
1298880792 -8.61658 41.1722
1298880793 -8.61662 41.1723
1298880794 -8.61664 41.1723
1298880795 -8.61666 41.1724
1298880796 -8.61669 41.1725
1298880797 -8.61672 41.1726
1298880798 -8.61674 41.1726
1298880799 -8.61676 41.1727
1298880800 -8.61678 41.1728
1298880801 -8.6168 41.1729
1298880802 -8.61683 41.1729
1298880803 -8.61684 41.173
1298880804 -8.61686 41.1731
1298880805 -8.61687 41.1731
1298880806 -8.61688 41.1732
1298880807 -8.61688 41.1733
1298880808 -8.61687 41.1733
1298880809 -8.61685 41.1734
1298880810 -8.61684 41.1734
1298880811 -8.61683 41.1734
1298880812 -8.61682 41.1734
1298880813 -8.61681 41.1735
1298880814 -8.61682 41.1735
1298880815 -8.61683 41.1735
1298880817 -8.61679 41.1736
1298880818 -8.61676 41.1736
1298880819 -8.61673 41.1736
1298880820 -8.61669 41.1736
1298880821 -8.61665 41.1736
1298880822 -8.61662 41.1736
1298880823 -8.61659 41.1736
1298880824 -8.61655 41.1736
1298880825 -8.61653 41.1736
1298880826 -8.61651 41.1736
1298880827 -8.61649 41.1736
1298880828 -8.61648 41.1736
1298880829 -8.61647 41.1736
1298880830 -8.61646 41.1736
1298880833 -8.61645 41.1736
1298880834 -8.61644 41.1736
1298880835 -8.61643 41.1736
1298880836 -8.61642 41.1737
1298880837 -8.61641 41.1737
1298880840 -8.6164 41.1737
1298880846 -8.61639 41.1737
1298880848 -8.61638 41.1737
1298880863 -8.61642 41.1736
1298880867 -8.61643 41.1737
1298880880 -8.61646 41.1737
1298880887 -8.61647 41.1737
1298880898 -8.61648 41.1737
1298880902 -8.61649 41.1737
1298880906 -8.6165 41.1737
1298880909 -8.61651 41.1737
1298880913 -8.61652 41.1737
1298881030 -8.6165 41.1736
1298881066 -8.61645 41.1737
1298881069 -8.61644 41.1737
1298881080 -8.61641 41.1736
1298881082 -8.6164 41.1736
1298881084 -8.61639 41.1736
1298881087 -8.61638 41.1736
1298881089 -8.61637 41.1736
1298881200 -8.61645 41.1736
