:break:
1298880085 -8.61964 41.1483
1298880086 -8.61965 41.1483
1298880089 -8.61966 41.1483
1298880092 -8.61967 41.1483
1298880094 -8.61968 41.1483
1298880098 -8.61969 41.1483
1298880100 -8.6197 41.1483
1298880108 -8.61971 41.1483
1298880143 -8.61963 41.1483
1298880144 -8.61962 41.1483
1298880145 -8.61961 41.1483
1298880148 -8.6196 41.1483
1298880150 -8.61959 41.1483
1298880151 -8.61958 41.1483
1298880153 -8.61957 41.1483
1298880154 -8.61956 41.1483
1298880157 -8.61955 41.1483
1298880161 -8.61954 41.1483
1298880460 -8.61953 41.1483
1298880541 -8.61961 41.1484
1298880634 -8.61972 41.1483
1298880637 -8.61973 41.1483
1298880640 -8.61974 41.1483
1298880644 -8.61975 41.1483
1298880670 -8.61976 41.1483
1298880725 -8.61973 41.1482
1298880729 -8.61974 41.1482
1298880738 -8.61972 41.1482
1298880740 -8.61971 41.1482
1298880743 -8.6197 41.1482
1298880746 -8.61969 41.1482
1298880749 -8.61968 41.1482
1298880750 -8.61967 41.1482
1298880753 -8.61966 41.1482
1298880756 -8.61965 41.1482
1298880886 -8.61964 41.1482
1298880893 -8.61963 41.1482
1298880897 -8.61962 41.1482
1298880901 -8.61961 41.1482
1298881200 -8.61962 41.1483
