:break:
1298880109 -8.61166 41.1727
1298880110 -8.61167 41.1727
1298880111 -8.61168 41.1727
1298880112 -8.61169 41.1727
1298880115 -8.6117 41.1727
1298880149 -8.61165 41.1727
1298880156 -8.61164 41.1727
1298880172 -8.61166 41.1728
1298880176 -8.61167 41.1728
1298880182 -8.61168 41.1728
1298880184 -8.61169 41.1728
1298880207 -8.61171 41.1727
1298880210 -8.61172 41.1727
1298880216 -8.61173 41.1727
1298880218 -8.61174 41.1727
1298880220 -8.61175 41.1727
1298880333 -8.61164 41.1728
1298880335 -8.61165 41.1728
1298880364 -8.61176 41.1727
1298880367 -8.61176 41.1728
1298880370 -8.61177 41.1727
1298880384 -8.61178 41.1727
1298880393 -8.61179 41.1727
1298880396 -8.61178 41.1728
1298880403 -8.61177 41.1728
1298880410 -8.61175 41.1728
1298880462 -8.61174 41.1728
1298880466 -8.61173 41.1728
1298880648 -8.61179 41.1728
1298880649 -8.61181 41.1728
1298880650 -8.61182 41.1728
1298880651 -8.61183 41.1728
1298880653 -8.61184 41.1728
1298880656 -8.61185 41.1728
1298880660 -8.61186 41.1728
1298880662 -8.61187 41.1728
1298880669 -8.61188 41.1728
1298880690 -8.61187 41.1727
1298880693 -8.61188 41.1727
1298880720 -8.61186 41.1727
1298880850 -8.61189 41.1728
1298880851 -8.61191 41.1728
1298880852 -8.61192 41.1728
1298880854 -8.61193 41.1728
1298880861 -8.61194 41.1728
1298880866 -8.61195 41.1728
1298880882 -8.61196 41.1728
1298880891 -8.61196 41.1727
1298880895 -8.61197 41.1727
1298880897 -8.61198 41.1727
1298880906 -8.61199 41.1727
1298880912 -8.612 41.1727
1298880916 -8.61201 41.1727
1298880920 -8.61202 41.1727
1298880924 -8.61203 41.1727
1298880946 -8.61204 41.1727
1298880948 -8.61205 41.1727
1298880953 -8.61206 41.1727
1298880956 -8.61206 41.1728
1298880957 -8.61207 41.1728
1298880971 -8.61207 41.1727
1298880985 -8.61208 41.1727
1298880987 -8.61209 41.1727
1298880990 -8.6121 41.1727
1298880992 -8.61211 41.1727
1298880995 -8.61212 41.1727
1298881003 -8.61213 41.1727
1298881004 -8.61214 41.1727
1298881006 -8.61215 41.1727
1298881012 -8.61213 41.1728
1298881014 -8.61212 41.1728
1298881015 -8.61211 41.1728
1298881017 -8.6121 41.1728
1298881019 -8.61209 41.1728
1298881021 -8.61208 41.1728
1298881033 -8.61205 41.1728
1298881057 -8.61204 41.1728
1298881061 -8.61203 41.1728
1298881068 -8.61202 41.1728
1298881071 -8.61201 41.1728
1298881073 -8.612 41.1728
1298881136 -8.61199 41.1728
1298881157 -8.61198 41.1728
1298881199 -8.61214 41.1728
1298881200 -8.61214 41.1728
