:break:
1298880021 -8.61258 41.1369
1298880023 -8.61257 41.1369
1298880025 -8.61256 41.1369
1298880027 -8.61255 41.1369
1298880041 -8.61255 41.1368
1298880042 -8.61253 41.1368
1298880043 -8.61251 41.1368
1298880044 -8.61247 41.1368
1298880045 -8.61244 41.1367
1298880046 -8.61243 41.1367
1298880047 -8.61242 41.1367
1298880049 -8.61243 41.1366
1298880050 -8.61244 41.1366
1298880052 -8.61245 41.1365
1298880053 -8.61244 41.1365
1298880054 -8.61243 41.1365
1298880055 -8.61242 41.1365
1298880057 -8.61243 41.1364
1298880060 -8.61242 41.1364
1298880063 -8.61243 41.1363
1298880064 -8.61244 41.1363
1298880065 -8.61245 41.1362
1298880066 -8.61242 41.1361
1298880067 -8.61234 41.1361
1298880068 -8.61229 41.136
1298880069 -8.61222 41.136
1298880070 -8.61213 41.1359
1298880071 -8.61206 41.1359
1298880072 -8.612 41.1358
1298880073 -8.61196 41.1357
1298880074 -8.61192 41.1356
1298880075 -8.61186 41.1355
1298880076 -8.61179 41.1354
1298880077 -8.61176 41.1353
1298880078 -8.6117 41.1352
1298880079 -8.61167 41.1352
1298880080 -8.61166 41.135
1298880081 -8.61169 41.1349
1298880082 -8.61169 41.1348
1298880083 -8.61167 41.1347
1298880084 -8.61165 41.1346
1298880085 -8.61161 41.1345
1298880086 -8.61159 41.1344
1298880087 -8.61155 41.1343
1298880088 -8.61152 41.1342
1298880089 -8.6115 41.1341
1298880090 -8.61146 41.1341
1298880091 -8.61143 41.134
1298880092 -8.6114 41.1339
1298880093 -8.61136 41.1338
1298880094 -8.61133 41.1338
1298880095 -8.61131 41.1337
1298880096 -8.61129 41.1337
1298880097 -8.61128 41.1336
1298880098 -8.61127 41.1336
1298880099 -8.61126 41.1336
1298880100 -8.61125 41.1336
1298880122 -8.61128 41.1335
1298880123 -8.61127 41.1335
1298880124 -8.61125 41.1335
1298880125 -8.61124 41.1334
1298880126 -8.61125 41.1334
1298880127 -8.61125 41.1333
1298880129 -8.61126 41.1333
1298880130 -8.61127 41.1332
1298880132 -8.61126 41.1331
1298880133 -8.61125 41.1331
1298880134 -8.61125 41.133
1298880136 -8.61127 41.1329
1298880137 -8.61127 41.1328
1298880138 -8.61127 41.1327
1298880139 -8.61125 41.1327
1298880140 -8.61124 41.1326
1298880141 -8.61123 41.1325
1298880142 -8.61122 41.1324
1298880143 -8.61121 41.1323
1298880144 -8.61119 41.1323
1298880145 -8.61117 41.1322
1298880146 -8.61116 41.1321
1298880147 -8.61115 41.132
1298880148 -8.61113 41.132
1298880149 -8.6111 41.1319
1298880150 -8.61107 41.1318
1298880151 -8.61104 41.1317
1298880152 -8.61099 41.1316
1298880153 -8.61097 41.1315
1298880154 -8.61097 41.1314
1298880155 -8.61095 41.1313
1298880156 -8.61097 41.1313
1298880157 -8.61102 41.1312
1298880158 -8.61105 41.1311
1298880159 -8.61106 41.131
1298880160 -8.61107 41.1309
1298880161 -8.61108 41.1308
1298880162 -8.61109 41.1308
1298880163 -8.61111 41.1307
1298880164 -8.61112 41.1306
1298880165 -8.61113 41.1306
1298880166 -8.61114 41.1305
1298880167 -8.61117 41.1305
1298880168 -8.61117 41.1304
1298880169 -8.61116 41.1304
1298880170 -8.61113 41.1303
1298880171 -8.61112 41.1303
1298880172 -8.61111 41.1303
1298880173 -8.6111 41.1302
1298880174 -8.61109 41.1302
1298880175 -8.61109 41.1301
1298880176 -8.61113 41.13
1298880177 -8.61116 41.1299
1298880178 -8.61117 41.1298
1298880179 -8.61119 41.1297
1298880180 -8.61121 41.1296
1298880181 -8.61122 41.1295
1298880182 -8.61123 41.1295
1298880183 -8.61125 41.1294
1298880184 -8.61128 41.1293
1298880185 -8.61131 41.1293
1298880186 -8.61133 41.1292
1298880187 -8.61134 41.1292
1298880188 -8.61135 41.1292
1298880189 -8.61137 41.1292
1298880190 -8.61138 41.1292
1298880191 -8.61139 41.1292
1298880193 -8.6114 41.1291
1298880194 -8.61141 41.1291
1298880195 -8.61142 41.1291
1298880197 -8.61143 41.1291
1298880210 -8.61144 41.1291
1298880212 -8.61145 41.1291
1298880213 -8.61146 41.1291
1298880215 -8.61147 41.1291
1298880217 -8.61148 41.1291
1298880219 -8.61149 41.1291
1298880220 -8.6115 41.1291
1298880222 -8.61151 41.1291
1298880236 -8.61144 41.129
1298880238 -8.61143 41.129
1298880246 -8.61142 41.129
1298880249 -8.61148 41.1289
1298880250 -8.61146 41.1289
1298880251 -8.61146 41.1288
1298880253 -8.61146 41.1287
1298880255 -8.61146 41.1286
1298880256 -8.61147 41.1285
1298880257 -8.61148 41.1284
1298880258 -8.61146 41.1284
1298880259 -8.61146 41.1283
1298880260 -8.61146 41.1282
1298880261 -8.61146 41.1281
1298880262 -8.61146 41.128
1298880263 -8.61146 41.1279
1298880264 -8.61145 41.1278
1298880265 -8.61144 41.1277
1298880266 -8.61143 41.1276
1298880267 -8.61143 41.1275
1298880268 -8.61143 41.1274
1298880269 -8.61141 41.1273
1298880270 -8.6114 41.1272
1298880271 -8.61139 41.1271
1298880272 -8.61141 41.1271
1298880273 -8.61142 41.127
1298880274 -8.61143 41.1269
1298880275 -8.61145 41.1269
1298880276 -8.61146 41.1268
1298880277 -8.61148 41.1267
1298880278 -8.61149 41.1267
1298880279 -8.61152 41.1266
1298880280 -8.61153 41.1265
1298880281 -8.61155 41.1265
1298880282 -8.61157 41.1264
1298880283 -8.61158 41.1264
1298880284 -8.61161 41.1263
1298880285 -8.61164 41.1262
1298880286 -8.61168 41.1262
1298880287 -8.6117 41.1261
1298880288 -8.61173 41.126
1298880290 -8.61174 41.1259
1298880291 -8.61175 41.1259
1298880292 -8.61177 41.1259
1298880293 -8.61178 41.1259
1298880294 -8.61178 41.1258
1298880295 -8.6118 41.1258
1298880296 -8.61182 41.1258
1298880297 -8.61184 41.1257
1298880298 -8.61186 41.1256
1298880299 -8.61187 41.1256
1298880300 -8.61189 41.1256
1298880301 -8.6119 41.1255
1298880302 -8.61191 41.1255
1298880303 -8.61193 41.1255
1298880304 -8.61194 41.1255
1298880305 -8.61195 41.1255
1298880306 -8.61196 41.1255
1298880307 -8.61196 41.1254
1298880308 -8.61197 41.1254
1298880309 -8.61199 41.1254
1298880310 -8.612 41.1254
1298880313 -8.61202 41.1253
1298880314 -8.61203 41.1253
1298880315 -8.61205 41.1252
1298880316 -8.61206 41.1252
1298880317 -8.61207 41.1251
1298880319 -8.61206 41.1251
1298880320 -8.61207 41.125
1298880321 -8.61209 41.1249
1298880322 -8.61213 41.1248
1298880323 -8.61215 41.1247
1298880324 -8.61217 41.1247
1298880325 -8.61218 41.1246
1298880326 -8.6122 41.1245
1298880327 -8.61221 41.1244
1298880328 -8.61223 41.1244
1298880329 -8.61224 41.1244
1298880330 -8.61225 41.1244
1298880331 -8.61226 41.1243
1298880332 -8.61227 41.1243
1298880333 -8.61232 41.1242
1298880334 -8.61238 41.1242
1298880335 -8.61243 41.1242
1298880336 -8.61251 41.1242
1298880337 -8.61258 41.1241
1298880338 -8.61266 41.1241
1298880339 -8.61275 41.1241
1298880340 -8.61285 41.124
1298880341 -8.61295 41.124
1298880342 -8.61305 41.1239
1298880343 -8.61316 41.1239
1298880344 -8.61326 41.1239
1298880345 -8.61336 41.1238
1298880346 -8.61346 41.1238
1298880347 -8.61357 41.1237
1298880348 -8.61368 41.1237
1298880349 -8.61378 41.1237
1298880350 -8.61388 41.1236
1298880351 -8.61398 41.1236
1298880352 -8.61407 41.1235
1298880353 -8.61414 41.1235
1298880354 -8.61421 41.1235
1298880355 -8.61426 41.1235
1298880356 -8.61428 41.1234
1298880357 -8.6143 41.1234
1298880359 -8.61431 41.1234
1298880360 -8.61432 41.1234
1298880361 -8.61434 41.1234
1298880363 -8.61435 41.1234
1298880365 -8.61435 41.1233
1298880366 -8.61433 41.1233
1298880367 -8.6143 41.1233
1298880368 -8.61426 41.1233
1298880369 -8.61421 41.1232
1298880370 -8.61414 41.1232
1298880371 -8.61406 41.1231
1298880372 -8.61398 41.1231
1298880373 -8.61392 41.123
1298880374 -8.61387 41.123
1298880375 -8.61386 41.1229
1298880376 -8.61388 41.1228
1298880377 -8.61397 41.1228
1298880378 -8.61405 41.1227
1298880379 -8.61415 41.1227
1298880380 -8.61427 41.1226
1298880381 -8.61439 41.1226
1298880382 -8.61451 41.1225
1298880383 -8.61463 41.1225
1298880384 -8.61475 41.1224
1298880385 -8.61485 41.1224
1298880386 -8.61495 41.1224
1298880387 -8.61503 41.1223
1298880388 -8.61511 41.1222
1298880389 -8.61518 41.1222
1298880390 -8.61522 41.1221
1298880391 -8.61525 41.122
1298880392 -8.61528 41.1219
1298880393 -8.61529 41.1218
1298880394 -8.61529 41.1217
1298880395 -8.61529 41.1216
1298880396 -8.61529 41.1215
1298880397 -8.61527 41.1215
1298880398 -8.61521 41.1214
1298880399 -8.61513 41.1214
1298880400 -8.61505 41.1213
1298880401 -8.61497 41.1213
1298880402 -8.61487 41.1213
1298880403 -8.61477 41.1214
1298880404 -8.61468 41.1214
1298880405 -8.61458 41.1214
1298880406 -8.61449 41.1215
1298880407 -8.6144 41.1215
1298880408 -8.61433 41.1215
1298880409 -8.61425 41.1216
1298880410 -8.61417 41.1216
1298880411 -8.61409 41.1216
1298880412 -8.614 41.1216
1298880413 -8.6139 41.1217
1298880414 -8.61377 41.1217
1298880415 -8.61366 41.1217
1298880416 -8.61354 41.1218
1298880417 -8.61343 41.1218
1298880418 -8.61332 41.1219
1298880419 -8.61321 41.1219
1298880420 -8.61312 41.1219
1298880421 -8.61303 41.122
1298880422 -8.61295 41.122
1298880423 -8.61289 41.122
1298880424 -8.61283 41.1221
1298880425 -8.61278 41.1221
1298880426 -8.61271 41.1221
1298880427 -8.61266 41.1221
1298880428 -8.61262 41.1222
1298880429 -8.6126 41.1222
1298880430 -8.61258 41.1222
1298880433 -8.61257 41.1222
1298880434 -8.61255 41.1222
1298880435 -8.61252 41.1222
1298880436 -8.61249 41.1222
1298880437 -8.61243 41.1222
1298880438 -8.61239 41.1222
1298880439 -8.61233 41.1223
1298880440 -8.61228 41.1223
1298880441 -8.61225 41.1223
1298880442 -8.61224 41.1223
1298880445 -8.61223 41.1223
1298880447 -8.61222 41.1223
1298880451 -8.61221 41.1223
1298880456 -8.6122 41.1223
1298880462 -8.61219 41.1223
1298880466 -8.61218 41.1223
1298880474 -8.61217 41.1223
1298880479 -8.61217 41.1224
1298880482 -8.61216 41.1224
1298880484 -8.61215 41.1224
1298880485 -8.61214 41.1224
1298880486 -8.6121 41.1224
1298880487 -8.61205 41.1224
1298880488 -8.61198 41.1224
1298880489 -8.61192 41.1224
1298880490 -8.61185 41.1225
1298880491 -8.61178 41.1225
1298880492 -8.6117 41.1225
1298880493 -8.61162 41.1226
1298880494 -8.61155 41.1226
1298880495 -8.6115 41.1226
1298880496 -8.61145 41.1226
1298880497 -8.61142 41.1225
1298880498 -8.61138 41.1225
1298880499 -8.61134 41.1225
1298880500 -8.6113 41.1224
1298880501 -8.61124 41.1224
1298880502 -8.61117 41.1223
1298880503 -8.61111 41.1222
1298880504 -8.61103 41.1221
1298880505 -8.61096 41.1221
1298880506 -8.61089 41.122
1298880507 -8.61081 41.1219
1298880508 -8.61073 41.1218
1298880509 -8.61066 41.1217
1298880510 -8.61059 41.1217
1298880511 -8.61052 41.1216
1298880512 -8.61044 41.1215
1298880513 -8.61039 41.1214
1298880514 -8.61033 41.1213
1298880515 -8.61027 41.1212
1298880516 -8.61021 41.1211
1298880517 -8.61016 41.121
1298880518 -8.61011 41.121
1298880519 -8.61007 41.1209
1298880520 -8.61002 41.1208
1298880521 -8.60997 41.1208
1298880522 -8.60992 41.1207
1298880523 -8.60988 41.1206
1298880524 -8.60983 41.1206
1298880525 -8.60979 41.1205
1298880526 -8.60973 41.1204
1298880527 -8.60967 41.1204
1298880528 -8.60961 41.1203
1298880529 -8.60955 41.1202
1298880530 -8.60949 41.1201
1298880531 -8.60943 41.12
1298880532 -8.60937 41.12
1298880533 -8.60931 41.1199
1298880534 -8.60927 41.1198
1298880535 -8.60921 41.1197
1298880536 -8.60917 41.1196
1298880537 -8.60912 41.1195
1298880538 -8.60908 41.1194
1298880539 -8.60902 41.1193
1298880540 -8.60898 41.1192
1298880541 -8.60892 41.1191
1298880542 -8.60889 41.119
1298880543 -8.60884 41.1189
1298880544 -8.6088 41.1188
1298880545 -8.60874 41.1187
1298880546 -8.60869 41.1186
1298880547 -8.60863 41.1185
1298880548 -8.60858 41.1184
1298880549 -8.60852 41.1183
1298880550 -8.60847 41.1182
1298880551 -8.60846 41.1181
1298880552 -8.60842 41.1181
1298880553 -8.60842 41.118
1298880554 -8.60842 41.1179
1298880555 -8.60839 41.1178
1298880556 -8.60836 41.1178
1298880557 -8.60833 41.1177
1298880558 -8.60829 41.1176
1298880559 -8.60826 41.1176
1298880560 -8.60822 41.1175
1298880561 -8.60819 41.1174
1298880562 -8.60815 41.1173
1298880563 -8.60811 41.1173
1298880564 -8.6081 41.1172
1298880565 -8.60808 41.1172
1298880566 -8.60807 41.1171
1298880568 -8.60805 41.1171
1298880569 -8.60805 41.117
1298880570 -8.60806 41.117
1298880579 -8.60804 41.117
1298880580 -8.60803 41.117
1298880582 -8.60801 41.117
1298880584 -8.60798 41.1169
1298880585 -8.60796 41.1169
1298880586 -8.60794 41.1169
1298880587 -8.60792 41.1169
1298880588 -8.60789 41.1168
1298880589 -8.60787 41.1168
1298880590 -8.60786 41.1168
1298880591 -8.60785 41.1168
1298880593 -8.60784 41.1168
1298880595 -8.60783 41.1168
1298880597 -8.60782 41.1168
1298880598 -8.6078 41.1168
1298880599 -8.60779 41.1167
1298880600 -8.60777 41.1167
1298880601 -8.60776 41.1167
1298880602 -8.60775 41.1167
1298880603 -8.60775 41.1166
1298880604 -8.60774 41.1166
1298880605 -8.60773 41.1166
1298880607 -8.6077 41.1165
1298880608 -8.60768 41.1165
1298880609 -8.60767 41.1165
1298880610 -8.60766 41.1164
1298880611 -8.60765 41.1164
1298880616 -8.60767 41.1164
1298880621 -8.60768 41.1164
1298880623 -8.60766 41.1163
1298880624 -8.60764 41.1163
1298880625 -8.6076 41.1163
1298880626 -8.60758 41.1163
1298880627 -8.60755 41.1162
1298880628 -8.60754 41.1162
1298880629 -8.60751 41.1162
1298880630 -8.60749 41.1161
1298880631 -8.60747 41.1161
1298880632 -8.60746 41.1161
1298880633 -8.60743 41.1161
1298880634 -8.6074 41.1161
1298880635 -8.60737 41.116
1298880636 -8.60735 41.116
1298880637 -8.60733 41.116
1298880638 -8.60732 41.116
1298880639 -8.60731 41.116
1298880640 -8.6073 41.116
1298880642 -8.60729 41.116
1298880644 -8.60728 41.116
1298880645 -8.60725 41.116
1298880646 -8.60722 41.116
1298880647 -8.6072 41.116
1298880648 -8.60716 41.1159
1298880649 -8.60714 41.1159
1298880650 -8.60712 41.1159
1298880651 -8.60711 41.1159
1298880652 -8.6071 41.1159
1298880653 -8.60708 41.1159
1298880654 -8.60706 41.1158
1298880655 -8.60703 41.1158
1298880656 -8.60702 41.1158
1298880657 -8.60698 41.1158
1298880658 -8.60695 41.1157
1298880659 -8.60693 41.1157
1298880660 -8.6069 41.1157
1298880661 -8.60687 41.1157
1298880662 -8.60684 41.1156
1298880663 -8.60683 41.1156
1298880664 -8.60681 41.1156
1298880665 -8.60678 41.1156
1298880666 -8.60675 41.1156
1298880667 -8.60675 41.1155
1298880668 -8.60674 41.1155
1298880670 -8.60673 41.1155
1298880671 -8.6067 41.1155
1298880672 -8.60665 41.1155
1298880673 -8.6066 41.1155
1298880674 -8.60654 41.1155
1298880675 -8.60647 41.1155
1298880676 -8.6064 41.1155
1298880677 -8.60632 41.1155
1298880678 -8.60625 41.1155
1298880679 -8.60619 41.1156
1298880680 -8.60613 41.1156
1298880681 -8.60609 41.1156
1298880682 -8.60605 41.1155
1298880683 -8.60601 41.1155
1298880684 -8.60597 41.1155
1298880685 -8.60593 41.1155
1298880686 -8.60587 41.1155
1298880687 -8.60582 41.1155
1298880688 -8.60577 41.1155
1298880689 -8.60572 41.1154
1298880690 -8.60567 41.1154
1298880691 -8.60559 41.1154
1298880692 -8.60554 41.1153
1298880693 -8.60548 41.1153
1298880694 -8.60541 41.1153
1298880695 -8.60535 41.1153
1298880696 -8.60529 41.1152
1298880697 -8.60521 41.1152
1298880698 -8.60516 41.1152
1298880699 -8.6051 41.1152
1298880700 -8.60504 41.1151
1298880701 -8.60499 41.1151
1298880702 -8.60493 41.115
1298880703 -8.60486 41.115
1298880704 -8.60477 41.115
1298880705 -8.60469 41.1149
1298880706 -8.60461 41.1149
1298880707 -8.60452 41.1149
1298880708 -8.60443 41.1148
1298880709 -8.60434 41.1148
1298880710 -8.60424 41.1147
1298880711 -8.60415 41.1147
1298880712 -8.60406 41.1146
1298880713 -8.60396 41.1146
1298880714 -8.60386 41.1145
1298880715 -8.60375 41.1145
1298880716 -8.60365 41.1144
1298880717 -8.60353 41.1144
1298880718 -8.60343 41.1144
1298880719 -8.60333 41.1143
1298880720 -8.60323 41.1143
1298880721 -8.60314 41.1142
1298880722 -8.60305 41.1142
1298880723 -8.60296 41.1142
1298880724 -8.60286 41.1141
1298880725 -8.60277 41.1141
1298880726 -8.60267 41.114
1298880727 -8.60257 41.1139
1298880728 -8.60247 41.1139
1298880729 -8.60237 41.1138
1298880730 -8.60227 41.1138
1298880731 -8.60218 41.1137
1298880732 -8.60208 41.1136
1298880733 -8.60199 41.1136
1298880734 -8.60189 41.1135
1298880735 -8.6018 41.1134
1298880736 -8.6017 41.1134
1298880737 -8.6016 41.1133
1298880738 -8.60148 41.1132
1298880739 -8.60137 41.1131
1298880740 -8.60126 41.113
1298880741 -8.60116 41.113
1298880742 -8.60106 41.1129
1298880743 -8.60095 41.1128
1298880744 -8.60084 41.1127
1298880745 -8.60072 41.1127
1298880746 -8.60061 41.1126
1298880747 -8.60048 41.1125
1298880748 -8.60036 41.1124
1298880749 -8.60025 41.1123
1298880750 -8.60014 41.1123
1298880751 -8.60004 41.1122
1298880752 -8.59994 41.1121
1298880753 -8.59985 41.1121
1298880754 -8.59977 41.112
1298880755 -8.59969 41.112
1298880756 -8.59962 41.1119
1298880757 -8.59955 41.1119
1298880758 -8.59949 41.1118
1298880759 -8.59944 41.1118
1298880760 -8.59938 41.1117
1298880761 -8.59935 41.1117
1298880762 -8.59931 41.1117
1298880763 -8.59928 41.1117
1298880764 -8.59926 41.1116
1298880765 -8.59925 41.1116
1298880766 -8.59924 41.1116
1298880770 -8.59923 41.1116
1298880771 -8.5992 41.1116
1298880772 -8.59917 41.1116
1298880773 -8.59912 41.1116
1298880774 -8.5991 41.1116
1298880776 -8.59911 41.1116
1298880777 -8.59911 41.1117
1298880778 -8.59912 41.1117
1298880781 -8.59913 41.1117
1298880784 -8.59914 41.1117
1298880788 -8.59915 41.1117
1298880790 -8.59916 41.1117
1298880799 -8.59916 41.1116
1298880800 -8.59915 41.1116
1298880840 -8.59917 41.1117
1298880852 -8.59918 41.1117
1298880853 -8.59919 41.1117
1298880854 -8.59921 41.1117
1298880855 -8.59926 41.1118
1298880856 -8.59932 41.1118
1298880857 -8.59938 41.1118
1298880858 -8.59946 41.1119
1298880859 -8.59953 41.112
1298880860 -8.5996 41.112
1298880861 -8.59966 41.1121
1298880862 -8.59975 41.1121
1298880863 -8.59984 41.1122
1298880864 -8.59994 41.1122
1298880865 -8.60003 41.1123
1298880866 -8.60013 41.1124
1298880867 -8.60024 41.1125
1298880868 -8.60035 41.1125
1298880869 -8.60045 41.1126
1298880870 -8.60056 41.1127
1298880871 -8.60068 41.1128
1298880872 -8.60079 41.1128
1298880873 -8.60089 41.1129
1298880874 -8.60099 41.113
1298880875 -8.60109 41.113
1298880876 -8.60119 41.1131
1298880877 -8.60128 41.1132
1298880878 -8.60139 41.1133
1298880879 -8.60148 41.1133
1298880880 -8.60158 41.1134
1298880881 -8.60169 41.1135
1298880882 -8.60178 41.1135
1298880883 -8.60188 41.1136
1298880884 -8.60197 41.1137
1298880885 -8.60206 41.1137
1298880886 -8.60215 41.1138
1298880887 -8.60224 41.1139
1298880888 -8.60233 41.1139
1298880889 -8.60242 41.114
1298880890 -8.6025 41.114
1298880891 -8.60259 41.1141
1298880892 -8.60268 41.1141
1298880893 -8.60277 41.1142
1298880894 -8.60287 41.1142
1298880895 -8.60297 41.1143
1298880896 -8.60305 41.1143
1298880897 -8.60314 41.1144
1298880898 -8.60325 41.1144
1298880899 -8.60334 41.1145
1298880900 -8.60344 41.1145
1298880901 -8.60354 41.1146
1298880902 -8.60364 41.1146
1298880903 -8.60375 41.1147
1298880904 -8.60385 41.1147
1298880905 -8.60395 41.1147
1298880906 -8.60405 41.1148
1298880907 -8.60414 41.1148
1298880908 -8.60424 41.1149
1298880909 -8.60433 41.1149
1298880910 -8.60443 41.115
1298880911 -8.60453 41.115
1298880912 -8.60462 41.1151
1298880913 -8.60471 41.1151
1298880914 -8.6048 41.1151
1298880915 -8.60489 41.1152
1298880916 -8.60495 41.1152
1298880917 -8.60502 41.1152
1298880918 -8.60506 41.1153
1298880919 -8.6051 41.1153
1298880920 -8.60513 41.1153
1298880921 -8.60516 41.1153
1298880922 -8.6052 41.1153
1298880923 -8.60524 41.1153
1298880924 -8.60527 41.1153
1298880925 -8.6053 41.1154
1298880926 -8.60532 41.1154
1298880927 -8.60533 41.1154
1298880928 -8.60534 41.1154
1298880929 -8.60535 41.1154
1298880930 -8.60536 41.1154
1298880931 -8.60537 41.1154
1298880932 -8.60539 41.1154
1298880934 -8.6054 41.1154
1298880936 -8.60541 41.1154
1298880937 -8.60542 41.1154
1298880938 -8.60544 41.1154
1298880939 -8.60547 41.1155
1298880940 -8.6055 41.1155
1298880941 -8.60555 41.1155
1298880942 -8.60558 41.1155
1298880943 -8.60563 41.1155
1298880944 -8.60567 41.1155
1298880945 -8.6057 41.1155
1298880946 -8.60574 41.1155
1298880947 -8.60576 41.1156
1298880948 -8.60577 41.1156
1298880949 -8.6058 41.1156
1298880950 -8.60582 41.1156
1298880951 -8.60585 41.1156
1298880952 -8.60589 41.1156
1298880953 -8.60594 41.1156
1298880954 -8.60598 41.1156
1298880955 -8.60603 41.1156
1298880956 -8.60606 41.1157
1298880957 -8.60608 41.1157
1298880958 -8.60609 41.1157
1298880959 -8.60611 41.1157
1298880961 -8.60612 41.1157
1298880963 -8.60613 41.1157
1298880964 -8.60615 41.1156
1298880965 -8.60618 41.1156
1298880966 -8.60622 41.1157
1298880967 -8.60627 41.1157
1298880968 -8.60632 41.1157
1298880969 -8.60637 41.1157
1298880970 -8.60641 41.1157
1298880971 -8.60647 41.1157
1298880972 -8.60653 41.1157
1298880973 -8.6066 41.1157
1298880974 -8.60667 41.1157
1298880975 -8.60675 41.1158
1298880976 -8.60682 41.1158
1298880977 -8.60689 41.1158
1298880978 -8.60695 41.1159
1298880979 -8.60702 41.1159
1298880980 -8.60706 41.116
1298880981 -8.60711 41.116
1298880982 -8.60716 41.1161
1298880983 -8.6072 41.1161
1298880984 -8.60724 41.1162
1298880985 -8.60728 41.1162
1298880986 -8.60731 41.1163
1298880987 -8.60735 41.1163
1298880988 -8.60739 41.1163
1298880989 -8.60744 41.1164
1298880990 -8.60748 41.1164
1298880991 -8.60752 41.1165
1298880992 -8.60755 41.1165
1298880993 -8.60759 41.1165
1298880994 -8.60762 41.1166
1298880995 -8.60765 41.1166
1298880996 -8.60769 41.1166
1298880997 -8.60773 41.1167
1298880999 -8.60779 41.1168
1298881001 -8.60784 41.1169
1298881002 -8.60788 41.1169
1298881003 -8.60791 41.1169
1298881004 -8.60792 41.117
1298881009 -8.60793 41.117
1298881010 -8.60794 41.117
1298881014 -8.60795 41.117
1298881016 -8.60795 41.1171
1298881017 -8.60797 41.1171
1298881018 -8.60798 41.1171
1298881019 -8.608 41.1172
1298881020 -8.60801 41.1172
1298881021 -8.60803 41.1172
1298881022 -8.60806 41.1173
1298881023 -8.60809 41.1174
1298881024 -8.60812 41.1175
1298881025 -8.60817 41.1175
1298881026 -8.6082 41.1176
1298881027 -8.60824 41.1177
1298881028 -8.60827 41.1178
1298881029 -8.60828 41.1179
1298881030 -8.60832 41.1179
1298881031 -8.60835 41.118
1298881032 -8.60837 41.118
1298881033 -8.60839 41.1181
1298881035 -8.60844 41.1182
1298881036 -8.60846 41.1182
1298881037 -8.60848 41.1183
1298881039 -8.60856 41.1184
1298881040 -8.60859 41.1184
1298881041 -8.60862 41.1185
1298881042 -8.60865 41.1185
1298881043 -8.60868 41.1186
1298881044 -8.60871 41.1187
1298881046 -8.60878 41.1188
1298881047 -8.60881 41.1189
1298881048 -8.60882 41.1189
1298881049 -8.60885 41.119
1298881050 -8.60889 41.1191
1298881051 -8.60893 41.1191
1298881052 -8.60897 41.1192
1298881053 -8.609 41.1193
1298881054 -8.60903 41.1193
1298881055 -8.60906 41.1194
1298881056 -8.60909 41.1195
1298881057 -8.60913 41.1196
1298881059 -8.6092 41.1197
1298881060 -8.60924 41.1198
1298881062 -8.6093 41.1199
1298881063 -8.60934 41.1199
1298881064 -8.60936 41.12
1298881065 -8.60938 41.12
1298881066 -8.6094 41.12
1298881067 -8.60942 41.1201
1298881068 -8.60945 41.1201
1298881070 -8.60952 41.1201
1298881071 -8.60954 41.1201
1298881072 -8.60957 41.1202
1298881073 -8.6096 41.1202
1298881074 -8.60962 41.1202
1298881075 -8.60964 41.1202
1298881076 -8.60966 41.1203
1298881077 -8.60967 41.1203
1298881078 -8.60969 41.1203
1298881079 -8.60971 41.1203
1298881081 -8.60972 41.1203
1298881082 -8.60972 41.1204
1298881099 -8.60974 41.1204
1298881100 -8.60975 41.1204
1298881101 -8.60977 41.1204
1298881102 -8.6098 41.1205
1298881103 -8.60983 41.1205
1298881104 -8.60989 41.1206
1298881105 -8.60994 41.1206
1298881106 -8.61 41.1207
1298881107 -8.61007 41.1208
1298881108 -8.61013 41.1209
1298881109 -8.61019 41.1209
1298881110 -8.61025 41.121
1298881111 -8.6103 41.1211
1298881112 -8.61035 41.1211
1298881113 -8.61039 41.1212
1298881114 -8.61043 41.1213
1298881115 -8.61045 41.1213
1298881116 -8.61047 41.1214
1298881117 -8.6105 41.1214
1298881118 -8.61051 41.1214
1298881119 -8.61052 41.1214
1298881121 -8.61053 41.1215
1298881122 -8.61054 41.1215
1298881123 -8.61055 41.1215
1298881124 -8.61056 41.1215
1298881125 -8.61057 41.1215
1298881126 -8.61058 41.1215
1298881127 -8.6106 41.1216
1298881128 -8.61062 41.1216
1298881129 -8.61064 41.1216
1298881130 -8.61065 41.1216
1298881131 -8.61068 41.1217
1298881132 -8.61071 41.1217
1298881133 -8.61074 41.1217
1298881134 -8.61079 41.1218
1298881135 -8.61082 41.1218
1298881136 -8.61087 41.1219
1298881137 -8.61091 41.1219
1298881138 -8.61097 41.122
1298881140 -8.61109 41.1221
1298881141 -8.61116 41.1222
1298881142 -8.61123 41.1223
1298881143 -8.61128 41.1223
1298881144 -8.61134 41.1224
1298881145 -8.61137 41.1224
1298881147 -8.61146 41.1225
1298881148 -8.61149 41.1226
1298881149 -8.61152 41.1227
1298881150 -8.61158 41.1228
1298881151 -8.61162 41.1229
1298881152 -8.61169 41.123
1298881153 -8.61175 41.1232
1298881154 -8.61181 41.1233
1298881155 -8.61185 41.1235
1298881156 -8.61188 41.1236
1298881157 -8.61194 41.1237
1298881158 -8.612 41.1239
1298881159 -8.61205 41.124
1298881160 -8.61209 41.1241
1298881161 -8.6121 41.1242
1298881162 -8.6121 41.1243
1298881163 -8.61208 41.1244
1298881164 -8.61207 41.1244
1298881165 -8.61207 41.1245
1298881166 -8.61205 41.1245
1298881167 -8.61203 41.1246
1298881168 -8.61201 41.1246
1298881169 -8.612 41.1246
1298881170 -8.612 41.1247
1298881174 -8.61199 41.1247
1298881182 -8.61198 41.1247
1298881187 -8.61197 41.1247
1298881189 -8.61196 41.1248
1298881190 -8.61198 41.1248
1298881192 -8.61196 41.1249
1298881193 -8.61195 41.1249
1298881196 -8.61194 41.1249
1298881200 -8.61194 41.1249
