:break:
1298880091 -8.61546 41.1407
1298880094 -8.61547 41.1407
1298880106 -8.61548 41.1407
1298880115 -8.61549 41.1407
1298880120 -8.6155 41.1407
1298880126 -8.61551 41.1407
1298880135 -8.61552 41.1407
1298880139 -8.61553 41.1407
1298880143 -8.61554 41.1407
1298880148 -8.61555 41.1406
1298880155 -8.61555 41.1407
1298880249 -8.61552 41.1408
1298880251 -8.61551 41.1408
1298880256 -8.6155 41.1408
1298880285 -8.61549 41.1408
1298880362 -8.61548 41.1408
1298880413 -8.61545 41.1407
1298880414 -8.61542 41.1408
1298880415 -8.61536 41.1408
1298880416 -8.61529 41.1408
1298880417 -8.6152 41.1408
1298880418 -8.61508 41.1409
1298880419 -8.61494 41.141
1298880420 -8.6148 41.141
1298880421 -8.61469 41.1411
1298880422 -8.61459 41.1411
1298880423 -8.61455 41.1412
1298880424 -8.61452 41.1413
1298880425 -8.61453 41.1414
1298880426 -8.61454 41.1415
1298880427 -8.61456 41.1416
1298880428 -8.61457 41.1417
1298880429 -8.61458 41.1419
1298880430 -8.61454 41.142
1298880431 -8.61449 41.1421
1298880432 -8.61444 41.1422
1298880433 -8.6144 41.1424
1298880434 -8.61434 41.1425
1298880435 -8.61428 41.1426
1298880436 -8.61426 41.1427
1298880438 -8.6143 41.1428
1298880439 -8.61436 41.1429
1298880440 -8.61446 41.1429
1298880441 -8.61458 41.1429
1298880442 -8.6147 41.1429
1298880443 -8.61484 41.1429
1298880444 -8.61495 41.143
1298880445 -8.61506 41.143
1298880446 -8.61519 41.143
1298880447 -8.61528 41.1429
1298880448 -8.61534 41.1429
1298880449 -8.61541 41.1429
1298880450 -8.6155 41.1429
1298880451 -8.61562 41.1429
1298880452 -8.61575 41.1429
1298880453 -8.61587 41.1429
1298880454 -8.61602 41.1428
1298880455 -8.61619 41.1428
1298880456 -8.61636 41.1428
1298880457 -8.61652 41.1427
1298880458 -8.61665 41.1427
1298880459 -8.61676 41.1427
1298880460 -8.61683 41.1426
1298880461 -8.61692 41.1426
1298880462 -8.61698 41.1426
1298880463 -8.61702 41.1426
1298880464 -8.61705 41.1426
1298880465 -8.61708 41.1426
1298880466 -8.61713 41.1426
1298880467 -8.61719 41.1426
1298880468 -8.61728 41.1427
1298880469 -8.61737 41.1427
1298880470 -8.61749 41.1426
1298880471 -8.61757 41.1425
1298880472 -8.61761 41.1425
1298880473 -8.61761 41.1424
1298880474 -8.6176 41.1424
1298880476 -8.61761 41.1423
1298880478 -8.61762 41.1423
1298880479 -8.61763 41.1423
1298880481 -8.61766 41.1423
1298880482 -8.61774 41.1422
1298880483 -8.61785 41.1422
1298880484 -8.61791 41.1422
1298880485 -8.61799 41.1422
1298880486 -8.61809 41.1422
1298880487 -8.61818 41.1423
1298880488 -8.61826 41.1423
1298880489 -8.61831 41.1423
1298880490 -8.61836 41.1424
1298880491 -8.61843 41.1424
1298880492 -8.6185 41.1424
1298880493 -8.61855 41.1424
1298880494 -8.6186 41.1424
1298880495 -8.61863 41.1424
1298880496 -8.61867 41.1424
1298880497 -8.61871 41.1425
1298880498 -8.61874 41.1425
1298880499 -8.61878 41.1425
1298880500 -8.61881 41.1425
1298880502 -8.61882 41.1424
1298880504 -8.61882 41.1425
1298880506 -8.61881 41.1424
1298880523 -8.61885 41.1425
1298880524 -8.6189 41.1424
1298880525 -8.61897 41.1425
1298880526 -8.61904 41.1425
1298880527 -8.61912 41.1425
1298880528 -8.61919 41.1425
1298880529 -8.61927 41.1425
1298880530 -8.61935 41.1426
1298880531 -8.61944 41.1426
1298880532 -8.61954 41.1426
1298880533 -8.61964 41.1426
1298880534 -8.61974 41.1427
1298880535 -8.61984 41.1427
1298880536 -8.61996 41.1427
1298880537 -8.62004 41.1428
1298880538 -8.6201 41.1428
1298880539 -8.62015 41.1428
1298880540 -8.62016 41.1428
1298880541 -8.6202 41.1427
1298880542 -8.62024 41.1427
1298880543 -8.62026 41.1427
1298880544 -8.62027 41.1427
1298880545 -8.62028 41.1427
1298880547 -8.62029 41.1427
1298880550 -8.62025 41.1427
1298880551 -8.62023 41.1426
1298880552 -8.6202 41.1426
1298880553 -8.62016 41.1425
1298880554 -8.62009 41.1425
1298880555 -8.62001 41.1424
1298880556 -8.61993 41.1424
1298880557 -8.61986 41.1423
1298880558 -8.61982 41.1423
1298880559 -8.6198 41.1423
1298880561 -8.61981 41.1422
1298880562 -8.61983 41.1422
1298880563 -8.61986 41.1422
1298880564 -8.61989 41.1423
1298880565 -8.61994 41.1423
1298880566 -8.62002 41.1423
1298880567 -8.62011 41.1424
1298880568 -8.62022 41.1424
1298880569 -8.62034 41.1425
1298880570 -8.62045 41.1426
1298880571 -8.62057 41.1428
1298880572 -8.62069 41.1429
1298880573 -8.62082 41.143
1298880574 -8.62096 41.1431
1298880575 -8.6211 41.1433
1298880576 -8.62125 41.1434
1298880577 -8.6214 41.1435
1298880578 -8.62154 41.1436
1298880579 -8.62168 41.1436
1298880580 -8.62177 41.1437
1298880581 -8.62186 41.1437
1298880582 -8.62193 41.1438
1298880583 -8.62199 41.1438
1298880584 -8.62206 41.1438
1298880585 -8.62213 41.1438
1298880586 -8.62221 41.1439
1298880587 -8.6223 41.1439
1298880588 -8.62239 41.1439
1298880589 -8.62248 41.144
1298880590 -8.62261 41.144
1298880591 -8.62274 41.144
1298880592 -8.62286 41.1441
1298880593 -8.62297 41.1441
1298880594 -8.62307 41.1441
1298880595 -8.62318 41.1442
1298880596 -8.6233 41.1442
1298880597 -8.62341 41.1442
1298880598 -8.62353 41.1443
1298880599 -8.62366 41.1443
1298880600 -8.62379 41.1443
1298880601 -8.62393 41.1444
1298880602 -8.62406 41.1444
1298880603 -8.6242 41.1445
1298880604 -8.62433 41.1445
1298880605 -8.62447 41.1446
1298880606 -8.62461 41.1446
1298880607 -8.62475 41.1446
1298880608 -8.62488 41.1447
1298880609 -8.62501 41.1447
1298880610 -8.62513 41.1448
1298880611 -8.62525 41.1448
1298880612 -8.62538 41.1448
1298880613 -8.62551 41.1448
1298880614 -8.62565 41.1448
1298880615 -8.62578 41.1448
1298880616 -8.62592 41.1448
1298880617 -8.62607 41.1448
1298880618 -8.62621 41.1448
1298880619 -8.62636 41.1448
1298880620 -8.62651 41.1448
1298880621 -8.62667 41.1448
1298880622 -8.62683 41.1448
1298880623 -8.627 41.1448
1298880624 -8.62717 41.1447
1298880625 -8.62735 41.1447
1298880626 -8.62752 41.1447
1298880627 -8.62769 41.1447
1298880628 -8.62786 41.1447
1298880629 -8.62803 41.1447
1298880630 -8.6282 41.1447
1298880631 -8.62837 41.1447
1298880632 -8.62853 41.1447
1298880633 -8.62871 41.1448
1298880634 -8.62887 41.1448
1298880635 -8.62902 41.1448
1298880636 -8.62917 41.1448
1298880637 -8.62931 41.1449
1298880638 -8.62945 41.1449
1298880639 -8.62959 41.145
1298880640 -8.62972 41.145
1298880641 -8.62987 41.1451
1298880642 -8.63001 41.1452
1298880643 -8.63015 41.1452
1298880644 -8.63031 41.1453
1298880645 -8.63045 41.1454
1298880646 -8.63059 41.1455
1298880647 -8.63073 41.1456
1298880648 -8.63087 41.1457
1298880649 -8.63101 41.1458
1298880650 -8.63114 41.1459
1298880651 -8.63128 41.146
1298880652 -8.63141 41.146
1298880653 -8.63152 41.1461
1298880654 -8.63163 41.1462
1298880655 -8.63176 41.1463
1298880656 -8.63189 41.1464
1298880657 -8.63204 41.1465
1298880658 -8.63218 41.1466
1298880659 -8.63233 41.1467
1298880660 -8.63249 41.1468
1298880661 -8.63264 41.1468
1298880662 -8.63278 41.1469
1298880663 -8.63293 41.147
1298880664 -8.63308 41.1471
1298880665 -8.63322 41.1472
1298880666 -8.63338 41.1473
1298880667 -8.63353 41.1473
1298880668 -8.63367 41.1474
1298880669 -8.63382 41.1475
1298880670 -8.63397 41.1475
1298880671 -8.63412 41.1476
1298880672 -8.63429 41.1477
1298880673 -8.63446 41.1477
1298880674 -8.63462 41.1478
1298880675 -8.63478 41.1478
1298880676 -8.63493 41.1479
1298880677 -8.63509 41.1479
1298880678 -8.63523 41.148
1298880679 -8.63537 41.148
1298880680 -8.63553 41.148
1298880681 -8.63569 41.1481
1298880682 -8.63585 41.1481
1298880683 -8.63602 41.1482
1298880684 -8.63619 41.1482
1298880685 -8.63635 41.1483
1298880686 -8.63652 41.1483
1298880687 -8.63668 41.1483
1298880688 -8.63683 41.1483
1298880689 -8.63699 41.1483
1298880690 -8.63716 41.1484
1298880691 -8.63732 41.1484
1298880692 -8.63747 41.1484
1298880693 -8.63762 41.1484
1298880694 -8.63777 41.1484
1298880695 -8.63791 41.1484
1298880696 -8.63805 41.1484
1298880697 -8.63818 41.1484
1298880698 -8.63832 41.1484
1298880699 -8.63845 41.1484
1298880700 -8.6386 41.1484
1298880701 -8.63874 41.1484
1298880702 -8.63889 41.1484
1298880703 -8.63905 41.1485
1298880704 -8.63921 41.1485
1298880705 -8.63938 41.1485
1298880706 -8.63955 41.1485
1298880707 -8.63972 41.1485
1298880708 -8.63988 41.1485
1298880709 -8.64005 41.1485
1298880710 -8.64021 41.1485
1298880711 -8.64038 41.1485
1298880712 -8.64054 41.1485
1298880713 -8.64071 41.1484
1298880714 -8.64087 41.1484
1298880715 -8.64104 41.1484
1298880716 -8.64119 41.1483
1298880717 -8.64133 41.1483
1298880718 -8.64148 41.1483
1298880719 -8.64162 41.1482
1298880720 -8.64177 41.1482
1298880721 -8.64193 41.1482
1298880722 -8.6421 41.1481
1298880723 -8.64227 41.1481
1298880724 -8.64245 41.1481
1298880725 -8.64262 41.1481
1298880726 -8.64278 41.1481
1298880727 -8.64294 41.1481
1298880728 -8.64309 41.1481
1298880729 -8.6432 41.1481
1298880730 -8.6433 41.1481
1298880731 -8.64338 41.1481
1298880732 -8.64344 41.1481
1298880733 -8.64349 41.1481
1298880734 -8.64352 41.1481
1298880735 -8.64353 41.1481
1298880741 -8.64356 41.1481
1298880742 -8.6436 41.1481
1298880743 -8.64366 41.1481
1298880744 -8.64373 41.1481
1298880745 -8.64379 41.1482
1298880746 -8.64385 41.1482
1298880747 -8.64391 41.1482
1298880748 -8.64397 41.1482
1298880749 -8.64403 41.1482
1298880750 -8.6441 41.1482
1298880751 -8.64419 41.1482
1298880752 -8.64428 41.1482
1298880753 -8.6444 41.1482
1298880754 -8.64453 41.1483
1298880755 -8.64464 41.1483
1298880756 -8.64476 41.1483
1298880757 -8.64487 41.1483
1298880758 -8.64498 41.1483
1298880759 -8.64508 41.1483
1298880760 -8.64518 41.1483
1298880761 -8.64527 41.1483
1298880762 -8.64535 41.1484
1298880763 -8.64541 41.1484
1298880764 -8.64546 41.1484
1298880765 -8.64549 41.1484
1298880766 -8.64551 41.1484
1298880767 -8.64553 41.1484
1298880768 -8.64554 41.1484
1298880771 -8.64555 41.1484
1298880772 -8.64556 41.1484
1298880773 -8.6456 41.1484
1298880774 -8.64565 41.1484
1298880775 -8.64572 41.1484
1298880776 -8.64581 41.1484
1298880777 -8.64592 41.1484
1298880778 -8.64604 41.1484
1298880779 -8.64616 41.1484
1298880780 -8.64631 41.1485
1298880781 -8.64646 41.1485
1298880782 -8.64662 41.1485
1298880783 -8.6468 41.1485
1298880784 -8.64697 41.1485
1298880785 -8.64714 41.1485
1298880786 -8.64731 41.1485
1298880787 -8.64748 41.1484
1298880788 -8.64765 41.1484
1298880789 -8.64781 41.1484
1298880790 -8.64797 41.1484
1298880791 -8.64813 41.1483
1298880792 -8.64829 41.1483
1298880793 -8.64843 41.1483
1298880794 -8.64859 41.1482
1298880795 -8.64874 41.1482
1298880796 -8.64889 41.1481
1298880797 -8.64904 41.1481
1298880798 -8.64918 41.148
1298880799 -8.64933 41.148
1298880800 -8.64949 41.1479
1298880801 -8.64965 41.1479
1298880802 -8.64981 41.1479
1298880803 -8.64997 41.1479
1298880804 -8.65013 41.1479
1298880805 -8.65029 41.148
1298880806 -8.65044 41.148
1298880807 -8.65059 41.148
1298880808 -8.65074 41.148
1298880809 -8.65088 41.148
1298880810 -8.65102 41.1481
1298880811 -8.65115 41.1481
1298880812 -8.6513 41.1481
1298880813 -8.65145 41.1481
1298880814 -8.65161 41.1481
1298880815 -8.65178 41.1482
1298880816 -8.65193 41.1482
1298880817 -8.6521 41.1482
1298880818 -8.65225 41.1482
1298880819 -8.65239 41.1482
1298880820 -8.65255 41.1483
1298880821 -8.65269 41.1483
1298880822 -8.65282 41.1483
1298880823 -8.65292 41.1483
1298880824 -8.65301 41.1483
1298880825 -8.6531 41.1483
1298880826 -8.65316 41.1484
1298880827 -8.65322 41.1484
1298880828 -8.65328 41.1485
1298880829 -8.65334 41.1486
1298880830 -8.65342 41.1487
1298880831 -8.65353 41.1488
1298880832 -8.65363 41.1489
1298880833 -8.65375 41.149
1298880834 -8.65389 41.1491
1298880835 -8.65402 41.1493
1298880836 -8.65418 41.1494
1298880837 -8.65434 41.1496
1298880838 -8.65451 41.1497
1298880839 -8.65469 41.1498
1298880840 -8.65489 41.1499
1298880841 -8.65511 41.15
1298880842 -8.65535 41.1501
1298880843 -8.65557 41.1501
1298880844 -8.65578 41.1502
1298880845 -8.65596 41.1503
1298880846 -8.65612 41.1504
1298880847 -8.65626 41.1506
1298880848 -8.6564 41.1507
1298880849 -8.65654 41.1508
1298880850 -8.6567 41.1509
1298880851 -8.65687 41.151
1298880852 -8.65704 41.1511
1298880853 -8.65722 41.1511
1298880854 -8.65739 41.1511
1298880855 -8.65756 41.1511
1298880856 -8.65773 41.151
1298880857 -8.65789 41.151
1298880858 -8.65804 41.151
1298880859 -8.65818 41.151
1298880860 -8.65832 41.151
1298880861 -8.65846 41.151
1298880862 -8.65857 41.1511
1298880863 -8.65868 41.1512
1298880864 -8.65877 41.1513
1298880865 -8.65886 41.1514
1298880866 -8.65895 41.1515
1298880867 -8.65903 41.1516
1298880868 -8.65909 41.1517
1298880869 -8.65914 41.1519
1298880870 -8.65917 41.152
1298880871 -8.6592 41.1522
1298880872 -8.65922 41.1523
1298880873 -8.65922 41.1525
1298880874 -8.6592 41.1526
1298880875 -8.65915 41.1528
1298880876 -8.65911 41.153
1298880877 -8.65905 41.1531
1298880878 -8.65898 41.1532
1298880879 -8.65891 41.1534
1298880880 -8.65883 41.1535
1298880881 -8.65874 41.1536
1298880882 -8.65863 41.1536
1298880883 -8.6585 41.1537
1298880884 -8.65835 41.1538
1298880885 -8.6582 41.1539
1298880886 -8.65804 41.154
1298880887 -8.65791 41.154
1298880888 -8.6578 41.1541
1298880889 -8.65772 41.1542
1298880890 -8.65767 41.1543
1298880891 -8.65766 41.1544
1298880892 -8.65769 41.1545
1298880893 -8.65775 41.1546
1298880894 -8.65783 41.1546
1298880895 -8.65792 41.1547
1298880896 -8.65801 41.1548
1298880897 -8.6581 41.1549
1298880898 -8.6582 41.155
1298880899 -8.6583 41.1551
1298880900 -8.65839 41.1553
1298880901 -8.65847 41.1554
1298880902 -8.65855 41.1555
1298880903 -8.65862 41.1556
1298880904 -8.65869 41.1557
1298880905 -8.65876 41.1558
1298880906 -8.65883 41.1558
1298880907 -8.65892 41.1559
1298880908 -8.65903 41.156
1298880909 -8.65913 41.156
1298880910 -8.65925 41.1561
1298880911 -8.65936 41.1561
1298880912 -8.65944 41.1562
1298880913 -8.65953 41.1563
1298880914 -8.65961 41.1564
1298880915 -8.65969 41.1565
1298880916 -8.65976 41.1566
1298880917 -8.65985 41.1568
1298880918 -8.65992 41.1569
1298880919 -8.65999 41.157
1298880920 -8.66004 41.1571
1298880921 -8.6601 41.1572
1298880922 -8.66015 41.1572
1298880923 -8.6602 41.1573
1298880924 -8.66026 41.1574
1298880925 -8.66031 41.1575
1298880926 -8.66037 41.1575
1298880927 -8.66041 41.1576
1298880928 -8.66047 41.1577
1298880929 -8.66053 41.1578
1298880930 -8.66058 41.1579
1298880931 -8.66064 41.158
1298880932 -8.66067 41.1581
1298880933 -8.66068 41.1582
1298880934 -8.66066 41.1583
1298880935 -8.66062 41.1584
1298880936 -8.66057 41.1585
1298880937 -8.66052 41.1587
1298880938 -8.66047 41.1588
1298880939 -8.66041 41.1589
1298880940 -8.66035 41.1591
1298880941 -8.66029 41.1592
1298880942 -8.66024 41.1593
1298880943 -8.6602 41.1594
1298880944 -8.66014 41.1596
1298880945 -8.66009 41.1597
1298880946 -8.66004 41.1598
1298880947 -8.66 41.1599
1298880948 -8.65995 41.1599
1298880949 -8.65994 41.16
1298880950 -8.65992 41.16
1298880951 -8.6599 41.16
1298880952 -8.65989 41.16
1298880954 -8.65988 41.16
1298880956 -8.65987 41.16
1298880957 -8.65986 41.1601
1298880958 -8.65985 41.1601
1298880959 -8.65981 41.1601
1298880960 -8.65974 41.1602
1298880961 -8.65966 41.1602
1298880962 -8.65955 41.1602
1298880963 -8.65943 41.1603
1298880964 -8.6593 41.1603
1298880965 -8.65916 41.1604
1298880966 -8.65901 41.1605
1298880967 -8.65885 41.1606
1298880968 -8.65867 41.1606
1298880969 -8.65848 41.1607
1298880970 -8.65828 41.1608
1298880971 -8.6581 41.1609
1298880972 -8.65792 41.161
1298880973 -8.65774 41.161
1298880974 -8.65756 41.1611
1298880975 -8.65739 41.1612
1298880976 -8.65723 41.1613
1298880977 -8.65706 41.1614
1298880978 -8.6569 41.1615
1298880979 -8.65675 41.1616
1298880980 -8.65661 41.1616
1298880981 -8.65646 41.1617
1298880982 -8.65634 41.1618
1298880983 -8.65621 41.1618
1298880984 -8.6561 41.1619
1298880985 -8.65601 41.1619
1298880986 -8.65594 41.162
1298880987 -8.65589 41.162
1298880988 -8.65586 41.162
1298880989 -8.65584 41.162
1298880992 -8.65584 41.1621
1298880993 -8.65585 41.1621
1298880996 -8.65586 41.1621
1298881004 -8.65587 41.162
1298881024 -8.65588 41.162
1298881035 -8.65579 41.1621
1298881036 -8.65575 41.1621
1298881037 -8.65569 41.1621
1298881038 -8.65564 41.1621
1298881039 -8.6556 41.1622
1298881040 -8.65555 41.1622
1298881041 -8.65552 41.1622
1298881042 -8.65549 41.1623
1298881043 -8.6555 41.1623
1298881044 -8.65552 41.1624
1298881045 -8.65556 41.1624
1298881046 -8.6556 41.1624
1298881047 -8.65562 41.1624
1298881048 -8.65564 41.1624
1298881049 -8.65566 41.1625
1298881050 -8.65568 41.1625
1298881051 -8.6557 41.1625
1298881052 -8.65574 41.1625
1298881053 -8.65579 41.1625
1298881054 -8.65584 41.1625
1298881055 -8.65589 41.1625
1298881056 -8.65592 41.1625
1298881057 -8.65592 41.1626
1298881059 -8.65591 41.1627
1298881060 -8.65593 41.1627
1298881061 -8.65594 41.1628
1298881062 -8.65595 41.1629
1298881063 -8.65596 41.1629
1298881064 -8.65597 41.163
1298881065 -8.65598 41.1631
1298881066 -8.65599 41.1632
1298881067 -8.65601 41.1632
1298881068 -8.65603 41.1633
1298881069 -8.65604 41.1633
1298881070 -8.65605 41.1634
1298881072 -8.65605 41.1635
1298881073 -8.65606 41.1635
1298881074 -8.65606 41.1636
1298881075 -8.65605 41.1637
1298881076 -8.65604 41.1637
1298881077 -8.65602 41.1638
1298881078 -8.65601 41.1638
1298881080 -8.656 41.1639
1298881084 -8.65599 41.1639
1298881085 -8.65598 41.164
1298881087 -8.65599 41.164
1298881089 -8.656 41.1641
1298881090 -8.65603 41.1641
1298881091 -8.65605 41.1642
1298881092 -8.65608 41.1642
1298881093 -8.6561 41.1643
1298881094 -8.65614 41.1644
1298881095 -8.65616 41.1644
1298881096 -8.65619 41.1645
1298881097 -8.65624 41.1646
1298881098 -8.65631 41.1646
1298881099 -8.65638 41.1646
1298881100 -8.65647 41.1647
1298881101 -8.65655 41.1647
1298881102 -8.65662 41.1648
1298881103 -8.65667 41.1649
1298881104 -8.6567 41.1649
1298881105 -8.65671 41.165
1298881106 -8.65674 41.1651
1298881107 -8.65678 41.1652
1298881108 -8.65685 41.1653
1298881109 -8.65695 41.1653
1298881110 -8.65706 41.1653
1298881111 -8.65719 41.1653
1298881112 -8.65731 41.1653
1298881113 -8.65742 41.1653
1298881114 -8.65751 41.1653
1298881115 -8.65761 41.1653
1298881116 -8.65772 41.1653
1298881117 -8.65784 41.1653
1298881118 -8.65795 41.1654
1298881119 -8.65807 41.1654
1298881120 -8.6582 41.1655
1298881121 -8.65832 41.1655
1298881122 -8.65844 41.1656
1298881123 -8.65855 41.1656
1298881124 -8.65867 41.1657
1298881125 -8.65878 41.1658
1298881126 -8.6589 41.1658
1298881127 -8.659 41.1659
1298881128 -8.65906 41.1659
1298881129 -8.65912 41.1659
1298881130 -8.65918 41.166
1298881131 -8.65922 41.166
1298881132 -8.65926 41.166
1298881133 -8.6593 41.166
1298881134 -8.65932 41.166
1298881135 -8.65933 41.166
1298881136 -8.65934 41.166
1298881139 -8.65935 41.166
1298881173 -8.65937 41.1661
1298881174 -8.6594 41.1661
1298881175 -8.65946 41.1661
1298881176 -8.65952 41.1662
1298881177 -8.65958 41.1662
1298881178 -8.65964 41.1662
1298881179 -8.65967 41.1663
1298881180 -8.65969 41.1663
1298881181 -8.65967 41.1664
1298881182 -8.65963 41.1664
1298881183 -8.65956 41.1665
1298881184 -8.65949 41.1666
1298881185 -8.65939 41.1667
1298881186 -8.65929 41.1669
1298881187 -8.65918 41.167
1298881188 -8.65906 41.1672
1298881189 -8.65894 41.1673
1298881190 -8.65882 41.1674
1298881191 -8.6587 41.1676
1298881192 -8.65861 41.1677
1298881193 -8.65853 41.1678
1298881194 -8.65848 41.1679
1298881195 -8.65846 41.1679
1298881196 -8.65849 41.168
1298881197 -8.65854 41.168
1298881198 -8.65862 41.1681
1298881199 -8.65872 41.1681
1298881200 -8.65883 41.1682
