:break:
1298880007 -8.61208 41.1792
1298880008 -8.61192 41.1792
1298880009 -8.61176 41.1792
1298880010 -8.61161 41.1792
1298880011 -8.6115 41.1791
1298880012 -8.61136 41.1791
1298880013 -8.61122 41.1791
1298880014 -8.61106 41.1791
1298880015 -8.61091 41.1791
1298880016 -8.61075 41.1791
1298880017 -8.61061 41.1791
1298880018 -8.61047 41.1791
1298880019 -8.61034 41.1791
1298880020 -8.61024 41.1791
1298880021 -8.61016 41.1791
1298880022 -8.6101 41.1791
1298880023 -8.61004 41.1791
1298880024 -8.60998 41.1791
1298880025 -8.60987 41.1792
1298880026 -8.60979 41.1792
1298880027 -8.60974 41.1792
1298880028 -8.6097 41.1792
1298880029 -8.60965 41.1792
1298880030 -8.60961 41.1793
1298880031 -8.60956 41.1793
1298880032 -8.60952 41.1793
1298880033 -8.60947 41.1793
1298880034 -8.60944 41.1793
1298880035 -8.6094 41.1793
1298880036 -8.60937 41.1793
1298880037 -8.60935 41.1793
1298880038 -8.60932 41.1793
1298880039 -8.6093 41.1794
1298880040 -8.60929 41.1794
1298880041 -8.60928 41.1793
1298880043 -8.60927 41.1793
1298880044 -8.60926 41.1793
1298880045 -8.60925 41.1793
1298880046 -8.60924 41.1792
1298880047 -8.60923 41.1791
1298880048 -8.60923 41.179
1298880050 -8.60923 41.1789
1298880051 -8.60923 41.1788
1298880052 -8.60922 41.1787
1298880053 -8.60922 41.1786
1298880054 -8.60922 41.1785
1298880055 -8.60922 41.1784
1298880056 -8.60921 41.1783
1298880057 -8.60921 41.1782
1298880058 -8.6092 41.1781
1298880059 -8.6092 41.178
1298880060 -8.6092 41.1779
1298880061 -8.6092 41.1778
1298880062 -8.6092 41.1777
1298880063 -8.60919 41.1776
1298880064 -8.60919 41.1775
1298880065 -8.60918 41.1775
1298880066 -8.60919 41.1774
1298880067 -8.60921 41.1774
1298880068 -8.60924 41.1773
1298880069 -8.60927 41.1773
1298880070 -8.60933 41.1773
1298880071 -8.60938 41.1773
1298880072 -8.60942 41.1772
1298880073 -8.60947 41.1772
1298880074 -8.60954 41.1772
1298880075 -8.60962 41.1772
1298880076 -8.60973 41.1772
1298880077 -8.60983 41.1771
1298880078 -8.60995 41.1771
1298880079 -8.61007 41.1771
1298880080 -8.61019 41.1771
1298880081 -8.61033 41.177
1298880082 -8.61047 41.177
1298880083 -8.61062 41.177
1298880084 -8.61079 41.1769
1298880085 -8.61096 41.1769
1298880086 -8.61113 41.1769
1298880087 -8.6113 41.1768
1298880088 -8.61145 41.1768
1298880089 -8.61158 41.1768
1298880090 -8.61166 41.1767
1298880091 -8.61171 41.1767
1298880092 -8.61175 41.1767
1298880093 -8.61177 41.1767
1298880094 -8.61178 41.1767
1298880100 -8.61179 41.1767
1298880102 -8.61178 41.1766
1298880103 -8.61175 41.1766
1298880104 -8.61171 41.1766
1298880105 -8.61168 41.1765
1298880106 -8.61166 41.1765
1298880107 -8.61165 41.1765
1298880108 -8.61164 41.1765
1298880109 -8.61163 41.1765
1298880110 -8.61161 41.1765
1298880111 -8.61159 41.1765
1298880112 -8.61155 41.1765
1298880113 -8.61151 41.1764
1298880114 -8.61145 41.1764
1298880115 -8.61138 41.1764
1298880116 -8.6113 41.1763
1298880117 -8.6112 41.1763
1298880118 -8.61111 41.1762
1298880119 -8.61101 41.1761
1298880120 -8.61091 41.1761
1298880121 -8.6108 41.176
1298880122 -8.61069 41.1759
1298880123 -8.61059 41.1759
1298880124 -8.61048 41.1758
1298880125 -8.61038 41.1758
1298880126 -8.61028 41.1757
1298880127 -8.61017 41.1757
1298880128 -8.61005 41.1756
1298880129 -8.60994 41.1756
1298880130 -8.6098 41.1756
1298880131 -8.60969 41.1755
1298880132 -8.60957 41.1755
1298880133 -8.60946 41.1755
1298880134 -8.60938 41.1754
1298880135 -8.60931 41.1754
1298880136 -8.60925 41.1754
1298880137 -8.60923 41.1754
1298880138 -8.60923 41.1753
1298880139 -8.60926 41.1753
1298880140 -8.6093 41.1752
1298880141 -8.60936 41.1751
1298880142 -8.60942 41.1751
1298880143 -8.60947 41.175
1298880144 -8.60953 41.175
1298880145 -8.60958 41.1749
1298880146 -8.60963 41.1748
1298880147 -8.60969 41.1747
1298880148 -8.60975 41.1747
1298880149 -8.60981 41.1746
1298880150 -8.60988 41.1745
1298880151 -8.60994 41.1744
1298880152 -8.61001 41.1744
1298880153 -8.61008 41.1743
1298880154 -8.61015 41.1742
1298880155 -8.61022 41.1741
1298880156 -8.61028 41.174
1298880157 -8.61034 41.1739
1298880158 -8.61036 41.1739
1298880159 -8.61037 41.1738
1298880160 -8.61037 41.1737
1298880161 -8.61037 41.1736
1298880162 -8.61037 41.1735
1298880163 -8.61034 41.1734
1298880164 -8.61029 41.1733
1298880165 -8.61027 41.1732
1298880166 -8.61026 41.1731
1298880168 -8.61026 41.173
1298880169 -8.61026 41.1729
1298880170 -8.61029 41.1728
1298880171 -8.61036 41.1728
1298880172 -8.61042 41.1728
1298880173 -8.61048 41.1728
1298880174 -8.61057 41.1727
1298880175 -8.61063 41.1727
1298880176 -8.61072 41.1727
1298880177 -8.61082 41.1727
1298880178 -8.61092 41.1727
1298880179 -8.61104 41.1727
1298880180 -8.61114 41.1727
1298880181 -8.61123 41.1727
1298880182 -8.6113 41.1726
1298880183 -8.61135 41.1726
1298880184 -8.61141 41.1726
1298880185 -8.61144 41.1727
1298880186 -8.61147 41.1727
1298880187 -8.6115 41.1727
1298880188 -8.61152 41.1727
1298880189 -8.61153 41.1727
1298880190 -8.61155 41.1727
1298880191 -8.61157 41.1727
1298880192 -8.61158 41.1727
1298880193 -8.61159 41.1727
1298880195 -8.61161 41.1727
1298880196 -8.61162 41.1727
1298880197 -8.61164 41.1727
1298880198 -8.61167 41.1727
1298880199 -8.6117 41.1727
1298880200 -8.61171 41.1727
1298880201 -8.61173 41.1727
1298880202 -8.61175 41.1727
1298880203 -8.61177 41.1727
1298880204 -8.61178 41.1727
1298880205 -8.61179 41.1727
1298880206 -8.61181 41.1727
1298880207 -8.61183 41.1727
1298880208 -8.61185 41.1727
1298880209 -8.61187 41.1727
1298880214 -8.61186 41.1727
1298880217 -8.61184 41.1727
1298880249 -8.61182 41.1727
1298880257 -8.6118 41.1727
1298880281 -8.61188 41.1727
1298880282 -8.61188 41.1728
1298880286 -8.61189 41.1728
1298880288 -8.6119 41.1728
1298880290 -8.6119 41.1727
1298880292 -8.61191 41.1728
1298880297 -8.61191 41.1727
1298880307 -8.61189 41.1727
1298880376 -8.61184 41.1728
1298880378 -8.61183 41.1728
1298880385 -8.61176 41.1727
1298880387 -8.61172 41.1727
1298880397 -8.6117 41.1726
1298880399 -8.61171 41.1726
1298880402 -8.61169 41.1726
1298880404 -8.61165 41.1727
1298880407 -8.61163 41.1727
1298880414 -8.6116 41.1727
1298880420 -8.6116 41.1728
1298880424 -8.61161 41.1728
1298880432 -8.61162 41.1728
1298880434 -8.61163 41.1728
1298880494 -8.61159 41.1728
1298880498 -8.61158 41.1728
1298880501 -8.61157 41.1728
1298880507 -8.61168 41.1727
1298880512 -8.61174 41.1727
1298880513 -8.61174 41.1726
1298880514 -8.61175 41.1726
1298880515 -8.61176 41.1726
1298880517 -8.61177 41.1726
1298880519 -8.61178 41.1726
1298880524 -8.61179 41.1726
1298880548 -8.61169 41.1727
1298880599 -8.61168 41.1726
1298880620 -8.61167 41.1726
1298880628 -8.61166 41.1726
1298880629 -8.61165 41.1726
1298880637 -8.61156 41.1727
1298880645 -8.61154 41.1727
1298880650 -8.61153 41.1728
1298880657 -8.61154 41.1728
1298880659 -8.61156 41.1728
1298880668 -8.61166 41.1727
1298880708 -8.61173 41.1726
1298880821 -8.6118 41.1726
1298880822 -8.61181 41.1726
1298880824 -8.61182 41.1726
1298880825 -8.61183 41.1726
1298880828 -8.61184 41.1726
1298880834 -8.61185 41.1726
1298880907 -8.61179 41.1728
1298880908 -8.61178 41.1728
1298880917 -8.61177 41.1728
1298880921 -8.61176 41.1728
1298880939 -8.6118 41.1728
1298880941 -8.61181 41.1728
1298881096 -8.61175 41.1728
1298881099 -8.61174 41.1728
1298881101 -8.61173 41.1728
1298881102 -8.61172 41.1728
1298881105 -8.61171 41.1728
1298881108 -8.6117 41.1728
1298881200 -8.61175 41.1727
