:break:
1298880033 -8.619 41.1501
1298880034 -8.61899 41.1501
1298880038 -8.61904 41.1501
1298880039 -8.61906 41.15
1298880040 -8.61907 41.15
1298880042 -8.61905 41.1501
1298880045 -8.61902 41.1501
1298880069 -8.61901 41.1501
1298880074 -8.619 41.1502
1298880076 -8.61899 41.1502
1298880080 -8.61901 41.1502
1298880088 -8.61903 41.1501
1298880091 -8.61906 41.1501
1298880092 -8.61907 41.1501
1298880093 -8.61908 41.1501
1298880096 -8.61909 41.1501
1298880102 -8.6191 41.1501
1298880103 -8.61911 41.1501
1298880105 -8.61912 41.1501
1298880108 -8.61913 41.1501
1298880118 -8.61914 41.1501
1298880121 -8.61915 41.1501
1298880126 -8.61916 41.1501
1298880129 -8.61917 41.1501
1298880140 -8.61905 41.15
1298880141 -8.61901 41.15
1298880142 -8.61894 41.15
1298880143 -8.6189 41.15
1298880145 -8.61895 41.15
1298880146 -8.61896 41.15
1298880147 -8.61897 41.15
1298880148 -8.61898 41.15
1298880149 -8.61897 41.1499
1298880150 -8.61895 41.1499
1298880151 -8.61892 41.1499
1298880152 -8.61888 41.1499
1298880153 -8.6188 41.1499
1298880154 -8.61866 41.15
1298880155 -8.61853 41.1501
1298880156 -8.61848 41.1501
1298880157 -8.61842 41.1501
1298880158 -8.61837 41.1501
1298880159 -8.61833 41.1501
1298880160 -8.61825 41.1501
1298880161 -8.61818 41.1502
1298880162 -8.61814 41.1502
1298880163 -8.61809 41.1501
1298880164 -8.618 41.15
1298880165 -8.61786 41.1502
1298880166 -8.61784 41.1502
1298880167 -8.61782 41.1502
1298880168 -8.61781 41.1502
1298880169 -8.61779 41.1502
1298880170 -8.61777 41.1502
1298880171 -8.61773 41.1502
1298880172 -8.6177 41.1502
1298880173 -8.61766 41.1502
1298880174 -8.61763 41.1502
1298880175 -8.61762 41.1502
1298880176 -8.61756 41.1502
1298880177 -8.61753 41.1502
1298880178 -8.61751 41.1502
1298880179 -8.61746 41.1502
:break:
1298880183 -8.61736 41.1502
1298880184 -8.61716 41.1501
1298880185 -8.61709 41.1501
1298880186 -8.61703 41.1501
1298880187 -8.61698 41.15
1298880188 -8.61687 41.15
1298880189 -8.61677 41.1499
1298880190 -8.61668 41.1499
1298880191 -8.61665 41.1499
1298880192 -8.61673 41.1498
1298880193 -8.61673 41.1497
1298880194 -8.61671 41.1496
1298880195 -8.61668 41.1496
1298880196 -8.61665 41.1495
1298880197 -8.61664 41.1495
1298880198 -8.61661 41.1494
1298880199 -8.61658 41.1494
1298880200 -8.61656 41.1493
1298880201 -8.61655 41.1493
1298880202 -8.61654 41.1492
1298880203 -8.61647 41.1492
1298880204 -8.61643 41.1491
1298880205 -8.6164 41.1491
1298880206 -8.61632 41.149
1298880207 -8.61628 41.1489
1298880208 -8.61627 41.1489
1298880210 -8.61626 41.1489
1298880212 -8.61628 41.1488
1298880214 -8.61627 41.1488
1298880216 -8.61625 41.1487
1298880217 -8.61622 41.1487
1298880218 -8.61619 41.1486
1298880219 -8.61616 41.1486
1298880220 -8.61613 41.1485
1298880221 -8.6161 41.1484
1298880222 -8.61607 41.1484
1298880223 -8.61603 41.1483
1298880224 -8.61597 41.1483
1298880225 -8.61591 41.1483
1298880226 -8.61585 41.1483
1298880227 -8.61582 41.1483
1298880228 -8.61578 41.1483
1298880229 -8.61575 41.1484
1298880230 -8.61572 41.1484
1298880231 -8.61569 41.1484
1298880232 -8.61565 41.1485
1298880233 -8.61559 41.1485
1298880234 -8.61555 41.1486
1298880235 -8.61545 41.1487
1298880236 -8.61537 41.1488
1298880237 -8.61529 41.1488
1298880238 -8.61521 41.1489
1298880239 -8.61517 41.1489
1298880240 -8.61512 41.1489
1298880241 -8.61511 41.1489
1298880243 -8.61523 41.1487
1298880244 -8.61523 41.1488
1298880245 -8.61521 41.1488
1298880246 -8.61515 41.1489
1298880247 -8.61506 41.1491
1298880248 -8.61499 41.1492
1298880249 -8.61492 41.1493
1298880250 -8.61487 41.1493
1298880251 -8.61485 41.1494
1298880252 -8.61497 41.1495
1298880253 -8.61494 41.1496
1298880254 -8.61492 41.1498
1298880255 -8.61488 41.15
1298880256 -8.61485 41.1501
1298880257 -8.61482 41.1502
1298880258 -8.61482 41.1503
1298880259 -8.6148 41.1504
1298880260 -8.61478 41.1505
1298880261 -8.61477 41.1505
1298880262 -8.61474 41.1506
1298880263 -8.61469 41.1507
1298880264 -8.61473 41.1507
1298880265 -8.61465 41.1509
1298880266 -8.61467 41.151
1298880267 -8.61472 41.151
1298880268 -8.61476 41.151
1298880271 -8.61467 41.1511
1298880272 -8.61461 41.1512
1298880273 -8.61464 41.1512
1298880274 -8.61452 41.1514
1298880275 -8.61446 41.1515
1298880276 -8.61442 41.1515
1298880277 -8.61436 41.1515
1298880278 -8.61429 41.1515
1298880279 -8.6142 41.1515
1298880280 -8.61412 41.1515
1298880281 -8.61403 41.1515
1298880282 -8.61397 41.1515
1298880283 -8.61395 41.1515
1298880284 -8.61397 41.1516
1298880285 -8.61395 41.1516
1298880287 -8.61399 41.1515
1298880288 -8.61401 41.1515
1298880289 -8.61396 41.1516
1298880292 -8.61394 41.1517
1298880294 -8.61393 41.1517
1298880296 -8.61395 41.1517
1298880297 -8.61389 41.1519
1298880298 -8.61384 41.152
1298880299 -8.61379 41.152
1298880300 -8.61377 41.1521
1298880301 -8.61377 41.1522
1298880303 -8.61377 41.1523
1298880305 -8.61377 41.1524
1298880306 -8.61378 41.1524
1298880307 -8.61376 41.1524
1298880308 -8.61374 41.1524
1298880309 -8.61372 41.1525
1298880310 -8.61371 41.1525
1298880311 -8.61369 41.1525
1298880312 -8.61365 41.1525
1298880313 -8.61359 41.1525
1298880314 -8.61355 41.1526
1298880315 -8.61352 41.1526
1298880316 -8.6135 41.1527
1298880317 -8.61352 41.1527
1298880318 -8.61358 41.1527
1298880320 -8.61357 41.1527
1298880321 -8.61354 41.1528
1298880322 -8.61351 41.1528
1298880323 -8.6135 41.1529
1298880324 -8.61356 41.153
1298880325 -8.61355 41.153
1298880326 -8.61357 41.1531
1298880327 -8.61354 41.1531
1298880328 -8.61351 41.1532
1298880329 -8.61346 41.1533
1298880330 -8.61341 41.1533
1298880331 -8.61336 41.1534
1298880332 -8.61331 41.1534
1298880333 -8.61328 41.1534
1298880334 -8.61324 41.1534
1298880335 -8.61341 41.1534
1298880336 -8.61342 41.1534
1298880340 -8.6134 41.1535
1298880341 -8.61341 41.1535
1298880346 -8.61342 41.1535
1298880347 -8.61343 41.1535
1298880348 -8.61344 41.1535
:break:
1298880351 -8.61345 41.1534
1298880353 -8.61343 41.1534
1298880354 -8.61341 41.1534
1298880356 -8.61344 41.1534
1298880357 -8.61343 41.1535
1298880359 -8.61341 41.1535
1298880360 -8.61337 41.1535
1298880361 -8.61337 41.1536
1298880362 -8.61336 41.1536
1298880363 -8.61331 41.1537
1298880364 -8.61323 41.1538
1298880365 -8.61318 41.1538
1298880366 -8.6131 41.1538
1298880367 -8.61301 41.1538
1298880368 -8.61291 41.1538
1298880369 -8.61278 41.1538
1298880370 -8.61265 41.1538
1298880371 -8.6126 41.1538
1298880372 -8.61252 41.1537
1298880373 -8.61236 41.1538
1298880374 -8.61223 41.1538
1298880375 -8.61209 41.1538
1298880376 -8.61197 41.1538
1298880377 -8.61185 41.1538
1298880378 -8.61171 41.1537
1298880379 -8.61156 41.1537
1298880380 -8.61142 41.1537
1298880381 -8.61126 41.1537
1298880382 -8.6111 41.1537
1298880383 -8.61094 41.1537
1298880384 -8.61079 41.1537
1298880385 -8.61063 41.1537
1298880386 -8.61048 41.1537
1298880387 -8.61033 41.1537
1298880388 -8.61016 41.1537
1298880389 -8.61 41.1537
1298880390 -8.60984 41.1537
1298880391 -8.60969 41.1537
1298880392 -8.60953 41.1537
1298880393 -8.60936 41.1537
1298880394 -8.60922 41.1537
1298880395 -8.60908 41.1537
1298880396 -8.60893 41.1536
1298880397 -8.60881 41.1536
1298880398 -8.60868 41.1537
1298880399 -8.60854 41.1537
1298880400 -8.60843 41.1536
1298880401 -8.60831 41.1536
1298880402 -8.60819 41.1536
:break:
1298880404 -8.60784 41.1535
1298880405 -8.6077 41.1535
1298880406 -8.60756 41.1535
1298880407 -8.60744 41.1535
1298880408 -8.60732 41.1535
1298880409 -8.6072 41.1535
1298880410 -8.60707 41.1535
1298880411 -8.60696 41.1535
1298880412 -8.60685 41.1534
1298880413 -8.60673 41.1534
1298880414 -8.60663 41.1534
1298880415 -8.60653 41.1534
1298880416 -8.60644 41.1534
1298880417 -8.60636 41.1534
1298880418 -8.60629 41.1533
1298880419 -8.6062 41.1532
1298880420 -8.60612 41.1532
1298880421 -8.60606 41.1531
1298880422 -8.60605 41.153
1298880423 -8.60605 41.1529
1298880424 -8.60607 41.1528
1298880425 -8.60611 41.1527
1298880426 -8.60617 41.1526
1298880427 -8.60623 41.1525
1298880428 -8.6063 41.1525
1298880429 -8.60638 41.1524
1298880430 -8.60645 41.1524
1298880431 -8.60655 41.1524
1298880432 -8.60665 41.1523
1298880433 -8.60671 41.1523
1298880434 -8.60676 41.1522
1298880435 -8.60684 41.1522
1298880436 -8.60691 41.1521
1298880437 -8.60697 41.152
1298880438 -8.60703 41.1519
1298880439 -8.60709 41.1518
1298880440 -8.60715 41.1517
1298880441 -8.60724 41.1516
1298880442 -8.60729 41.1515
1298880443 -8.60734 41.1514
1298880444 -8.60736 41.1513
1298880445 -8.60741 41.1513
1298880446 -8.60749 41.1512
1298880447 -8.60742 41.1511
1298880448 -8.60734 41.1511
1298880449 -8.60731 41.1511
1298880450 -8.6073 41.1511
1298880452 -8.60728 41.151
1298880453 -8.60724 41.151
1298880454 -8.60718 41.151
1298880455 -8.60711 41.1509
1298880456 -8.60705 41.1509
1298880457 -8.607 41.1509
1298880458 -8.60694 41.1508
1298880459 -8.60693 41.1508
1298880460 -8.60692 41.1508
1298880461 -8.60691 41.1507
1298880464 -8.60691 41.1506
1298880465 -8.60692 41.1506
1298880466 -8.60693 41.1506
1298880467 -8.60693 41.1505
1298880468 -8.60694 41.1505
1298880469 -8.60695 41.1505
1298880470 -8.60696 41.1505
1298880472 -8.60698 41.1505
1298880473 -8.60701 41.1505
1298880474 -8.60702 41.1504
1298880475 -8.60704 41.1504
1298880476 -8.60705 41.1504
1298880477 -8.60708 41.1504
1298880478 -8.60707 41.1504
1298880480 -8.60709 41.1504
1298880483 -8.6071 41.1504
1298880489 -8.60708 41.1503
1298880490 -8.60709 41.1503
1298880495 -8.6071 41.1503
1298880514 -8.60707 41.1503
1298880519 -8.60706 41.1503
1298880522 -8.60705 41.1502
1298880523 -8.60706 41.1502
1298880527 -8.60707 41.1502
1298880533 -8.60711 41.1503
1298880538 -8.60712 41.1503
1298880539 -8.60713 41.1503
1298880541 -8.60714 41.1503
1298880542 -8.60715 41.1503
1298880544 -8.60716 41.1503
1298880545 -8.60717 41.1503
1298880549 -8.60718 41.1503
1298880556 -8.60717 41.1502
1298880560 -8.60718 41.1502
1298880603 -8.60719 41.1503
1298880609 -8.6072 41.1503
1298880613 -8.6072 41.1504
1298880644 -8.60705 41.1503
1298880658 -8.60703 41.1502
1298880660 -8.60702 41.1502
1298880666 -8.60704 41.1502
1298880675 -8.60712 41.1504
1298880676 -8.60714 41.1504
1298880677 -8.60716 41.1504
1298880678 -8.60719 41.1504
1298880680 -8.60721 41.1505
1298880681 -8.60723 41.1505
1298880682 -8.60724 41.1505
1298880683 -8.60726 41.1505
1298880684 -8.60727 41.1505
1298880685 -8.60728 41.1505
1298880687 -8.60729 41.1505
1298880699 -8.60726 41.1504
1298880701 -8.60725 41.1504
1298880702 -8.60724 41.1504
1298880703 -8.60723 41.1504
1298880705 -8.60722 41.1504
1298880706 -8.60721 41.1504
1298880711 -8.60718 41.1504
1298880712 -8.60717 41.1504
1298880797 -8.60714 41.1502
1298880801 -8.60713 41.1502
1298880810 -8.60712 41.1502
1298880811 -8.60711 41.1502
1298880815 -8.6071 41.1502
1298880990 -8.60708 41.1502
1298880992 -8.60709 41.1502
1298881006 -8.60715 41.1502
1298881011 -8.60716 41.1502
1298881018 -8.60719 41.1502
1298881063 -8.60721 41.1503
1298881064 -8.60722 41.1503
1298881066 -8.60723 41.1503
1298881067 -8.60724 41.1503
1298881068 -8.60725 41.1503
1298881070 -8.60727 41.1504
1298881071 -8.60728 41.1504
1298881073 -8.60729 41.1504
1298881078 -8.60727 41.1503
1298881080 -8.60726 41.1503
1298881091 -8.6072 41.1502
1298881157 -8.60712 41.1501
1298881158 -8.60711 41.1501
1298881163 -8.6071 41.1501
1298881166 -8.60709 41.1501
1298881200 -8.60706 41.1502
