:break:
1298880014 -8.62124 41.1474
1298880015 -8.62134 41.1474
1298880016 -8.62146 41.1474
1298880017 -8.62156 41.1474
1298880018 -8.62167 41.1475
1298880019 -8.62177 41.1475
1298880020 -8.62188 41.1475
1298880021 -8.622 41.1476
1298880022 -8.62211 41.1476
1298880023 -8.62223 41.1476
1298880024 -8.62234 41.1477
1298880025 -8.62246 41.1477
1298880026 -8.62259 41.1477
1298880027 -8.62272 41.1478
1298880028 -8.62285 41.1478
1298880029 -8.62301 41.1479
1298880030 -8.62315 41.1479
1298880031 -8.62331 41.1479
1298880032 -8.62345 41.148
1298880033 -8.62359 41.148
1298880034 -8.62372 41.148
1298880035 -8.62383 41.1481
1298880036 -8.62392 41.1481
1298880037 -8.624 41.1481
1298880038 -8.62406 41.1481
1298880039 -8.62413 41.1481
1298880040 -8.6242 41.1482
1298880041 -8.62426 41.1482
1298880042 -8.62433 41.1482
1298880043 -8.6244 41.1483
1298880044 -8.62449 41.1483
1298880045 -8.62459 41.1484
1298880046 -8.6247 41.1484
1298880047 -8.62482 41.1485
1298880048 -8.62495 41.1485
1298880049 -8.62509 41.1486
1298880050 -8.62521 41.1486
1298880051 -8.62534 41.1487
1298880052 -8.62544 41.1488
1298880053 -8.62551 41.1488
1298880054 -8.62556 41.1489
1298880055 -8.6256 41.149
1298880056 -8.62561 41.1491
1298880057 -8.62564 41.1493
1298880058 -8.62566 41.1494
1298880059 -8.6257 41.1495
1298880060 -8.62574 41.1496
1298880061 -8.62578 41.1498
1298880062 -8.62583 41.1499
1298880063 -8.62586 41.1501
1298880064 -8.6259 41.1502
1298880065 -8.62593 41.1503
1298880066 -8.62596 41.1505
1298880067 -8.62597 41.1506
1298880068 -8.62599 41.1508
1298880069 -8.62599 41.1509
1298880070 -8.62599 41.151
1298880071 -8.62596 41.1511
1298880072 -8.62595 41.1512
1298880073 -8.62594 41.1514
1298880074 -8.62597 41.1515
1298880075 -8.62598 41.1516
1298880076 -8.62601 41.1517
1298880077 -8.62603 41.1519
1298880078 -8.62606 41.152
1298880079 -8.62608 41.1521
1298880080 -8.62609 41.1522
1298880081 -8.62611 41.1522
1298880082 -8.62611 41.1523
1298880083 -8.62608 41.1524
1298880084 -8.62603 41.1524
1298880085 -8.62596 41.1524
1298880086 -8.62586 41.1525
1298880087 -8.62574 41.1525
1298880088 -8.62565 41.1525
1298880089 -8.62553 41.1525
1298880090 -8.6254 41.1526
1298880091 -8.62526 41.1526
1298880092 -8.6251 41.1527
1298880093 -8.62494 41.1527
1298880094 -8.62481 41.1528
1298880095 -8.62467 41.1528
1298880096 -8.62456 41.1529
1298880097 -8.62445 41.1529
1298880098 -8.62439 41.1529
1298880099 -8.62435 41.1529
1298880100 -8.62432 41.1529
1298880101 -8.6243 41.1529
1298880102 -8.62429 41.1529
1298880103 -8.62428 41.1529
1298880104 -8.62427 41.1529
1298880105 -8.62426 41.1529
1298880106 -8.62425 41.1529
1298880107 -8.62424 41.1529
1298880108 -8.62423 41.1529
1298880109 -8.62421 41.1529
1298880110 -8.6242 41.1529
1298880111 -8.62418 41.1529
1298880112 -8.62417 41.1529
1298880113 -8.62417 41.153
1298880115 -8.62418 41.153
1298880117 -8.62419 41.153
1298880123 -8.62416 41.153
1298880124 -8.62415 41.153
1298880125 -8.62414 41.153
1298880126 -8.62413 41.153
1298880127 -8.62412 41.153
1298880128 -8.62411 41.153
1298880129 -8.62411 41.1529
1298880130 -8.6241 41.1529
1298880131 -8.62409 41.1529
1298880134 -8.6241 41.153
1298880140 -8.62412 41.1529
1298880153 -8.62413 41.1529
1298880161 -8.62414 41.1529
1298880249 -8.62415 41.1529
1298880282 -8.62409 41.153
1298880286 -8.62408 41.153
1298880300 -8.62407 41.153
1298880309 -8.62406 41.153
1298880314 -8.62405 41.153
1298880321 -8.62404 41.153
1298880359 -8.62403 41.153
1298880457 -8.62425 41.153
1298880458 -8.62432 41.1531
1298880459 -8.6244 41.1531
1298880460 -8.62448 41.1532
1298880461 -8.62457 41.1532
1298880462 -8.62466 41.1533
1298880463 -8.62475 41.1533
1298880464 -8.62484 41.1534
1298880465 -8.62493 41.1534
1298880466 -8.62502 41.1535
1298880467 -8.62512 41.1535
1298880468 -8.62522 41.1536
1298880469 -8.62532 41.1537
1298880470 -8.62543 41.1537
1298880471 -8.62553 41.1538
1298880472 -8.62564 41.1538
1298880473 -8.62574 41.1539
1298880474 -8.62583 41.154
1298880475 -8.62592 41.154
1298880476 -8.62601 41.1541
1298880477 -8.62609 41.1541
1298880478 -8.62618 41.1541
1298880479 -8.62626 41.1542
1298880480 -8.62632 41.1542
1298880481 -8.62638 41.1543
1298880482 -8.62644 41.1543
1298880483 -8.62649 41.1543
1298880484 -8.62651 41.1543
1298880485 -8.62652 41.1543
1298880486 -8.62651 41.1544
1298880487 -8.6265 41.1544
1298880488 -8.62649 41.1544
1298880489 -8.62648 41.1544
1298880490 -8.62647 41.1544
1298880491 -8.62646 41.1544
1298880500 -8.62645 41.1544
1298880504 -8.62645 41.1545
1298880508 -8.62644 41.1545
1298880522 -8.62644 41.1544
1298880543 -8.62654 41.1545
1298880544 -8.62659 41.1545
1298880545 -8.62664 41.1545
1298880546 -8.62669 41.1545
1298880547 -8.62673 41.1546
1298880548 -8.62678 41.1546
1298880549 -8.62682 41.1546
1298880550 -8.62685 41.1546
1298880551 -8.62683 41.1545
1298880552 -8.62681 41.1545
1298880553 -8.62677 41.1544
1298880554 -8.62673 41.1543
1298880555 -8.62669 41.1542
1298880556 -8.62664 41.1541
1298880557 -8.62661 41.154
1298880558 -8.62657 41.1538
1298880559 -8.62653 41.1537
1298880560 -8.62648 41.1536
1298880561 -8.62645 41.1534
1298880562 -8.62642 41.1533
1298880563 -8.62638 41.1532
1298880564 -8.62636 41.1531
1298880565 -8.62633 41.1531
1298880566 -8.62632 41.153
1298880567 -8.6263 41.153
1298880568 -8.62629 41.153
1298880569 -8.62628 41.153
1298880570 -8.62627 41.153
1298880574 -8.62626 41.153
1298880604 -8.62628 41.1529
1298880605 -8.62627 41.1529
1298880606 -8.62626 41.1528
1298880608 -8.62627 41.1527
1298880609 -8.62628 41.1527
1298880610 -8.62633 41.1527
1298880611 -8.62639 41.1526
1298880612 -8.62646 41.1526
1298880613 -8.62654 41.1526
1298880614 -8.62664 41.1525
1298880615 -8.62673 41.1525
1298880616 -8.62683 41.1525
1298880617 -8.62691 41.1524
1298880618 -8.62699 41.1524
1298880619 -8.62707 41.1524
1298880620 -8.62717 41.1524
1298880621 -8.6273 41.1524
1298880622 -8.62743 41.1524
1298880623 -8.62756 41.1524
1298880624 -8.62771 41.1524
1298880625 -8.62784 41.1524
1298880626 -8.62799 41.1524
1298880627 -8.62812 41.1524
1298880628 -8.62823 41.1524
1298880629 -8.62832 41.1524
1298880630 -8.62838 41.1524
1298880631 -8.62842 41.1525
1298880632 -8.62843 41.1525
1298880634 -8.62844 41.1525
1298880653 -8.62843 41.1526
1298880654 -8.62844 41.1526
1298880655 -8.62848 41.1525
1298880656 -8.62853 41.1525
1298880657 -8.62861 41.1525
1298880658 -8.62868 41.1525
1298880659 -8.62877 41.1525
1298880660 -8.62889 41.1525
1298880661 -8.629 41.1525
1298880662 -8.62911 41.1525
1298880663 -8.62922 41.1525
1298880664 -8.62934 41.1526
1298880665 -8.62946 41.1526
1298880666 -8.6296 41.1526
1298880667 -8.62976 41.1526
1298880668 -8.62991 41.1526
1298880669 -8.63007 41.1526
1298880670 -8.63024 41.1527
1298880671 -8.63044 41.1527
1298880672 -8.63064 41.1527
1298880673 -8.63082 41.1527
1298880674 -8.631 41.1527
1298880675 -8.63115 41.1527
1298880676 -8.63128 41.1526
1298880677 -8.63136 41.1526
1298880678 -8.63143 41.1526
1298880679 -8.63147 41.1526
1298880680 -8.63147 41.1527
1298880681 -8.63145 41.1527
1298880686 -8.63151 41.1527
1298880687 -8.63158 41.1527
1298880688 -8.63165 41.1527
1298880689 -8.63173 41.1527
1298880690 -8.63183 41.1527
1298880691 -8.63194 41.1527
1298880692 -8.63204 41.1527
1298880693 -8.63216 41.1527
1298880694 -8.63227 41.1527
1298880695 -8.63239 41.1527
1298880696 -8.63249 41.1527
1298880697 -8.63261 41.1527
1298880698 -8.63273 41.1527
1298880699 -8.63284 41.1527
1298880700 -8.63297 41.1527
1298880701 -8.6331 41.1527
1298880702 -8.63321 41.1527
1298880703 -8.63333 41.1526
1298880704 -8.63346 41.1526
1298880705 -8.63357 41.1526
1298880706 -8.6337 41.1526
1298880707 -8.63382 41.1526
1298880708 -8.63393 41.1526
1298880709 -8.63405 41.1526
1298880710 -8.63416 41.1525
1298880711 -8.63427 41.1525
1298880712 -8.63437 41.1525
1298880713 -8.63448 41.1525
1298880714 -8.6346 41.1525
1298880715 -8.63473 41.1524
1298880716 -8.63484 41.1524
1298880717 -8.63497 41.1524
1298880718 -8.63509 41.1524
1298880719 -8.63522 41.1524
1298880720 -8.63535 41.1524
1298880721 -8.63548 41.1524
1298880722 -8.63561 41.1525
1298880723 -8.63574 41.1525
1298880724 -8.63588 41.1525
1298880725 -8.636 41.1525
1298880726 -8.63613 41.1525
1298880727 -8.63624 41.1526
1298880728 -8.63634 41.1526
1298880729 -8.63642 41.1526
1298880730 -8.63648 41.1526
1298880731 -8.63654 41.1526
1298880732 -8.6366 41.1527
1298880733 -8.63663 41.1527
1298880734 -8.63664 41.1527
1298880735 -8.63665 41.1527
1298880747 -8.63666 41.1527
1298880748 -8.63668 41.1527
1298880749 -8.63672 41.1527
1298880750 -8.63678 41.1527
1298880751 -8.63683 41.1527
1298880752 -8.63689 41.1527
1298880753 -8.63695 41.1528
1298880754 -8.63702 41.1528
1298880755 -8.6371 41.1528
1298880756 -8.63718 41.1528
1298880757 -8.63726 41.1529
1298880758 -8.63735 41.1529
1298880759 -8.63745 41.1529
1298880760 -8.63753 41.1529
1298880761 -8.63758 41.1529
1298880762 -8.6376 41.1529
1298880763 -8.63761 41.1529
1298880764 -8.63762 41.1529
1298880782 -8.63765 41.1529
1298880783 -8.63767 41.1529
1298880784 -8.6377 41.1529
1298880785 -8.63773 41.1529
1298880786 -8.63778 41.1529
1298880787 -8.63782 41.153
1298880788 -8.63788 41.153
1298880789 -8.63793 41.153
1298880790 -8.63799 41.153
1298880791 -8.63807 41.153
1298880792 -8.63813 41.153
1298880793 -8.63817 41.153
1298880794 -8.6382 41.153
1298880795 -8.63821 41.153
1298880797 -8.63822 41.153
1298880798 -8.63825 41.153
1298880799 -8.6383 41.1531
1298880800 -8.63835 41.1531
1298880801 -8.6384 41.1531
1298880802 -8.63845 41.1531
1298880803 -8.63851 41.1531
1298880804 -8.63858 41.1531
1298880805 -8.63867 41.1532
1298880806 -8.63877 41.1532
1298880807 -8.6389 41.1532
1298880808 -8.63906 41.1532
1298880809 -8.63923 41.1533
1298880810 -8.63941 41.1533
1298880811 -8.63958 41.1534
1298880812 -8.63974 41.1534
1298880813 -8.63987 41.1534
1298880814 -8.63998 41.1534
1298880815 -8.64009 41.1535
1298880816 -8.64023 41.1535
1298880817 -8.64038 41.1535
1298880818 -8.64053 41.1536
1298880819 -8.6407 41.1536
1298880820 -8.64089 41.1537
1298880821 -8.64109 41.1537
1298880822 -8.64129 41.1538
1298880823 -8.64149 41.1538
1298880824 -8.64168 41.1539
1298880825 -8.64187 41.1539
1298880826 -8.64204 41.154
1298880827 -8.64222 41.1541
1298880828 -8.64241 41.1541
1298880829 -8.6426 41.1542
1298880830 -8.6428 41.1542
1298880831 -8.643 41.1543
1298880832 -8.64319 41.1543
1298880833 -8.64337 41.1544
1298880834 -8.64353 41.1545
1298880835 -8.64368 41.1545
1298880836 -8.64382 41.1545
1298880837 -8.64395 41.1546
1298880838 -8.6441 41.1546
1298880839 -8.64424 41.1546
1298880840 -8.64442 41.1546
1298880841 -8.64464 41.1546
1298880842 -8.64482 41.1546
1298880843 -8.645 41.1546
1298880844 -8.6452 41.1545
1298880845 -8.64542 41.1545
1298880846 -8.64562 41.1545
1298880847 -8.64582 41.1545
1298880848 -8.64602 41.1544
1298880849 -8.64623 41.1544
1298880850 -8.64644 41.1544
1298880851 -8.64665 41.1544
1298880852 -8.64684 41.1543
1298880853 -8.64702 41.1543
1298880854 -8.64718 41.1543
1298880855 -8.64733 41.1543
1298880856 -8.64743 41.1543
1298880857 -8.64752 41.1543
1298880858 -8.64758 41.1543
1298880859 -8.6476 41.1543
1298880860 -8.64761 41.1543
1298880869 -8.64759 41.1543
1298880871 -8.64757 41.1543
1298880874 -8.64756 41.1543
1298880875 -8.64755 41.1544
1298880877 -8.64754 41.1544
1298880883 -8.64757 41.1544
1298880884 -8.64762 41.1543
1298880885 -8.64767 41.1543
1298880886 -8.64772 41.1543
1298880887 -8.64779 41.1543
1298880888 -8.64787 41.1543
1298880889 -8.64795 41.1543
1298880890 -8.64804 41.1543
1298880891 -8.64813 41.1543
1298880892 -8.64823 41.1543
1298880893 -8.64835 41.1542
1298880894 -8.64846 41.1542
1298880895 -8.64858 41.1542
1298880896 -8.64871 41.1542
1298880897 -8.64884 41.1542
1298880898 -8.64896 41.1542
1298880899 -8.64905 41.1542
1298880900 -8.64917 41.1542
1298880901 -8.64929 41.1542
1298880902 -8.64941 41.1542
1298880903 -8.64953 41.1542
1298880904 -8.64962 41.1542
1298880905 -8.6497 41.1542
1298880906 -8.64977 41.1542
1298880907 -8.64984 41.1542
1298880908 -8.64992 41.1542
1298880909 -8.64999 41.1542
1298880910 -8.65006 41.1542
1298880911 -8.65013 41.1541
1298880912 -8.65019 41.1541
1298880913 -8.65026 41.154
1298880914 -8.65031 41.154
1298880915 -8.65036 41.1539
1298880916 -8.6504 41.1539
1298880917 -8.65043 41.1538
1298880918 -8.65046 41.1538
1298880919 -8.65048 41.1537
1298880920 -8.65052 41.1537
1298880921 -8.65056 41.1536
1298880922 -8.65059 41.1536
1298880923 -8.65064 41.1535
1298880924 -8.65068 41.1535
1298880925 -8.65073 41.1534
1298880926 -8.65076 41.1534
1298880927 -8.65081 41.1534
1298880928 -8.65084 41.1533
1298880929 -8.65086 41.1533
1298880930 -8.65088 41.1533
1298880931 -8.65092 41.1532
1298880932 -8.65094 41.1532
1298880933 -8.65095 41.1532
1298880934 -8.65097 41.1532
1298880935 -8.65098 41.1532
1298880936 -8.65099 41.1532
1298880937 -8.651 41.1532
1298880945 -8.65101 41.1532
1298880946 -8.65102 41.1531
1298880947 -8.65103 41.1531
1298880948 -8.65105 41.1531
1298880949 -8.65108 41.1531
1298880950 -8.65111 41.1531
1298880951 -8.65114 41.153
1298880952 -8.65119 41.153
1298880953 -8.65123 41.1529
1298880954 -8.65129 41.1529
1298880955 -8.65134 41.1528
1298880956 -8.6514 41.1528
1298880957 -8.65146 41.1527
1298880958 -8.65153 41.1526
1298880959 -8.6516 41.1526
1298880960 -8.65169 41.1525
1298880961 -8.65177 41.1525
1298880962 -8.65185 41.1524
1298880963 -8.65194 41.1524
1298880964 -8.65202 41.1523
1298880965 -8.65212 41.1523
1298880966 -8.65222 41.1523
1298880967 -8.65233 41.1522
1298880968 -8.65246 41.1522
1298880969 -8.65259 41.1522
1298880970 -8.65273 41.1522
1298880971 -8.65284 41.1522
1298880972 -8.65296 41.1521
1298880973 -8.65308 41.1521
1298880974 -8.65318 41.1521
1298880975 -8.65327 41.1521
1298880976 -8.65335 41.1521
1298880977 -8.65342 41.1521
1298880978 -8.65348 41.1521
1298880979 -8.65354 41.1521
1298880980 -8.65359 41.1521
1298880981 -8.65363 41.1521
1298880982 -8.65367 41.1521
1298880983 -8.6537 41.1521
1298880984 -8.65372 41.1522
1298880985 -8.65373 41.1522
1298880988 -8.65374 41.1522
1298880989 -8.65375 41.1522
1298880992 -8.65376 41.1522
1298880994 -8.65377 41.1522
1298880996 -8.65378 41.1522
1298881001 -8.65379 41.1522
1298881002 -8.6538 41.1522
1298881007 -8.65381 41.1522
1298881009 -8.65383 41.1522
1298881010 -8.65388 41.1522
1298881011 -8.65393 41.1522
1298881012 -8.654 41.1522
1298881013 -8.65409 41.1522
1298881014 -8.65418 41.1522
1298881015 -8.65427 41.1522
1298881016 -8.65435 41.1522
1298881017 -8.65442 41.1522
1298881018 -8.65447 41.1522
1298881019 -8.65452 41.1522
1298881020 -8.65457 41.1522
1298881021 -8.65463 41.1522
1298881022 -8.65471 41.1522
1298881023 -8.6548 41.1522
1298881024 -8.65492 41.1522
1298881025 -8.65504 41.1522
1298881026 -8.65517 41.1521
1298881027 -8.65531 41.1521
1298881028 -8.65544 41.152
1298881029 -8.65556 41.152
1298881030 -8.65566 41.1519
1298881031 -8.65576 41.1519
1298881032 -8.65585 41.1518
1298881033 -8.65593 41.1518
1298881034 -8.656 41.1517
1298881035 -8.65607 41.1517
1298881036 -8.65614 41.1517
1298881037 -8.65619 41.1516
1298881038 -8.65624 41.1516
1298881039 -8.65627 41.1516
1298881040 -8.65629 41.1516
1298881041 -8.6563 41.1516
1298881076 -8.65631 41.1516
1298881077 -8.65634 41.1515
1298881078 -8.65639 41.1515
1298881079 -8.65644 41.1515
1298881080 -8.65651 41.1515
1298881081 -8.65656 41.1514
1298881082 -8.65662 41.1514
1298881083 -8.65669 41.1514
1298881084 -8.65676 41.1513
1298881085 -8.65684 41.1513
1298881086 -8.65694 41.1513
1298881087 -8.65705 41.1512
1298881088 -8.65715 41.1512
1298881089 -8.65728 41.1511
1298881090 -8.6574 41.1511
1298881091 -8.65751 41.1511
1298881092 -8.65763 41.151
1298881093 -8.65775 41.151
1298881094 -8.65787 41.151
1298881095 -8.658 41.1509
1298881096 -8.65811 41.151
1298881097 -8.65822 41.151
1298881098 -8.65834 41.151
1298881099 -8.65847 41.1511
1298881100 -8.65857 41.1512
1298881101 -8.65868 41.1513
1298881102 -8.65877 41.1514
1298881103 -8.65885 41.1515
1298881104 -8.65893 41.1516
1298881105 -8.65899 41.1517
1298881106 -8.65903 41.1518
1298881107 -8.65907 41.1519
1298881108 -8.65911 41.1521
1298881109 -8.65913 41.1522
1298881110 -8.65914 41.1523
1298881111 -8.65915 41.1525
1298881112 -8.65915 41.1526
1298881113 -8.65914 41.1527
1298881114 -8.65912 41.1529
1298881115 -8.65908 41.153
1298881116 -8.65903 41.1531
1298881117 -8.65899 41.1532
1298881118 -8.65894 41.1533
1298881119 -8.65887 41.1534
1298881120 -8.65879 41.1535
1298881121 -8.65869 41.1536
1298881122 -8.65857 41.1537
1298881123 -8.65842 41.1538
1298881124 -8.65827 41.1538
1298881125 -8.65812 41.1539
1298881126 -8.65798 41.154
1298881127 -8.65785 41.1541
1298881128 -8.65774 41.1542
1298881129 -8.65769 41.1543
1298881130 -8.65768 41.1544
1298881131 -8.6577 41.1545
1298881132 -8.65778 41.1546
1298881133 -8.65786 41.1546
1298881134 -8.65794 41.1547
1298881135 -8.65802 41.1548
1298881136 -8.65811 41.1549
1298881137 -8.65819 41.155
1298881138 -8.65828 41.1551
1298881139 -8.65837 41.1552
1298881140 -8.65844 41.1553
1298881141 -8.65853 41.1554
1298881142 -8.65861 41.1555
1298881143 -8.65868 41.1557
1298881144 -8.65877 41.1558
1298881145 -8.65886 41.1559
1298881146 -8.65896 41.1559
1298881147 -8.65908 41.156
1298881148 -8.6592 41.156
1298881149 -8.6593 41.1561
1298881150 -8.65938 41.1561
1298881151 -8.65945 41.1562
1298881152 -8.65951 41.1563
1298881153 -8.65957 41.1564
1298881154 -8.65963 41.1565
1298881155 -8.65968 41.1566
1298881156 -8.65973 41.1566
1298881157 -8.65976 41.1567
1298881158 -8.65978 41.1567
1298881159 -8.65979 41.1567
1298881166 -8.65977 41.1567
1298881172 -8.65979 41.1568
1298881173 -8.65982 41.1568
1298881174 -8.65985 41.1568
1298881175 -8.65989 41.1569
1298881176 -8.65994 41.157
1298881177 -8.66 41.1571
1298881178 -8.66006 41.1571
1298881179 -8.66011 41.1572
1298881180 -8.66018 41.1573
1298881181 -8.66024 41.1574
1298881182 -8.66031 41.1575
1298881183 -8.66038 41.1576
1298881184 -8.66045 41.1577
1298881185 -8.6605 41.1578
1298881186 -8.66056 41.1579
1298881187 -8.66061 41.158
1298881188 -8.66064 41.1581
1298881189 -8.66065 41.1582
1298881190 -8.66063 41.1583
1298881191 -8.66059 41.1584
1298881192 -8.66054 41.1586
1298881193 -8.66047 41.1587
1298881194 -8.66042 41.1588
1298881195 -8.66037 41.159
1298881196 -8.6603 41.1591
1298881197 -8.66025 41.1593
1298881198 -8.6602 41.1594
1298881199 -8.66017 41.1595
1298881200 -8.66013 41.1596
