:break:
1298880005 -8.67378 41.1546
1298880006 -8.67384 41.1545
1298880007 -8.67389 41.1545
1298880008 -8.67391 41.1544
1298880009 -8.67393 41.1544
1298880010 -8.67394 41.1543
1298880011 -8.67395 41.1543
1298880013 -8.67395 41.1542
1298880014 -8.67396 41.1542
1298880016 -8.67397 41.1541
1298880017 -8.67398 41.1541
1298880020 -8.67398 41.154
1298880021 -8.67399 41.154
1298880023 -8.674 41.154
1298880024 -8.674 41.1539
1298880025 -8.67401 41.1539
1298880028 -8.67402 41.1539
1298880029 -8.67404 41.1538
1298880030 -8.67406 41.1538
1298880031 -8.67407 41.1538
1298880032 -8.67408 41.1538
1298880044 -8.67405 41.1538
1298880047 -8.67404 41.1539
1298880050 -8.67403 41.1539
1298880072 -8.67405 41.1539
1298880114 -8.67406 41.1539
1298880257 -8.67407 41.1539
1298880590 -8.67404 41.154
1298880599 -8.67403 41.154
1298880662 -8.67402 41.154
1298880718 -8.67401 41.154
1298880774 -8.674 41.1541
1298880798 -8.67399 41.1541
1298881200 -8.67398 41.1541
