:break:
1298880094 -8.67397 41.1542
1298880102 -8.67398 41.1542
1298880164 -8.67399 41.1542
1298880173 -8.674 41.1542
1298880329 -8.67396 41.1542
1298880346 -8.67395 41.1542
1298880553 -8.67401 41.1542
1298880556 -8.67402 41.1542
1298880670 -8.67399 41.1541
1298880678 -8.674 41.1541
1298880688 -8.67401 41.1541
1298880693 -8.67402 41.1541
1298880698 -8.67403 41.1541
1298880705 -8.67404 41.1541
1298880711 -8.67405 41.1541
1298880717 -8.67406 41.1541
1298880720 -8.67407 41.1541
1298880727 -8.67408 41.1541
1298881043 -8.67403 41.1542
1298881200 -8.67407 41.1541
