:break:
1298880040 -8.64955 41.1674
1298880049 -8.64956 41.1674
1298880082 -8.64957 41.1674
1298880089 -8.64958 41.1674
1298880095 -8.64959 41.1674
1298880134 -8.64957 41.1673
1298880135 -8.64956 41.1673
1298880138 -8.64955 41.1673
1298880141 -8.64954 41.1673
1298880144 -8.64953 41.1673
1298880145 -8.64952 41.1673
1298880148 -8.64951 41.1673
1298880155 -8.6495 41.1673
1298880158 -8.64949 41.1673
1298880180 -8.64948 41.1673
1298880187 -8.64947 41.1673
1298880284 -8.64946 41.1673
1298880285 -8.64945 41.1673
1298880287 -8.64944 41.1673
1298880289 -8.64943 41.1673
1298880290 -8.64942 41.1673
1298880293 -8.64941 41.1673
1298880295 -8.6494 41.1673
1298880303 -8.64939 41.1673
1298880468 -8.64958 41.1673
1298880475 -8.64959 41.1673
1298880490 -8.6496 41.1673
1298880564 -8.64961 41.1673
1298880570 -8.64962 41.1673
1298880577 -8.64963 41.1673
1298880579 -8.64963 41.1674
1298880580 -8.64964 41.1674
1298880583 -8.64965 41.1674
1298880585 -8.64966 41.1674
1298880588 -8.64967 41.1674
1298880591 -8.64968 41.1674
1298880659 -8.64969 41.1674
1298880665 -8.6497 41.1674
1298880670 -8.64971 41.1674
1298880672 -8.64972 41.1674
1298880675 -8.64973 41.1674
1298880677 -8.64973 41.1675
1298880678 -8.64974 41.1675
1298880681 -8.64975 41.1675
1298880688 -8.64976 41.1675
1298880712 -8.64972 41.1673
1298880713 -8.64974 41.1673
1298880714 -8.64976 41.1673
1298880715 -8.64977 41.1672
1298880716 -8.64978 41.1671
1298880717 -8.6498 41.167
1298880718 -8.64981 41.167
1298880719 -8.64983 41.1669
1298880720 -8.64985 41.1668
1298880721 -8.64986 41.1668
1298880722 -8.64986 41.1667
1298880724 -8.64987 41.1667
1298880726 -8.64987 41.1666
1298880730 -8.64986 41.1666
1298880733 -8.64985 41.1666
1298880734 -8.64984 41.1666
1298880736 -8.64983 41.1666
1298880739 -8.64982 41.1666
1298880741 -8.64982 41.1665
1298880742 -8.64981 41.1665
1298880749 -8.6498 41.1665
1298880763 -8.64981 41.1664
1298880764 -8.6498 41.1664
1298880765 -8.64977 41.1663
1298880766 -8.64975 41.1663
1298880767 -8.64974 41.1663
1298880768 -8.64972 41.1663
1298880769 -8.6497 41.1663
1298880770 -8.64968 41.1662
1298880771 -8.64962 41.1662
1298880772 -8.64955 41.1662
1298880773 -8.64946 41.1662
1298880774 -8.64933 41.1662
1298880775 -8.64921 41.1662
1298880776 -8.64906 41.1661
1298880777 -8.64892 41.1661
1298880778 -8.64878 41.1661
1298880779 -8.64864 41.1661
1298880780 -8.64851 41.1661
1298880781 -8.6484 41.1661
1298880782 -8.64829 41.166
1298880783 -8.6482 41.166
1298880784 -8.64811 41.166
1298880785 -8.64805 41.166
1298880786 -8.64799 41.166
1298880787 -8.64795 41.166
1298880788 -8.64791 41.166
1298880789 -8.64789 41.166
1298880790 -8.64788 41.166
1298880791 -8.64787 41.166
1298880801 -8.64786 41.166
1298880802 -8.64782 41.166
1298880803 -8.64776 41.166
1298880804 -8.64768 41.166
1298880805 -8.64758 41.166
1298880806 -8.64747 41.1659
1298880807 -8.64736 41.1659
1298880808 -8.64724 41.1659
1298880809 -8.64714 41.1659
1298880810 -8.64702 41.1658
1298880811 -8.64691 41.1658
1298880812 -8.6468 41.1658
1298880813 -8.64668 41.1658
1298880814 -8.64655 41.1657
1298880815 -8.64643 41.1657
1298880816 -8.6463 41.1657
1298880817 -8.64616 41.1657
1298880818 -8.64603 41.1656
1298880819 -8.64589 41.1656
1298880820 -8.64574 41.1656
1298880821 -8.6456 41.1656
1298880822 -8.64545 41.1655
1298880823 -8.64531 41.1655
1298880824 -8.64518 41.1655
1298880825 -8.64506 41.1655
1298880826 -8.64495 41.1655
1298880827 -8.64488 41.1655
1298880828 -8.64482 41.1655
1298880829 -8.6448 41.1655
1298880830 -8.64477 41.1655
1298880831 -8.64476 41.1655
1298880838 -8.64478 41.1655
1298880839 -8.64478 41.1654
1298880843 -8.64479 41.1654
1298880851 -8.64475 41.1654
1298880852 -8.64471 41.1654
1298880853 -8.64464 41.1654
1298880854 -8.64458 41.1654
1298880855 -8.64451 41.1654
1298880856 -8.64441 41.1654
1298880857 -8.64431 41.1654
1298880858 -8.64421 41.1653
1298880859 -8.64413 41.1653
1298880860 -8.64407 41.1653
1298880861 -8.64402 41.1653
1298880862 -8.64402 41.1652
1298880863 -8.64407 41.1652
1298880864 -8.64413 41.1651
1298880865 -8.64421 41.1651
1298880866 -8.64429 41.1651
1298880867 -8.64437 41.1651
1298880868 -8.64445 41.165
1298880869 -8.64452 41.165
1298880870 -8.64459 41.165
1298880871 -8.64467 41.1649
1298880872 -8.64475 41.1649
1298880873 -8.64484 41.1648
1298880874 -8.64494 41.1648
1298880875 -8.64504 41.1648
1298880876 -8.64513 41.1647
1298880877 -8.6452 41.1647
1298880878 -8.64527 41.1646
1298880879 -8.64532 41.1646
1298880880 -8.64536 41.1646
1298880889 -8.64537 41.1646
1298880890 -8.64541 41.1646
1298880891 -8.64545 41.1646
1298880892 -8.64552 41.1646
1298880893 -8.64557 41.1645
1298880894 -8.64558 41.1645
1298880895 -8.64556 41.1644
1298880896 -8.64551 41.1644
1298880897 -8.64545 41.1644
1298880898 -8.6454 41.1644
1298880899 -8.64535 41.1645
1298880900 -8.64528 41.1646
1298880901 -8.6452 41.1646
1298880902 -8.6451 41.1647
1298880903 -8.64498 41.1648
1298880904 -8.64485 41.1648
1298880905 -8.64472 41.1649
1298880906 -8.64458 41.1649
1298880907 -8.64446 41.165
1298880908 -8.64436 41.165
1298880909 -8.64428 41.1651
1298880911 -8.64417 41.1651
1298880912 -8.64415 41.1651
1298880914 -8.64414 41.1651
1298880916 -8.6441 41.1652
1298880917 -8.64405 41.1652
1298880918 -8.64399 41.1652
1298880919 -8.64392 41.1652
1298880920 -8.64383 41.1652
1298880921 -8.64374 41.1653
1298880922 -8.64364 41.1653
1298880923 -8.64356 41.1653
1298880924 -8.64348 41.1653
1298880925 -8.64341 41.1652
1298880926 -8.64334 41.1652
1298880927 -8.64328 41.1652
1298880928 -8.64322 41.1652
1298880929 -8.64317 41.1652
1298880930 -8.64313 41.1652
1298880931 -8.6431 41.1652
1298880932 -8.64307 41.1652
1298880933 -8.64305 41.1652
1298880934 -8.64304 41.1652
1298880935 -8.64303 41.1652
1298880952 -8.64301 41.1652
1298880953 -8.64295 41.1652
1298880954 -8.64289 41.1652
1298880955 -8.64282 41.1652
1298880956 -8.64275 41.1651
1298880957 -8.64269 41.1651
1298880958 -8.64264 41.1651
1298880959 -8.64259 41.1651
1298880960 -8.64255 41.1651
1298880961 -8.6425 41.1651
1298880962 -8.64243 41.1651
1298880963 -8.64237 41.1651
1298880964 -8.64231 41.1651
1298880965 -8.64228 41.1651
1298880966 -8.64226 41.1651
1298880967 -8.64225 41.1651
1298880971 -8.64224 41.1651
1298880972 -8.64221 41.1651
1298880973 -8.6422 41.1651
1298880974 -8.64219 41.1652
1298880975 -8.64217 41.1652
1298880976 -8.64216 41.1652
1298880977 -8.64214 41.1652
1298880978 -8.64211 41.1652
1298880979 -8.64207 41.1652
1298880980 -8.64203 41.1652
1298880981 -8.64198 41.1651
1298880982 -8.64193 41.1651
1298880983 -8.64188 41.1651
1298880984 -8.64184 41.1651
1298880985 -8.64182 41.165
1298880986 -8.6418 41.165
1298880987 -8.64178 41.165
1298880988 -8.64176 41.165
1298880989 -8.64174 41.165
1298880990 -8.64172 41.165
1298880991 -8.64171 41.165
1298880992 -8.6417 41.165
1298881001 -8.64169 41.165
1298881002 -8.64167 41.165
1298881003 -8.64166 41.165
1298881004 -8.64163 41.165
1298881005 -8.64161 41.165
1298881008 -8.6416 41.1649
1298881009 -8.64158 41.1649
1298881010 -8.64156 41.1649
1298881011 -8.64154 41.1649
1298881014 -8.64155 41.1649
1298881025 -8.64157 41.1649
1298881042 -8.64152 41.1649
1298881043 -8.64149 41.1649
1298881044 -8.64147 41.1649
1298881045 -8.64145 41.1649
1298881046 -8.64144 41.1649
1298881049 -8.64143 41.1649
1298881050 -8.64141 41.1649
1298881051 -8.6414 41.1649
1298881052 -8.64137 41.1649
1298881053 -8.64134 41.1649
1298881054 -8.64133 41.1649
1298881055 -8.64131 41.1649
1298881056 -8.64128 41.1649
1298881057 -8.64124 41.1648
1298881058 -8.64122 41.1648
1298881062 -8.64122 41.1649
1298881063 -8.64121 41.1649
1298881064 -8.64119 41.1648
1298881065 -8.64116 41.1648
1298881066 -8.64113 41.1648
1298881067 -8.64108 41.1648
1298881068 -8.64103 41.1648
1298881069 -8.64097 41.1648
1298881070 -8.64093 41.1648
1298881071 -8.64089 41.1648
1298881072 -8.64086 41.1648
1298881073 -8.64085 41.1648
1298881074 -8.64084 41.1648
1298881077 -8.64083 41.1648
1298881078 -8.64082 41.1648
1298881079 -8.6408 41.1648
1298881080 -8.64077 41.1648
1298881081 -8.64074 41.1648
1298881082 -8.64071 41.1648
1298881083 -8.64069 41.1648
1298881084 -8.64068 41.1648
1298881085 -8.64067 41.1648
1298881086 -8.64066 41.1648
1298881088 -8.64065 41.1648
1298881091 -8.64064 41.1648
1298881092 -8.64061 41.1648
1298881093 -8.64058 41.1648
1298881094 -8.64056 41.1648
1298881095 -8.64054 41.1648
1298881102 -8.64054 41.1647
1298881105 -8.64055 41.1647
1298881114 -8.64052 41.1647
1298881115 -8.64051 41.1647
1298881116 -8.6405 41.1647
1298881119 -8.64049 41.1647
1298881124 -8.6405 41.1648
1298881128 -8.64049 41.1648
1298881129 -8.64047 41.1648
1298881130 -8.64042 41.1647
1298881131 -8.64039 41.1647
1298881132 -8.64035 41.1647
1298881133 -8.64032 41.1647
1298881134 -8.64029 41.1647
1298881135 -8.64026 41.1647
1298881136 -8.64023 41.1647
1298881137 -8.64021 41.1647
1298881138 -8.64018 41.1647
1298881139 -8.64016 41.1647
1298881140 -8.64015 41.1647
1298881143 -8.64014 41.1647
1298881144 -8.64013 41.1647
1298881145 -8.6401 41.1647
1298881146 -8.64006 41.1647
1298881147 -8.64004 41.1647
1298881148 -8.64002 41.1647
1298881149 -8.64001 41.1647
1298881153 -8.64 41.1647
1298881154 -8.63998 41.1647
1298881155 -8.63996 41.1647
1298881156 -8.63993 41.1647
1298881157 -8.6399 41.1647
1298881158 -8.63988 41.1647
1298881159 -8.63987 41.1647
1298881160 -8.63985 41.1647
1298881161 -8.63983 41.1647
1298881162 -8.63979 41.1647
1298881163 -8.63973 41.1647
1298881164 -8.63966 41.1647
1298881165 -8.63956 41.1647
1298881166 -8.63945 41.1647
1298881167 -8.63932 41.1647
1298881168 -8.63921 41.1647
1298881169 -8.63912 41.1648
1298881170 -8.63906 41.1649
1298881171 -8.63903 41.1649
1298881172 -8.63903 41.165
1298881173 -8.63906 41.1651
1298881174 -8.63913 41.1652
1298881175 -8.63922 41.1653
1298881176 -8.63932 41.1654
1298881177 -8.63946 41.1654
1298881178 -8.63959 41.1654
1298881179 -8.63974 41.1655
1298881180 -8.63987 41.1655
1298881181 -8.63998 41.1656
1298881182 -8.6401 41.1657
1298881183 -8.64021 41.1658
1298881184 -8.64032 41.1659
1298881185 -8.64043 41.166
1298881186 -8.64055 41.1661
1298881187 -8.64064 41.1662
1298881188 -8.64072 41.1663
1298881189 -8.64075 41.1664
1298881190 -8.64073 41.1665
1298881191 -8.64067 41.1667
1298881192 -8.64059 41.1668
1298881193 -8.64052 41.1669
1298881194 -8.64047 41.167
1298881195 -8.64045 41.1672
1298881196 -8.64044 41.1673
1298881197 -8.64045 41.1674
1298881198 -8.64046 41.1676
1298881199 -8.64046 41.1677
1298881200 -8.64046 41.1678
