:break:
1298880211 -8.61977 41.1482
1298880214 -8.61978 41.1481
1298880225 -8.61979 41.1481
1298880271 -8.61977 41.1481
1298880277 -8.61976 41.1482
1298880282 -8.61976 41.1481
1298880287 -8.61975 41.1481
1298880326 -8.61974 41.1481
1298880337 -8.61974 41.1482
1298880354 -8.61975 41.1482
1298880396 -8.61978 41.1482
1298880530 -8.6198 41.1481
1298880572 -8.61981 41.1481
1298880579 -8.61982 41.1481
1298880748 -8.61983 41.1481
1298880758 -8.61984 41.1481
1298880791 -8.61985 41.1481
1298880803 -8.61986 41.1481
1298880940 -8.61982 41.148
1298880944 -8.61981 41.148
1298880949 -8.6198 41.148
1298881099 -8.61979 41.148
1298881100 -8.61978 41.148
1298881116 -8.61976 41.148
1298881117 -8.61977 41.148
1298881171 -8.61983 41.1482
1298881200 -8.61983 41.1481
