:break:
1298880068 -8.54741 41.2302
1298880069 -8.54744 41.2302
1298880070 -8.54749 41.2302
1298880071 -8.54756 41.2301
1298880072 -8.54762 41.2301
1298880073 -8.54769 41.2301
1298880074 -8.54775 41.2301
1298880075 -8.54781 41.2301
1298880076 -8.54787 41.2301
1298880077 -8.54791 41.2301
1298880078 -8.54794 41.2301
1298880079 -8.54796 41.2301
1298880080 -8.54798 41.2301
1298880081 -8.54799 41.2301
1298880082 -8.548 41.2301
1298880083 -8.54801 41.2301
1298880084 -8.54802 41.2301
1298880085 -8.54803 41.2301
1298880086 -8.54805 41.2301
1298880087 -8.54808 41.2301
1298880088 -8.54813 41.2301
1298880089 -8.54818 41.2301
1298880090 -8.54823 41.23
1298880091 -8.54828 41.23
1298880092 -8.54834 41.23
1298880093 -8.54841 41.2299
1298880094 -8.54847 41.2299
1298880095 -8.54854 41.2298
1298880096 -8.54863 41.2298
1298880097 -8.54872 41.2297
1298880098 -8.5488 41.2297
1298880099 -8.54886 41.2296
1298880101 -8.54885 41.2295
1298880102 -8.54879 41.2294
1298880103 -8.54872 41.2293
1298880104 -8.54863 41.2293
1298880105 -8.54853 41.2292
1298880106 -8.54843 41.2291
1298880107 -8.54833 41.229
1298880108 -8.54824 41.2289
1298880109 -8.54817 41.2287
1298880110 -8.54813 41.2286
1298880111 -8.54811 41.2285
1298880112 -8.54811 41.2284
1298880113 -8.54814 41.2283
1298880114 -8.54816 41.2282
1298880115 -8.54821 41.2281
1298880116 -8.54824 41.2279
1298880117 -8.54828 41.2278
1298880118 -8.54831 41.2277
1298880119 -8.54833 41.2277
1298880120 -8.54835 41.2276
1298880121 -8.54839 41.2275
1298880122 -8.54842 41.2274
1298880123 -8.54847 41.2272
1298880124 -8.54852 41.2271
1298880125 -8.54856 41.227
1298880126 -8.5486 41.2269
1298880127 -8.54863 41.2268
1298880128 -8.54867 41.2267
1298880129 -8.54871 41.2265
1298880130 -8.54876 41.2264
1298880131 -8.5488 41.2263
1298880132 -8.54884 41.2262
1298880133 -8.54888 41.226
1298880134 -8.5489 41.2259
1298880135 -8.54893 41.2259
1298880136 -8.54897 41.2258
1298880137 -8.54903 41.2257
1298880138 -8.54909 41.2257
1298880139 -8.54917 41.2257
1298880140 -8.54926 41.2257
1298880141 -8.54934 41.2257
1298880142 -8.54942 41.2258
1298880143 -8.5495 41.2258
1298880144 -8.54958 41.2258
1298880145 -8.54965 41.2257
1298880146 -8.5497 41.2257
1298880147 -8.54977 41.2256
1298880148 -8.54982 41.2255
1298880149 -8.54988 41.2254
1298880150 -8.54996 41.2253
1298880151 -8.55001 41.2252
1298880152 -8.55006 41.2251
1298880153 -8.55012 41.225
1298880154 -8.55018 41.2249
1298880155 -8.55024 41.2248
1298880156 -8.5503 41.2248
1298880157 -8.55034 41.2247
1298880158 -8.55039 41.2246
1298880159 -8.55043 41.2246
1298880160 -8.55048 41.2245
1298880161 -8.55053 41.2244
1298880162 -8.55059 41.2243
1298880163 -8.55064 41.2242
1298880164 -8.55068 41.2242
1298880165 -8.55073 41.2241
1298880166 -8.55077 41.2241
1298880167 -8.55082 41.224
1298880168 -8.55088 41.224
1298880169 -8.55094 41.2241
1298880170 -8.55099 41.2241
1298880171 -8.55104 41.2241
1298880172 -8.55109 41.2241
1298880173 -8.55114 41.2241
1298880174 -8.55121 41.2242
1298880175 -8.55127 41.2242
1298880176 -8.55135 41.2242
1298880177 -8.55143 41.2242
1298880178 -8.55152 41.2243
1298880179 -8.55162 41.2243
1298880180 -8.55172 41.2244
1298880181 -8.5518 41.2244
1298880182 -8.55186 41.2245
1298880183 -8.55194 41.2245
1298880184 -8.55201 41.2246
1298880185 -8.55209 41.2246
1298880186 -8.55219 41.2247
1298880187 -8.55228 41.2248
1298880188 -8.55239 41.2248
1298880189 -8.5525 41.2249
1298880190 -8.55263 41.2249
1298880191 -8.55273 41.2249
1298880192 -8.5528 41.225
1298880193 -8.55288 41.225
1298880194 -8.55293 41.2251
1298880195 -8.55297 41.2251
1298880196 -8.55301 41.2252
1298880197 -8.55304 41.2253
1298880198 -8.55309 41.2254
1298880199 -8.55315 41.2254
1298880200 -8.55319 41.2255
1298880201 -8.55322 41.2256
1298880202 -8.55325 41.2257
1298880203 -8.55326 41.2258
1298880204 -8.55324 41.2259
1298880205 -8.55318 41.226
1298880206 -8.55311 41.2261
1298880207 -8.55304 41.2262
1298880208 -8.55294 41.2263
1298880209 -8.55288 41.2264
1298880210 -8.55282 41.2265
1298880211 -8.55276 41.2266
1298880212 -8.55274 41.2266
1298880213 -8.55274 41.2267
1298880214 -8.55276 41.2267
1298880215 -8.55277 41.2267
1298880216 -8.55279 41.2268
1298880217 -8.5528 41.2268
1298880218 -8.55282 41.2268
1298880220 -8.55283 41.2267
1298880221 -8.55285 41.2267
1298880222 -8.55291 41.2267
1298880223 -8.55296 41.2267
1298880224 -8.55304 41.2266
1298880225 -8.55311 41.2266
1298880226 -8.5532 41.2265
1298880227 -8.55329 41.2264
1298880228 -8.55338 41.2263
1298880229 -8.55348 41.2262
1298880230 -8.55358 41.2262
1298880231 -8.55367 41.2261
1298880232 -8.55373 41.226
1298880233 -8.5538 41.226
1298880234 -8.55386 41.2259
1298880235 -8.5539 41.2259
1298880236 -8.55394 41.2259
1298880237 -8.55398 41.2259
1298880238 -8.55402 41.2259
1298880239 -8.55407 41.2258
1298880240 -8.55412 41.2258
1298880241 -8.55419 41.2257
1298880242 -8.55426 41.2256
1298880243 -8.55434 41.2255
1298880244 -8.55444 41.2254
1298880245 -8.55454 41.2253
1298880246 -8.55464 41.2252
1298880247 -8.55474 41.2251
1298880248 -8.55485 41.225
1298880249 -8.55495 41.2249
1298880250 -8.55505 41.2249
1298880251 -8.55515 41.2248
1298880252 -8.55524 41.2247
1298880253 -8.55535 41.2246
1298880254 -8.55545 41.2245
1298880255 -8.55554 41.2244
1298880256 -8.55564 41.2244
1298880257 -8.55573 41.2243
1298880258 -8.55583 41.2242
1298880259 -8.55591 41.2241
1298880260 -8.556 41.224
1298880261 -8.55607 41.2239
1298880262 -8.55615 41.2237
1298880263 -8.55623 41.2236
1298880264 -8.5563 41.2235
1298880265 -8.55638 41.2233
1298880266 -8.55644 41.2232
1298880267 -8.55652 41.2231
1298880268 -8.5566 41.223
1298880269 -8.55667 41.2228
1298880270 -8.55674 41.2227
1298880271 -8.55681 41.2226
1298880272 -8.55688 41.2225
1298880273 -8.55694 41.2224
1298880274 -8.55701 41.2223
1298880275 -8.5571 41.2222
1298880276 -8.55719 41.2222
1298880277 -8.5573 41.2221
1298880278 -8.55741 41.2221
1298880279 -8.55752 41.222
1298880280 -8.55762 41.2219
1298880281 -8.55775 41.2219
1298880282 -8.55788 41.2218
1298880283 -8.55802 41.2218
1298880284 -8.55815 41.2217
1298880285 -8.55827 41.2216
1298880286 -8.55838 41.2215
1298880287 -8.55845 41.2214
1298880288 -8.55851 41.2212
1298880289 -8.55855 41.2211
1298880290 -8.55858 41.221
1298880291 -8.55861 41.2209
1298880292 -8.55865 41.2208
1298880293 -8.55869 41.2207
1298880294 -8.55872 41.2206
1298880295 -8.55877 41.2205
1298880296 -8.55882 41.2205
1298880297 -8.55887 41.2204
1298880298 -8.55891 41.2203
1298880300 -8.55887 41.2202
1298880301 -8.55883 41.2201
1298880302 -8.5588 41.2201
1298880303 -8.55878 41.22
1298880304 -8.55878 41.2199
1298880305 -8.55878 41.2198
1298880306 -8.55878 41.2197
1298880307 -8.55878 41.2196
1298880308 -8.55878 41.2195
1298880309 -8.55878 41.2194
1298880310 -8.55878 41.2192
1298880311 -8.55877 41.2191
1298880312 -8.55877 41.2189
1298880313 -8.55877 41.2188
1298880314 -8.55877 41.2186
1298880315 -8.55877 41.2185
1298880316 -8.55877 41.2183
1298880317 -8.55877 41.2181
1298880318 -8.55878 41.218
1298880319 -8.55878 41.2178
1298880320 -8.55878 41.2177
1298880321 -8.55878 41.2176
1298880322 -8.55878 41.2174
1298880323 -8.55878 41.2173
1298880324 -8.55878 41.2171
1298880325 -8.55879 41.217
1298880326 -8.55882 41.2168
1298880327 -8.55885 41.2167
1298880328 -8.55888 41.2166
1298880329 -8.55894 41.2164
1298880330 -8.55899 41.2163
1298880331 -8.55906 41.2162
1298880332 -8.55914 41.2161
1298880333 -8.55922 41.216
1298880334 -8.55929 41.2159
1298880335 -8.55935 41.2158
1298880336 -8.55941 41.2158
1298880337 -8.55947 41.2157
1298880338 -8.55951 41.2156
1298880339 -8.55957 41.2156
1298880340 -8.5596 41.2155
1298880341 -8.55964 41.2155
1298880342 -8.55968 41.2154
1298880343 -8.55971 41.2154
1298880344 -8.55975 41.2153
1298880345 -8.55978 41.2153
1298880346 -8.55981 41.2153
1298880347 -8.55983 41.2153
1298880348 -8.55984 41.2152
1298880350 -8.55985 41.2152
1298880351 -8.55986 41.2152
1298880352 -8.55988 41.2152
1298880353 -8.55989 41.2152
1298880354 -8.5599 41.2152
1298880355 -8.55991 41.2151
1298880356 -8.55992 41.2151
1298880357 -8.55993 41.2151
1298880358 -8.55995 41.2151
1298880359 -8.55997 41.2151
1298880360 -8.56 41.215
1298880361 -8.56004 41.215
1298880362 -8.56008 41.2149
1298880363 -8.56013 41.2149
1298880364 -8.56017 41.2148
1298880365 -8.56023 41.2148
1298880366 -8.56029 41.2147
1298880367 -8.56035 41.2147
1298880368 -8.56041 41.2146
1298880369 -8.56048 41.2146
1298880370 -8.56054 41.2145
1298880371 -8.5606 41.2145
1298880372 -8.56067 41.2144
1298880373 -8.56074 41.2144
1298880374 -8.56081 41.2143
1298880375 -8.56087 41.2143
1298880376 -8.56094 41.2142
1298880377 -8.56102 41.2142
1298880378 -8.56109 41.2142
1298880379 -8.56117 41.2141
1298880380 -8.56125 41.2141
1298880381 -8.56134 41.2141
1298880382 -8.56144 41.214
1298880383 -8.56154 41.214
1298880384 -8.56164 41.2139
1298880385 -8.56175 41.2139
1298880386 -8.56186 41.2138
1298880387 -8.56196 41.2138
1298880388 -8.56207 41.2138
1298880389 -8.56217 41.2137
1298880390 -8.56226 41.2137
1298880391 -8.56233 41.2136
1298880392 -8.5624 41.2136
1298880393 -8.56245 41.2136
1298880394 -8.56248 41.2136
1298880395 -8.5625 41.2136
1298880396 -8.56252 41.2136
1298880397 -8.56253 41.2136
1298880398 -8.56254 41.2136
1298880399 -8.56256 41.2136
1298880400 -8.56261 41.2135
1298880401 -8.56266 41.2135
1298880402 -8.56272 41.2135
1298880403 -8.56277 41.2135
1298880404 -8.56283 41.2134
1298880405 -8.56292 41.2134
1298880406 -8.56301 41.2134
1298880407 -8.56311 41.2133
1298880408 -8.56323 41.2133
1298880409 -8.56335 41.2132
1298880410 -8.56347 41.2132
1298880411 -8.5636 41.2131
1298880412 -8.56373 41.2131
1298880413 -8.56386 41.213
1298880414 -8.56397 41.2129
1298880415 -8.56406 41.2128
1298880416 -8.56415 41.2127
1298880417 -8.56423 41.2126
1298880418 -8.5643 41.2125
1298880419 -8.56438 41.2124
1298880420 -8.56446 41.2123
1298880421 -8.56454 41.2122
1298880422 -8.56462 41.2121
1298880423 -8.56471 41.212
1298880424 -8.56478 41.2119
1298880425 -8.56486 41.2118
1298880426 -8.56493 41.2117
1298880427 -8.565 41.2117
1298880428 -8.56508 41.2116
1298880429 -8.56515 41.2115
1298880430 -8.56522 41.2114
1298880431 -8.56527 41.2113
1298880432 -8.56533 41.2113
1298880433 -8.56538 41.2112
1298880434 -8.56543 41.2112
1298880435 -8.56546 41.2111
1298880436 -8.5655 41.2111
1298880437 -8.56553 41.211
1298880438 -8.56556 41.211
1298880439 -8.5656 41.2109
1298880440 -8.56563 41.2109
1298880441 -8.56567 41.2109
1298880442 -8.56571 41.2108
1298880443 -8.56576 41.2107
1298880444 -8.5658 41.2107
1298880445 -8.56585 41.2106
1298880446 -8.56589 41.2106
1298880447 -8.56593 41.2105
1298880448 -8.56597 41.2105
1298880449 -8.56603 41.2104
1298880450 -8.56608 41.2103
1298880451 -8.56614 41.2103
1298880452 -8.5662 41.2102
1298880453 -8.56626 41.2101
1298880454 -8.56633 41.21
1298880455 -8.56638 41.21
1298880456 -8.56643 41.2099
1298880457 -8.56649 41.2098
1298880458 -8.56653 41.2098
1298880459 -8.56658 41.2097
1298880460 -8.56662 41.2097
1298880461 -8.56667 41.2096
1298880462 -8.56671 41.2096
1298880463 -8.56676 41.2095
1298880464 -8.56681 41.2094
1298880465 -8.56687 41.2094
1298880466 -8.56691 41.2093
1298880467 -8.56696 41.2093
1298880468 -8.56698 41.2092
1298880469 -8.56701 41.2092
1298880470 -8.56703 41.2091
1298880471 -8.56705 41.2091
1298880472 -8.56706 41.2091
1298880473 -8.56708 41.209
1298880474 -8.5671 41.209
1298880475 -8.56711 41.2089
1298880476 -8.56712 41.2089
1298880477 -8.56712 41.2088
1298880478 -8.56713 41.2087
1298880479 -8.56714 41.2086
1298880480 -8.56715 41.2086
1298880481 -8.56715 41.2085
1298880482 -8.56715 41.2084
1298880484 -8.56715 41.2083
1298880486 -8.56716 41.2082
1298880487 -8.56718 41.2081
1298880488 -8.56719 41.2081
1298880489 -8.5672 41.208
1298880493 -8.56719 41.208
1298880494 -8.5672 41.2079
1298880495 -8.56718 41.2079
1298880496 -8.56717 41.2079
1298880497 -8.56716 41.2079
1298880499 -8.56715 41.2079
1298880502 -8.56714 41.2079
1298880505 -8.56713 41.2079
1298880507 -8.56712 41.2079
1298880509 -8.56712 41.2078
1298880510 -8.56711 41.2078
1298880516 -8.5671 41.2078
1298880525 -8.56709 41.2078
1298880536 -8.56713 41.2078
1298880537 -8.56713 41.2077
1298880539 -8.56713 41.2076
1298880541 -8.56713 41.2075
1298880542 -8.56713 41.2074
1298880544 -8.56713 41.2073
1298880545 -8.56713 41.2072
1298880547 -8.56714 41.2071
1298880548 -8.56714 41.207
1298880549 -8.56715 41.207
1298880551 -8.56716 41.207
1298880552 -8.56717 41.207
1298880553 -8.56718 41.2069
1298880556 -8.56719 41.2068
1298880557 -8.56722 41.2067
1298880558 -8.56724 41.2066
1298880559 -8.56728 41.2066
1298880560 -8.56733 41.2065
1298880561 -8.56738 41.2064
1298880562 -8.56742 41.2063
1298880563 -8.56748 41.2062
1298880564 -8.56752 41.2061
1298880565 -8.56758 41.206
1298880566 -8.56763 41.206
1298880567 -8.56769 41.2059
1298880568 -8.56775 41.2058
1298880569 -8.56781 41.2058
1298880570 -8.56788 41.2057
1298880571 -8.56795 41.2056
1298880572 -8.56804 41.2055
1298880573 -8.56811 41.2055
1298880574 -8.56818 41.2054
1298880575 -8.56826 41.2053
1298880576 -8.56833 41.2053
1298880577 -8.56842 41.2052
1298880578 -8.56852 41.2051
1298880579 -8.56862 41.2051
1298880580 -8.56873 41.205
1298880581 -8.56884 41.2049
1298880582 -8.56895 41.2049
1298880583 -8.56907 41.2048
1298880584 -8.56918 41.2047
1298880585 -8.56929 41.2047
1298880586 -8.5694 41.2046
1298880587 -8.56949 41.2046
1298880588 -8.56958 41.2045
1298880589 -8.56964 41.2045
1298880590 -8.56968 41.2044
1298880591 -8.56972 41.2044
1298880592 -8.56975 41.2044
1298880593 -8.56976 41.2044
1298880595 -8.56977 41.2044
1298880597 -8.56978 41.2044
1298880603 -8.56979 41.2044
1298880604 -8.5698 41.2044
1298880638 -8.56981 41.2044
1298880639 -8.56983 41.2044
1298880640 -8.56985 41.2043
1298880641 -8.5699 41.2043
1298880642 -8.56994 41.2043
1298880643 -8.56998 41.2043
1298880644 -8.57003 41.2042
1298880645 -8.5701 41.2042
1298880646 -8.57016 41.2042
1298880647 -8.5702 41.2041
1298880648 -8.57027 41.2041
1298880649 -8.57034 41.204
1298880650 -8.57043 41.204
1298880651 -8.57051 41.2039
1298880652 -8.5706 41.2039
1298880653 -8.57068 41.2038
1298880654 -8.57077 41.2038
1298880655 -8.57084 41.2037
1298880656 -8.57093 41.2037
1298880657 -8.57102 41.2036
1298880658 -8.5711 41.2036
1298880659 -8.57116 41.2035
1298880660 -8.57119 41.2035
1298880661 -8.57121 41.2035
1298880666 -8.57122 41.2035
1298880667 -8.57123 41.2035
1298880668 -8.57125 41.2035
1298880669 -8.57127 41.2034
1298880670 -8.57129 41.2034
1298880671 -8.57131 41.2034
1298880672 -8.57133 41.2034
1298880673 -8.57135 41.2034
1298880674 -8.57137 41.2034
1298880675 -8.57141 41.2034
1298880676 -8.57145 41.2033
1298880677 -8.57148 41.2033
1298880678 -8.57151 41.2033
1298880679 -8.57153 41.2033
1298880680 -8.57154 41.2033
1298880681 -8.57156 41.2033
1298880682 -8.57159 41.2032
1298880683 -8.57164 41.2032
1298880684 -8.5717 41.2031
1298880685 -8.57177 41.2031
1298880686 -8.57185 41.203
1298880687 -8.57195 41.2029
1298880688 -8.57206 41.2028
1298880689 -8.57218 41.2027
1298880690 -8.5723 41.2026
1298880691 -8.57245 41.2025
1298880692 -8.57259 41.2023
1298880693 -8.57275 41.2022
1298880694 -8.57291 41.202
1298880695 -8.57306 41.2019
1298880696 -8.57321 41.2018
1298880697 -8.57335 41.2017
1298880698 -8.57349 41.2016
1298880699 -8.57361 41.2015
1298880700 -8.5737 41.2015
1298880701 -8.57378 41.2014
1298880702 -8.57385 41.2013
1298880703 -8.57392 41.2012
1298880704 -8.574 41.2012
1298880705 -8.57408 41.2011
1298880706 -8.57415 41.201
1298880707 -8.57421 41.2009
1298880708 -8.57428 41.2009
1298880709 -8.57435 41.2008
1298880710 -8.57441 41.2007
1298880711 -8.57447 41.2006
1298880712 -8.57454 41.2005
1298880713 -8.57461 41.2005
1298880714 -8.57467 41.2004
1298880715 -8.57474 41.2003
1298880716 -8.57481 41.2002
1298880717 -8.57489 41.2001
1298880718 -8.57496 41.2
1298880719 -8.57502 41.1999
1298880720 -8.57507 41.1999
1298880721 -8.57511 41.1998
1298880722 -8.57516 41.1997
1298880723 -8.57522 41.1997
1298880724 -8.57528 41.1996
1298880725 -8.57535 41.1995
1298880726 -8.57543 41.1994
1298880727 -8.5755 41.1993
1298880728 -8.57556 41.1992
1298880729 -8.57561 41.199
1298880730 -8.57567 41.1989
1298880731 -8.57571 41.1988
1298880732 -8.57575 41.1987
1298880733 -8.57578 41.1986
1298880734 -8.5758 41.1985
1298880735 -8.57582 41.1984
1298880736 -8.57585 41.1983
1298880737 -8.57587 41.1982
1298880738 -8.57589 41.1981
1298880739 -8.57591 41.1981
1298880740 -8.57593 41.198
1298880741 -8.57594 41.1979
1298880742 -8.57595 41.1979
1298880743 -8.57596 41.1979
1298880744 -8.57597 41.1978
1298880746 -8.57598 41.1977
1298880747 -8.57599 41.1977
1298880749 -8.576 41.1977
1298880752 -8.576 41.1976
1298880753 -8.57601 41.1976
1298880754 -8.57602 41.1975
1298880755 -8.57603 41.1975
1298880756 -8.57604 41.1975
1298880758 -8.57605 41.1974
1298880760 -8.57606 41.1974
1298880761 -8.57606 41.1973
1298880763 -8.57608 41.1972
1298880764 -8.57609 41.1972
1298880765 -8.5761 41.1972
1298880766 -8.57611 41.1972
1298880767 -8.57611 41.1971
1298880769 -8.57612 41.1971
1298880776 -8.57613 41.1971
1298880778 -8.57615 41.1971
1298880780 -8.57616 41.197
1298880781 -8.57618 41.197
1298880782 -8.5762 41.1969
1298880783 -8.57623 41.1969
1298880784 -8.57626 41.1968
1298880785 -8.57631 41.1968
1298880786 -8.57635 41.1967
1298880787 -8.57641 41.1967
1298880788 -8.57647 41.1967
1298880789 -8.57656 41.1966
1298880790 -8.57666 41.1966
1298880791 -8.57676 41.1966
1298880792 -8.57686 41.1966
1298880793 -8.57695 41.1966
1298880794 -8.57703 41.1965
1298880795 -8.5771 41.1965
1298880796 -8.5772 41.1965
1298880797 -8.57732 41.1965
1298880798 -8.57744 41.1965
1298880799 -8.57759 41.1965
1298880800 -8.57774 41.1965
1298880801 -8.57789 41.1965
1298880802 -8.57804 41.1965
1298880803 -8.5782 41.1964
1298880804 -8.57834 41.1964
1298880805 -8.57849 41.1964
1298880806 -8.57863 41.1964
1298880807 -8.57876 41.1963
1298880808 -8.57891 41.1963
1298880809 -8.57904 41.1963
1298880810 -8.57919 41.1963
1298880811 -8.57932 41.1962
1298880812 -8.57946 41.1962
1298880813 -8.57957 41.1962
1298880814 -8.57969 41.1962
1298880815 -8.5798 41.1961
1298880816 -8.57992 41.1961
1298880817 -8.58002 41.1961
1298880818 -8.58013 41.1961
1298880819 -8.58025 41.196
1298880820 -8.58035 41.196
1298880821 -8.58044 41.196
1298880822 -8.58053 41.1959
1298880823 -8.5806 41.1959
1298880824 -8.58067 41.1959
1298880825 -8.58074 41.1958
1298880826 -8.58081 41.1958
1298880827 -8.58089 41.1958
1298880828 -8.58096 41.1957
1298880829 -8.58102 41.1957
1298880830 -8.58108 41.1957
1298880831 -8.5811 41.1956
1298880832 -8.58112 41.1956
1298880833 -8.58114 41.1956
1298880835 -8.58115 41.1956
1298880836 -8.58116 41.1955
1298880837 -8.58118 41.1955
1298880838 -8.58123 41.1955
1298880839 -8.58129 41.1954
1298880840 -8.58136 41.1954
1298880841 -8.58145 41.1954
1298880842 -8.58155 41.1954
1298880843 -8.58163 41.1954
1298880844 -8.58171 41.1954
1298880845 -8.58178 41.1953
1298880846 -8.58186 41.1953
1298880847 -8.58192 41.1953
1298880848 -8.58199 41.1953
1298880849 -8.58203 41.1953
1298880850 -8.58209 41.1952
1298880851 -8.58216 41.1952
1298880852 -8.58222 41.1952
1298880853 -8.58228 41.1951
1298880854 -8.58234 41.1951
1298880855 -8.58239 41.195
1298880856 -8.58243 41.1949
1298880857 -8.58249 41.1949
1298880858 -8.58257 41.1948
1298880859 -8.58266 41.1948
1298880860 -8.58275 41.1947
1298880861 -8.58282 41.1946
1298880862 -8.58289 41.1946
1298880863 -8.58294 41.1945
1298880864 -8.58299 41.1944
1298880865 -8.58302 41.1943
1298880866 -8.58304 41.1943
1298880867 -8.58306 41.1942
1298880868 -8.58307 41.1941
1298880869 -8.58308 41.194
1298880870 -8.58309 41.1939
1298880871 -8.58311 41.1938
1298880872 -8.58315 41.1938
1298880873 -8.58317 41.1937
1298880874 -8.5832 41.1936
1298880875 -8.58323 41.1935
1298880876 -8.58325 41.1935
1298880877 -8.58327 41.1934
1298880878 -8.5833 41.1933
1298880879 -8.58334 41.1933
1298880880 -8.58338 41.1932
1298880881 -8.58343 41.1932
1298880882 -8.58352 41.1932
1298880883 -8.58361 41.1932
1298880884 -8.58372 41.1933
1298880885 -8.58384 41.1933
1298880886 -8.58396 41.1933
1298880887 -8.58408 41.1933
1298880888 -8.58421 41.1934
1298880889 -8.58433 41.1934
1298880890 -8.58442 41.1934
1298880891 -8.5845 41.1935
1298880892 -8.58457 41.1935
1298880893 -8.58465 41.1936
1298880894 -8.58474 41.1936
1298880895 -8.58481 41.1935
1298880896 -8.58486 41.1935
1298880897 -8.58487 41.1934
1298880898 -8.58486 41.1934
1298880899 -8.58485 41.1933
1298880900 -8.58487 41.1932
1298880901 -8.58491 41.1931
1298880902 -8.58497 41.193
1298880903 -8.58504 41.1929
1298880904 -8.5851 41.1928
1298880905 -8.58516 41.1927
1298880906 -8.58524 41.1926
1298880907 -8.5853 41.1925
1298880908 -8.58537 41.1924
1298880909 -8.58543 41.1923
1298880910 -8.5855 41.1922
1298880911 -8.58558 41.1921
1298880912 -8.58565 41.192
1298880913 -8.58572 41.1919
1298880914 -8.58579 41.1917
1298880915 -8.58586 41.1916
1298880916 -8.58592 41.1915
1298880917 -8.58597 41.1914
1298880918 -8.58604 41.1914
1298880919 -8.58609 41.1913
1298880920 -8.58614 41.1912
1298880921 -8.58619 41.1911
1298880922 -8.58623 41.191
1298880923 -8.58627 41.191
1298880924 -8.58632 41.1909
1298880925 -8.58636 41.1909
1298880926 -8.5864 41.1908
1298880928 -8.58637 41.1907
1298880929 -8.58632 41.1907
1298880930 -8.58625 41.1907
1298880931 -8.5862 41.1906
1298880932 -8.58616 41.1906
1298880933 -8.58613 41.1905
1298880934 -8.58612 41.1904
1298880935 -8.58613 41.1903
1298880936 -8.58615 41.1902
1298880937 -8.5862 41.1902
1298880938 -8.58626 41.1901
1298880939 -8.58634 41.19
1298880940 -8.58645 41.19
1298880941 -8.58657 41.1899
1298880942 -8.58669 41.1898
1298880943 -8.58683 41.1898
1298880944 -8.58695 41.1897
1298880945 -8.58708 41.1897
1298880946 -8.58719 41.1896
1298880947 -8.5873 41.1895
1298880948 -8.5874 41.1895
1298880949 -8.58749 41.1894
1298880950 -8.58758 41.1893
1298880951 -8.58766 41.1892
1298880952 -8.58775 41.1892
1298880953 -8.58782 41.1891
1298880954 -8.58787 41.189
1298880955 -8.58793 41.189
1298880956 -8.58796 41.1889
1298880957 -8.58798 41.1889
1298880959 -8.58799 41.1889
1298880960 -8.58798 41.1888
1298880961 -8.58796 41.1888
1298880962 -8.58793 41.1888
1298880963 -8.5879 41.1888
1298880964 -8.58785 41.1888
1298880965 -8.58781 41.1888
1298880966 -8.58775 41.1888
1298880967 -8.5877 41.1888
1298880968 -8.58766 41.1888
1298880969 -8.58765 41.1888
1298880970 -8.58766 41.1887
1298880971 -8.58768 41.1887
1298880972 -8.5877 41.1886
1298880973 -8.58772 41.1885
1298880974 -8.58774 41.1884
1298880975 -8.58776 41.1883
1298880976 -8.58781 41.1883
1298880977 -8.58784 41.1882
1298880978 -8.58788 41.1881
1298880979 -8.58791 41.188
1298880980 -8.58793 41.188
1298880981 -8.58793 41.1879
1298880982 -8.58794 41.1879
1298881000 -8.58795 41.1878
1298881001 -8.58796 41.1878
1298881002 -8.58797 41.1878
1298881003 -8.58798 41.1878
1298881004 -8.588 41.1877
1298881005 -8.58801 41.1877
1298881006 -8.58803 41.1876
1298881008 -8.58805 41.1875
1298881009 -8.58806 41.1875
1298881010 -8.58807 41.1875
1298881011 -8.58808 41.1874
1298881012 -8.5881 41.1873
1298881013 -8.58812 41.1873
1298881014 -8.58814 41.1872
1298881015 -8.58818 41.1871
1298881016 -8.58821 41.187
1298881017 -8.58825 41.187
1298881018 -8.58828 41.1869
1298881019 -8.5883 41.1868
1298881022 -8.58831 41.1868
1298881031 -8.58832 41.1868
1298881036 -8.58832 41.1867
1298881037 -8.58833 41.1867
1298881038 -8.58834 41.1867
1298881039 -8.58835 41.1867
1298881040 -8.58836 41.1866
1298881041 -8.58838 41.1866
1298881042 -8.5884 41.1865
1298881043 -8.58843 41.1864
1298881044 -8.58847 41.1863
1298881045 -8.5885 41.1862
1298881046 -8.58855 41.1861
1298881047 -8.5886 41.186
1298881048 -8.58866 41.1859
1298881049 -8.58872 41.1857
1298881050 -8.58877 41.1856
1298881051 -8.58882 41.1855
1298881052 -8.58888 41.1855
1298881053 -8.58896 41.1854
1298881054 -8.58905 41.1854
1298881055 -8.58914 41.1854
1298881056 -8.58921 41.1853
1298881057 -8.58925 41.1853
1298881058 -8.58927 41.1852
1298881059 -8.58928 41.1851
1298881060 -8.5893 41.185
1298881061 -8.58936 41.1849
1298881062 -8.58942 41.1847
1298881063 -8.58948 41.1846
1298881064 -8.58956 41.1845
1298881065 -8.58962 41.1844
1298881066 -8.58968 41.1843
1298881067 -8.58974 41.1842
1298881068 -8.5898 41.1841
1298881069 -8.58986 41.184
1298881070 -8.58992 41.1839
1298881071 -8.58999 41.1838
1298881072 -8.59005 41.1837
1298881073 -8.5901 41.1836
1298881074 -8.59015 41.1836
1298881075 -8.59018 41.1835
1298881076 -8.59019 41.1835
1298881077 -8.5902 41.1835
1298881079 -8.59021 41.1835
1298881080 -8.59022 41.1835
1298881081 -8.59026 41.1835
1298881082 -8.59031 41.1835
1298881083 -8.59037 41.1834
1298881084 -8.59044 41.1834
1298881085 -8.59049 41.1834
1298881086 -8.59053 41.1833
1298881088 -8.59049 41.1832
1298881089 -8.59043 41.1832
1298881090 -8.59034 41.1831
1298881091 -8.59025 41.1831
1298881092 -8.59017 41.1831
1298881093 -8.59009 41.1831
1298881094 -8.59002 41.183
1298881095 -8.58994 41.183
1298881096 -8.58985 41.1829
1298881097 -8.58975 41.1829
1298881098 -8.58965 41.1828
1298881099 -8.58956 41.1827
1298881100 -8.58946 41.1827
1298881101 -8.58938 41.1826
1298881102 -8.58929 41.1826
1298881103 -8.58919 41.1825
1298881104 -8.58909 41.1825
1298881105 -8.58899 41.1824
1298881106 -8.58887 41.1823
1298881107 -8.58877 41.1823
1298881108 -8.58867 41.1823
1298881109 -8.58857 41.1823
1298881110 -8.58846 41.1822
1298881111 -8.58835 41.1822
1298881112 -8.58824 41.1822
1298881113 -8.58814 41.1821
1298881114 -8.58803 41.1821
1298881115 -8.58792 41.1821
1298881116 -8.58782 41.1821
1298881117 -8.58772 41.182
1298881118 -8.58765 41.182
1298881119 -8.58757 41.182
1298881120 -8.58749 41.182
1298881121 -8.58742 41.1819
1298881122 -8.58736 41.1819
1298881123 -8.58732 41.1819
1298881124 -8.5873 41.1819
1298881125 -8.58727 41.1819
1298881126 -8.58725 41.1819
1298881128 -8.58725 41.1818
1298881130 -8.58724 41.1818
1298881133 -8.58726 41.1818
1298881135 -8.58727 41.1818
1298881136 -8.58728 41.1818
1298881138 -8.58729 41.1818
1298881141 -8.5873 41.1818
1298881143 -8.58731 41.1818
1298881149 -8.5872 41.1818
1298881150 -8.58714 41.1817
1298881151 -8.5871 41.1817
1298881152 -8.58696 41.1818
1298881153 -8.58687 41.1818
1298881154 -8.58676 41.1818
1298881155 -8.58666 41.1817
1298881156 -8.58654 41.1817
1298881157 -8.58641 41.1817
1298881158 -8.58631 41.1817
1298881159 -8.58619 41.1816
1298881160 -8.58608 41.1816
1298881161 -8.58596 41.1816
1298881162 -8.58587 41.1816
1298881163 -8.58577 41.1815
1298881164 -8.58568 41.1815
1298881165 -8.58559 41.1815
1298881166 -8.58551 41.1815
1298881167 -8.58544 41.1815
1298881168 -8.58537 41.1814
1298881169 -8.58529 41.1814
1298881170 -8.5852 41.1814
1298881171 -8.58512 41.1814
1298881172 -8.58506 41.1814
1298881173 -8.58497 41.1813
1298881174 -8.58492 41.1813
1298881175 -8.58487 41.1813
1298881176 -8.58483 41.1813
1298881177 -8.58481 41.1813
1298881178 -8.5848 41.1813
1298881180 -8.58479 41.1813
1298881184 -8.58478 41.1813
1298881187 -8.58477 41.1814
1298881188 -8.58476 41.1814
1298881189 -8.58473 41.1813
1298881190 -8.58471 41.1813
1298881191 -8.5847 41.1813
1298881192 -8.58469 41.1813
1298881193 -8.58467 41.1813
1298881194 -8.58466 41.1813
1298881195 -8.58465 41.1813
1298881196 -8.58464 41.1813
1298881197 -8.58461 41.1813
1298881198 -8.5846 41.1813
1298881199 -8.58459 41.1813
1298881200 -8.58458 41.1812
