:break:
1298880154 -8.60717 41.1503
1298880155 -8.60716 41.1503
1298880160 -8.60715 41.1503
1298880162 -8.60714 41.1503
1298880164 -8.60713 41.1503
1298880166 -8.60712 41.1503
1298880167 -8.60711 41.1503
1298880170 -8.6071 41.1503
1298880172 -8.60709 41.1503
1298880174 -8.60708 41.1503
1298880182 -8.60707 41.1503
1298880209 -8.60706 41.1503
1298880212 -8.60705 41.1503
1298880215 -8.60705 41.1502
1298880222 -8.60706 41.1502
1298880236 -8.60707 41.1502
1298880245 -8.60708 41.1502
1298880290 -8.60709 41.1502
1298880295 -8.6071 41.1502
1298880297 -8.60711 41.1502
1298880305 -8.60719 41.1503
1298880306 -8.6072 41.1503
1298880308 -8.60721 41.1503
1298880309 -8.60722 41.1503
1298880310 -8.60723 41.1503
1298880312 -8.60724 41.1504
1298880313 -8.60725 41.1504
1298880316 -8.60726 41.1504
1298880331 -8.60723 41.1504
1298880338 -8.60722 41.1504
1298880350 -8.60721 41.1504
1298880356 -8.6072 41.1504
1298880381 -8.60718 41.1503
1298880468 -8.60704 41.1503
1298880496 -8.60703 41.1503
1298880501 -8.60703 41.1502
1298880513 -8.60704 41.1502
1298880941 -8.60712 41.1502
1298880943 -8.60713 41.1502
1298880944 -8.60714 41.1502
1298880945 -8.60715 41.1502
1298880955 -8.60724 41.1503
1298880957 -8.60725 41.1503
1298880960 -8.60726 41.1503
1298880980 -8.60728 41.1503
1298880982 -8.60727 41.1502
1298880983 -8.60726 41.1502
1298880985 -8.60724 41.1502
1298880987 -8.60723 41.1502
1298880991 -8.60722 41.1502
1298880999 -8.60721 41.1502
1298881014 -8.60723 41.1501
1298881015 -8.60726 41.1501
1298881016 -8.60729 41.1501
1298881017 -8.60736 41.1501
1298881018 -8.60743 41.1501
1298881019 -8.60751 41.1501
1298881020 -8.60758 41.1501
1298881021 -8.60764 41.1501
1298881022 -8.60767 41.1501
1298881023 -8.60768 41.1502
1298881025 -8.60767 41.1502
1298881029 -8.60766 41.1502
1298881031 -8.60765 41.1502
1298881034 -8.60764 41.1502
1298881040 -8.60763 41.1502
1298881062 -8.60764 41.1503
1298881064 -8.60766 41.1503
1298881065 -8.60771 41.1503
1298881066 -8.60775 41.1503
1298881067 -8.60782 41.1503
1298881068 -8.60788 41.1503
1298881069 -8.60796 41.1503
1298881070 -8.60804 41.1503
1298881071 -8.60813 41.1504
1298881072 -8.60822 41.1504
1298881073 -8.60832 41.1504
1298881074 -8.60842 41.1504
1298881075 -8.60851 41.1505
1298881076 -8.6086 41.1505
1298881077 -8.60869 41.1505
1298881078 -8.60875 41.1505
1298881079 -8.60881 41.1505
1298881080 -8.60884 41.1506
1298881081 -8.60888 41.1506
1298881082 -8.60894 41.1506
1298881083 -8.60901 41.1506
1298881084 -8.6091 41.1506
1298881085 -8.6092 41.1506
1298881086 -8.6093 41.1507
1298881087 -8.60941 41.1507
1298881088 -8.60952 41.1507
1298881089 -8.60962 41.1508
1298881090 -8.60972 41.1508
1298881091 -8.60981 41.1508
1298881092 -8.60989 41.1509
1298881093 -8.60992 41.1509
1298881094 -8.60993 41.151
1298881095 -8.60991 41.1511
1298881096 -8.60986 41.1511
1298881097 -8.6098 41.1512
1298881098 -8.60975 41.1512
1298881099 -8.6097 41.1513
1298881100 -8.60964 41.1514
1298881101 -8.60961 41.1514
1298881102 -8.60959 41.1514
1298881113 -8.6096 41.1514
1298881119 -8.60958 41.1514
1298881120 -8.60956 41.1515
1298881121 -8.60954 41.1515
1298881123 -8.60954 41.1516
1298881124 -8.60957 41.1516
1298881125 -8.60962 41.1517
1298881126 -8.60966 41.1517
1298881127 -8.60971 41.1518
1298881128 -8.60978 41.1518
1298881129 -8.60983 41.1518
1298881130 -8.60988 41.1519
1298881131 -8.6099 41.1519
1298881132 -8.60991 41.1519
1298881133 -8.60992 41.1519
1298881134 -8.60993 41.1519
1298881141 -8.60994 41.1519
1298881144 -8.60994 41.1518
1298881151 -8.60993 41.1518
1298881154 -8.60992 41.1518
1298881158 -8.60991 41.1518
1298881189 -8.60995 41.1519
1298881190 -8.60998 41.1519
1298881191 -8.61003 41.1519
1298881192 -8.61008 41.1519
1298881193 -8.61016 41.1519
1298881194 -8.61022 41.1518
1298881195 -8.61028 41.1518
1298881196 -8.61034 41.1517
1298881197 -8.6104 41.1516
1298881198 -8.61045 41.1515
1298881199 -8.61052 41.1514
1298881200 -8.61059 41.1513
