:break:
1298880060 -8.59958 41.1539
1298880061 -8.59962 41.1538
1298880062 -8.59964 41.1537
1298880063 -8.59965 41.1536
1298880064 -8.59966 41.1535
1298880065 -8.59969 41.1534
1298880066 -8.59971 41.1532
1298880067 -8.59972 41.1531
1298880068 -8.59975 41.153
1298880069 -8.59977 41.1529
1298880070 -8.5998 41.1528
1298880071 -8.59982 41.1527
1298880072 -8.59984 41.1526
1298880073 -8.59987 41.1525
1298880074 -8.59989 41.1523
1298880075 -8.5999 41.1522
1298880076 -8.59992 41.1521
1298880077 -8.59993 41.152
1298880078 -8.59995 41.1519
1298880079 -8.59998 41.1518
1298880080 -8.59999 41.1518
1298880081 -8.60002 41.1517
1298880082 -8.60005 41.1516
1298880083 -8.60007 41.1516
1298880084 -8.60008 41.1515
1298880087 -8.60008 41.1514
1298880089 -8.60007 41.1514
1298880093 -8.60006 41.1514
1298880098 -8.60005 41.1514
1298880102 -8.60004 41.1514
1298880105 -8.60003 41.1514
1298880126 -8.60003 41.1513
1298880127 -8.60002 41.1514
1298880129 -8.60002 41.1513
1298880132 -8.60001 41.1513
1298880136 -8.6 41.1513
1298880139 -8.59999 41.1513
1298880166 -8.59999 41.1514
1298880180 -8.6 41.1514
1298880234 -8.59998 41.1514
1298880239 -8.59997 41.1514
1298880340 -8.60001 41.1514
1298880359 -8.60004 41.1513
1298880366 -8.60005 41.1513
1298880380 -8.60006 41.1513
1298880390 -8.60007 41.1513
1298880407 -8.60008 41.1513
1298880471 -8.60009 41.1514
1298880478 -8.6001 41.1514
1298880487 -8.6001 41.1513
1298880488 -8.60011 41.1513
1298880499 -8.60009 41.1513
1298880883 -8.59996 41.1514
1298880885 -8.59995 41.1514
1298880888 -8.59994 41.1514
1298881200 -8.59999 41.1514
