:break:
1298880014 -8.6053 41.1621
1298880015 -8.6054 41.1621
1298880016 -8.60553 41.1621
1298880017 -8.60566 41.1622
1298880018 -8.60579 41.1622
1298880019 -8.60594 41.1622
1298880020 -8.60607 41.1622
1298880021 -8.6062 41.1623
1298880022 -8.60632 41.1623
1298880023 -8.60645 41.1624
1298880024 -8.60658 41.1624
1298880025 -8.60672 41.1624
1298880026 -8.60688 41.1624
1298880027 -8.60704 41.1624
1298880028 -8.6072 41.1624
1298880029 -8.60733 41.1624
1298880030 -8.60748 41.1624
1298880031 -8.6076 41.1624
1298880032 -8.60769 41.1624
1298880033 -8.60778 41.1624
1298880034 -8.60787 41.1624
1298880035 -8.60795 41.1624
1298880036 -8.60803 41.1624
1298880037 -8.6081 41.1625
1298880038 -8.60818 41.1625
1298880039 -8.60824 41.1625
1298880040 -8.6083 41.1625
1298880041 -8.60836 41.1625
1298880042 -8.60838 41.1625
1298880043 -8.60841 41.1625
1298880044 -8.60844 41.1625
1298880045 -8.60846 41.1625
1298880046 -8.6085 41.1625
1298880047 -8.60854 41.1625
1298880048 -8.60858 41.1625
1298880049 -8.60863 41.1625
1298880050 -8.60868 41.1625
1298880051 -8.60874 41.1625
1298880052 -8.60881 41.1625
1298880053 -8.6089 41.1625
1298880054 -8.60898 41.1625
1298880055 -8.60906 41.1625
1298880056 -8.60911 41.1625
1298880057 -8.60917 41.1625
1298880058 -8.6092 41.1624
1298880059 -8.60925 41.1624
1298880060 -8.60928 41.1623
1298880061 -8.60933 41.1622
1298880062 -8.60936 41.1621
1298880063 -8.60939 41.1621
1298880064 -8.60943 41.162
1298880065 -8.60945 41.162
1298880066 -8.60946 41.1619
1298880067 -8.60947 41.1619
1298880069 -8.60948 41.1619
1298880072 -8.60949 41.1619
1298880075 -8.6095 41.1619
1298880079 -8.60951 41.1619
1298880082 -8.60952 41.1619
1298880088 -8.60953 41.1619
1298880090 -8.60953 41.162
1298880092 -8.60954 41.162
1298880093 -8.60954 41.1619
1298880095 -8.60955 41.1619
1298880096 -8.60957 41.1619
1298880097 -8.60959 41.1618
1298880099 -8.6096 41.1617
1298880100 -8.60961 41.1617
1298880101 -8.60962 41.1616
1298880103 -8.6096 41.1615
1298880104 -8.60957 41.1615
1298880105 -8.60954 41.1615
1298880106 -8.60951 41.1615
1298880107 -8.6095 41.1615
1298880108 -8.60949 41.1615
1298880111 -8.60948 41.1615
1298880114 -8.60947 41.1615
1298880115 -8.60945 41.1615
1298880116 -8.60941 41.1615
1298880117 -8.60936 41.1614
1298880118 -8.60929 41.1614
1298880119 -8.60919 41.1614
1298880120 -8.60908 41.1614
1298880121 -8.60896 41.1614
1298880122 -8.60884 41.1614
1298880123 -8.60873 41.1614
1298880124 -8.60863 41.1613
1298880125 -8.60852 41.1613
1298880126 -8.6084 41.1613
1298880127 -8.60829 41.1613
1298880128 -8.60819 41.1612
1298880129 -8.60808 41.1612
1298880130 -8.60801 41.1612
1298880131 -8.60797 41.1612
1298880132 -8.60794 41.1612
1298880133 -8.60792 41.1612
1298880135 -8.60791 41.1612
1298880137 -8.60791 41.1611
1298880139 -8.60792 41.1611
1298880147 -8.6079 41.1612
1298880155 -8.60789 41.1612
1298880156 -8.60786 41.1612
1298880157 -8.60781 41.1612
1298880158 -8.60773 41.1612
1298880159 -8.60766 41.1612
1298880160 -8.60756 41.1612
1298880161 -8.60746 41.1611
1298880162 -8.60736 41.1611
1298880163 -8.60725 41.1611
1298880164 -8.60711 41.1611
1298880165 -8.60699 41.1611
1298880166 -8.60684 41.1611
1298880167 -8.6067 41.161
1298880168 -8.60656 41.161
1298880169 -8.60643 41.161
1298880170 -8.6063 41.161
1298880171 -8.60619 41.1609
1298880172 -8.60608 41.1609
1298880173 -8.60599 41.1609
1298880174 -8.6059 41.1609
1298880175 -8.60583 41.1609
1298880176 -8.60576 41.1608
1298880177 -8.6057 41.1608
1298880178 -8.60564 41.1608
1298880179 -8.60555 41.1608
1298880180 -8.60545 41.1608
1298880181 -8.60535 41.1607
1298880182 -8.60523 41.1607
1298880183 -8.60512 41.1607
1298880184 -8.605 41.1606
1298880185 -8.60489 41.1606
1298880186 -8.60479 41.1605
1298880187 -8.60468 41.1605
1298880188 -8.60457 41.1605
1298880189 -8.60448 41.1605
1298880190 -8.6044 41.1606
1298880191 -8.60433 41.1607
1298880192 -8.60428 41.1608
1298880193 -8.60422 41.1608
1298880194 -8.60415 41.1609
1298880195 -8.60409 41.161
1298880196 -8.60404 41.1611
1298880197 -8.60399 41.1612
1298880198 -8.60396 41.1613
1298880199 -8.60392 41.1613
1298880200 -8.60392 41.1614
1298880201 -8.60393 41.1614
1298880203 -8.60394 41.1614
1298880206 -8.60395 41.1614
1298880213 -8.60395 41.1615
1298880214 -8.60396 41.1615
1298880215 -8.604 41.1616
1298880216 -8.60405 41.1617
1298880217 -8.60408 41.1617
1298880218 -8.60406 41.1618
1298880219 -8.60401 41.1618
1298880220 -8.60392 41.1619
1298880221 -8.60382 41.162
1298880222 -8.60372 41.1621
1298880223 -8.60363 41.1622
1298880224 -8.60352 41.1623
1298880225 -8.60341 41.1624
1298880226 -8.60329 41.1625
1298880227 -8.60317 41.1626
1298880228 -8.60304 41.1627
1298880229 -8.60291 41.1628
1298880230 -8.60277 41.1629
1298880231 -8.60263 41.163
1298880232 -8.6025 41.1631
1298880233 -8.60236 41.1632
1298880234 -8.60222 41.1633
1298880235 -8.60209 41.1634
1298880236 -8.60197 41.1635
1298880237 -8.60188 41.1636
1298880238 -8.6018 41.1636
1298880239 -8.60176 41.1637
1298880240 -8.60173 41.1637
1298880252 -8.60171 41.1637
1298880253 -8.60168 41.1638
1298880254 -8.60164 41.1638
1298880255 -8.60159 41.1639
1298880256 -8.60153 41.1639
1298880257 -8.60145 41.164
1298880258 -8.60136 41.164
1298880259 -8.60128 41.1641
1298880260 -8.60117 41.1642
1298880261 -8.60107 41.1643
1298880262 -8.60093 41.1643
1298880263 -8.60081 41.1644
1298880264 -8.6007 41.1645
1298880265 -8.60058 41.1646
1298880266 -8.60048 41.1647
1298880267 -8.60043 41.1647
1298880268 -8.60041 41.1647
1298880270 -8.6004 41.1647
1298880271 -8.60039 41.1647
1298880272 -8.60037 41.1648
1298880273 -8.60034 41.1648
1298880274 -8.60029 41.1648
1298880275 -8.60023 41.1649
1298880276 -8.60017 41.1649
1298880277 -8.60011 41.1649
1298880278 -8.60008 41.165
1298880283 -8.60009 41.165
1298880284 -8.6001 41.165
1298880286 -8.60011 41.165
1298880289 -8.60012 41.165
1298880292 -8.60013 41.165
1298880294 -8.60014 41.165
1298880297 -8.60015 41.165
1298880300 -8.60016 41.165
1298880306 -8.60003 41.165
1298880307 -8.59997 41.1651
1298880308 -8.5999 41.1651
1298880309 -8.59981 41.1651
1298880310 -8.59972 41.1651
1298880311 -8.59963 41.1652
1298880312 -8.59952 41.1652
1298880313 -8.59941 41.1653
1298880314 -8.5993 41.1654
1298880315 -8.59919 41.1654
1298880316 -8.59909 41.1655
1298880317 -8.59899 41.1655
1298880318 -8.59891 41.1655
1298880319 -8.59886 41.1655
1298880320 -8.59884 41.1655
1298880322 -8.59883 41.1655
1298880325 -8.59882 41.1655
1298880331 -8.59881 41.1655
1298880334 -8.59881 41.1656
1298880335 -8.5988 41.1656
1298880346 -8.59879 41.1656
1298880361 -8.5988 41.1655
1298880371 -8.59879 41.1655
1298880377 -8.59878 41.1655
1298880378 -8.59877 41.1655
1298880379 -8.59874 41.1655
1298880380 -8.5987 41.1656
1298880381 -8.59864 41.1656
1298880382 -8.59857 41.1656
1298880383 -8.59848 41.1657
1298880384 -8.59839 41.1657
1298880385 -8.59829 41.1658
1298880386 -8.59819 41.1658
1298880387 -8.59808 41.1658
1298880388 -8.59796 41.1659
1298880389 -8.59784 41.1659
1298880390 -8.59774 41.166
1298880391 -8.59769 41.166
1298880392 -8.59762 41.166
1298880393 -8.59754 41.166
1298880394 -8.59746 41.166
1298880395 -8.59737 41.1661
1298880396 -8.59728 41.1661
1298880397 -8.59719 41.1661
1298880398 -8.59708 41.1661
1298880399 -8.59698 41.1661
1298880400 -8.59688 41.1662
1298880401 -8.59679 41.1662
1298880402 -8.59669 41.1662
1298880403 -8.59657 41.1663
1298880404 -8.59648 41.1663
1298880405 -8.59638 41.1663
1298880406 -8.59627 41.1664
1298880407 -8.59615 41.1664
1298880408 -8.59604 41.1665
1298880409 -8.59592 41.1665
1298880410 -8.5958 41.1665
1298880411 -8.59569 41.1666
1298880412 -8.59558 41.1666
1298880413 -8.5954 41.1667
1298880414 -8.59525 41.1667
1298880415 -8.59511 41.1668
1298880416 -8.59497 41.1668
1298880417 -8.59485 41.1669
1298880418 -8.5947 41.1669
1298880419 -8.59457 41.1669
1298880420 -8.59441 41.1669
1298880421 -8.59432 41.167
1298880422 -8.59425 41.167
1298880423 -8.59419 41.167
1298880424 -8.59414 41.1671
1298880425 -8.59408 41.1671
1298880426 -8.59407 41.1671
1298880428 -8.59406 41.1672
1298880430 -8.59405 41.1672
1298880431 -8.59403 41.1672
1298880432 -8.59398 41.1671
1298880433 -8.59393 41.1672
1298880434 -8.59386 41.1672
1298880435 -8.59377 41.1672
1298880436 -8.59369 41.1673
1298880437 -8.59361 41.1673
1298880438 -8.59352 41.1673
1298880439 -8.59338 41.1674
1298880440 -8.59324 41.1675
1298880441 -8.59312 41.1675
1298880442 -8.59299 41.1676
1298880443 -8.59285 41.1677
1298880444 -8.59273 41.1677
1298880445 -8.59261 41.1678
1298880446 -8.59248 41.1679
1298880447 -8.59235 41.1679
1298880448 -8.59223 41.168
1298880449 -8.59209 41.1681
1298880450 -8.59197 41.1681
1298880451 -8.59184 41.1682
1298880452 -8.59171 41.1683
1298880453 -8.59157 41.1684
1298880454 -8.59144 41.1684
1298880455 -8.5913 41.1685
1298880456 -8.59117 41.1686
1298880457 -8.59107 41.1687
1298880458 -8.59098 41.1687
1298880459 -8.5909 41.1688
1298880460 -8.59088 41.1688
1298880461 -8.59085 41.1688
1298880462 -8.59083 41.1688
1298880463 -8.59082 41.1689
1298880464 -8.59081 41.1689
1298880465 -8.59077 41.1689
1298880466 -8.59073 41.1689
1298880467 -8.59069 41.1689
1298880468 -8.5906 41.169
1298880469 -8.59051 41.169
1298880470 -8.59042 41.1691
1298880471 -8.59032 41.1691
1298880472 -8.59021 41.1692
1298880473 -8.5901 41.1692
1298880474 -8.58999 41.1693
1298880475 -8.58988 41.1694
1298880476 -8.58976 41.1694
1298880477 -8.58965 41.1695
1298880478 -8.58955 41.1696
1298880479 -8.58943 41.1697
1298880480 -8.58933 41.1698
1298880481 -8.58924 41.1699
1298880482 -8.58915 41.17
1298880483 -8.58907 41.17
1298880484 -8.589 41.1701
1298880485 -8.58892 41.1702
1298880486 -8.58886 41.1703
1298880487 -8.5888 41.1704
1298880488 -8.58876 41.1705
1298880489 -8.58874 41.1706
1298880490 -8.5887 41.1707
1298880491 -8.58865 41.1708
1298880492 -8.58858 41.1709
1298880493 -8.58848 41.171
1298880494 -8.58843 41.1711
1298880495 -8.58838 41.1712
1298880496 -8.58831 41.1713
1298880497 -8.58825 41.1714
1298880498 -8.5882 41.1715
1298880499 -8.58812 41.1716
1298880500 -8.58805 41.1717
1298880501 -8.58797 41.1718
1298880502 -8.58792 41.1719
1298880503 -8.58787 41.172
1298880504 -8.58779 41.1721
1298880505 -8.58772 41.1722
1298880506 -8.58766 41.1723
1298880507 -8.58758 41.1725
1298880508 -8.58749 41.1726
1298880509 -8.58743 41.1727
1298880510 -8.58736 41.1728
1298880511 -8.5873 41.1729
1298880512 -8.58723 41.1731
1298880513 -8.58717 41.1732
1298880514 -8.58711 41.1733
1298880515 -8.58705 41.1734
1298880516 -8.58699 41.1735
1298880517 -8.58694 41.1736
1298880518 -8.58687 41.1737
1298880519 -8.58682 41.1738
1298880520 -8.58676 41.1739
1298880521 -8.58672 41.174
1298880522 -8.58667 41.1741
1298880523 -8.58662 41.1742
1298880524 -8.58657 41.1743
1298880525 -8.58651 41.1744
1298880526 -8.5865 41.1745
1298880527 -8.58646 41.1746
1298880528 -8.58642 41.1747
1298880529 -8.58639 41.1748
1298880530 -8.58633 41.1749
1298880531 -8.58628 41.175
1298880532 -8.58623 41.1751
1298880533 -8.58618 41.1752
1298880534 -8.58612 41.1753
1298880535 -8.58606 41.1754
1298880536 -8.58601 41.1755
1298880537 -8.58595 41.1756
1298880538 -8.58588 41.1757
1298880539 -8.58583 41.1758
1298880540 -8.58579 41.1759
1298880541 -8.58577 41.1759
1298880542 -8.58576 41.1759
1298880543 -8.58575 41.1759
1298880546 -8.58574 41.1759
1298880547 -8.58573 41.176
1298880548 -8.58572 41.176
1298880551 -8.58571 41.176
1298880554 -8.5857 41.176
1298880556 -8.58569 41.176
1298880559 -8.58568 41.176
1298880561 -8.58567 41.176
1298880562 -8.58565 41.1761
1298880563 -8.58562 41.1761
1298880564 -8.58559 41.1762
1298880565 -8.58556 41.1763
1298880566 -8.58552 41.1763
1298880567 -8.58549 41.1764
1298880568 -8.58544 41.1765
1298880569 -8.58539 41.1766
1298880570 -8.58535 41.1767
1298880571 -8.5853 41.1768
1298880572 -8.58525 41.1769
1298880573 -8.58517 41.177
1298880574 -8.58511 41.1772
1298880575 -8.58505 41.1773
1298880576 -8.58495 41.1774
1298880577 -8.58487 41.1776
1298880578 -8.58479 41.1777
1298880579 -8.5847 41.1778
1298880580 -8.58463 41.1779
1298880581 -8.58456 41.1781
1298880582 -8.58448 41.1782
1298880583 -8.58437 41.1783
1298880584 -8.5843 41.1784
1298880585 -8.58422 41.1785
1298880586 -8.58415 41.1787
1298880587 -8.58408 41.1787
1298880588 -8.58405 41.1788
1298880589 -8.58403 41.1788
1298880590 -8.58402 41.1789
1298880591 -8.584 41.1789
1298880592 -8.58399 41.1789
1298880593 -8.58398 41.1789
1298880594 -8.58398 41.179
1298880599 -8.58397 41.179
1298880600 -8.58392 41.1791
1298880601 -8.58391 41.1792
1298880602 -8.58389 41.1792
1298880603 -8.58388 41.1793
1298880604 -8.58384 41.1794
1298880605 -8.5838 41.1795
1298880606 -8.58377 41.1796
1298880607 -8.58376 41.1797
1298880608 -8.58376 41.1798
1298880609 -8.58368 41.18
1298880610 -8.58365 41.1801
1298880611 -8.58362 41.1802
1298880612 -8.58359 41.1803
1298880613 -8.58354 41.1805
1298880614 -8.58351 41.1806
1298880615 -8.58346 41.1807
1298880616 -8.58341 41.1808
1298880617 -8.58332 41.1808
1298880618 -8.58328 41.1808
1298880619 -8.58323 41.1808
1298880620 -8.58318 41.1808
1298880621 -8.58314 41.1808
1298880622 -8.58308 41.1809
1298880623 -8.58304 41.1809
1298880624 -8.583 41.1808
1298880625 -8.58298 41.1808
1298880626 -8.58297 41.1808
1298880628 -8.58296 41.1808
1298880629 -8.58295 41.1808
1298880634 -8.58296 41.1809
1298880636 -8.58297 41.1809
1298880642 -8.58298 41.1809
1298880646 -8.58299 41.1809
1298880649 -8.583 41.1809
1298880650 -8.58301 41.1809
1298880653 -8.58302 41.1809
1298880670 -8.58303 41.1809
1298880675 -8.58305 41.1809
1298880940 -8.58299 41.1808
1298880983 -8.58295 41.1809
1298880988 -8.58294 41.1808
1298881047 -8.58293 41.1808
1298881064 -8.58292 41.1808
1298881067 -8.58291 41.1808
1298881071 -8.5829 41.1808
1298881200 -8.58299 41.1809
