:break:
1298880070 -8.57915 41.1994
1298880071 -8.57949 41.1994
1298880072 -8.5798 41.1994
1298880073 -8.58008 41.1994
1298880074 -8.58036 41.1994
1298880075 -8.58062 41.1994
1298880076 -8.58089 41.1994
1298880077 -8.58116 41.1993
1298880078 -8.58144 41.1993
1298880079 -8.58171 41.1993
1298880080 -8.58199 41.1992
1298880081 -8.58226 41.1991
1298880082 -8.58254 41.1991
1298880083 -8.58282 41.199
1298880084 -8.58311 41.1989
1298880085 -8.5834 41.1989
1298880086 -8.5837 41.1988
1298880087 -8.584 41.1987
1298880088 -8.5843 41.1986
1298880089 -8.5846 41.1985
1298880090 -8.58492 41.1984
1298880091 -8.58524 41.1984
1298880092 -8.58557 41.1983
1298880093 -8.58589 41.1983
1298880094 -8.58622 41.1983
1298880095 -8.58653 41.1983
1298880096 -8.58685 41.1983
1298880097 -8.58715 41.1983
1298880098 -8.58746 41.1983
1298880099 -8.58776 41.1983
1298880100 -8.58806 41.1982
1298880101 -8.58836 41.1982
1298880102 -8.58866 41.1982
1298880103 -8.58893 41.1981
1298880104 -8.58921 41.1981
1298880105 -8.58949 41.198
1298880106 -8.58975 41.198
1298880107 -8.59001 41.1979
1298880108 -8.59027 41.1979
1298880109 -8.59049 41.1978
1298880110 -8.59069 41.1977
1298880111 -8.59087 41.1976
1298880112 -8.59102 41.1975
1298880113 -8.59114 41.1974
1298880114 -8.59123 41.1972
1298880115 -8.59129 41.1971
1298880116 -8.59132 41.1969
1298880117 -8.59133 41.1967
1298880118 -8.5913 41.1966
1298880119 -8.59126 41.1964
1298880120 -8.5912 41.1963
1298880121 -8.59113 41.1961
1298880122 -8.59106 41.196
1298880123 -8.59099 41.1959
1298880124 -8.59092 41.1957
1298880125 -8.59086 41.1956
1298880126 -8.59082 41.1954
1298880127 -8.59079 41.1953
1298880128 -8.59077 41.1952
1298880129 -8.59078 41.1951
1298880130 -8.5908 41.195
1298880131 -8.59082 41.1949
1298880132 -8.59087 41.1948
1298880133 -8.59091 41.1947
1298880134 -8.59097 41.1947
1298880135 -8.59102 41.1946
1298880136 -8.59109 41.1945
1298880137 -8.59116 41.1944
1298880138 -8.59123 41.1944
1298880139 -8.59129 41.1943
1298880140 -8.59136 41.1942
1298880141 -8.59142 41.1941
1298880142 -8.59148 41.1941
1298880143 -8.59154 41.194
1298880144 -8.59161 41.1939
1298880145 -8.59168 41.1938
1298880146 -8.59174 41.1937
1298880147 -8.59181 41.1936
1298880148 -8.59188 41.1934
1298880149 -8.59193 41.1933
1298880150 -8.59199 41.1932
1298880151 -8.59203 41.1931
1298880152 -8.59207 41.193
1298880153 -8.59212 41.1928
1298880154 -8.59217 41.1927
1298880155 -8.59222 41.1926
1298880156 -8.59225 41.1925
1298880157 -8.5923 41.1924
1298880158 -8.59234 41.1923
1298880159 -8.59239 41.1922
1298880160 -8.59244 41.1921
1298880161 -8.59251 41.192
1298880162 -8.59257 41.1919
1298880163 -8.59263 41.1918
1298880164 -8.59271 41.1917
1298880165 -8.59278 41.1916
1298880166 -8.59285 41.1916
1298880167 -8.59291 41.1915
1298880168 -8.59298 41.1914
1298880169 -8.59302 41.1914
1298880170 -8.59306 41.1913
1298880171 -8.5931 41.1913
1298880172 -8.59314 41.1913
1298880173 -8.59317 41.1912
1298880174 -8.59322 41.1912
1298880175 -8.59326 41.1911
1298880176 -8.59331 41.1911
1298880177 -8.59335 41.1911
1298880178 -8.5934 41.191
1298880179 -8.59344 41.191
1298880180 -8.59349 41.1909
1298880181 -8.59352 41.1909
1298880182 -8.59356 41.1909
1298880183 -8.5936 41.1908
1298880184 -8.59363 41.1908
1298880185 -8.59367 41.1908
1298880186 -8.5937 41.1907
1298880187 -8.59373 41.1907
1298880188 -8.59376 41.1907
1298880189 -8.59379 41.1906
1298880190 -8.59383 41.1906
1298880191 -8.59387 41.1906
1298880192 -8.5939 41.1905
1298880193 -8.59394 41.1905
1298880194 -8.59397 41.1904
1298880195 -8.59401 41.1904
1298880196 -8.59405 41.1904
1298880197 -8.59408 41.1903
1298880198 -8.59412 41.1903
1298880199 -8.59416 41.1902
1298880200 -8.5942 41.1902
1298880201 -8.59423 41.1901
1298880202 -8.59427 41.1901
1298880203 -8.59432 41.19
1298880204 -8.59435 41.19
1298880205 -8.59439 41.1899
1298880206 -8.59442 41.1898
1298880207 -8.59446 41.1898
1298880208 -8.5945 41.1897
1298880209 -8.59452 41.1897
1298880210 -8.59456 41.1896
1298880211 -8.59459 41.1895
1298880212 -8.59462 41.1895
1298880213 -8.59465 41.1894
1298880214 -8.59468 41.1893
1298880215 -8.5947 41.1893
1298880216 -8.59473 41.1892
1298880217 -8.59476 41.1891
1298880218 -8.59478 41.189
1298880219 -8.5948 41.189
1298880220 -8.59482 41.1889
1298880221 -8.59485 41.1888
1298880222 -8.59487 41.1887
1298880223 -8.59488 41.1886
1298880224 -8.59489 41.1885
1298880225 -8.59491 41.1884
1298880226 -8.59492 41.1883
1298880227 -8.59492 41.1882
1298880229 -8.59492 41.1881
1298880230 -8.59492 41.188
1298880232 -8.59491 41.1879
1298880233 -8.5949 41.1878
1298880234 -8.59489 41.1877
1298880235 -8.59488 41.1876
1298880236 -8.59487 41.1875
1298880237 -8.59485 41.1875
1298880238 -8.59483 41.1874
1298880239 -8.59481 41.1873
1298880240 -8.59478 41.1872
1298880241 -8.59477 41.1872
1298880242 -8.59475 41.1871
1298880243 -8.59473 41.187
1298880244 -8.59471 41.187
1298880245 -8.59469 41.1869
1298880246 -8.59467 41.1869
1298880247 -8.59465 41.1868
1298880248 -8.59462 41.1867
1298880249 -8.5946 41.1866
1298880250 -8.59458 41.1866
1298880251 -8.59455 41.1865
1298880252 -8.59452 41.1864
1298880253 -8.59449 41.1863
1298880254 -8.59446 41.1862
1298880255 -8.59443 41.1862
1298880256 -8.59441 41.1861
1298880257 -8.59437 41.186
1298880258 -8.59434 41.1859
1298880259 -8.59432 41.1858
1298880260 -8.59429 41.1857
1298880261 -8.59425 41.1856
1298880262 -8.59423 41.1855
1298880263 -8.59419 41.1854
1298880264 -8.59416 41.1853
1298880265 -8.59412 41.1852
1298880266 -8.59408 41.1851
1298880267 -8.59405 41.185
1298880268 -8.59402 41.1849
1298880269 -8.59398 41.1848
1298880270 -8.59395 41.1847
1298880271 -8.59391 41.1846
1298880272 -8.59388 41.1845
1298880273 -8.59384 41.1844
1298880274 -8.5938 41.1843
1298880275 -8.59377 41.1842
1298880276 -8.59372 41.184
1298880277 -8.59369 41.1839
1298880278 -8.59365 41.1838
1298880279 -8.59361 41.1837
1298880280 -8.59356 41.1835
1298880281 -8.59352 41.1834
1298880282 -8.59347 41.1832
1298880283 -8.59342 41.1831
1298880284 -8.59338 41.1829
1298880285 -8.59333 41.1828
1298880286 -8.59328 41.1826
1298880287 -8.59324 41.1824
1298880288 -8.5932 41.1822
1298880289 -8.59316 41.1821
1298880290 -8.59314 41.1819
1298880291 -8.59311 41.1817
1298880292 -8.5931 41.1815
1298880293 -8.59309 41.1813
1298880294 -8.59309 41.1811
1298880295 -8.5931 41.1809
1298880296 -8.59311 41.1807
1298880297 -8.59314 41.1804
1298880298 -8.59315 41.1802
1298880299 -8.59317 41.18
1298880300 -8.5932 41.1798
1298880301 -8.59323 41.1796
1298880302 -8.59325 41.1794
1298880303 -8.59328 41.1792
1298880304 -8.59332 41.179
1298880305 -8.59333 41.1788
1298880306 -8.59336 41.1785
1298880307 -8.59339 41.1783
1298880308 -8.59342 41.1781
1298880309 -8.59343 41.1779
1298880310 -8.59346 41.1777
1298880311 -8.59348 41.1775
1298880312 -8.59351 41.1773
1298880313 -8.59353 41.177
1298880314 -8.59356 41.1768
1298880315 -8.59359 41.1767
1298880316 -8.59361 41.1765
1298880317 -8.59363 41.1764
1298880318 -8.59365 41.1763
1298880319 -8.59368 41.1763
1298880320 -8.5937 41.1762
1298880321 -8.59371 41.1761
1298880322 -8.59372 41.1761
1298880323 -8.59374 41.176
1298880324 -8.59375 41.176
1298880325 -8.59377 41.1759
1298880327 -8.59378 41.1759
1298880331 -8.59379 41.1759
1298880336 -8.59379 41.1758
1298880337 -8.5938 41.1758
1298880338 -8.59381 41.1758
1298880340 -8.59382 41.1758
1298880348 -8.59382 41.1757
1298880350 -8.59383 41.1757
1298880351 -8.59385 41.1757
1298880352 -8.59386 41.1756
1298880353 -8.59388 41.1756
1298880354 -8.59389 41.1755
1298880355 -8.59391 41.1754
1298880356 -8.59394 41.1754
1298880357 -8.59397 41.1753
1298880358 -8.594 41.1752
1298880359 -8.59403 41.1752
1298880360 -8.59406 41.1751
1298880361 -8.59409 41.175
1298880362 -8.59412 41.1749
1298880363 -8.59415 41.1749
1298880364 -8.59416 41.1748
1298880365 -8.59418 41.1748
1298880366 -8.59419 41.1748
1298880378 -8.5942 41.1748
1298880379 -8.59421 41.1747
1298880380 -8.59423 41.1747
1298880382 -8.59426 41.1746
1298880383 -8.59428 41.1746
1298880384 -8.59431 41.1745
1298880385 -8.59434 41.1744
1298880386 -8.59438 41.1744
1298880387 -8.59441 41.1743
1298880388 -8.59444 41.1742
1298880389 -8.59449 41.1741
1298880390 -8.59452 41.174
1298880391 -8.59456 41.174
1298880392 -8.59459 41.1739
1298880393 -8.59463 41.1738
1298880394 -8.59467 41.1737
1298880395 -8.59469 41.1736
1298880396 -8.59473 41.1736
1298880397 -8.59477 41.1735
1298880398 -8.5948 41.1734
1298880399 -8.59483 41.1734
1298880400 -8.59487 41.1733
1298880401 -8.59489 41.1732
1298880402 -8.59492 41.1732
1298880403 -8.59495 41.1731
1298880404 -8.59496 41.1731
1298880405 -8.59499 41.173
1298880406 -8.59502 41.173
1298880407 -8.59505 41.173
1298880408 -8.59508 41.1729
1298880409 -8.59512 41.1728
1298880410 -8.59516 41.1728
1298880411 -8.5952 41.1727
1298880412 -8.59523 41.1727
1298880413 -8.59528 41.1726
1298880414 -8.59531 41.1726
1298880415 -8.59536 41.1726
1298880416 -8.59541 41.1725
1298880417 -8.59547 41.1725
1298880418 -8.59553 41.1724
1298880419 -8.59559 41.1724
1298880420 -8.59567 41.1723
1298880421 -8.59575 41.1722
1298880422 -8.59583 41.1722
1298880423 -8.59591 41.1721
1298880424 -8.596 41.1721
1298880425 -8.59608 41.1721
1298880426 -8.59616 41.172
1298880427 -8.59625 41.172
1298880428 -8.59634 41.172
1298880429 -8.59644 41.1719
1298880430 -8.59654 41.1719
1298880431 -8.59665 41.1719
1298880432 -8.59676 41.1719
1298880433 -8.59689 41.1718
1298880434 -8.59702 41.1718
1298880435 -8.59715 41.1718
1298880436 -8.59728 41.1718
1298880437 -8.59741 41.1717
1298880438 -8.59753 41.1717
1298880439 -8.59765 41.1717
1298880440 -8.59776 41.1717
1298880441 -8.59787 41.1716
1298880442 -8.598 41.1716
1298880443 -8.59813 41.1716
1298880444 -8.59829 41.1715
1298880445 -8.59847 41.1715
1298880446 -8.59863 41.1715
1298880447 -8.59879 41.1714
1298880448 -8.59896 41.1714
1298880449 -8.59913 41.1714
1298880450 -8.5993 41.1713
1298880451 -8.59948 41.1713
1298880452 -8.59966 41.1713
1298880453 -8.59983 41.1713
1298880454 -8.60001 41.1713
1298880455 -8.60018 41.1712
1298880456 -8.60036 41.1712
1298880457 -8.60055 41.1712
1298880458 -8.60075 41.1712
1298880459 -8.60096 41.1712
1298880460 -8.60116 41.1713
1298880461 -8.60138 41.1713
1298880462 -8.6016 41.1713
1298880463 -8.60182 41.1713
1298880464 -8.60205 41.1714
1298880465 -8.60227 41.1714
1298880466 -8.6025 41.1714
1298880467 -8.60274 41.1714
1298880468 -8.60297 41.1715
1298880469 -8.60322 41.1715
1298880470 -8.60346 41.1715
1298880471 -8.60371 41.1715
1298880472 -8.60396 41.1716
1298880473 -8.60421 41.1716
1298880474 -8.60445 41.1716
1298880475 -8.6047 41.1717
1298880476 -8.60496 41.1717
1298880477 -8.60522 41.1718
1298880478 -8.60548 41.1719
1298880479 -8.60575 41.172
1298880480 -8.60599 41.1721
1298880481 -8.60623 41.1722
1298880482 -8.60646 41.1723
1298880483 -8.60668 41.1724
1298880484 -8.60689 41.1725
1298880485 -8.60709 41.1727
1298880486 -8.60728 41.1728
1298880487 -8.60746 41.173
1298880488 -8.60766 41.1731
1298880489 -8.60786 41.1733
1298880490 -8.60805 41.1734
1298880491 -8.60826 41.1735
1298880492 -8.60846 41.1737
1298880493 -8.60868 41.1738
1298880494 -8.60889 41.1739
1298880495 -8.60911 41.1739
1298880496 -8.60933 41.174
1298880497 -8.60956 41.1741
1298880498 -8.60979 41.1742
1298880499 -8.61002 41.1742
1298880500 -8.61025 41.1743
1298880501 -8.61049 41.1743
1298880502 -8.61072 41.1744
1298880503 -8.61097 41.1744
1298880504 -8.61121 41.1745
1298880505 -8.61146 41.1745
1298880506 -8.6117 41.1745
1298880507 -8.61194 41.1745
1298880508 -8.61219 41.1745
1298880509 -8.61244 41.1746
1298880510 -8.61269 41.1746
1298880511 -8.61296 41.1746
1298880512 -8.61323 41.1746
1298880513 -8.6135 41.1746
1298880514 -8.61378 41.1745
1298880515 -8.61405 41.1745
1298880516 -8.61433 41.1744
1298880517 -8.61461 41.1744
1298880518 -8.61488 41.1743
1298880519 -8.61516 41.1743
1298880520 -8.61543 41.1742
1298880521 -8.61571 41.1742
1298880522 -8.616 41.1742
1298880523 -8.61628 41.1741
1298880524 -8.61657 41.1741
1298880525 -8.61686 41.174
1298880526 -8.61716 41.174
1298880527 -8.61745 41.174
1298880528 -8.61774 41.1739
1298880529 -8.61803 41.1739
1298880530 -8.61831 41.1739
1298880531 -8.61858 41.1738
1298880532 -8.61883 41.1738
1298880533 -8.61908 41.1738
1298880534 -8.61932 41.1738
1298880535 -8.61955 41.1737
1298880536 -8.61979 41.1737
1298880537 -8.62002 41.1737
1298880538 -8.62025 41.1737
1298880539 -8.62048 41.1737
1298880540 -8.62071 41.1736
1298880541 -8.62096 41.1736
1298880542 -8.6212 41.1736
1298880543 -8.62143 41.1736
1298880544 -8.62168 41.1735
1298880545 -8.62193 41.1735
1298880546 -8.62217 41.1735
1298880547 -8.62241 41.1735
1298880548 -8.62267 41.1734
1298880549 -8.62292 41.1734
1298880550 -8.62317 41.1734
1298880551 -8.62342 41.1734
1298880552 -8.62367 41.1733
1298880553 -8.62393 41.1733
1298880554 -8.6242 41.1733
1298880555 -8.62447 41.1733
1298880556 -8.62474 41.1732
1298880557 -8.62501 41.1732
1298880558 -8.62528 41.1732
1298880559 -8.62556 41.1732
1298880560 -8.62584 41.1731
1298880561 -8.62612 41.1731
1298880562 -8.62641 41.1731
1298880563 -8.6267 41.173
1298880564 -8.62698 41.173
1298880565 -8.62726 41.173
1298880566 -8.62755 41.1729
1298880567 -8.62784 41.1729
1298880568 -8.62813 41.1728
1298880569 -8.62843 41.1728
1298880570 -8.62872 41.1727
1298880571 -8.62901 41.1727
1298880572 -8.62931 41.1726
1298880573 -8.6296 41.1726
1298880574 -8.62989 41.1725
1298880575 -8.63018 41.1724
1298880576 -8.63047 41.1724
1298880577 -8.63076 41.1723
1298880578 -8.63105 41.1723
1298880579 -8.63133 41.1722
1298880580 -8.63162 41.1721
1298880581 -8.6319 41.1721
1298880582 -8.63217 41.172
1298880583 -8.63243 41.172
1298880584 -8.63267 41.1719
1298880585 -8.63292 41.1719
1298880586 -8.63315 41.1718
1298880587 -8.63337 41.1718
1298880588 -8.63359 41.1717
1298880589 -8.63382 41.1717
1298880590 -8.63403 41.1717
1298880591 -8.63425 41.1716
1298880592 -8.63447 41.1716
1298880593 -8.63468 41.1715
1298880594 -8.6349 41.1715
1298880595 -8.63512 41.1714
1298880596 -8.63535 41.1714
1298880597 -8.63557 41.1713
1298880598 -8.63579 41.1712
1298880599 -8.63601 41.1712
1298880600 -8.63624 41.1711
1298880601 -8.63645 41.171
1298880602 -8.63668 41.1709
1298880603 -8.6369 41.1709
1298880604 -8.6371 41.1708
1298880605 -8.63731 41.1707
1298880606 -8.63752 41.1706
1298880607 -8.63771 41.1705
1298880608 -8.6379 41.1703
1298880609 -8.6381 41.1702
1298880610 -8.63829 41.1701
1298880611 -8.63846 41.17
1298880612 -8.63864 41.1699
1298880613 -8.63881 41.1697
1298880614 -8.63897 41.1696
1298880615 -8.63914 41.1695
1298880616 -8.6393 41.1694
1298880617 -8.63944 41.1693
1298880618 -8.6396 41.1691
1298880619 -8.63976 41.169
1298880620 -8.63992 41.1689
1298880621 -8.64008 41.1688
1298880622 -8.64025 41.1687
1298880623 -8.64042 41.1685
1298880624 -8.64059 41.1684
1298880625 -8.64077 41.1683
1298880626 -8.64094 41.1682
1298880627 -8.64111 41.1681
1298880628 -8.64127 41.1679
1298880629 -8.64143 41.1678
1298880630 -8.64159 41.1677
1298880631 -8.64175 41.1676
1298880632 -8.64192 41.1675
1298880633 -8.64207 41.1674
1298880634 -8.64223 41.1673
1298880635 -8.64238 41.1672
1298880636 -8.64252 41.1671
1298880637 -8.64265 41.167
1298880638 -8.64279 41.1669
1298880639 -8.64294 41.1669
1298880640 -8.64309 41.1669
1298880641 -8.64323 41.167
1298880642 -8.64336 41.167
1298880643 -8.64347 41.1671
1298880644 -8.64355 41.1672
1298880645 -8.6436 41.1673
1298880646 -8.64359 41.1674
1298880647 -8.64353 41.1676
1298880648 -8.64341 41.1676
1298880649 -8.64327 41.1677
1298880650 -8.64311 41.1677
1298880651 -8.64297 41.1677
1298880652 -8.64285 41.1676
1298880653 -8.64274 41.1675
1298880654 -8.64261 41.1674
1298880655 -8.64248 41.1673
1298880656 -8.64236 41.1672
1298880657 -8.64222 41.1671
1298880658 -8.64209 41.167
1298880659 -8.64195 41.1669
1298880660 -8.64181 41.1668
1298880661 -8.64167 41.1667
1298880662 -8.64154 41.1666
1298880663 -8.64141 41.1664
1298880664 -8.64128 41.1663
1298880665 -8.64115 41.1662
1298880666 -8.64103 41.1661
1298880667 -8.6409 41.166
1298880668 -8.64078 41.1659
1298880669 -8.64067 41.1658
1298880670 -8.64057 41.1657
1298880671 -8.64049 41.1657
1298880672 -8.64042 41.1656
1298880673 -8.64039 41.1656
1298880674 -8.64038 41.1656
1298880676 -8.64037 41.1656
1298880677 -8.64036 41.1656
1298880678 -8.64033 41.1655
1298880679 -8.6403 41.1655
1298880680 -8.64025 41.1655
1298880681 -8.64022 41.1654
1298880682 -8.64018 41.1654
1298880683 -8.64015 41.1654
1298880686 -8.64014 41.1654
1298880687 -8.64012 41.1654
1298880688 -8.6401 41.1653
1298880689 -8.64007 41.1653
1298880690 -8.64005 41.1653
1298880691 -8.64004 41.1652
1298880692 -8.64002 41.1652
1298880693 -8.64002 41.1651
1298880694 -8.64003 41.165
1298880697 -8.64003 41.1649
1298880700 -8.64002 41.1649
1298880702 -8.64001 41.1649
1298880704 -8.64 41.1649
1298880706 -8.63999 41.1649
1298880710 -8.63998 41.1649
1298880711 -8.63998 41.1648
1298880712 -8.63996 41.1648
1298880722 -8.63997 41.1648
1298880735 -8.63995 41.1648
1298880736 -8.63992 41.1647
1298880737 -8.63988 41.1647
1298880738 -8.63986 41.1647
1298880739 -8.63983 41.1647
1298880740 -8.63982 41.1647
1298880741 -8.63981 41.1647
1298880742 -8.6398 41.1647
1298880743 -8.63979 41.1647
1298880747 -8.63978 41.1647
1298880748 -8.63977 41.1647
1298880749 -8.63974 41.1646
1298880750 -8.63972 41.1646
1298880751 -8.63969 41.1646
1298880752 -8.63968 41.1646
1298880753 -8.63966 41.1646
1298880754 -8.63965 41.1646
1298880755 -8.63963 41.1646
1298880756 -8.63962 41.1646
1298880757 -8.63961 41.1646
1298880758 -8.63959 41.1646
1298880760 -8.63957 41.1646
1298880761 -8.63956 41.1646
1298880762 -8.63954 41.1646
1298880763 -8.63953 41.1646
1298880764 -8.63951 41.1646
1298880776 -8.6395 41.1646
1298880777 -8.63949 41.1646
1298880778 -8.63946 41.1646
1298880779 -8.63943 41.1646
1298880780 -8.63941 41.1646
1298880781 -8.63939 41.1646
1298880782 -8.63937 41.1646
1298880783 -8.63935 41.1646
1298880784 -8.63933 41.1646
1298880785 -8.63932 41.1646
1298880786 -8.63931 41.1646
1298880787 -8.6393 41.1646
1298880788 -8.63929 41.1646
1298880789 -8.63927 41.1646
1298880790 -8.63926 41.1646
1298880791 -8.63925 41.1646
1298880792 -8.63924 41.1646
1298880793 -8.63923 41.1646
1298880794 -8.63921 41.1646
1298880795 -8.63917 41.1646
1298880796 -8.63913 41.1646
1298880797 -8.63909 41.1646
1298880798 -8.63906 41.1646
1298880799 -8.63904 41.1646
1298880800 -8.63903 41.1646
1298880801 -8.63902 41.1646
1298880802 -8.63901 41.1646
1298880819 -8.63898 41.1646
1298880820 -8.63895 41.1646
1298880821 -8.63889 41.1646
1298880822 -8.63883 41.1646
1298880823 -8.63876 41.1646
1298880824 -8.63868 41.1646
1298880825 -8.63859 41.1646
1298880826 -8.6385 41.1646
1298880827 -8.63841 41.1646
1298880828 -8.63832 41.1646
1298880829 -8.63822 41.1646
1298880830 -8.63812 41.1646
1298880831 -8.63803 41.1645
1298880832 -8.63794 41.1645
1298880833 -8.63786 41.1645
1298880834 -8.6378 41.1645
1298880835 -8.63775 41.1644
1298880836 -8.63771 41.1644
1298880837 -8.63767 41.1643
1298880838 -8.63762 41.1642
1298880839 -8.63756 41.1642
1298880840 -8.6375 41.1641
1298880841 -8.63744 41.164
1298880842 -8.63738 41.164
1298880843 -8.63734 41.1639
1298880844 -8.6373 41.1639
1298880845 -8.63727 41.1639
1298880846 -8.63725 41.1638
1298880847 -8.63724 41.1638
1298880849 -8.63722 41.1638
1298880850 -8.63721 41.1638
1298880852 -8.6372 41.1638
1298880853 -8.63717 41.1638
1298880854 -8.63715 41.1637
1298880855 -8.6371 41.1637
1298880856 -8.63706 41.1636
1298880857 -8.637 41.1636
1298880858 -8.63692 41.1635
1298880859 -8.63683 41.1635
1298880860 -8.63674 41.1634
1298880861 -8.63663 41.1634
1298880862 -8.63652 41.1634
1298880863 -8.63639 41.1633
1298880864 -8.63626 41.1633
1298880865 -8.63614 41.1632
1298880866 -8.63601 41.1632
1298880867 -8.63589 41.1632
1298880868 -8.63577 41.1631
1298880869 -8.63564 41.1631
1298880870 -8.63554 41.1631
1298880871 -8.63544 41.163
1298880872 -8.63537 41.163
1298880873 -8.63533 41.163
1298880874 -8.63532 41.1629
1298880875 -8.63531 41.1629
1298880878 -8.63534 41.1628
1298880879 -8.63536 41.1628
1298880880 -8.6354 41.1628
1298880881 -8.63546 41.1627
1298880882 -8.63554 41.1627
1298880883 -8.63561 41.1627
1298880884 -8.63569 41.1626
1298880885 -8.63574 41.1626
1298880886 -8.63579 41.1626
1298880887 -8.63582 41.1626
1298880888 -8.63584 41.1626
1298880889 -8.63585 41.1626
1298880907 -8.63588 41.1626
1298880908 -8.63592 41.1626
1298880909 -8.63598 41.1625
1298880910 -8.63604 41.1625
1298880911 -8.63611 41.1625
1298880912 -8.63618 41.1624
1298880913 -8.63625 41.1624
1298880914 -8.6363 41.1624
1298880915 -8.63635 41.1624
1298880916 -8.63638 41.1624
1298880917 -8.63641 41.1624
1298880918 -8.63644 41.1623
1298880919 -8.63646 41.1623
1298880920 -8.63648 41.1623
1298880921 -8.63651 41.1623
1298880922 -8.63653 41.1623
1298880923 -8.63656 41.1623
1298880924 -8.6366 41.1623
1298880925 -8.63665 41.1623
1298880926 -8.63671 41.1622
1298880927 -8.63676 41.1622
1298880928 -8.63681 41.1622
1298880929 -8.63687 41.1622
1298880930 -8.63692 41.1622
1298880931 -8.63696 41.1621
1298880932 -8.63699 41.1621
1298880959 -8.63701 41.1621
1298880960 -8.63705 41.1621
1298880961 -8.63709 41.1621
1298880962 -8.63714 41.162
1298880963 -8.63718 41.162
1298880964 -8.63722 41.162
1298880965 -8.63725 41.162
1298880970 -8.63729 41.162
1298880971 -8.63734 41.162
1298880972 -8.63738 41.162
1298880973 -8.63743 41.1619
1298880974 -8.6375 41.1619
1298880975 -8.63756 41.1619
1298880976 -8.63762 41.1619
1298880977 -8.63767 41.1618
1298880978 -8.63769 41.1618
1298880980 -8.63764 41.1617
1298880981 -8.63761 41.1617
1298880982 -8.63756 41.1616
1298880983 -8.63753 41.1616
1298880984 -8.63748 41.1615
1298880985 -8.63743 41.1615
1298880986 -8.63742 41.1615
1298880987 -8.63743 41.1614
1298880988 -8.63744 41.1613
1298880989 -8.63747 41.1613
1298880990 -8.63751 41.1612
1298880991 -8.63753 41.1611
1298880992 -8.63757 41.1611
1298880993 -8.6376 41.161
1298880994 -8.63763 41.1609
1298880995 -8.63766 41.1608
1298880996 -8.63769 41.1607
1298880997 -8.63771 41.1607
1298880998 -8.63774 41.1606
1298880999 -8.63777 41.1605
1298881000 -8.63779 41.1605
1298881001 -8.63781 41.1604
1298881002 -8.63783 41.1604
1298881003 -8.63785 41.1603
1298881004 -8.63786 41.1603
1298881005 -8.63787 41.1603
1298881007 -8.63788 41.1603
1298881014 -8.63789 41.1603
1298881061 -8.6379 41.1603
1298881062 -8.63791 41.1602
1298881063 -8.63792 41.1602
1298881064 -8.63794 41.1601
1298881065 -8.63796 41.1601
1298881066 -8.63798 41.16
1298881067 -8.638 41.16
1298881068 -8.63804 41.1599
1298881069 -8.63805 41.1599
1298881070 -8.63807 41.1598
1298881072 -8.63808 41.1597
1298881073 -8.63809 41.1597
1298881076 -8.63807 41.1596
1298881078 -8.63814 41.1595
1298881079 -8.63819 41.1595
1298881080 -8.63824 41.1595
1298881081 -8.6383 41.1596
1298881082 -8.63836 41.1596
1298881083 -8.63843 41.1596
1298881084 -8.63851 41.1596
1298881085 -8.6386 41.1596
1298881086 -8.63868 41.1597
1298881087 -8.63873 41.1597
1298881088 -8.63877 41.1597
1298881089 -8.6388 41.1597
1298881090 -8.63883 41.1597
1298881091 -8.63884 41.1597
1298881092 -8.63885 41.1597
1298881094 -8.63886 41.1597
1298881095 -8.63887 41.1597
1298881096 -8.63888 41.1597
1298881100 -8.63889 41.1597
1298881102 -8.6389 41.1597
1298881105 -8.63891 41.1597
1298881110 -8.63893 41.1597
1298881111 -8.63894 41.1597
1298881112 -8.63895 41.1597
1298881113 -8.63897 41.1597
1298881115 -8.63898 41.1597
1298881116 -8.639 41.1597
1298881117 -8.63901 41.1597
1298881118 -8.63902 41.1597
1298881119 -8.63903 41.1597
1298881120 -8.63905 41.1596
1298881127 -8.63906 41.1596
1298881130 -8.63907 41.1596
1298881131 -8.63908 41.1596
1298881133 -8.63909 41.1596
1298881135 -8.6391 41.1596
1298881142 -8.63911 41.1596
1298881147 -8.63912 41.1596
1298881151 -8.63913 41.1596
1298881153 -8.63914 41.1596
1298881155 -8.63915 41.1596
1298881158 -8.63916 41.1596
1298881159 -8.63917 41.1596
1298881160 -8.63918 41.1596
1298881163 -8.63919 41.1596
1298881164 -8.6392 41.1596
1298881165 -8.63921 41.1596
1298881166 -8.63922 41.1596
1298881167 -8.63923 41.1596
1298881168 -8.63924 41.1596
1298881169 -8.63925 41.1595
1298881170 -8.63926 41.1595
1298881171 -8.63927 41.1595
1298881172 -8.63928 41.1595
1298881173 -8.63929 41.1595
1298881174 -8.6393 41.1595
1298881175 -8.63931 41.1595
1298881176 -8.63932 41.1595
1298881179 -8.63933 41.1595
1298881181 -8.63934 41.1595
1298881183 -8.63935 41.1595
1298881185 -8.63936 41.1595
1298881189 -8.63937 41.1595
1298881192 -8.63938 41.1595
1298881196 -8.63939 41.1595
1298881200 -8.63939 41.1595
