:break:
1298880037 -8.65855 41.1794
1298880039 -8.65854 41.1794
1298880064 -8.65853 41.1794
1298880069 -8.65852 41.1794
1298880075 -8.65851 41.1794
1298880083 -8.6585 41.1794
1298880124 -8.65849 41.1794
1298880130 -8.65848 41.1794
1298880162 -8.65847 41.1794
1298880165 -8.65846 41.1794
1298880167 -8.65845 41.1794
1298880169 -8.65844 41.1794
1298880171 -8.65843 41.1794
1298880172 -8.65842 41.1794
1298880173 -8.65841 41.1794
1298880203 -8.65856 41.1794
1298880204 -8.65857 41.1794
1298880205 -8.65858 41.1794
1298880208 -8.65859 41.1794
1298880414 -8.6584 41.1794
1298880417 -8.65839 41.1794
1298880422 -8.65838 41.1794
1298880434 -8.65837 41.1794
1298880441 -8.65836 41.1794
1298880628 -8.6586 41.1794
1298880637 -8.65861 41.1794
1298880793 -8.65862 41.1794
1298880798 -8.65863 41.1794
1298880938 -8.65864 41.1794
1298880940 -8.65865 41.1794
1298880942 -8.65866 41.1794
1298880944 -8.65867 41.1794
1298880946 -8.65868 41.1794
1298881200 -8.65857 41.1794
