:break:
1298880238 -8.59304 41.1465
1298880239 -8.59303 41.1465
1298880244 -8.59305 41.1464
1298880246 -8.59306 41.1464
1298880248 -8.59307 41.1464
1298880252 -8.59306 41.1463
1298880253 -8.59302 41.1463
1298880254 -8.59297 41.1464
1298880255 -8.59291 41.1464
1298880256 -8.59284 41.1464
1298880257 -8.59277 41.1464
1298880258 -8.59271 41.1464
1298880259 -8.59263 41.1464
1298880260 -8.59257 41.1464
1298880261 -8.5925 41.1464
1298880262 -8.59231 41.1466
1298880263 -8.59222 41.1467
1298880264 -8.59212 41.1467
1298880265 -8.59203 41.1467
1298880266 -8.59194 41.1467
1298880267 -8.59185 41.1467
1298880268 -8.59176 41.1468
1298880269 -8.59167 41.1468
1298880270 -8.59157 41.1468
1298880271 -8.59146 41.1468
1298880272 -8.59136 41.1469
1298880273 -8.59125 41.1469
1298880274 -8.59114 41.1469
1298880275 -8.59103 41.1469
1298880276 -8.59093 41.1469
1298880277 -8.59082 41.1469
1298880278 -8.59073 41.147
1298880279 -8.59063 41.147
1298880280 -8.59054 41.147
1298880281 -8.59044 41.147
1298880282 -8.59033 41.147
1298880283 -8.59022 41.1471
1298880284 -8.5901 41.1471
1298880285 -8.59 41.1471
1298880286 -8.58989 41.1471
1298880287 -8.58978 41.1471
1298880288 -8.58967 41.1471
1298880289 -8.58957 41.1471
1298880290 -8.58947 41.1472
1298880291 -8.58938 41.1472
1298880292 -8.58929 41.1472
1298880293 -8.58921 41.1472
1298880294 -8.58914 41.1472
1298880295 -8.58907 41.1473
1298880296 -8.58904 41.1473
1298880297 -8.58903 41.1473
1298880298 -8.58901 41.1474
1298880299 -8.58899 41.1474
1298880300 -8.58896 41.1475
1298880301 -8.58893 41.1475
1298880302 -8.5889 41.1476
1298880303 -8.58886 41.1476
1298880304 -8.58883 41.1477
1298880305 -8.5888 41.1478
1298880306 -8.58876 41.1479
1298880307 -8.58872 41.1479
1298880308 -8.58869 41.148
1298880309 -8.5886 41.1482
1298880310 -8.58856 41.1482
1298880311 -8.58853 41.1483
1298880312 -8.5885 41.1484
1298880313 -8.58848 41.1484
1298880314 -8.58844 41.1485
1298880315 -8.58839 41.1486
1298880316 -8.58837 41.1486
1298880317 -8.58834 41.1487
1298880319 -8.58835 41.1487
1298880321 -8.5884 41.1486
1298880322 -8.58842 41.1486
1298880323 -8.58841 41.1486
1298880324 -8.58839 41.1487
1298880325 -8.58837 41.1487
1298880326 -8.58838 41.1487
1298880327 -8.58835 41.1488
1298880328 -8.5883 41.1488
1298880329 -8.5883 41.1489
:break:
1298880333 -8.58824 41.149
1298880334 -8.58821 41.149
1298880335 -8.5882 41.1491
1298880336 -8.58816 41.1492
1298880337 -8.58808 41.1493
1298880338 -8.58808 41.1492
1298880339 -8.58805 41.1492
1298880340 -8.58803 41.1493
1298880341 -8.58794 41.1492
1298880342 -8.58784 41.1493
1298880343 -8.58768 41.1493
1298880344 -8.58752 41.1494
1298880345 -8.58738 41.1494
1298880346 -8.58725 41.1494
1298880347 -8.58713 41.1494
1298880348 -8.587 41.1494
1298880349 -8.58687 41.1494
1298880350 -8.58675 41.1493
1298880351 -8.58663 41.1493
1298880352 -8.58651 41.1493
1298880353 -8.58641 41.1493
1298880354 -8.58631 41.1492
1298880355 -8.5862 41.1492
1298880356 -8.58611 41.1492
1298880357 -8.58603 41.1492
1298880358 -8.58595 41.1491
1298880359 -8.58587 41.1491
1298880360 -8.58581 41.1491
1298880361 -8.58576 41.1491
1298880362 -8.58572 41.1491
1298880363 -8.5857 41.1491
1298880364 -8.58571 41.1491
1298880366 -8.58574 41.1489
1298880367 -8.58576 41.1489
1298880368 -8.58577 41.1489
1298880371 -8.58579 41.1488
1298880372 -8.58582 41.1488
1298880373 -8.58586 41.1487
1298880374 -8.58587 41.1487
1298880375 -8.58588 41.1487
1298880376 -8.58589 41.1486
1298880377 -8.5859 41.1486
1298880378 -8.58591 41.1486
1298880379 -8.58592 41.1486
1298880380 -8.58592 41.1485
1298880381 -8.58593 41.1485
1298880385 -8.58594 41.1485
1298880388 -8.58593 41.1486
1298880414 -8.58588 41.1486
1298880571 -8.58591 41.1485
1298880632 -8.5859 41.1485
1298880708 -8.58595 41.1485
1298880716 -8.58596 41.1485
1298880976 -8.58595 41.1484
1298880977 -8.58596 41.1484
1298881116 -8.58597 41.1485
1298881124 -8.58598 41.1485
1298881174 -8.58597 41.1484
1298881200 -8.58597 41.1484
