:break:
1298880085 -8.5445 41.1763
1298880086 -8.54459 41.1762
1298880087 -8.54467 41.1761
1298880088 -8.54474 41.176
1298880089 -8.54479 41.176
1298880090 -8.54483 41.1759
1298880091 -8.54488 41.1758
1298880092 -8.54491 41.1757
1298880093 -8.54494 41.1757
1298880094 -8.54497 41.1756
1298880095 -8.545 41.1755
1298880096 -8.54505 41.1755
1298880097 -8.54509 41.1754
1298880098 -8.54515 41.1753
1298880099 -8.5452 41.1753
1298880100 -8.54526 41.1752
1298880101 -8.54531 41.1751
1298880102 -8.54537 41.1751
1298880103 -8.54543 41.175
1298880104 -8.54548 41.175
1298880105 -8.54555 41.1749
1298880106 -8.5456 41.1748
1298880107 -8.54566 41.1748
1298880108 -8.54572 41.1747
1298880109 -8.54577 41.1746
1298880110 -8.54582 41.1746
1298880111 -8.54587 41.1745
1298880112 -8.5459 41.1744
1298880113 -8.54593 41.1743
1298880114 -8.54596 41.1743
1298880115 -8.54598 41.1742
1298880116 -8.54601 41.1741
1298880117 -8.54605 41.174
1298880118 -8.54608 41.174
1298880119 -8.54611 41.1739
1298880120 -8.54616 41.1738
1298880121 -8.5462 41.1737
1298880122 -8.54625 41.1736
1298880123 -8.54629 41.1735
1298880124 -8.54633 41.1735
1298880125 -8.54637 41.1734
1298880126 -8.54642 41.1734
1298880127 -8.54645 41.1733
1298880128 -8.54646 41.1733
1298880129 -8.54648 41.1733
1298880130 -8.54652 41.1733
1298880131 -8.54656 41.1733
1298880132 -8.54661 41.1732
1298880133 -8.54664 41.1732
1298880134 -8.54669 41.1732
1298880135 -8.54675 41.1731
1298880136 -8.54681 41.1731
1298880137 -8.54689 41.173
1298880138 -8.54696 41.173
1298880139 -8.54704 41.173
1298880140 -8.54714 41.1729
1298880141 -8.54722 41.1729
1298880142 -8.54728 41.1729
1298880143 -8.54734 41.1729
1298880144 -8.54739 41.1729
1298880145 -8.54744 41.1729
1298880146 -8.54751 41.1728
1298880147 -8.54758 41.1728
1298880148 -8.54767 41.1728
1298880149 -8.54773 41.1728
1298880150 -8.54778 41.1728
1298880151 -8.5478 41.1728
1298880152 -8.54782 41.1727
1298880153 -8.54784 41.1727
1298880154 -8.54785 41.1727
1298880155 -8.54785 41.1726
