:break:
1298880040 -8.57007 41.1899
1298880041 -8.57023 41.1898
1298880042 -8.57038 41.1898
1298880043 -8.57055 41.1897
1298880044 -8.57072 41.1897
1298880045 -8.57089 41.1896
1298880046 -8.57106 41.1896
1298880047 -8.57123 41.1895
1298880048 -8.57139 41.1895
1298880049 -8.57156 41.1894
1298880050 -8.57172 41.1894
1298880051 -8.57188 41.1893
1298880052 -8.57204 41.1893
1298880053 -8.57219 41.1893
1298880054 -8.57234 41.1893
1298880055 -8.57248 41.1893
1298880056 -8.57262 41.1893
1298880057 -8.57275 41.1892
1298880058 -8.57286 41.1892
1298880059 -8.57295 41.1892
1298880060 -8.57301 41.1892
1298880061 -8.57307 41.1892
1298880062 -8.57311 41.1892
1298880063 -8.57317 41.1892
1298880064 -8.57323 41.1892
1298880065 -8.57332 41.1892
1298880066 -8.57343 41.1892
1298880067 -8.57353 41.1892
1298880068 -8.57365 41.1892
1298880069 -8.57377 41.1892
1298880070 -8.57387 41.1891
1298880071 -8.57396 41.1891
1298880072 -8.57404 41.1891
1298880073 -8.57408 41.189
1298880074 -8.57411 41.1889
1298880075 -8.57412 41.1889
1298880076 -8.57412 41.1888
1298880077 -8.57409 41.1887
1298880078 -8.57408 41.1887
1298880079 -8.57406 41.1886
1298880080 -8.57404 41.1885
1298880081 -8.57403 41.1885
1298880082 -8.57403 41.1884
1298880083 -8.57406 41.1884
1298880084 -8.57409 41.1883
1298880085 -8.57413 41.1882
1298880086 -8.57417 41.1881
1298880087 -8.57419 41.1881
1298880088 -8.57423 41.188
1298880089 -8.57427 41.188
1298880090 -8.57434 41.1879
1298880091 -8.57442 41.1879
1298880092 -8.57449 41.1878
1298880093 -8.57458 41.1878
1298880094 -8.57468 41.1878
1298880095 -8.57478 41.1877
1298880096 -8.57489 41.1877
1298880097 -8.575 41.1877
1298880098 -8.57514 41.1876
1298880099 -8.57526 41.1876
1298880100 -8.5754 41.1876
1298880101 -8.57551 41.1876
1298880102 -8.57561 41.1877
1298880103 -8.5757 41.1877
1298880104 -8.57578 41.1877
1298880105 -8.57586 41.1878
1298880106 -8.57591 41.1878
1298880107 -8.57596 41.1878
1298880108 -8.57602 41.1878
1298880109 -8.57609 41.1877
1298880110 -8.57616 41.1877
1298880111 -8.57624 41.1877
1298880112 -8.57629 41.1876
1298880113 -8.57634 41.1876
1298880114 -8.57639 41.1875
1298880115 -8.57644 41.1875
1298880116 -8.5765 41.1874
1298880117 -8.57656 41.1874
1298880118 -8.57663 41.1873
1298880119 -8.5767 41.1873
1298880120 -8.57677 41.1872
1298880121 -8.57686 41.1871
1298880122 -8.57694 41.187
1298880123 -8.57701 41.1869
1298880124 -8.57708 41.1869
1298880125 -8.57715 41.1868
1298880126 -8.57721 41.1867
1298880127 -8.57726 41.1866
1298880128 -8.57732 41.1865
1298880129 -8.57737 41.1864
1298880130 -8.57742 41.1863
1298880131 -8.57747 41.1862
1298880132 -8.57753 41.1861
1298880133 -8.5776 41.186
1298880134 -8.57768 41.186
1298880135 -8.57778 41.1859
1298880136 -8.57787 41.1858
1298880137 -8.57797 41.1858
1298880138 -8.57806 41.1857
1298880139 -8.57816 41.1856
1298880140 -8.57826 41.1856
1298880141 -8.57837 41.1855
1298880142 -8.57847 41.1855
1298880143 -8.57856 41.1854
1298880144 -8.57864 41.1853
1298880145 -8.57871 41.1853
1298880146 -8.57879 41.1852
1298880147 -8.57886 41.1851
1298880148 -8.57893 41.1851
1298880149 -8.57901 41.185
1298880150 -8.57907 41.185
1298880151 -8.57912 41.1849
1298880152 -8.57917 41.1849
1298880153 -8.57919 41.1849
1298880154 -8.57917 41.1848
1298880155 -8.57914 41.1848
1298880156 -8.57911 41.1848
1298880157 -8.5791 41.1848
1298880158 -8.57909 41.1848
1298880159 -8.57907 41.1848
1298880160 -8.57904 41.1848
1298880161 -8.579 41.1847
1298880162 -8.57894 41.1847
1298880163 -8.57887 41.1846
1298880164 -8.57879 41.1846
1298880165 -8.57869 41.1845
1298880166 -8.57858 41.1845
1298880167 -8.57846 41.1844
1298880168 -8.57831 41.1844
1298880169 -8.57817 41.1843
1298880170 -8.57802 41.1843
1298880171 -8.57786 41.1842
1298880172 -8.57771 41.1842
1298880173 -8.57758 41.1842
1298880174 -8.57746 41.1841
1298880175 -8.57737 41.1841
1298880176 -8.57729 41.1841
1298880177 -8.57723 41.1841
1298880178 -8.57717 41.184
1298880179 -8.57714 41.184
1298880180 -8.57714 41.1839
1298880181 -8.57718 41.1839
1298880182 -8.57723 41.1838
1298880183 -8.57732 41.1838
1298880184 -8.57741 41.1837
1298880185 -8.5775 41.1837
1298880186 -8.57761 41.1837
1298880187 -8.57772 41.1836
1298880188 -8.57783 41.1836
1298880189 -8.57794 41.1836
1298880190 -8.57803 41.1835
1298880191 -8.57812 41.1835
1298880192 -8.57822 41.1834
1298880193 -8.57831 41.1834
1298880194 -8.57839 41.1833
1298880195 -8.57846 41.1833
1298880196 -8.57852 41.1832
1298880197 -8.57857 41.1832
1298880198 -8.57859 41.1832
1298880199 -8.5786 41.1832
1298880211 -8.57858 41.1832
1298880264 -8.57862 41.1832
1298880265 -8.57867 41.1832
1298880266 -8.57872 41.1831
1298880267 -8.57877 41.1831
1298880268 -8.57884 41.183
1298880269 -8.57893 41.183
1298880270 -8.57903 41.183
1298880271 -8.57914 41.1829
1298880272 -8.57925 41.1829
1298880273 -8.57937 41.1829
1298880274 -8.57948 41.1829
1298880275 -8.57961 41.1829
1298880276 -8.57973 41.1828
1298880277 -8.57985 41.1828
1298880278 -8.57996 41.1828
1298880279 -8.58008 41.1827
1298880280 -8.58016 41.1827
1298880281 -8.58023 41.1827
1298880282 -8.58029 41.1826
1298880283 -8.58037 41.1826
1298880284 -8.58042 41.1825
1298880285 -8.58048 41.1825
1298880286 -8.58055 41.1824
1298880287 -8.58062 41.1824
1298880288 -8.5807 41.1823
1298880289 -8.58078 41.1823
1298880290 -8.58087 41.1822
1298880291 -8.58097 41.1821
1298880292 -8.58106 41.1821
1298880293 -8.58114 41.182
1298880294 -8.58121 41.182
1298880295 -8.58127 41.1819
1298880296 -8.58132 41.1819
1298880297 -8.58135 41.1818
1298880298 -8.58137 41.1818
1298880299 -8.58139 41.1818
1298880300 -8.5814 41.1818
1298880301 -8.5814 41.1817
1298880302 -8.58141 41.1817
1298880303 -8.58143 41.1817
1298880304 -8.58144 41.1816
1298880305 -8.58145 41.1816
1298880306 -8.58146 41.1816
1298880307 -8.58147 41.1816
1298880308 -8.58148 41.1816
1298880309 -8.58149 41.1816
1298880310 -8.5815 41.1816
1298880311 -8.58151 41.1816
1298880313 -8.58152 41.1816
1298880318 -8.58153 41.1816
1298880327 -8.58152 41.1815
1298880340 -8.58151 41.1815
1298880342 -8.58153 41.1814
1298880345 -8.58154 41.1814
1298880346 -8.58155 41.1814
1298880351 -8.58156 41.1813
1298880353 -8.58155 41.1813
1298880358 -8.58157 41.1813
1298880371 -8.58157 41.1812
1298880372 -8.58156 41.1812
1298880374 -8.58158 41.1812
1298880377 -8.58158 41.1811
1298880380 -8.58159 41.1811
1298880384 -8.5816 41.1811
1298880385 -8.58161 41.1811
1298880386 -8.58164 41.1811
1298880387 -8.58165 41.181
1298880391 -8.58166 41.181
1298880392 -8.58168 41.181
1298880393 -8.5817 41.181
1298880394 -8.58173 41.181
1298880395 -8.58175 41.181
1298880396 -8.58174 41.1809
1298880397 -8.58173 41.1809
1298880398 -8.58172 41.1809
1298880399 -8.58171 41.1808
1298880402 -8.5817 41.1807
1298880406 -8.58169 41.1807
1298880407 -8.58166 41.1807
1298880408 -8.58165 41.1806
1298880409 -8.5816 41.1806
1298880410 -8.58159 41.1806
1298880412 -8.58164 41.1806
1298880413 -8.58166 41.1806
1298880414 -8.58169 41.1806
1298880415 -8.58174 41.1806
1298880416 -8.58181 41.1806
1298880417 -8.58188 41.1806
1298880418 -8.58196 41.1806
1298880419 -8.58205 41.1807
1298880420 -8.58214 41.1807
1298880421 -8.58223 41.1807
1298880422 -8.58233 41.1807
1298880423 -8.58242 41.1808
1298880424 -8.58249 41.1808
1298880425 -8.58255 41.1808
1298880426 -8.58259 41.1808
1298880427 -8.58262 41.1808
1298880428 -8.58265 41.1808
1298880429 -8.58268 41.1809
1298880430 -8.58272 41.1809
1298880431 -8.58275 41.1809
1298880432 -8.58277 41.1809
1298880433 -8.58279 41.1809
1298880434 -8.5828 41.1809
1298880435 -8.58281 41.1809
1298880442 -8.58282 41.1809
1298880451 -8.58283 41.1809
1298880453 -8.58284 41.1809
1298880455 -8.58285 41.1809
1298880456 -8.58286 41.1809
1298880458 -8.58287 41.181
1298880459 -8.58289 41.181
1298880460 -8.58291 41.181
1298880461 -8.58295 41.181
1298880462 -8.58299 41.181
1298880463 -8.58302 41.181
1298880464 -8.58306 41.181
1298880465 -8.58308 41.1811
1298880466 -8.58311 41.1811
1298880467 -8.58311 41.181
1298880469 -8.58312 41.181
1298880471 -8.5831 41.181
1298880486 -8.58313 41.181
1298880498 -8.58314 41.181
1298880509 -8.58315 41.181
1298880518 -8.58316 41.181
1298880534 -8.58317 41.181
1298880547 -8.58312 41.1809
1298880548 -8.5831 41.1809
1298880549 -8.58309 41.1809
1298880550 -8.58308 41.1809
1298880575 -8.58308 41.181
1298880576 -8.58307 41.181
1298880622 -8.58306 41.1809
1298880638 -8.58305 41.1809
1298880639 -8.58303 41.1809
1298880640 -8.58301 41.1809
1298880641 -8.58299 41.1809
1298880642 -8.58297 41.1809
1298880643 -8.58295 41.1809
1298880644 -8.58293 41.1809
1298880645 -8.58292 41.1809
1298880646 -8.58291 41.1809
1298880706 -8.58294 41.1809
1298880750 -8.5829 41.1809
1298880780 -8.58289 41.1809
1298880912 -8.58288 41.1809
1298881137 -8.58296 41.1809
1298881200 -8.5829 41.1809
