:break:
1298880036 -8.52574 41.1633
1298880037 -8.52579 41.1632
1298880038 -8.52584 41.1631
1298880039 -8.52588 41.1631
1298880040 -8.52593 41.163
1298880041 -8.52601 41.163
1298880042 -8.52608 41.1629
1298880043 -8.52618 41.1629
1298880044 -8.52627 41.163
1298880045 -8.52637 41.163
1298880046 -8.52649 41.163
1298880047 -8.52659 41.1631
1298880048 -8.52669 41.1631
1298880049 -8.52678 41.1632
1298880050 -8.52687 41.1632
1298880051 -8.52695 41.1633
1298880052 -8.52702 41.1633
1298880053 -8.52707 41.1634
1298880054 -8.5271 41.1634
1298880055 -8.52712 41.1635
1298880056 -8.52713 41.1635
1298880059 -8.52714 41.1636
1298880060 -8.52717 41.1636
1298880061 -8.52721 41.1636
1298880062 -8.52727 41.1636
1298880063 -8.52732 41.1637
1298880064 -8.52737 41.1637
1298880065 -8.52743 41.1637
1298880066 -8.52748 41.1638
1298880067 -8.52753 41.1638
1298880068 -8.52755 41.1639
1298880069 -8.52758 41.1639
1298880070 -8.52761 41.1639
1298880071 -8.52763 41.1639
1298880072 -8.52764 41.1639
1298880075 -8.52762 41.1639
1298880077 -8.5276 41.1639
1298880079 -8.52759 41.1639
1298880308 -8.52767 41.1639
1298880309 -8.5277 41.164
1298880310 -8.52773 41.164
1298880311 -8.52777 41.1641
1298880312 -8.52786 41.1641
1298880313 -8.52795 41.1642
1298880314 -8.52806 41.1642
1298880315 -8.52818 41.1643
1298880316 -8.5283 41.1643
1298880317 -8.52844 41.1644
1298880318 -8.52857 41.1644
1298880319 -8.52868 41.1645
1298880320 -8.52878 41.1646
1298880321 -8.5289 41.1646
1298880322 -8.52902 41.1647
1298880323 -8.52916 41.1647
1298880324 -8.5293 41.1647
1298880325 -8.52943 41.1647
1298880326 -8.52959 41.1646
1298880327 -8.52974 41.1646
1298880328 -8.52989 41.1646
1298880329 -8.53003 41.1645
1298880330 -8.53016 41.1644
1298880331 -8.53027 41.1644
1298880332 -8.53036 41.1643
1298880333 -8.53044 41.1642
1298880334 -8.53052 41.1641
1298880335 -8.53059 41.1639
1298880336 -8.53064 41.1638
1298880337 -8.53068 41.1637
1298880338 -8.5307 41.1636
1298880339 -8.53074 41.1635
1298880340 -8.5308 41.1634
1298880341 -8.53087 41.1633
1298880342 -8.53097 41.1633
1298880343 -8.53106 41.1632
1298880344 -8.53115 41.1632
1298880345 -8.53127 41.1631
1298880346 -8.53138 41.1631
1298880347 -8.53147 41.163
1298880348 -8.53153 41.163
1298880349 -8.53158 41.1629
1298880350 -8.53163 41.1628
1298880351 -8.53168 41.1627
1298880352 -8.53174 41.1627
1298880353 -8.5318 41.1626
1298880354 -8.53185 41.1625
1298880355 -8.53186 41.1624
1298880356 -8.53188 41.1623
1298880357 -8.53192 41.1622
1298880358 -8.53196 41.1621
1298880359 -8.53201 41.162
1298880360 -8.53206 41.1619
1298880361 -8.53214 41.1618
1298880362 -8.53223 41.1617
1298880363 -8.53235 41.1617
1298880364 -8.53249 41.1616
1298880365 -8.53263 41.1616
1298880366 -8.53278 41.1616
1298880367 -8.53294 41.1615
1298880368 -8.5331 41.1615
1298880369 -8.53325 41.1615
1298880370 -8.5334 41.1615
1298880371 -8.53353 41.1615
1298880372 -8.53365 41.1615
1298880373 -8.53374 41.1615
1298880374 -8.53379 41.1616
1298880375 -8.53384 41.1616
1298880376 -8.53392 41.1616
1298880377 -8.53399 41.1616
1298880378 -8.53411 41.1617
1298880379 -8.53424 41.1617
1298880380 -8.53438 41.1618
1298880381 -8.53452 41.1619
1298880382 -8.53468 41.1619
1298880383 -8.53484 41.162
1298880384 -8.53501 41.1621
1298880385 -8.53515 41.1622
1298880386 -8.5353 41.1623
1298880387 -8.53545 41.1624
1298880388 -8.5356 41.1625
1298880389 -8.53576 41.1626
1298880390 -8.53592 41.1626
1298880391 -8.53609 41.1627
1298880392 -8.53627 41.1628
1298880393 -8.53643 41.1629
1298880394 -8.53659 41.1629
1298880395 -8.53674 41.163
1298880396 -8.5369 41.1631
1298880397 -8.53704 41.1631
1298880398 -8.53717 41.1632
1298880399 -8.53731 41.1632
1298880400 -8.53744 41.1633
1298880401 -8.53756 41.1633
1298880402 -8.53769 41.1634
1298880403 -8.53781 41.1634
1298880404 -8.53795 41.1635
1298880405 -8.53808 41.1635
1298880406 -8.5382 41.1636
1298880407 -8.53833 41.1636
1298880408 -8.53846 41.1636
1298880409 -8.53859 41.1637
1298880410 -8.53871 41.1637
1298880411 -8.53883 41.1637
1298880412 -8.53895 41.1637
1298880413 -8.53901 41.1637
1298880414 -8.53907 41.1638
1298880415 -8.53911 41.1638
1298880416 -8.53915 41.1638
1298880417 -8.53917 41.1638
1298880418 -8.5392 41.1638
1298880419 -8.53923 41.1638
1298880420 -8.53925 41.1638
1298880421 -8.53926 41.1638
1298880422 -8.53927 41.1638
1298880423 -8.53929 41.1638
1298880425 -8.5393 41.1638
1298880430 -8.53931 41.1638
1298880431 -8.53932 41.1638
1298880432 -8.53934 41.1638
1298880433 -8.53936 41.1638
1298880434 -8.53939 41.1638
1298880435 -8.53942 41.1638
1298880436 -8.53945 41.1639
1298880437 -8.5395 41.1639
1298880438 -8.53953 41.1639
1298880439 -8.53956 41.1639
1298880440 -8.5396 41.1639
1298880441 -8.53963 41.1639
1298880442 -8.53967 41.1639
1298880443 -8.53972 41.1639
1298880444 -8.53976 41.1639
1298880445 -8.5398 41.164
1298880446 -8.53984 41.164
1298880447 -8.53988 41.164
1298880448 -8.5399 41.164
1298880449 -8.53995 41.164
1298880450 -8.53998 41.164
1298880451 -8.54001 41.1641
1298880452 -8.54004 41.1641
1298880453 -8.54006 41.1641
1298880454 -8.54009 41.1641
1298880455 -8.54013 41.1641
1298880456 -8.54017 41.1642
1298880457 -8.54021 41.1642
1298880458 -8.54022 41.1641
1298880460 -8.54021 41.164
1298880461 -8.5402 41.164
1298880462 -8.54019 41.1639
1298880463 -8.54018 41.1638
1298880464 -8.54017 41.1637
1298880465 -8.54016 41.1636
1298880466 -8.54015 41.1635
1298880467 -8.54014 41.1634
1298880468 -8.54013 41.1633
1298880469 -8.54013 41.1632
1298880470 -8.54014 41.1632
1298880471 -8.54015 41.1632
1298880472 -8.54018 41.1632
1298880473 -8.54024 41.1632
1298880474 -8.54032 41.1632
1298880475 -8.54041 41.1632
1298880476 -8.54051 41.1632
1298880477 -8.54061 41.1632
1298880478 -8.54073 41.1632
1298880479 -8.54084 41.1633
1298880480 -8.54096 41.1633
1298880481 -8.54111 41.1633
1298880482 -8.54127 41.1633
1298880483 -8.54141 41.1632
1298880484 -8.54156 41.1632
1298880485 -8.5417 41.1632
1298880486 -8.54185 41.1631
1298880487 -8.54198 41.1631
1298880488 -8.54212 41.163
1298880489 -8.54226 41.163
1298880490 -8.54241 41.163
1298880491 -8.54257 41.163
1298880492 -8.54273 41.163
1298880493 -8.54289 41.163
1298880494 -8.54305 41.163
1298880495 -8.54321 41.163
1298880496 -8.54336 41.163
1298880497 -8.54352 41.163
1298880498 -8.54366 41.163
1298880499 -8.5438 41.163
1298880500 -8.54392 41.163
1298880501 -8.544 41.163
1298880502 -8.54404 41.163
1298880503 -8.54407 41.163
1298880504 -8.54408 41.163
1298880505 -8.5441 41.1631
1298880506 -8.54413 41.163
1298880507 -8.54417 41.163
1298880508 -8.5442 41.1629
1298880509 -8.5442 41.1628
1298880510 -8.54422 41.1628
1298880511 -8.54425 41.1627
1298880512 -8.54428 41.1626
1298880513 -8.5443 41.1624
1298880514 -8.54433 41.1623
1298880515 -8.54437 41.1622
1298880516 -8.54439 41.1621
1298880517 -8.54443 41.162
1298880518 -8.54447 41.1618
1298880519 -8.5445 41.1617
1298880520 -8.54453 41.1616
1298880521 -8.54456 41.1615
1298880522 -8.5446 41.1614
1298880523 -8.54464 41.1613
1298880524 -8.54469 41.1612
1298880525 -8.54477 41.1611
1298880526 -8.54487 41.1611
1298880527 -8.54498 41.161
1298880528 -8.54508 41.161
1298880529 -8.54518 41.1611
1298880530 -8.54528 41.1611
1298880531 -8.5454 41.1611
1298880532 -8.54552 41.1611
1298880533 -8.54564 41.1611
1298880534 -8.54575 41.1611
1298880535 -8.54585 41.1612
1298880536 -8.54592 41.1612
1298880537 -8.54598 41.1613
1298880538 -8.54601 41.1613
1298880539 -8.54607 41.1614
1298880540 -8.54613 41.1615
1298880541 -8.54619 41.1616
1298880542 -8.54627 41.1617
1298880543 -8.54633 41.1617
1298880544 -8.54639 41.1618
1298880545 -8.54645 41.1619
1298880546 -8.54652 41.162
1298880547 -8.54658 41.1621
1298880548 -8.54663 41.1622
1298880549 -8.54669 41.1623
1298880550 -8.54673 41.1624
1298880551 -8.54679 41.1625
1298880552 -8.54684 41.1626
1298880553 -8.5469 41.1627
1298880554 -8.54695 41.1628
1298880555 -8.547 41.1629
1298880556 -8.54707 41.1629
1298880557 -8.54712 41.163
1298880558 -8.54715 41.163
1298880559 -8.54716 41.163
1298880561 -8.54718 41.163
1298880562 -8.54721 41.1629
1298880563 -8.54725 41.1629
1298880564 -8.54731 41.1628
1298880565 -8.54736 41.1627
1298880566 -8.54744 41.1627
1298880567 -8.5475 41.1626
1298880568 -8.54758 41.1625
1298880569 -8.54767 41.1624
1298880570 -8.54778 41.1623
1298880571 -8.54789 41.1622
1298880572 -8.54801 41.1621
1298880573 -8.54814 41.1621
1298880574 -8.54825 41.162
1298880575 -8.54837 41.1619
1298880576 -8.5485 41.1618
1298880577 -8.54861 41.1617
1298880578 -8.54873 41.1616
1298880579 -8.54885 41.1615
1298880580 -8.54897 41.1614
1298880581 -8.54907 41.1614
1298880582 -8.54918 41.1613
1298880583 -8.54929 41.1612
1298880584 -8.5494 41.1611
1298880585 -8.54949 41.161
1298880586 -8.54958 41.1609
1298880587 -8.54966 41.1608
1298880588 -8.54971 41.1608
1298880589 -8.54975 41.1608
1298880590 -8.54976 41.1608
1298880591 -8.54978 41.1608
1298880592 -8.54982 41.1607
1298880593 -8.54987 41.1607
1298880594 -8.54996 41.1607
1298880595 -8.55005 41.1607
1298880596 -8.55017 41.1607
1298880597 -8.55031 41.1607
1298880598 -8.55043 41.1607
1298880599 -8.55054 41.1606
1298880600 -8.55059 41.1606
1298880601 -8.55061 41.1606
1298880602 -8.55062 41.1606
1298880603 -8.55063 41.1606
1298880604 -8.55065 41.1606
1298880605 -8.5507 41.1606
1298880606 -8.55078 41.1606
1298880607 -8.55089 41.1606
1298880608 -8.55101 41.1606
1298880609 -8.55115 41.1606
1298880610 -8.55129 41.1606
1298880611 -8.55144 41.1606
1298880612 -8.55161 41.1605
1298880613 -8.55178 41.1605
1298880614 -8.55197 41.1605
1298880615 -8.55216 41.1605
1298880616 -8.55236 41.1604
1298880617 -8.55256 41.1604
1298880618 -8.55275 41.1603
1298880619 -8.55295 41.1603
1298880620 -8.55315 41.1602
1298880621 -8.55335 41.1601
1298880622 -8.55355 41.1601
1298880623 -8.55374 41.16
1298880624 -8.55396 41.1599
1298880625 -8.55417 41.1599
1298880626 -8.55437 41.1598
1298880627 -8.55458 41.1597
1298880628 -8.55476 41.1596
1298880629 -8.55493 41.1595
1298880630 -8.55509 41.1595
1298880631 -8.55526 41.1594
1298880632 -8.55541 41.1593
1298880633 -8.55555 41.1592
1298880634 -8.55571 41.1591
1298880635 -8.55586 41.159
1298880636 -8.55601 41.1589
1298880637 -8.55617 41.1589
1298880638 -8.55632 41.1588
1298880639 -8.55648 41.1587
1298880640 -8.55663 41.1586
1298880641 -8.55679 41.1586
1298880642 -8.55695 41.1585
1298880643 -8.5571 41.1584
1298880644 -8.55725 41.1583
1298880645 -8.55741 41.1583
1298880646 -8.55756 41.1582
1298880647 -8.5577 41.1581
1298880648 -8.55784 41.158
1298880649 -8.55796 41.1579
1298880650 -8.55807 41.1578
1298880651 -8.55817 41.1576
1298880652 -8.55826 41.1575
1298880653 -8.55835 41.1574
1298880654 -8.55843 41.1573
1298880655 -8.55851 41.1571
1298880656 -8.55858 41.157
1298880657 -8.55864 41.1569
1298880658 -8.5587 41.1568
1298880659 -8.55877 41.1567
1298880660 -8.55881 41.1566
1298880661 -8.55887 41.1565
1298880662 -8.55891 41.1564
1298880663 -8.55896 41.1563
1298880664 -8.55899 41.1562
1298880665 -8.55904 41.1562
1298880666 -8.55907 41.1561
1298880667 -8.55912 41.156
1298880668 -8.55915 41.1559
1298880669 -8.5592 41.1559
1298880670 -8.55924 41.1558
1298880671 -8.55929 41.1557
1298880672 -8.55933 41.1557
1298880673 -8.55937 41.1556
1298880674 -8.5594 41.1556
1298880675 -8.55947 41.1555
1298880676 -8.55955 41.1555
1298880677 -8.55962 41.1556
1298880678 -8.55969 41.1556
1298880679 -8.55976 41.1557
1298880680 -8.55982 41.1557
1298880681 -8.5599 41.1558
1298880682 -8.55997 41.1558
1298880683 -8.56005 41.1559
1298880684 -8.56013 41.156
1298880685 -8.56021 41.1561
1298880686 -8.5603 41.1561
1298880687 -8.5604 41.1562
1298880688 -8.56052 41.1562
1298880689 -8.56064 41.1562
1298880690 -8.56076 41.1562
1298880691 -8.56088 41.1563
1298880692 -8.561 41.1563
1298880693 -8.56112 41.1564
1298880694 -8.56123 41.1564
1298880695 -8.56133 41.1565
1298880696 -8.56143 41.1565
1298880697 -8.56152 41.1566
1298880698 -8.56159 41.1566
1298880699 -8.56166 41.1567
1298880700 -8.5617 41.1568
1298880701 -8.56175 41.1568
1298880702 -8.56182 41.1569
1298880703 -8.56189 41.157
1298880704 -8.56195 41.1571
1298880705 -8.56201 41.1572
1298880706 -8.56202 41.1573
1298880707 -8.56201 41.1574
1298880708 -8.56197 41.1575
1298880709 -8.56192 41.1575
1298880710 -8.56185 41.1576
1298880711 -8.56177 41.1576
1298880712 -8.56166 41.1576
1298880713 -8.56153 41.1577
1298880714 -8.56139 41.1577
1298880715 -8.56126 41.1577
1298880716 -8.56114 41.1578
1298880717 -8.56108 41.1579
1298880718 -8.56105 41.158
1298880719 -8.56103 41.1581
1298880720 -8.56101 41.1583
1298880721 -8.56095 41.1584
1298880722 -8.56087 41.1586
1298880723 -8.56082 41.1588
1298880724 -8.56081 41.1589
1298880725 -8.56086 41.1591
1298880726 -8.56095 41.1593
1298880727 -8.56107 41.1595
1298880728 -8.56119 41.1597
1298880729 -8.5613 41.1599
1298880730 -8.56143 41.1601
1298880731 -8.56156 41.1603
1298880732 -8.56171 41.1605
1298880733 -8.56187 41.1607
1298880734 -8.56205 41.1609
1298880735 -8.56227 41.1611
1298880736 -8.56252 41.1612
1298880737 -8.56279 41.1614
1298880738 -8.56306 41.1616
1298880739 -8.56334 41.1617
1298880740 -8.56363 41.1619
1298880741 -8.56391 41.1621
1298880742 -8.56416 41.1622
1298880743 -8.56437 41.1624
1298880744 -8.56456 41.1625
1298880745 -8.5647 41.1626
1298880746 -8.56479 41.1626
1298880747 -8.56484 41.1627
1298880748 -8.56487 41.1627
1298880749 -8.56488 41.1627
1298880750 -8.56489 41.1627
1298880766 -8.56493 41.1627
1298880767 -8.56499 41.1627
1298880768 -8.56507 41.1628
1298880769 -8.56515 41.1628
1298880770 -8.56523 41.1629
1298880771 -8.56533 41.163
1298880772 -8.56542 41.1631
1298880773 -8.5655 41.1632
1298880774 -8.56556 41.1633
1298880775 -8.56562 41.1634
1298880776 -8.56565 41.1635
1298880777 -8.56569 41.1637
1298880778 -8.56571 41.1638
1298880779 -8.56574 41.164
1298880780 -8.56577 41.1642
1298880781 -8.56579 41.1643
1298880782 -8.56582 41.1645
1298880783 -8.56586 41.1647
1298880784 -8.56588 41.1648
1298880785 -8.56592 41.165
1298880786 -8.56596 41.1652
1298880787 -8.56601 41.1654
1298880788 -8.56608 41.1656
1298880789 -8.56616 41.1658
1298880790 -8.56625 41.166
1298880791 -8.56636 41.1661
1298880792 -8.56647 41.1663
1298880793 -8.56658 41.1665
1298880794 -8.56669 41.1667
1298880795 -8.5668 41.1668
1298880796 -8.56696 41.167
1298880797 -8.56714 41.1671
1298880798 -8.56734 41.1671
1298880799 -8.56756 41.1672
1298880800 -8.56777 41.1673
1298880801 -8.56795 41.1674
1298880802 -8.56813 41.1674
1298880803 -8.56824 41.1675
1298880804 -8.56832 41.1675
1298880805 -8.56838 41.1675
1298880806 -8.5684 41.1675
1298880807 -8.56841 41.1675
1298880809 -8.56839 41.1675
1298880812 -8.56837 41.1675
1298880814 -8.56836 41.1675
1298880816 -8.56835 41.1675
1298880820 -8.56834 41.1675
1298880825 -8.56845 41.1675
1298880826 -8.56851 41.1676
1298880827 -8.56859 41.1676
1298880828 -8.56868 41.1676
1298880829 -8.56878 41.1676
1298880830 -8.56892 41.1676
1298880831 -8.56907 41.1676
1298880832 -8.56921 41.1676
1298880833 -8.56937 41.1676
1298880834 -8.5695 41.1676
1298880835 -8.56961 41.1676
1298880836 -8.56968 41.1676
1298880837 -8.56972 41.1676
1298880838 -8.56973 41.1676
1298880849 -8.56976 41.1676
1298880850 -8.5698 41.1676
1298880851 -8.56986 41.1676
1298880852 -8.56993 41.1676
1298880853 -8.56999 41.1676
1298880854 -8.57007 41.1676
1298880855 -8.57015 41.1676
1298880856 -8.57021 41.1675
1298880857 -8.57026 41.1674
1298880858 -8.57029 41.1674
1298880859 -8.57032 41.1673
1298880860 -8.57035 41.1672
1298880861 -8.57038 41.1672
1298880862 -8.5704 41.1671
1298880863 -8.57044 41.167
1298880864 -8.57047 41.1669
1298880865 -8.5705 41.1668
1298880866 -8.57053 41.1668
1298880867 -8.57056 41.1667
1298880868 -8.57058 41.1666
1298880869 -8.57061 41.1665
1298880870 -8.57065 41.1664
1298880871 -8.57067 41.1663
1298880872 -8.5707 41.1663
1298880873 -8.57073 41.1662
1298880874 -8.57075 41.1661
1298880876 -8.57071 41.166
1298880877 -8.57064 41.166
1298880878 -8.57054 41.166
1298880879 -8.57044 41.166
1298880880 -8.57032 41.166
1298880881 -8.5702 41.166
1298880882 -8.57007 41.1661
1298880883 -8.56994 41.1661
1298880884 -8.56981 41.1661
1298880885 -8.56968 41.1662
1298880886 -8.56955 41.1662
1298880887 -8.56942 41.1662
1298880888 -8.5693 41.1663
1298880889 -8.56919 41.1663
1298880890 -8.5691 41.1663
1298880891 -8.56903 41.1663
1298880892 -8.56897 41.1663
1298880893 -8.56894 41.1664
1298880894 -8.56892 41.1664
1298880896 -8.56893 41.1664
1298880929 -8.56895 41.1664
1298880931 -8.56896 41.1664
1298880934 -8.56891 41.1663
1298880935 -8.56886 41.1663
1298880936 -8.56879 41.1663
1298880937 -8.56871 41.1663
1298880938 -8.56864 41.1663
1298880939 -8.56856 41.1663
1298880940 -8.56847 41.1662
1298880941 -8.56837 41.1662
1298880942 -8.56828 41.1662
1298880943 -8.56819 41.1662
1298880944 -8.56811 41.1661
1298880945 -8.56806 41.1661
1298880946 -8.56803 41.166
1298880947 -8.56798 41.1659
1298880948 -8.56793 41.1658
1298880949 -8.56787 41.1657
1298880950 -8.56781 41.1656
1298880951 -8.56777 41.1655
1298880952 -8.56771 41.1654
1298880953 -8.56766 41.1653
1298880954 -8.5676 41.1652
1298880955 -8.56754 41.1651
1298880956 -8.56749 41.1649
1298880957 -8.56742 41.1648
1298880958 -8.56736 41.1647
1298880959 -8.56731 41.1646
1298880960 -8.56724 41.1645
1298880961 -8.56719 41.1644
1298880962 -8.56714 41.1643
1298880963 -8.56708 41.1642
1298880964 -8.56703 41.1641
1298880965 -8.56698 41.164
1298880966 -8.56694 41.1639
1298880967 -8.5669 41.1638
1298880968 -8.56687 41.1637
1298880969 -8.56685 41.1636
1298880970 -8.56683 41.1635
1298880971 -8.56683 41.1634
1298880972 -8.56682 41.1633
1298880973 -8.56682 41.1632
1298880974 -8.56681 41.1631
1298880975 -8.56681 41.163
1298880976 -8.5668 41.1629
1298880977 -8.56681 41.1628
1298880978 -8.56681 41.1627
1298880979 -8.5668 41.1626
1298880981 -8.5668 41.1625
1298880982 -8.5668 41.1624
1298880983 -8.5668 41.1623
1298880984 -8.5668 41.1622
1298880986 -8.56683 41.1621
1298880987 -8.56688 41.1621
1298880988 -8.56696 41.1621
1298880989 -8.56705 41.1621
1298880990 -8.56716 41.1621
1298880991 -8.56726 41.1621
1298880992 -8.56738 41.1621
1298880993 -8.56749 41.1621
1298880994 -8.56762 41.1621
1298880995 -8.56773 41.1621
1298880996 -8.56785 41.1621
1298880997 -8.56797 41.162
1298880998 -8.56809 41.162
1298880999 -8.56821 41.162
1298881000 -8.56832 41.162
1298881001 -8.56844 41.1619
1298881002 -8.56854 41.1619
1298881003 -8.56864 41.1619
1298881004 -8.56874 41.1619
1298881005 -8.56883 41.162
1298881006 -8.56891 41.162
1298881007 -8.56897 41.162
1298881008 -8.56903 41.162
1298881009 -8.5691 41.162
1298881010 -8.56913 41.162
1298881011 -8.56918 41.162
1298881012 -8.56918 41.1619
1298881013 -8.56921 41.1619
1298881014 -8.56924 41.1618
1298881015 -8.56927 41.1617
1298881016 -8.56931 41.1616
1298881017 -8.56937 41.1615
1298881018 -8.56944 41.1614
1298881019 -8.56951 41.1613
1298881020 -8.56958 41.1612
1298881021 -8.56967 41.1611
1298881022 -8.56977 41.161
1298881023 -8.56988 41.1608
1298881024 -8.56998 41.1607
1298881025 -8.57007 41.1607
1298881026 -8.57017 41.1606
1298881027 -8.57026 41.1605
1298881028 -8.57037 41.1604
1298881029 -8.57048 41.1603
1298881030 -8.57058 41.1602
1298881031 -8.5707 41.1602
1298881032 -8.57081 41.16
1298881033 -8.57092 41.1599
1298881034 -8.57102 41.1598
1298881035 -8.57111 41.1597
1298881036 -8.5712 41.1596
1298881037 -8.57128 41.1596
1298881038 -8.57133 41.1595
1298881039 -8.57138 41.1595
1298881040 -8.57144 41.1594
1298881041 -8.57149 41.1594
1298881042 -8.57156 41.1594
1298881043 -8.57164 41.1594
1298881044 -8.57173 41.1595
1298881045 -8.57183 41.1595
1298881046 -8.57195 41.1596
1298881047 -8.57208 41.1596
1298881048 -8.57219 41.1597
1298881049 -8.57232 41.1598
1298881050 -8.57245 41.1598
1298881051 -8.57259 41.1599
1298881052 -8.57273 41.16
1298881053 -8.57287 41.1601
1298881054 -8.57301 41.1601
1298881055 -8.57316 41.1602
1298881056 -8.57329 41.1603
1298881057 -8.57342 41.1604
1298881058 -8.57353 41.1605
1298881059 -8.57362 41.1606
1298881060 -8.57367 41.1606
1298881061 -8.57369 41.1607
1298881062 -8.57367 41.1607
1298881063 -8.57364 41.1607
1298881064 -8.57361 41.1608
1298881065 -8.57359 41.1608
1298881066 -8.5736 41.1609
1298881067 -8.57362 41.1609
1298881068 -8.57363 41.1609
1298881069 -8.57364 41.1609
1298881070 -8.57365 41.1609
1298881071 -8.57366 41.1609
1298881073 -8.57367 41.1609
1298881075 -8.57368 41.1609
1298881076 -8.57369 41.1609
1298881077 -8.5737 41.1609
1298881100 -8.5737 41.1608
1298881101 -8.57371 41.1608
1298881116 -8.57371 41.1609
1298881117 -8.57374 41.161
1298881118 -8.57377 41.161
1298881119 -8.57379 41.1611
1298881120 -8.57384 41.1611
1298881121 -8.5739 41.1611
1298881122 -8.57396 41.1611
1298881123 -8.57399 41.1611
1298881124 -8.57401 41.1612
1298881125 -8.57402 41.1612
1298881126 -8.57403 41.1612
1298881135 -8.57404 41.1612
1298881136 -8.57406 41.1612
1298881137 -8.57408 41.1612
1298881138 -8.57411 41.1613
1298881139 -8.57416 41.1614
1298881140 -8.5742 41.1615
1298881141 -8.57425 41.1615
1298881142 -8.5743 41.1617
1298881143 -8.57439 41.1618
1298881144 -8.57445 41.1619
1298881145 -8.57453 41.162
1298881146 -8.57462 41.1622
1298881147 -8.57472 41.1623
1298881148 -8.57483 41.1624
1298881149 -8.57495 41.1626
1298881150 -8.57506 41.1627
1298881151 -8.57521 41.1628
1298881152 -8.57534 41.1629
1298881153 -8.57548 41.1631
1298881154 -8.5756 41.1632
1298881155 -8.57572 41.1633
1298881156 -8.57583 41.1635
1298881157 -8.57592 41.1636
1298881158 -8.57598 41.1636
1298881159 -8.57604 41.1637
1298881160 -8.57607 41.1637
1298881161 -8.57608 41.1637
1298881163 -8.5761 41.1636
1298881164 -8.57609 41.1636
1298881165 -8.57606 41.1635
1298881166 -8.57599 41.1634
1298881167 -8.57591 41.1633
1298881168 -8.57582 41.1632
1298881169 -8.57571 41.1631
1298881170 -8.5756 41.163
1298881171 -8.57548 41.1629
1298881172 -8.57534 41.1627
1298881173 -8.57521 41.1626
1298881174 -8.57507 41.1624
1298881175 -8.57492 41.1623
1298881176 -8.57479 41.1621
1298881177 -8.57467 41.1619
1298881178 -8.57457 41.1618
1298881179 -8.57448 41.1616
1298881180 -8.57441 41.1615
1298881181 -8.57434 41.1613
1298881182 -8.57429 41.1612
1298881183 -8.57426 41.1612
1298881184 -8.57425 41.1612
1298881185 -8.57425 41.1611
1298881187 -8.57426 41.1611
1298881191 -8.57424 41.1611
1298881192 -8.57422 41.1611
1298881193 -8.57419 41.161
1298881194 -8.57415 41.161
1298881195 -8.57409 41.1609
1298881196 -8.57402 41.1608
1298881197 -8.57392 41.1607
1298881198 -8.57381 41.1605
1298881199 -8.5737 41.1604
1298881200 -8.57356 41.1603
