:break:
1298880011 -8.57616 41.181
1298880012 -8.57637 41.181
1298880013 -8.57658 41.181
1298880014 -8.57678 41.181
1298880015 -8.577 41.181
1298880016 -8.57722 41.181
1298880017 -8.57744 41.1809
1298880018 -8.57767 41.1809
1298880019 -8.5779 41.1809
1298880020 -8.57813 41.1809
1298880021 -8.57837 41.1808
1298880022 -8.5786 41.1808
1298880023 -8.57883 41.1808
1298880024 -8.57906 41.1808
1298880025 -8.57929 41.1807
1298880026 -8.57951 41.1807
1298880027 -8.57972 41.1807
1298880028 -8.57992 41.1807
1298880029 -8.58011 41.1807
1298880030 -8.5803 41.1806
1298880031 -8.58048 41.1806
1298880032 -8.58066 41.1806
1298880033 -8.58084 41.1806
1298880034 -8.58101 41.1806
1298880035 -8.58118 41.1805
1298880036 -8.58135 41.1805
1298880037 -8.5815 41.1805
1298880038 -8.58165 41.1805
1298880039 -8.5818 41.1805
1298880040 -8.58195 41.1805
1298880041 -8.5821 41.1806
1298880042 -8.58225 41.1806
1298880043 -8.58238 41.1807
1298880044 -8.58253 41.1807
1298880045 -8.58267 41.1808
1298880046 -8.58281 41.1809
1298880047 -8.58296 41.181
1298880048 -8.58311 41.181
1298880049 -8.58326 41.1811
1298880050 -8.58342 41.1812
1298880051 -8.58356 41.1813
1298880052 -8.5837 41.1813
1298880053 -8.58383 41.1814
1298880054 -8.58396 41.1814
1298880055 -8.58409 41.1814
1298880056 -8.58423 41.1814
1298880057 -8.58435 41.1814
1298880058 -8.58447 41.1813
1298880059 -8.58459 41.1812
1298880060 -8.5847 41.1812
1298880061 -8.58482 41.1811
1298880062 -8.58496 41.181
1298880063 -8.58509 41.1809
1298880064 -8.58523 41.1808
1298880065 -8.58537 41.1807
1298880066 -8.58551 41.1806
1298880067 -8.58565 41.1805
1298880068 -8.58579 41.1805
1298880069 -8.58594 41.1804
1298880070 -8.58609 41.1803
1298880071 -8.58624 41.1802
1298880072 -8.58641 41.1801
1298880073 -8.58658 41.18
1298880074 -8.58675 41.1799
1298880075 -8.58693 41.1799
1298880076 -8.58711 41.1798
1298880077 -8.58729 41.1798
1298880078 -8.58748 41.1798
1298880079 -8.58767 41.1797
1298880080 -8.58786 41.1797
1298880081 -8.58807 41.1797
1298880082 -8.58827 41.1797
1298880083 -8.58848 41.1798
1298880084 -8.58867 41.1798
1298880085 -8.58888 41.1798
1298880086 -8.5891 41.1798
1298880087 -8.5893 41.1798
1298880088 -8.58953 41.1799
1298880089 -8.58974 41.1799
1298880090 -8.58996 41.1799
1298880091 -8.59018 41.1799
1298880092 -8.5904 41.18
1298880093 -8.59062 41.18
1298880094 -8.59084 41.1801
1298880095 -8.59106 41.1801
1298880096 -8.59127 41.1802
1298880097 -8.59149 41.1803
1298880098 -8.5917 41.1804
1298880099 -8.5919 41.1805
1298880100 -8.5921 41.1805
1298880101 -8.5923 41.1806
1298880102 -8.5925 41.1807
1298880103 -8.59268 41.1808
1298880104 -8.59287 41.1808
1298880105 -8.59305 41.1809
1298880106 -8.59322 41.181
1298880107 -8.5934 41.1811
1298880108 -8.59357 41.1811
1298880109 -8.59371 41.1812
1298880110 -8.59384 41.1813
1298880111 -8.59393 41.1813
1298880112 -8.59399 41.1813
1298880113 -8.59406 41.1813
1298880114 -8.59411 41.1814
1298880115 -8.59416 41.1814
1298880116 -8.5942 41.1814
1298880117 -8.59422 41.1814
1298880118 -8.59423 41.1814
1298880119 -8.59425 41.1814
1298880120 -8.59426 41.1814
1298880121 -8.59428 41.1814
1298880122 -8.5943 41.1814
1298880123 -8.59433 41.1815
1298880124 -8.59438 41.1815
1298880125 -8.59444 41.1815
1298880126 -8.5945 41.1815
1298880127 -8.59459 41.1815
1298880128 -8.59467 41.1816
1298880129 -8.59475 41.1816
1298880130 -8.59482 41.1816
1298880131 -8.59489 41.1817
1298880132 -8.59496 41.1817
1298880133 -8.59502 41.1817
1298880134 -8.59508 41.1817
1298880135 -8.59514 41.1817
1298880136 -8.59521 41.1818
1298880137 -8.59526 41.1818
1298880138 -8.59532 41.1818
1298880139 -8.59538 41.1818
1298880140 -8.59542 41.1818
1298880141 -8.59547 41.1818
1298880142 -8.5955 41.1819
1298880143 -8.59554 41.1819
1298880144 -8.59557 41.1819
1298880145 -8.59559 41.1819
1298880146 -8.59561 41.1819
1298880147 -8.59562 41.1819
1298880148 -8.59563 41.1819
1298880163 -8.5956 41.1819
1298880181 -8.59564 41.1819
1298880183 -8.59565 41.1819
1298880189 -8.59566 41.1819
1298880198 -8.59567 41.1819
1298880204 -8.59568 41.1819
1298880205 -8.59569 41.1819
1298880206 -8.59571 41.1819
1298880207 -8.59573 41.1819
1298880208 -8.59576 41.1819
1298880209 -8.5958 41.1819
1298880210 -8.59586 41.1819
1298880211 -8.59593 41.182
1298880212 -8.59601 41.182
1298880213 -8.59609 41.182
1298880214 -8.59617 41.182
1298880215 -8.59626 41.1821
1298880216 -8.59635 41.1821
1298880217 -8.59644 41.1821
1298880218 -8.59654 41.1821
1298880219 -8.59665 41.1822
1298880220 -8.59677 41.1822
1298880221 -8.5969 41.1822
1298880222 -8.59703 41.1823
1298880223 -8.59717 41.1823
1298880224 -8.59731 41.1823
1298880225 -8.59746 41.1824
1298880226 -8.5976 41.1824
1298880227 -8.59775 41.1825
1298880228 -8.59791 41.1825
1298880229 -8.59805 41.1825
1298880230 -8.5982 41.1826
1298880231 -8.59833 41.1826
1298880232 -8.59846 41.1827
1298880233 -8.59859 41.1827
1298880234 -8.59873 41.1827
1298880235 -8.59886 41.1828
1298880236 -8.59901 41.1828
1298880237 -8.59915 41.1828
1298880238 -8.59929 41.1829
1298880239 -8.59943 41.1829
1298880240 -8.59956 41.1829
1298880241 -8.59971 41.183
1298880242 -8.59986 41.183
1298880243 -8.60003 41.1831
1298880244 -8.60024 41.1831
1298880245 -8.60045 41.1832
1298880246 -8.60064 41.1832
1298880247 -8.60079 41.1833
1298880248 -8.60089 41.1833
1298880249 -8.60098 41.1833
1298880250 -8.60106 41.1834
1298880251 -8.6011 41.1834
1298880252 -8.60112 41.1834
1298880253 -8.60113 41.1834
1298880254 -8.60114 41.1834
1298880256 -8.60115 41.1834
1298880257 -8.60116 41.1834
1298880263 -8.60117 41.1834
1298880264 -8.6012 41.1834
1298880265 -8.60124 41.1834
1298880266 -8.60131 41.1834
1298880267 -8.60138 41.1835
1298880268 -8.60147 41.1835
1298880269 -8.60155 41.1835
1298880270 -8.60163 41.1835
1298880271 -8.60171 41.1835
1298880272 -8.6018 41.1836
1298880273 -8.60188 41.1836
1298880274 -8.60195 41.1836
1298880275 -8.602 41.1836
1298880276 -8.60204 41.1836
1298880277 -8.60206 41.1836
1298880278 -8.60207 41.1836
1298880279 -8.60209 41.1836
1298880280 -8.60212 41.1836
1298880281 -8.60217 41.1836
1298880282 -8.60223 41.1836
1298880283 -8.60229 41.1837
1298880284 -8.60236 41.1837
1298880285 -8.60244 41.1837
1298880286 -8.60253 41.1837
1298880287 -8.60264 41.1837
1298880288 -8.60276 41.1838
1298880289 -8.60288 41.1838
1298880290 -8.60303 41.1838
1298880291 -8.60318 41.1839
1298880292 -8.60334 41.1839
1298880293 -8.60351 41.1839
1298880294 -8.60368 41.184
1298880295 -8.60386 41.184
1298880296 -8.60404 41.1841
1298880297 -8.60422 41.1841
1298880298 -8.60439 41.1841
1298880299 -8.60455 41.1842
1298880300 -8.60471 41.1842
1298880301 -8.60487 41.1843
1298880302 -8.60505 41.1843
1298880303 -8.60524 41.1843
1298880304 -8.60543 41.1844
1298880305 -8.60563 41.1844
1298880306 -8.60583 41.1845
1298880307 -8.60603 41.1845
1298880308 -8.60623 41.1846
1298880309 -8.60644 41.1846
1298880310 -8.60665 41.1846
1298880311 -8.60684 41.1847
1298880312 -8.60704 41.1847
1298880313 -8.60722 41.1847
1298880314 -8.6074 41.1847
1298880315 -8.60756 41.1848
1298880316 -8.60773 41.1848
1298880317 -8.60788 41.1848
1298880318 -8.60801 41.1848
1298880319 -8.60815 41.1848
1298880320 -8.60828 41.1848
1298880321 -8.60839 41.1847
1298880322 -8.6085 41.1847
1298880323 -8.60859 41.1847
1298880324 -8.60867 41.1847
1298880325 -8.60873 41.1847
1298880326 -8.60879 41.1847
1298880327 -8.60882 41.1847
1298880328 -8.60883 41.1847
1298880331 -8.60885 41.1847
1298880332 -8.6089 41.1847
1298880333 -8.60896 41.1847
1298880334 -8.60903 41.1847
1298880335 -8.60912 41.1847
1298880336 -8.60922 41.1847
1298880337 -8.60934 41.1846
1298880338 -8.60945 41.1846
1298880339 -8.60958 41.1846
1298880340 -8.60971 41.1845
1298880341 -8.60985 41.1845
1298880342 -8.60998 41.1845
1298880343 -8.61011 41.1844
1298880344 -8.61025 41.1844
1298880345 -8.61038 41.1843
1298880346 -8.61052 41.1843
1298880347 -8.61065 41.1843
1298880348 -8.61077 41.1842
1298880349 -8.61088 41.1842
1298880350 -8.61098 41.1841
1298880351 -8.61108 41.1841
1298880352 -8.6112 41.1841
1298880353 -8.61132 41.184
1298880354 -8.61143 41.184
1298880355 -8.61155 41.1839
1298880356 -8.61168 41.1839
1298880357 -8.6118 41.1838
1298880358 -8.61193 41.1838
1298880359 -8.61205 41.1837
1298880360 -8.61217 41.1837
1298880361 -8.61228 41.1836
1298880362 -8.61238 41.1836
1298880363 -8.61248 41.1836
1298880364 -8.61255 41.1835
1298880365 -8.61261 41.1835
1298880366 -8.61266 41.1835
1298880367 -8.61269 41.1835
1298880368 -8.61273 41.1835
1298880369 -8.61275 41.1835
1298880387 -8.61276 41.1835
1298880401 -8.61277 41.1835
1298880412 -8.61278 41.1835
1298880436 -8.6128 41.1835
1298880437 -8.61282 41.1835
1298880438 -8.61287 41.1835
1298880439 -8.61292 41.1834
1298880440 -8.61299 41.1834
1298880441 -8.61306 41.1834
1298880442 -8.61315 41.1834
1298880443 -8.61325 41.1834
1298880444 -8.61336 41.1834
1298880445 -8.61349 41.1834
1298880446 -8.61362 41.1834
1298880447 -8.61378 41.1833
1298880448 -8.61395 41.1833
1298880449 -8.61413 41.1833
1298880450 -8.61431 41.1833
1298880451 -8.6145 41.1833
1298880452 -8.61469 41.1832
1298880453 -8.61487 41.1832
1298880454 -8.61505 41.1832
1298880455 -8.61521 41.1832
1298880456 -8.61538 41.1831
1298880457 -8.61554 41.1831
1298880458 -8.61571 41.1831
1298880459 -8.61587 41.1831
1298880460 -8.61605 41.1831
1298880461 -8.61622 41.1831
1298880462 -8.61639 41.183
1298880463 -8.61655 41.183
1298880464 -8.61672 41.183
1298880465 -8.61686 41.183
1298880466 -8.617 41.183
1298880467 -8.61712 41.183
1298880468 -8.61724 41.1829
1298880469 -8.61735 41.1829
1298880470 -8.61746 41.1829
1298880471 -8.61758 41.1829
1298880472 -8.61768 41.1828
1298880473 -8.61779 41.1828
1298880474 -8.61788 41.1827
1298880475 -8.61798 41.1826
1298880476 -8.61808 41.1826
1298880477 -8.61818 41.1825
1298880478 -8.61827 41.1825
1298880479 -8.61836 41.1824
1298880480 -8.61846 41.1823
1298880481 -8.61857 41.1823
1298880482 -8.61868 41.1822
1298880483 -8.6188 41.1821
1298880484 -8.6189 41.1821
1298880485 -8.61902 41.182
1298880486 -8.61914 41.1819
1298880487 -8.61926 41.1818
1298880488 -8.61936 41.1818
1298880489 -8.61947 41.1817
1298880490 -8.61958 41.1816
1298880491 -8.61968 41.1816
1298880492 -8.61977 41.1815
1298880493 -8.61985 41.1815
1298880494 -8.61991 41.1815
1298880495 -8.61996 41.1814
1298880496 -8.61999 41.1814
1298880497 -8.62001 41.1814
1298880498 -8.62002 41.1814
1298880507 -8.62003 41.1814
1298880508 -8.62005 41.1814
1298880509 -8.62009 41.1814
1298880510 -8.62014 41.1814
1298880511 -8.6202 41.1813
1298880512 -8.62026 41.1813
1298880513 -8.62034 41.1813
1298880514 -8.62043 41.1812
1298880515 -8.62052 41.1812
1298880516 -8.62063 41.1811
1298880517 -8.62076 41.1811
1298880518 -8.62089 41.181
1298880519 -8.62104 41.181
1298880520 -8.62119 41.1809
1298880521 -8.62135 41.1808
1298880522 -8.62151 41.1808
1298880523 -8.62168 41.1807
1298880524 -8.62186 41.1807
1298880525 -8.62204 41.1806
1298880526 -8.62222 41.1806
1298880527 -8.6224 41.1805
1298880528 -8.6226 41.1805
1298880529 -8.62279 41.1804
1298880530 -8.623 41.1804
1298880531 -8.62322 41.1803
1298880532 -8.62342 41.1803
1298880533 -8.62364 41.1802
1298880534 -8.62385 41.1802
1298880535 -8.62407 41.1801
1298880536 -8.6243 41.1801
1298880537 -8.62453 41.1801
1298880538 -8.62476 41.1801
1298880539 -8.62499 41.18
1298880540 -8.62522 41.18
1298880541 -8.62546 41.18
1298880542 -8.62568 41.18
1298880543 -8.62591 41.18
1298880544 -8.62613 41.1799
1298880545 -8.62636 41.1799
1298880546 -8.62656 41.1799
1298880547 -8.62677 41.1799
1298880548 -8.62697 41.1799
1298880549 -8.62716 41.1799
1298880550 -8.62732 41.1798
1298880551 -8.62747 41.1798
1298880552 -8.62761 41.1798
1298880553 -8.62772 41.1798
1298880554 -8.62782 41.1798
1298880555 -8.62792 41.1798
1298880556 -8.62802 41.1798
1298880557 -8.62813 41.1798
1298880558 -8.62825 41.1797
1298880559 -8.62835 41.1797
1298880560 -8.62847 41.1797
1298880561 -8.62858 41.1797
1298880562 -8.62867 41.1797
1298880563 -8.62875 41.1797
1298880564 -8.62883 41.1797
1298880565 -8.62889 41.1797
1298880566 -8.62893 41.1797
1298880567 -8.62897 41.1797
1298880568 -8.62898 41.1797
1298880569 -8.629 41.1797
1298880574 -8.62899 41.1797
1298880590 -8.62896 41.1797
1298880604 -8.62896 41.1796
1298880606 -8.62897 41.1796
1298880623 -8.62902 41.1797
1298880624 -8.62907 41.1797
1298880625 -8.62914 41.1796
1298880626 -8.62923 41.1796
1298880627 -8.62932 41.1796
1298880628 -8.62941 41.1796
1298880629 -8.6295 41.1796
1298880630 -8.62957 41.1796
1298880631 -8.62963 41.1796
1298880632 -8.62967 41.1797
1298880633 -8.62971 41.1797
1298880634 -8.62976 41.1798
1298880635 -8.62979 41.1799
1298880636 -8.62983 41.18
1298880637 -8.62988 41.18
1298880638 -8.62991 41.1801
1298880639 -8.62996 41.1802
1298880640 -8.63 41.1803
1298880641 -8.63005 41.1804
1298880642 -8.6301 41.1805
1298880643 -8.63015 41.1806
1298880644 -8.6302 41.1808
1298880645 -8.63025 41.1809
1298880646 -8.6303 41.181
1298880647 -8.63035 41.1811
1298880648 -8.63041 41.1812
1298880649 -8.63044 41.1813
1298880650 -8.63048 41.1814
1298880651 -8.63052 41.1815
1298880652 -8.63057 41.1816
1298880653 -8.63062 41.1817
1298880654 -8.63068 41.1818
1298880655 -8.63074 41.182
1298880656 -8.6308 41.1821
1298880657 -8.63087 41.1822
1298880658 -8.63092 41.1824
1298880659 -8.63096 41.1825
1298880660 -8.631 41.1826
1298880661 -8.63105 41.1827
1298880662 -8.63109 41.1828
1298880663 -8.63114 41.1829
1298880664 -8.63117 41.1829
1298880665 -8.6312 41.183
1298880666 -8.63121 41.1831
1298880667 -8.63123 41.1831
1298880668 -8.63125 41.1831
1298880669 -8.63125 41.1832
1298880670 -8.63126 41.1832
1298880674 -8.63127 41.1832
1298880676 -8.63128 41.1832
1298880677 -8.63129 41.1832
1298880678 -8.63131 41.1833
1298880679 -8.63132 41.1833
1298880680 -8.63134 41.1834
1298880681 -8.63137 41.1834
1298880682 -8.6314 41.1835
1298880683 -8.63142 41.1835
1298880684 -8.63144 41.1836
1298880685 -8.63146 41.1837
1298880686 -8.63148 41.1838
1298880687 -8.6315 41.1838
1298880688 -8.63153 41.1839
1298880689 -8.63155 41.184
1298880690 -8.63157 41.1841
1298880691 -8.63159 41.1842
1298880692 -8.63164 41.1842
1298880693 -8.63167 41.1843
1298880694 -8.63169 41.1844
1298880695 -8.63172 41.1845
1298880696 -8.63175 41.1846
1298880697 -8.63177 41.1848
1298880698 -8.63179 41.1849
1298880699 -8.6318 41.185
1298880700 -8.63182 41.1851
1298880701 -8.63184 41.1852
1298880702 -8.63185 41.1853
1298880703 -8.63186 41.1854
1298880704 -8.63188 41.1855
1298880705 -8.6319 41.1856
1298880706 -8.63193 41.1857
1298880707 -8.63194 41.1858
1298880708 -8.63197 41.1858
1298880709 -8.632 41.1859
1298880710 -8.63202 41.186
1298880711 -8.63204 41.186
1298880712 -8.63206 41.1861
1298880713 -8.63208 41.1862
1298880714 -8.63211 41.1862
1298880715 -8.63213 41.1863
1298880716 -8.63215 41.1864
1298880717 -8.63218 41.1865
1298880718 -8.6322 41.1865
1298880719 -8.63221 41.1866
1298880720 -8.63221 41.1867
1298880721 -8.63222 41.1868
1298880723 -8.63224 41.1869
1298880724 -8.63226 41.1869
1298880725 -8.63228 41.187
1298880726 -8.63231 41.1871
1298880727 -8.63233 41.1871
1298880728 -8.63235 41.1872
1298880729 -8.63238 41.1873
1298880730 -8.6324 41.1874
1298880731 -8.63242 41.1875
1298880732 -8.63244 41.1876
1298880733 -8.63247 41.1876
1298880734 -8.63249 41.1877
1298880735 -8.63249 41.1878
1298880736 -8.63251 41.1879
1298880737 -8.63254 41.188
1298880738 -8.63256 41.1881
1298880739 -8.63258 41.1882
1298880740 -8.6326 41.1882
1298880741 -8.63262 41.1883
1298880742 -8.63264 41.1883
1298880743 -8.63265 41.1884
1298880746 -8.63264 41.1884
1298880749 -8.63263 41.1884
1298880752 -8.63262 41.1884
1298880754 -8.63261 41.1885
1298880765 -8.63262 41.1885
1298880766 -8.63263 41.1885
1298880767 -8.63264 41.1885
1298880768 -8.63265 41.1886
1298880770 -8.63266 41.1887
1298880771 -8.63267 41.1888
1298880772 -8.6327 41.1889
1298880773 -8.63273 41.1889
1298880774 -8.63276 41.189
1298880775 -8.63279 41.1891
1298880776 -8.63282 41.1892
1298880777 -8.63284 41.1893
1298880778 -8.63287 41.1895
1298880779 -8.6329 41.1895
1298880780 -8.63293 41.1896
1298880781 -8.63294 41.1897
1298880782 -8.63296 41.1897
1298880783 -8.63298 41.1898
1298880786 -8.63297 41.1898
1298880801 -8.63296 41.1898
1298880805 -8.63295 41.1898
1298880809 -8.63294 41.1898
1298880818 -8.63293 41.1899
1298880822 -8.63294 41.1899
1298880824 -8.63294 41.19
1298880825 -8.63296 41.1901
1298880826 -8.63299 41.1901
1298880827 -8.63302 41.1902
1298880828 -8.63305 41.1903
1298880829 -8.63308 41.1905
1298880830 -8.63312 41.1906
1298880831 -8.63317 41.1907
1298880832 -8.63321 41.1909
1298880833 -8.63327 41.191
1298880834 -8.63332 41.1912
1298880835 -8.63337 41.1913
1298880836 -8.63342 41.1915
1298880837 -8.63347 41.1916
1298880838 -8.6335 41.1918
1298880839 -8.63354 41.1919
1298880840 -8.63358 41.192
1298880841 -8.63363 41.1921
1298880842 -8.63367 41.1922
1298880843 -8.63371 41.1923
1298880844 -8.63374 41.1924
1298880845 -8.63379 41.1925
1298880846 -8.63385 41.1926
1298880847 -8.63392 41.1927
1298880848 -8.63394 41.1928
1298880849 -8.63392 41.1929
1298880850 -8.63394 41.193
1298880851 -8.63392 41.1932
1298880852 -8.63387 41.1933
1298880853 -8.63389 41.1934
1298880854 -8.63391 41.1936
1298880855 -8.63391 41.1937
1298880856 -8.6339 41.1938
1298880857 -8.63389 41.1939
1298880858 -8.63388 41.194
1298880859 -8.63386 41.1941
1298880862 -8.63386 41.1942
1298880863 -8.63387 41.1941
1298880867 -8.63388 41.1941
1298880874 -8.63389 41.1941
1298880900 -8.63385 41.1941
1298880930 -8.6339 41.1941
1298880933 -8.63391 41.1941
1298880938 -8.63392 41.1941
1298880963 -8.63393 41.1941
1298881012 -8.63384 41.1941
1298881021 -8.63383 41.1941
1298881200 -8.63386 41.1941
