:break:
1298880202 -8.65731 41.1612
1298880221 -8.65732 41.1612
1298880227 -8.65733 41.1612
1298880241 -8.65734 41.1612
1298880295 -8.6573 41.1612
1298880299 -8.65729 41.1612
1298880836 -8.65728 41.1612
1298880837 -8.65726 41.1612
1298880838 -8.65724 41.1613
1298880839 -8.65723 41.1613
1298880840 -8.65722 41.1613
1298880841 -8.6572 41.1613
1298880842 -8.65719 41.1613
1298880913 -8.65718 41.1613
1298880914 -8.65716 41.1613
1298880915 -8.65714 41.1613
1298880916 -8.65713 41.1613
1298880917 -8.65711 41.1613
1298880918 -8.65709 41.1613
1298880919 -8.65708 41.1613
1298880920 -8.65707 41.1613
1298880922 -8.65706 41.1613
1298880931 -8.65705 41.1613
1298880969 -8.65704 41.1613
1298880975 -8.65703 41.1613
1298881154 -8.6571 41.1613
1298881161 -8.65712 41.1613
1298881200 -8.65708 41.1613
