:break:
1298880053 -8.62113 41.1613
1298880055 -8.62112 41.1613
1298880066 -8.62111 41.1613
1298880067 -8.6211 41.1613
1298880070 -8.62109 41.1613
1298880080 -8.62108 41.1613
1298880086 -8.62107 41.1613
1298880087 -8.62106 41.1613
1298880146 -8.62109 41.1612
1298880147 -8.62108 41.1612
1298880148 -8.62107 41.1612
1298880160 -8.62106 41.1612
1298880168 -8.62105 41.1612
1298880173 -8.62104 41.1612
1298880177 -8.62103 41.1612
1298880178 -8.62102 41.1612
1298880198 -8.62101 41.1612
1298880204 -8.621 41.1612
1298880205 -8.62099 41.1612
1298880238 -8.6211 41.1612
1298880239 -8.62112 41.1612
1298880241 -8.62111 41.1612
1298880295 -8.62113 41.1612
1298880296 -8.62114 41.1612
1298880300 -8.62115 41.1612
1298880333 -8.6211 41.1611
1298880334 -8.62111 41.1611
1298880336 -8.62112 41.1611
1298880337 -8.62113 41.1611
1298880342 -8.62108 41.1611
1298880343 -8.62107 41.1611
1298880344 -8.62106 41.1611
1298880345 -8.62105 41.1611
1298880352 -8.62109 41.1611
1298880388 -8.62098 41.1611
1298880389 -8.62096 41.1611
1298880390 -8.62094 41.1611
1298880391 -8.62093 41.1611
1298880392 -8.62092 41.1611
1298880393 -8.62091 41.1611
1298880394 -8.6209 41.1611
1298880396 -8.62089 41.1611
1298880398 -8.62088 41.1611
1298880402 -8.62087 41.1611
1298880431 -8.62095 41.1611
1298880447 -8.62097 41.1611
1298880454 -8.62099 41.1611
1298880456 -8.621 41.1611
1298880457 -8.62101 41.1611
1298880458 -8.62102 41.1611
1298880459 -8.62103 41.1611
1298880461 -8.62104 41.1611
1298880712 -8.62111 41.161
1298880717 -8.62112 41.161
1298880718 -8.62113 41.161
1298880743 -8.6211 41.161
1298880744 -8.62109 41.161
1298880745 -8.62108 41.161
1298880757 -8.62107 41.161
1298880785 -8.62106 41.161
1298880801 -8.62102 41.161
1298880803 -8.62103 41.161
1298880807 -8.62101 41.161
1298880811 -8.621 41.161
1298880812 -8.62099 41.161
1298880816 -8.62098 41.161
1298880825 -8.62097 41.161
1298880831 -8.62096 41.161
1298880849 -8.62095 41.161
1298880851 -8.62094 41.161
1298880854 -8.62093 41.161
1298880920 -8.62104 41.161
1298880922 -8.62105 41.161
1298880928 -8.62108 41.1609
1298880929 -8.62109 41.1609
1298880930 -8.62109 41.1608
1298880931 -8.62107 41.1608
1298880932 -8.62108 41.1607
1298880933 -8.62109 41.1607
1298880934 -8.6211 41.1607
1298880935 -8.62111 41.1606
1298880937 -8.62115 41.1605
1298880938 -8.6212 41.1605
1298880939 -8.62124 41.1604
1298880940 -8.62129 41.1604
1298880941 -8.62134 41.1604
1298880942 -8.62141 41.1604
1298880943 -8.62146 41.1604
1298880944 -8.62151 41.1604
1298880945 -8.62155 41.1605
1298880946 -8.6216 41.1605
1298880947 -8.62166 41.1605
1298880948 -8.62169 41.1605
1298880949 -8.62173 41.1604
1298880950 -8.62175 41.1604
1298880951 -8.62174 41.1604
1298880952 -8.62172 41.1603
1298880953 -8.62166 41.1603
1298880954 -8.62159 41.1603
1298880955 -8.62151 41.1603
1298880956 -8.62142 41.1602
1298880957 -8.62135 41.1602
1298880958 -8.62129 41.1602
1298880959 -8.62122 41.1602
1298880960 -8.62117 41.1603
1298880961 -8.62115 41.1603
1298880962 -8.62114 41.1604
1298880965 -8.62115 41.1606
1298880966 -8.62116 41.1606
1298880967 -8.62118 41.1607
1298880968 -8.62119 41.1607
1298880969 -8.62122 41.1608
1298880970 -8.62124 41.1608
1298880971 -8.62124 41.1609
1298880972 -8.62122 41.161
1298880973 -8.62117 41.1611
1298880976 -8.62102 41.1614
1298880977 -8.62101 41.1615
1298880978 -8.621 41.1616
1298880980 -8.62098 41.1617
1298880981 -8.62097 41.1617
1298880982 -8.62096 41.1617
1298880983 -8.62096 41.1618
1298880986 -8.62097 41.1619
1298880989 -8.62098 41.162
1298880992 -8.62096 41.162
1298880994 -8.62097 41.162
1298880995 -8.62098 41.1621
1298880996 -8.62099 41.1621
1298880997 -8.62101 41.1621
1298880999 -8.62102 41.1622
1298881002 -8.62103 41.1622
1298881003 -8.62105 41.1622
1298881006 -8.62105 41.1623
1298881008 -8.62104 41.1623
1298881010 -8.62103 41.1623
1298881012 -8.62101 41.1623
1298881013 -8.62102 41.1623
1298881014 -8.62102 41.1624
1298881017 -8.62101 41.1624
1298881019 -8.621 41.1625
1298881023 -8.62099 41.1625
1298881025 -8.62098 41.1625
1298881028 -8.62098 41.1626
1298881029 -8.62097 41.1626
1298881030 -8.62096 41.1626
1298881031 -8.62095 41.1626
1298881032 -8.62094 41.1626
1298881033 -8.62093 41.1626
1298881034 -8.62092 41.1626
1298881039 -8.6209 41.1626
1298881041 -8.62091 41.1626
1298881048 -8.62092 41.1627
1298881049 -8.62091 41.1627
1298881056 -8.62089 41.1627
1298881057 -8.62088 41.1627
1298881058 -8.62087 41.1627
1298881066 -8.62086 41.1627
1298881067 -8.62085 41.1627
1298881068 -8.62084 41.1627
1298881072 -8.62084 41.1628
1298881081 -8.62085 41.1628
1298881085 -8.62083 41.1628
1298881097 -8.62086 41.1628
1298881098 -8.62087 41.1628
1298881099 -8.62088 41.1628
1298881107 -8.62085 41.1629
1298881108 -8.62088 41.1629
1298881109 -8.62091 41.1629
1298881110 -8.62093 41.163
1298881111 -8.62095 41.163
1298881113 -8.62094 41.163
1298881114 -8.62094 41.1631
1298881115 -8.62093 41.1631
1298881116 -8.62092 41.1631
1298881117 -8.62091 41.1631
1298881118 -8.6209 41.1631
1298881119 -8.62088 41.1631
1298881120 -8.62087 41.1631
1298881121 -8.62087 41.1632
1298881122 -8.62083 41.1632
1298881123 -8.62079 41.1633
1298881124 -8.6208 41.1633
1298881127 -8.62081 41.1633
1298881128 -8.62083 41.1633
1298881129 -8.62086 41.1633
1298881130 -8.62087 41.1633
1298881131 -8.62086 41.1632
1298881132 -8.62085 41.1632
1298881134 -8.62084 41.1632
1298881138 -8.62082 41.1632
1298881158 -8.62088 41.1632
1298881164 -8.62085 41.1631
1298881165 -8.62084 41.1631
1298881166 -8.62083 41.1631
1298881167 -8.62083 41.163
1298881170 -8.62086 41.1629
1298881173 -8.62083 41.1627
1298881175 -8.62083 41.1626
1298881176 -8.62084 41.1625
1298881177 -8.62086 41.1625
1298881178 -8.62088 41.1624
1298881179 -8.62089 41.1623
1298881180 -8.62087 41.1623
1298881181 -8.62083 41.1623
1298881182 -8.62079 41.1622
1298881184 -8.62084 41.1621
1298881185 -8.6209 41.162
1298881186 -8.62101 41.1617
1298881187 -8.62106 41.1614
1298881188 -8.62112 41.1614
1298881191 -8.62115 41.1611
1298881193 -8.62118 41.161
1298881194 -8.6212 41.1608
1298881195 -8.62119 41.1608
1298881197 -8.62119 41.1606
1298881199 -8.6212 41.1606
1298881200 -8.62121 41.1606
