:break:
1298880067 -8.59872 41.1828
1298880071 -8.59873 41.1828
1298880083 -8.59871 41.1828
1298880086 -8.5987 41.1828
1298880090 -8.59869 41.1828
1298880097 -8.59868 41.1828
1298880139 -8.59868 41.1829
1298880151 -8.59869 41.1829
1298880163 -8.5987 41.1829
1298880222 -8.59871 41.1829
1298880331 -8.59873 41.1829
1298880332 -8.59876 41.1829
1298880333 -8.5988 41.1829
1298880334 -8.59883 41.1828
1298880335 -8.59887 41.1828
1298880336 -8.59891 41.1829
1298880337 -8.59895 41.1828
1298880338 -8.59898 41.1829
1298880339 -8.59901 41.1829
1298880340 -8.59904 41.1829
1298880341 -8.59908 41.1829
1298880342 -8.59911 41.1829
1298880343 -8.59915 41.1829
1298880344 -8.59918 41.1829
1298880345 -8.59921 41.1829
1298880346 -8.59926 41.1829
1298880347 -8.59931 41.1829
1298880348 -8.59937 41.1829
1298880349 -8.59943 41.1829
1298880350 -8.59949 41.1829
1298880351 -8.59955 41.183
1298880352 -8.59964 41.183
1298880353 -8.59972 41.183
1298880354 -8.59981 41.183
1298880355 -8.5999 41.183
1298880356 -8.6 41.1831
1298880357 -8.6001 41.1831
1298880358 -8.60019 41.1831
1298880359 -8.60027 41.1831
1298880360 -8.60034 41.1832
1298880361 -8.60038 41.1832
1298880362 -8.60042 41.1832
1298880363 -8.60044 41.1832
1298880364 -8.60045 41.1832
1298880369 -8.60046 41.1832
1298880371 -8.60047 41.1832
1298880375 -8.60048 41.1832
1298880377 -8.60049 41.1832
1298880378 -8.60051 41.1832
1298880379 -8.60053 41.1833
1298880380 -8.60054 41.1833
1298880381 -8.60057 41.1833
1298880382 -8.60059 41.1833
1298880383 -8.60063 41.1833
1298880384 -8.60067 41.1833
1298880385 -8.60072 41.1833
1298880386 -8.60076 41.1833
1298880387 -8.6008 41.1834
1298880388 -8.60086 41.1834
1298880389 -8.60092 41.1834
1298880390 -8.60098 41.1834
1298880391 -8.60105 41.1834
1298880392 -8.60111 41.1834
1298880393 -8.60118 41.1834
1298880394 -8.60126 41.1835
1298880395 -8.60133 41.1835
1298880396 -8.6014 41.1835
1298880397 -8.60147 41.1835
1298880398 -8.60154 41.1835
1298880399 -8.60162 41.1835
1298880400 -8.60168 41.1835
1298880401 -8.60174 41.1836
1298880402 -8.6018 41.1836
1298880403 -8.60185 41.1836
1298880404 -8.60188 41.1836
1298880405 -8.60191 41.1836
1298880406 -8.60193 41.1836
1298880407 -8.60194 41.1836
1298880408 -8.60195 41.1836
1298880410 -8.60196 41.1836
1298880415 -8.60197 41.1836
1298880422 -8.60196 41.1835
1298880437 -8.60195 41.1835
1298880457 -8.60198 41.1836
1298880458 -8.60201 41.1836
1298880459 -8.60205 41.1836
1298880460 -8.60208 41.1836
1298880461 -8.60213 41.1836
1298880462 -8.60218 41.1836
1298880463 -8.60225 41.1836
1298880464 -8.60233 41.1836
1298880465 -8.60241 41.1836
1298880466 -8.6025 41.1837
1298880467 -8.60258 41.1837
1298880468 -8.60267 41.1837
1298880469 -8.60276 41.1837
1298880470 -8.60287 41.1837
1298880471 -8.60297 41.1838
1298880472 -8.60307 41.1838
1298880473 -8.60316 41.1838
1298880474 -8.60325 41.1838
1298880475 -8.60331 41.1838
1298880476 -8.60333 41.1838
1298880477 -8.60332 41.1837
1298880478 -8.60329 41.1837
1298880479 -8.60323 41.1836
1298880480 -8.60314 41.1836
1298880481 -8.60306 41.1836
1298880482 -8.60298 41.1836
1298880483 -8.60289 41.1836
1298880484 -8.6028 41.1835
1298880485 -8.6027 41.1835
1298880486 -8.60261 41.1835
1298880487 -8.60252 41.1835
1298880488 -8.60243 41.1834
1298880489 -8.60232 41.1834
1298880490 -8.60222 41.1834
1298880491 -8.60212 41.1834
1298880492 -8.60201 41.1833
1298880493 -8.60191 41.1833
1298880494 -8.6018 41.1833
1298880495 -8.6017 41.1833
1298880496 -8.60159 41.1832
1298880497 -8.60149 41.1832
1298880498 -8.60139 41.1832
1298880499 -8.60129 41.1831
1298880500 -8.6012 41.1831
1298880501 -8.60111 41.1831
1298880502 -8.60102 41.183
1298880503 -8.60093 41.183
1298880504 -8.60085 41.183
1298880505 -8.60076 41.183
1298880506 -8.60068 41.1829
1298880507 -8.60059 41.1829
1298880508 -8.60052 41.1829
1298880509 -8.60045 41.1829
1298880510 -8.60037 41.1828
1298880511 -8.6003 41.1828
1298880512 -8.60023 41.1828
1298880513 -8.60017 41.1828
1298880514 -8.6001 41.1828
1298880515 -8.60003 41.1827
1298880516 -8.59996 41.1827
1298880517 -8.5999 41.1827
1298880518 -8.59982 41.1827
1298880519 -8.59975 41.1827
1298880520 -8.59968 41.1826
1298880521 -8.59962 41.1826
1298880522 -8.59955 41.1826
1298880523 -8.59949 41.1826
1298880524 -8.59943 41.1826
1298880525 -8.59937 41.1826
1298880526 -8.59933 41.1825
1298880527 -8.59928 41.1825
1298880528 -8.59923 41.1825
1298880529 -8.59919 41.1825
1298880530 -8.59916 41.1825
1298880531 -8.59915 41.1825
1298880535 -8.59921 41.1825
1298880537 -8.59926 41.1825
1298880539 -8.5993 41.1825
1298880541 -8.59935 41.1825
1298880542 -8.59937 41.1825
1298880543 -8.59939 41.1825
1298880544 -8.59941 41.1825
1298880545 -8.59943 41.1825
1298880546 -8.59945 41.1825
1298880547 -8.59946 41.1826
1298880548 -8.59947 41.1826
1298880550 -8.59948 41.1826
1298880551 -8.59948 41.1825
1298880558 -8.59949 41.1825
1298880618 -8.5995 41.1825
1298880622 -8.59951 41.1825
1298880637 -8.59951 41.1826
1298880640 -8.59952 41.1826
1298880664 -8.5995 41.1826
1298880754 -8.59947 41.1825
1298880771 -8.59946 41.1825
1298880986 -8.59953 41.1826
1298880996 -8.59954 41.1826
1298881137 -8.59945 41.1826
1298881141 -8.59944 41.1826
1298881200 -8.59948 41.1826
