:break:
1298880959 -8.59061 41.1618
1298880962 -8.59062 41.1618
1298880963 -8.59063 41.1618
1298880964 -8.59148 41.1626
1298880965 -8.59156 41.1627
1298880966 -8.5916 41.1628
1298880967 -8.59162 41.1628
1298880968 -8.59163 41.1628
1298880969 -8.59164 41.1629
1298880970 -8.59166 41.1629
1298880971 -8.59167 41.1629
1298880973 -8.59168 41.1629
1298880991 -8.5917 41.1629
1298880992 -8.59171 41.1629
1298880993 -8.59172 41.1629
1298880998 -8.59173 41.1629
1298880999 -8.59174 41.1629
1298881001 -8.59175 41.163
1298881003 -8.59175 41.1629
1298881013 -8.59169 41.1629
1298881026 -8.59165 41.1629
1298881028 -8.59163 41.1629
1298881029 -8.59161 41.1629
1298881030 -8.59159 41.1628
1298881032 -8.59158 41.1628
1298881036 -8.59157 41.1628
1298881039 -8.59156 41.1628
1298881129 -8.59155 41.1628
1298881130 -8.59154 41.1628
1298881132 -8.59152 41.1628
1298881133 -8.59151 41.1628
1298881134 -8.5915 41.1628
1298881135 -8.59149 41.1628
1298881138 -8.59148 41.1628
1298881139 -8.59147 41.1628
1298881140 -8.59146 41.1628
1298881142 -8.59145 41.1628
1298881145 -8.59144 41.1628
1298881146 -8.59143 41.1628
1298881147 -8.59142 41.1628
1298881151 -8.59141 41.1628
1298881153 -8.5914 41.1628
1298881200 -8.59145 41.1628
