:break:
1298880118 -8.67409 41.1539
1298880126 -8.67408 41.1539
1298880187 -8.6741 41.1539
1298880192 -8.67411 41.1539
1298880196 -8.67412 41.1539
1298880202 -8.67413 41.1539
1298880209 -8.67414 41.1539
1298880221 -8.67415 41.1539
1298880359 -8.67416 41.1539
1298880368 -8.67417 41.1539
1298880372 -8.67418 41.1539
1298880376 -8.67419 41.1539
1298880384 -8.6742 41.1539
1298880537 -8.67421 41.1539
1298880539 -8.67422 41.1539
1298880542 -8.67423 41.1539
1298880753 -8.67424 41.1539
1298880758 -8.67425 41.1539
1298881055 -8.67414 41.1538
1298881059 -8.67415 41.1538
1298881200 -8.6741 41.1539
