:break:
1298880082 -8.63955 41.1597
1298880083 -8.63956 41.1597
1298880086 -8.63957 41.1597
1298880088 -8.63958 41.1597
1298880089 -8.63959 41.1597
1298880091 -8.6396 41.1597
1298880098 -8.63959 41.1598
1298880105 -8.63958 41.1598
1298880147 -8.63961 41.1597
1298880177 -8.63962 41.1597
1298880197 -8.63961 41.1598
1298880200 -8.6396 41.1598
1298880597 -8.63963 41.1597
1298880638 -8.63964 41.1597
1298880647 -8.63965 41.1597
1298880651 -8.63966 41.1597
1298880777 -8.63967 41.1597
1298880780 -8.63968 41.1597
1298880783 -8.63969 41.1597
1298880788 -8.6397 41.1597
1298880792 -8.63971 41.1597
1298880794 -8.63972 41.1597
1298880796 -8.63973 41.1597
1298880801 -8.63974 41.1597
1298880804 -8.63975 41.1597
1298880810 -8.63976 41.1597
1298880819 -8.63977 41.1597
1298880831 -8.63978 41.1597
1298880846 -8.63979 41.1597
1298880884 -8.6398 41.1597
1298880888 -8.63981 41.1597
1298880889 -8.63982 41.1597
1298880890 -8.63983 41.1597
1298880892 -8.63984 41.1597
1298880893 -8.63985 41.1597
1298880894 -8.63986 41.1597
1298880933 -8.63973 41.1598
1298880936 -8.63972 41.1598
1298880942 -8.63971 41.1598
1298880944 -8.6397 41.1598
1298880949 -8.63969 41.1598
1298880959 -8.63968 41.1598
1298880974 -8.63967 41.1598
1298880978 -8.63966 41.1598
1298881006 -8.63963 41.1598
1298881007 -8.63962 41.1598
1298881057 -8.63964 41.1598
1298881059 -8.63965 41.1598
1298881200 -8.63964 41.1597
