:break:
1298880041 -8.65703 41.1613
1298880073 -8.65702 41.1613
1298880081 -8.65702 41.1614
1298880086 -8.65701 41.1614
1298880106 -8.65703 41.1614
1298880117 -8.65704 41.1614
1298880139 -8.65699 41.1614
1298880140 -8.65698 41.1614
1298880142 -8.65697 41.1614
1298880160 -8.65696 41.1614
1298880162 -8.65695 41.1614
1298880163 -8.65693 41.1614
1298880164 -8.65692 41.1614
1298880165 -8.65691 41.1614
1298880167 -8.6569 41.1614
1298880353 -8.65689 41.1614
1298880789 -8.65687 41.1614
1298880790 -8.65686 41.1615
1298880791 -8.65684 41.1615
1298880792 -8.65683 41.1615
1298880799 -8.65682 41.1615
1298880808 -8.65681 41.1615
1298880883 -8.65679 41.1615
1298880884 -8.65673 41.1616
1298880885 -8.65668 41.1616
1298880886 -8.65661 41.1616
1298880887 -8.65655 41.1617
1298880888 -8.65649 41.1617
1298880889 -8.65643 41.1617
1298880890 -8.65639 41.1618
1298880891 -8.65636 41.1618
1298880894 -8.65644 41.1618
1298880895 -8.65651 41.1618
1298880896 -8.65658 41.1618
1298880897 -8.65666 41.1618
1298880898 -8.65675 41.1617
1298880899 -8.65685 41.1617
1298880900 -8.65696 41.1616
1298880901 -8.65709 41.1615
1298880902 -8.65721 41.1615
1298880903 -8.65733 41.1614
1298880904 -8.65747 41.1613
1298880905 -8.65761 41.1613
1298880906 -8.65777 41.1612
1298880907 -8.65791 41.1611
1298880908 -8.65805 41.161
1298880909 -8.65821 41.161
1298880910 -8.65835 41.1609
1298880911 -8.6585 41.1608
1298880912 -8.65865 41.1608
1298880913 -8.6588 41.1607
1298880914 -8.65897 41.1607
1298880915 -8.65913 41.1606
1298880916 -8.65931 41.1605
1298880917 -8.65949 41.1605
1298880918 -8.65967 41.1604
1298880919 -8.65985 41.1603
1298880920 -8.66001 41.1602
1298880921 -8.66018 41.1602
1298880922 -8.66033 41.1601
1298880923 -8.66048 41.1601
1298880924 -8.66064 41.16
1298880925 -8.66078 41.16
1298880926 -8.66093 41.1599
1298880927 -8.66106 41.1598
1298880928 -8.66119 41.1598
1298880929 -8.66131 41.1597
1298880930 -8.66143 41.1597
1298880931 -8.66155 41.1597
1298880932 -8.66167 41.1596
1298880933 -8.66181 41.1596
1298880934 -8.66193 41.1595
1298880935 -8.66207 41.1594
1298880936 -8.66219 41.1594
1298880937 -8.6623 41.1593
1298880938 -8.6624 41.1593
1298880939 -8.66247 41.1593
1298880940 -8.66253 41.1593
1298880941 -8.66256 41.1592
1298880942 -8.66258 41.1592
1298880944 -8.66257 41.1592
1298880948 -8.66255 41.1592
1298880958 -8.66254 41.1592
1298880959 -8.66253 41.1592
1298880960 -8.66252 41.1592
1298880961 -8.66249 41.1591
1298880962 -8.66245 41.1591
1298880963 -8.66241 41.159
1298880964 -8.66236 41.159
1298880965 -8.66232 41.1589
1298880966 -8.66227 41.1589
1298880967 -8.6622 41.1588
1298880968 -8.66214 41.1587
1298880969 -8.66208 41.1586
1298880970 -8.66201 41.1585
1298880971 -8.66196 41.1584
1298880972 -8.66191 41.1584
1298880973 -8.66186 41.1583
1298880974 -8.66182 41.1582
1298880975 -8.66176 41.1582
1298880976 -8.66172 41.1581
1298880977 -8.66166 41.158
1298880978 -8.66161 41.1579
1298880979 -8.66155 41.1579
1298880980 -8.66151 41.1578
1298880981 -8.66146 41.1577
1298880982 -8.6614 41.1576
1298880983 -8.66136 41.1576
1298880984 -8.66131 41.1575
1298880985 -8.66127 41.1574
1298880986 -8.66122 41.1574
1298880987 -8.66118 41.1573
1298880988 -8.66115 41.1573
1298880989 -8.66112 41.1572
1298880990 -8.6611 41.1572
1298880991 -8.66106 41.1572
1298880992 -8.66101 41.1571
1298880993 -8.66095 41.1571
1298880994 -8.66088 41.1572
1298880995 -8.6608 41.1572
1298880996 -8.66072 41.1572
1298880997 -8.66064 41.1573
1298880998 -8.66056 41.1573
1298880999 -8.66048 41.1573
1298881000 -8.66042 41.1574
1298881001 -8.66036 41.1574
1298881002 -8.6603 41.1574
1298881003 -8.66025 41.1573
1298881004 -8.66021 41.1573
1298881005 -8.66018 41.1573
1298881006 -8.66016 41.1573
1298881007 -8.66014 41.1572
1298881008 -8.66011 41.1572
1298881009 -8.66008 41.1572
1298881010 -8.66005 41.1571
1298881011 -8.66003 41.1571
1298881012 -8.66 41.157
1298881013 -8.65997 41.157
1298881014 -8.65995 41.157
1298881015 -8.65994 41.1569
1298881021 -8.65993 41.1569
1298881023 -8.65992 41.1569
1298881024 -8.65991 41.1569
1298881025 -8.65988 41.1568
1298881026 -8.65985 41.1568
1298881027 -8.65983 41.1568
1298881028 -8.65979 41.1567
1298881029 -8.65975 41.1566
1298881030 -8.6597 41.1566
1298881031 -8.65965 41.1565
1298881032 -8.65959 41.1564
1298881033 -8.65954 41.1563
1298881034 -8.65949 41.1563
1298881035 -8.65944 41.1562
1298881036 -8.65939 41.1561
1298881037 -8.65935 41.1561
1298881038 -8.6593 41.156
1298881039 -8.65924 41.156
1298881040 -8.65919 41.156
1298881041 -8.65912 41.1559
1298881042 -8.65906 41.1559
1298881043 -8.65901 41.1559
1298881044 -8.65894 41.1559
1298881045 -8.65888 41.1559
1298881046 -8.65882 41.1558
1298881047 -8.65877 41.1557
1298881048 -8.65874 41.1557
1298881049 -8.65869 41.1556
1298881050 -8.65865 41.1556
1298881051 -8.6586 41.1555
1298881052 -8.65857 41.1554
1298881053 -8.65852 41.1554
1298881054 -8.65848 41.1553
1298881055 -8.65844 41.1553
1298881056 -8.65841 41.1552
1298881058 -8.65842 41.1551
1298881059 -8.65845 41.1551
1298881060 -8.6585 41.1551
1298881061 -8.65856 41.1551
1298881062 -8.65861 41.1551
1298881063 -8.65867 41.1551
1298881064 -8.65872 41.1551
1298881065 -8.65878 41.155
1298881066 -8.65884 41.155
1298881067 -8.6589 41.155
1298881068 -8.65895 41.155
1298881069 -8.659 41.155
1298881070 -8.65903 41.155
1298881071 -8.65908 41.155
1298881072 -8.65912 41.1549
1298881073 -8.65916 41.1549
1298881074 -8.6592 41.1549
1298881075 -8.65923 41.1549
1298881076 -8.65926 41.1549
1298881077 -8.65928 41.1549
1298881078 -8.65929 41.1549
1298881079 -8.6593 41.1549
1298881081 -8.6593 41.1548
1298881084 -8.65929 41.1548
1298881085 -8.65928 41.1548
1298881087 -8.65927 41.1548
1298881091 -8.65926 41.1548
1298881094 -8.65925 41.1548
1298881106 -8.65924 41.1548
1298881108 -8.65923 41.1548
1298881111 -8.65924 41.1549
1298881115 -8.65922 41.1548
1298881119 -8.65906 41.1549
1298881120 -8.65901 41.1549
1298881122 -8.65889 41.155
1298881123 -8.65882 41.155
1298881124 -8.65874 41.155
1298881125 -8.65868 41.1551
1298881126 -8.6586 41.1551
1298881127 -8.65855 41.1551
1298881128 -8.65849 41.1551
1298881129 -8.65844 41.1551
1298881130 -8.6584 41.1551
1298881131 -8.65836 41.1551
1298881132 -8.65832 41.1551
1298881133 -8.65828 41.1551
1298881134 -8.65822 41.155
1298881135 -8.65817 41.1549
1298881136 -8.6581 41.1549
1298881137 -8.65803 41.1548
1298881138 -8.65795 41.1547
1298881139 -8.6579 41.1547
1298881140 -8.65783 41.1546
1298881141 -8.65777 41.1545
1298881142 -8.6577 41.1544
1298881143 -8.65769 41.1543
1298881144 -8.65771 41.1543
1298881145 -8.65774 41.1542
1298881146 -8.6578 41.1541
1298881147 -8.65788 41.154
1298881148 -8.65798 41.154
1298881149 -8.6581 41.1539
1298881150 -8.65822 41.1538
1298881151 -8.65836 41.1538
1298881152 -8.6585 41.1537
1298881153 -8.65862 41.1536
1298881154 -8.65877 41.1536
1298881155 -8.65889 41.1535
1298881156 -8.65903 41.1534
1298881157 -8.65915 41.1534
1298881158 -8.65929 41.1533
1298881159 -8.65942 41.1533
1298881160 -8.65956 41.1532
1298881161 -8.65969 41.1532
1298881162 -8.65984 41.1531
1298881163 -8.65997 41.1531
1298881164 -8.66011 41.1531
1298881165 -8.66024 41.153
1298881166 -8.66038 41.153
1298881167 -8.66051 41.153
1298881168 -8.66065 41.153
1298881169 -8.66077 41.153
1298881170 -8.66091 41.1529
1298881171 -8.66103 41.1529
1298881172 -8.66116 41.1529
1298881173 -8.66128 41.1529
1298881174 -8.66141 41.1529
1298881175 -8.66154 41.1529
1298881176 -8.66165 41.1529
1298881177 -8.66177 41.1528
1298881178 -8.66188 41.1528
1298881179 -8.66199 41.1528
1298881180 -8.6621 41.1528
1298881181 -8.6622 41.1528
1298881182 -8.66232 41.1528
1298881183 -8.66243 41.1528
1298881184 -8.66253 41.1528
1298881185 -8.66261 41.1528
1298881186 -8.66266 41.1528
1298881187 -8.66269 41.1527
1298881189 -8.66267 41.1526
1298881190 -8.66263 41.1526
1298881191 -8.66261 41.1525
1298881192 -8.66259 41.1524
1298881193 -8.6626 41.1523
1298881194 -8.66263 41.1522
1298881195 -8.66265 41.1521
1298881196 -8.66267 41.152
1298881197 -8.66269 41.1519
1298881198 -8.6627 41.1518
1298881199 -8.66269 41.1517
1298881200 -8.66267 41.1517
