:break:
1298880038 -8.60605 41.1696
1298880039 -8.60596 41.1697
1298880040 -8.60588 41.1698
1298880041 -8.6058 41.1699
1298880042 -8.60571 41.17
1298880043 -8.60563 41.1701
1298880044 -8.60555 41.1702
1298880045 -8.60546 41.1703
1298880046 -8.60538 41.1704
1298880047 -8.6053 41.1705
1298880048 -8.60521 41.1706
1298880049 -8.60511 41.1707
1298880050 -8.60502 41.1708
1298880051 -8.60492 41.171
1298880052 -8.60482 41.1711
1298880053 -8.60473 41.1712
1298880054 -8.60463 41.1713
1298880055 -8.60454 41.1714
1298880056 -8.60445 41.1715
1298880057 -8.60436 41.1717
1298880058 -8.60429 41.1718
1298880059 -8.60423 41.1719
1298880060 -8.60422 41.172
1298880061 -8.60422 41.1721
1298880062 -8.60426 41.1722
1298880063 -8.60433 41.1724
1298880064 -8.60442 41.1725
1298880065 -8.60453 41.1726
1298880066 -8.60466 41.1727
1298880067 -8.60478 41.1728
1298880068 -8.60491 41.1728
1298880069 -8.60505 41.1729
1298880070 -8.60521 41.1729
1298880071 -8.60537 41.1729
1298880072 -8.60553 41.1729
1298880073 -8.60569 41.1729
1298880074 -8.60585 41.1729
1298880075 -8.60601 41.1729
1298880076 -8.60617 41.1729
1298880077 -8.60631 41.1729
1298880078 -8.60643 41.1728
1298880079 -8.60655 41.1728
1298880080 -8.60667 41.1728
1298880081 -8.60681 41.1728
1298880082 -8.60695 41.1729
1298880083 -8.6071 41.1729
1298880084 -8.60724 41.173
1298880085 -8.60737 41.1731
1298880086 -8.6075 41.1731
1298880087 -8.60763 41.1732
1298880088 -8.60775 41.1733
1298880089 -8.60787 41.1734
1298880090 -8.60801 41.1735
1298880091 -8.60814 41.1736
1298880092 -8.60829 41.1736
1298880093 -8.60845 41.1737
1298880094 -8.60862 41.1738
1298880095 -8.6088 41.1739
1298880096 -8.60898 41.174
1298880097 -8.60916 41.174
1298880098 -8.60933 41.1741
1298880099 -8.6095 41.1741
1298880100 -8.60967 41.1742
1298880101 -8.60985 41.1742
1298880102 -8.61003 41.1743
1298880103 -8.61023 41.1743
1298880104 -8.61044 41.1743
1298880105 -8.61065 41.1744
1298880106 -8.61087 41.1744
1298880107 -8.61108 41.1744
1298880108 -8.61129 41.1745
1298880109 -8.61149 41.1745
1298880110 -8.61169 41.1745
1298880111 -8.61188 41.1745
1298880112 -8.61208 41.1745
1298880113 -8.61228 41.1745
1298880114 -8.61249 41.1746
1298880115 -8.6127 41.1746
1298880116 -8.61293 41.1746
1298880117 -8.61314 41.1746
1298880118 -8.61337 41.1746
1298880119 -8.61359 41.1745
1298880120 -8.61381 41.1745
1298880121 -8.61402 41.1745
1298880122 -8.61422 41.1745
1298880123 -8.61443 41.1744
1298880124 -8.61463 41.1744
1298880125 -8.61483 41.1744
1298880126 -8.61503 41.1743
1298880127 -8.61524 41.1743
1298880128 -8.61546 41.1743
1298880129 -8.61568 41.1742
1298880130 -8.61591 41.1742
1298880131 -8.61615 41.1741
1298880132 -8.61639 41.1741
1298880133 -8.61665 41.1741
1298880134 -8.61692 41.174
1298880135 -8.61718 41.174
1298880136 -8.61745 41.174
1298880137 -8.61772 41.174
1298880138 -8.61798 41.1739
1298880139 -8.61825 41.1739
1298880140 -8.61851 41.1739
1298880141 -8.61876 41.1739
1298880142 -8.61901 41.1738
1298880143 -8.61926 41.1738
1298880144 -8.61951 41.1738
1298880145 -8.61976 41.1738
1298880146 -8.62 41.1737
1298880147 -8.62025 41.1737
1298880148 -8.6205 41.1737
1298880149 -8.62074 41.1737
1298880150 -8.62098 41.1736
1298880151 -8.62124 41.1736
1298880152 -8.62147 41.1736
1298880153 -8.62171 41.1736
1298880154 -8.62195 41.1735
1298880155 -8.62219 41.1735
1298880156 -8.62243 41.1735
1298880157 -8.62268 41.1735
1298880158 -8.62292 41.1734
1298880159 -8.62316 41.1734
1298880160 -8.62341 41.1734
1298880161 -8.62366 41.1734
1298880162 -8.6239 41.1733
1298880163 -8.62414 41.1733
1298880164 -8.62439 41.1733
1298880165 -8.62464 41.1733
1298880166 -8.62489 41.1732
1298880167 -8.62514 41.1732
1298880168 -8.62538 41.1732
1298880169 -8.62563 41.1732
1298880170 -8.62586 41.1731
1298880171 -8.62608 41.1731
1298880172 -8.62628 41.1731
1298880173 -8.62649 41.1731
1298880174 -8.62671 41.1731
1298880175 -8.62693 41.173
1298880176 -8.62716 41.173
1298880177 -8.62739 41.173
1298880178 -8.62763 41.1729
1298880179 -8.62788 41.1729
1298880180 -8.62813 41.1729
1298880181 -8.62838 41.1728
1298880182 -8.62863 41.1728
1298880183 -8.62889 41.1727
1298880184 -8.62916 41.1727
1298880185 -8.62941 41.1726
1298880186 -8.62967 41.1726
1298880187 -8.62992 41.1725
1298880188 -8.63017 41.1725
1298880189 -8.63042 41.1724
1298880190 -8.63068 41.1723
1298880191 -8.63093 41.1723
1298880192 -8.63118 41.1722
1298880193 -8.63143 41.1722
1298880194 -8.63169 41.1721
1298880195 -8.63194 41.1721
1298880196 -8.6322 41.172
1298880197 -8.63245 41.1719
1298880198 -8.6327 41.1719
1298880199 -8.63294 41.1718
1298880200 -8.6332 41.1718
1298880201 -8.63344 41.1717
1298880202 -8.63369 41.1717
1298880203 -8.63393 41.1716
1298880204 -8.63418 41.1716
1298880205 -8.63443 41.1715
1298880206 -8.63467 41.1715
1298880207 -8.63491 41.1714
1298880208 -8.63517 41.1714
1298880209 -8.63543 41.1713
1298880210 -8.63567 41.1712
1298880211 -8.63591 41.1712
1298880212 -8.63616 41.1711
1298880213 -8.6364 41.171
1298880214 -8.63664 41.1709
1298880215 -8.63689 41.1708
1298880216 -8.63713 41.1707
1298880217 -8.63736 41.1706
1298880218 -8.6376 41.1705
1298880219 -8.63782 41.1704
1298880220 -8.63805 41.1702
1298880221 -8.63826 41.1701
1298880222 -8.63848 41.1699
1298880223 -8.63869 41.1698
1298880224 -8.63889 41.1696
1298880225 -8.63909 41.1695
1298880226 -8.6393 41.1693
1298880227 -8.63951 41.1692
1298880228 -8.63972 41.169
1298880229 -8.63994 41.1688
1298880230 -8.64015 41.1687
1298880231 -8.64037 41.1685
1298880232 -8.64058 41.1684
1298880233 -8.6408 41.1682
1298880234 -8.64101 41.1681
1298880235 -8.64122 41.1679
1298880236 -8.64141 41.1678
1298880237 -8.64162 41.1677
1298880238 -8.64181 41.1675
1298880239 -8.64201 41.1674
1298880240 -8.64221 41.1673
1298880241 -8.64239 41.1671
1298880242 -8.64259 41.167
1298880243 -8.64278 41.1669
1298880244 -8.64298 41.1667
1298880245 -8.64318 41.1666
1298880246 -8.64338 41.1665
1298880247 -8.64356 41.1664
1298880248 -8.64375 41.1663
1298880249 -8.64394 41.1662
1298880250 -8.64413 41.1661
1298880251 -8.64433 41.166
1298880252 -8.64453 41.1659
1298880253 -8.64474 41.1658
1298880254 -8.64495 41.1657
1298880255 -8.64517 41.1656
1298880256 -8.64536 41.1655
1298880257 -8.64555 41.1654
1298880258 -8.64576 41.1653
1298880259 -8.64597 41.1652
1298880260 -8.64616 41.1652
1298880261 -8.64635 41.1651
1298880262 -8.64654 41.165
1298880263 -8.64673 41.1649
1298880264 -8.64691 41.1648
1298880265 -8.64709 41.1648
1298880266 -8.64727 41.1647
1298880267 -8.64743 41.1646
1298880268 -8.64757 41.1645
1298880269 -8.64769 41.1645
1298880270 -8.64779 41.1644
1298880271 -8.6479 41.1644
1298880272 -8.64801 41.1644
1298880273 -8.64812 41.1643
1298880274 -8.64822 41.1644
1298880275 -8.64832 41.1644
1298880276 -8.64842 41.1645
1298880277 -8.64853 41.1646
1298880278 -8.64864 41.1646
1298880279 -8.64876 41.1647
1298880280 -8.64887 41.1647
1298880281 -8.64899 41.1648
1298880282 -8.64912 41.1648
1298880283 -8.64924 41.1649
1298880284 -8.64937 41.1649
1298880285 -8.64949 41.1649
1298880286 -8.6496 41.1649
1298880287 -8.64967 41.165
1298880288 -8.64972 41.165
1298880289 -8.64982 41.165
1298880290 -8.6499 41.165
1298880291 -8.64998 41.165
1298880292 -8.65006 41.165
1298880293 -8.65012 41.165
1298880294 -8.65015 41.165
1298880295 -8.65018 41.165
1298880296 -8.65021 41.165
1298880297 -8.65023 41.165
1298880298 -8.65026 41.165
1298880299 -8.65029 41.165
1298880300 -8.65031 41.1649
1298880301 -8.65033 41.1649
1298880302 -8.65035 41.1648
1298880303 -8.65037 41.1647
1298880304 -8.65039 41.1646
1298880305 -8.65041 41.1645
1298880306 -8.65044 41.1644
1298880307 -8.65047 41.1643
1298880308 -8.6505 41.1642
1298880309 -8.65054 41.1641
1298880310 -8.65057 41.164
1298880311 -8.65059 41.1639
1298880312 -8.65063 41.1638
1298880313 -8.65066 41.1637
1298880314 -8.65069 41.1636
1298880315 -8.65073 41.1634
1298880316 -8.65076 41.1633
1298880317 -8.65078 41.1632
1298880318 -8.65082 41.1631
1298880319 -8.65085 41.163
1298880320 -8.65087 41.1629
1298880321 -8.6509 41.1628
1298880322 -8.65093 41.1627
1298880323 -8.65095 41.1626
1298880324 -8.65098 41.1625
1298880325 -8.65101 41.1624
1298880326 -8.65103 41.1623
1298880327 -8.65106 41.1622
1298880328 -8.65109 41.1621
1298880329 -8.65112 41.1621
1298880330 -8.65116 41.162
1298880331 -8.65121 41.162
1298880332 -8.65126 41.162
1298880333 -8.6513 41.162
1298880334 -8.65135 41.162
1298880335 -8.65138 41.162
1298880336 -8.65144 41.1619
1298880337 -8.65147 41.1619
1298880338 -8.65149 41.1619
1298880339 -8.6515 41.1619
1298880340 -8.65151 41.1619
1298880357 -8.65152 41.1618
1298880358 -8.65153 41.1618
1298880359 -8.65154 41.1618
1298880363 -8.65155 41.1618
1298880369 -8.65156 41.1618
1298880374 -8.65159 41.1618
1298880375 -8.65163 41.1618
1298880376 -8.65168 41.1618
1298880377 -8.65175 41.1618
1298880378 -8.65182 41.1618
1298880379 -8.6519 41.1618
1298880380 -8.65197 41.1618
1298880381 -8.65203 41.1618
1298880382 -8.65208 41.1618
1298880383 -8.65211 41.1619
1298880384 -8.65214 41.1619
1298880385 -8.65216 41.1619
1298880386 -8.6522 41.1619
1298880387 -8.65224 41.1619
1298880388 -8.65229 41.1619
1298880389 -8.65236 41.1619
1298880390 -8.65242 41.1619
1298880391 -8.65247 41.1619
1298880392 -8.6525 41.1619
1298880393 -8.65254 41.1619
1298880394 -8.65256 41.1619
1298880395 -8.6526 41.1619
1298880396 -8.65265 41.1619
1298880397 -8.65272 41.162
1298880398 -8.65279 41.162
1298880399 -8.65287 41.162
1298880400 -8.65295 41.162
1298880401 -8.65305 41.162
1298880402 -8.65314 41.162
1298880403 -8.65325 41.162
1298880404 -8.65335 41.1621
1298880405 -8.65345 41.1621
1298880406 -8.65355 41.1621
1298880407 -8.65365 41.1621
1298880408 -8.65376 41.1621
1298880409 -8.65386 41.1621
1298880410 -8.65397 41.1622
1298880411 -8.65406 41.1622
1298880412 -8.65415 41.1622
1298880413 -8.65423 41.1622
1298880414 -8.65429 41.1622
1298880415 -8.65434 41.1622
1298880416 -8.65437 41.1622
1298880417 -8.6544 41.1622
1298880418 -8.65442 41.1622
1298880419 -8.65445 41.1622
1298880420 -8.65451 41.1622
1298880421 -8.65457 41.1623
1298880422 -8.65465 41.1623
1298880423 -8.65474 41.1623
1298880424 -8.65484 41.1623
1298880425 -8.65496 41.1623
1298880426 -8.65508 41.1623
1298880427 -8.65521 41.1624
1298880428 -8.65535 41.1624
1298880429 -8.65547 41.1624
1298880430 -8.6556 41.1624
1298880431 -8.65572 41.1624
1298880432 -8.65584 41.1625
1298880433 -8.65597 41.1625
1298880434 -8.65608 41.1625
1298880435 -8.6562 41.1625
1298880436 -8.65631 41.1625
1298880437 -8.65643 41.1626
1298880438 -8.65653 41.1626
1298880439 -8.65665 41.1626
1298880440 -8.65676 41.1626
1298880441 -8.65687 41.1626
1298880442 -8.65698 41.1627
1298880443 -8.65708 41.1627
1298880444 -8.65718 41.1627
1298880445 -8.65726 41.1627
1298880446 -8.65735 41.1627
1298880447 -8.65745 41.1627
1298880448 -8.65755 41.1627
1298880449 -8.65766 41.1628
1298880450 -8.65778 41.1628
1298880451 -8.6579 41.1628
1298880452 -8.65802 41.1628
1298880453 -8.65814 41.1628
1298880454 -8.65828 41.1629
1298880455 -8.65841 41.1629
1298880456 -8.65856 41.1629
1298880457 -8.6587 41.1629
1298880458 -8.65885 41.1629
1298880459 -8.659 41.163
1298880460 -8.65915 41.163
1298880461 -8.6593 41.163
1298880462 -8.65947 41.1631
1298880463 -8.65962 41.1631
1298880464 -8.65977 41.1631
1298880465 -8.65993 41.1631
1298880466 -8.66008 41.1632
1298880467 -8.66023 41.1632
1298880468 -8.6604 41.1632
1298880469 -8.66057 41.1633
1298880470 -8.66075 41.1633
1298880471 -8.66093 41.1633
1298880472 -8.66112 41.1634
1298880473 -8.66128 41.1634
1298880474 -8.66143 41.1634
1298880475 -8.66157 41.1634
1298880476 -8.66172 41.1634
1298880477 -8.66185 41.1635
1298880478 -8.66199 41.1635
1298880479 -8.6621 41.1635
1298880480 -8.66223 41.1635
1298880481 -8.66236 41.1636
1298880482 -8.66249 41.1636
1298880483 -8.66263 41.1636
1298880484 -8.66279 41.1636
1298880485 -8.66295 41.1637
1298880486 -8.66311 41.1637
1298880487 -8.66328 41.1637
1298880488 -8.66347 41.1638
1298880489 -8.66365 41.1638
1298880490 -8.66383 41.1638
1298880491 -8.66401 41.1638
1298880492 -8.66417 41.1639
1298880493 -8.66432 41.1639
1298880494 -8.66447 41.1639
1298880495 -8.66464 41.1639
1298880496 -8.6648 41.164
1298880497 -8.66498 41.164
1298880498 -8.66516 41.164
1298880499 -8.66535 41.1641
1298880500 -8.66555 41.1641
1298880501 -8.66576 41.1641
1298880502 -8.66596 41.1642
1298880503 -8.66617 41.1642
1298880504 -8.66639 41.1642
1298880505 -8.6666 41.1643
1298880506 -8.6668 41.1643
1298880507 -8.66701 41.1643
1298880508 -8.66722 41.1644
1298880509 -8.66742 41.1644
1298880510 -8.66763 41.1644
1298880511 -8.66783 41.1645
1298880512 -8.66803 41.1645
1298880513 -8.66822 41.1645
1298880514 -8.66842 41.1646
1298880515 -8.66861 41.1646
1298880516 -8.6688 41.1646
1298880517 -8.66898 41.1647
1298880518 -8.66916 41.1647
1298880519 -8.66933 41.1647
1298880520 -8.6695 41.1647
1298880521 -8.66967 41.1648
1298880522 -8.66983 41.1648
1298880523 -8.66997 41.1648
1298880524 -8.6701 41.1648
1298880525 -8.67022 41.1649
1298880526 -8.67032 41.1649
1298880527 -8.6704 41.1649
1298880528 -8.67047 41.1649
1298880529 -8.67052 41.1649
1298880530 -8.67055 41.1649
1298880531 -8.67057 41.1649
1298880532 -8.67058 41.1649
1298880533 -8.67062 41.1649
1298880534 -8.67066 41.1649
1298880535 -8.67071 41.1649
1298880536 -8.67075 41.1649
1298880537 -8.67079 41.1649
1298880538 -8.67082 41.1649
1298880540 -8.67081 41.1649
1298880541 -8.6708 41.1649
1298880543 -8.67078 41.1649
1298880545 -8.67077 41.1649
1298880552 -8.67076 41.1649
1298880569 -8.67075 41.1648
1298880570 -8.67074 41.1648
1298880571 -8.67072 41.1648
1298880572 -8.67068 41.1648
1298880573 -8.67065 41.1648
1298880574 -8.67064 41.1648
1298880575 -8.67063 41.1648
1298880628 -8.67062 41.1648
1298880629 -8.6706 41.1648
1298880630 -8.67056 41.1648
1298880631 -8.67051 41.1648
1298880632 -8.67045 41.1647
1298880633 -8.67037 41.1647
1298880634 -8.67028 41.1647
1298880635 -8.67019 41.1647
1298880636 -8.67007 41.1647
1298880637 -8.66994 41.1647
1298880638 -8.66982 41.1646
1298880639 -8.66968 41.1646
1298880640 -8.66956 41.1646
1298880641 -8.66941 41.1646
1298880642 -8.66928 41.1646
1298880643 -8.66914 41.1645
1298880644 -8.669 41.1645
1298880645 -8.66885 41.1645
1298880646 -8.66871 41.1645
1298880647 -8.66856 41.1644
1298880648 -8.6684 41.1644
1298880649 -8.66826 41.1644
1298880650 -8.66812 41.1644
1298880651 -8.66796 41.1643
1298880652 -8.66782 41.1643
1298880653 -8.66767 41.1643
1298880654 -8.6675 41.1643
1298880655 -8.66735 41.1642
1298880656 -8.66719 41.1642
1298880657 -8.66703 41.1642
1298880658 -8.66686 41.1641
1298880659 -8.6667 41.1641
1298880660 -8.66654 41.1641
1298880661 -8.66638 41.1641
1298880662 -8.66621 41.164
1298880663 -8.66605 41.164
1298880664 -8.66587 41.164
1298880665 -8.66571 41.1639
1298880666 -8.66554 41.1639
1298880667 -8.66537 41.1639
1298880668 -8.6652 41.1639
1298880669 -8.66503 41.1638
1298880670 -8.66486 41.1638
1298880671 -8.6647 41.1638
1298880672 -8.66454 41.1638
1298880673 -8.6644 41.1637
1298880674 -8.66427 41.1637
1298880675 -8.66415 41.1637
1298880676 -8.66404 41.1637
1298880677 -8.66396 41.1637
1298880678 -8.66388 41.1636
1298880679 -8.66383 41.1636
1298880680 -8.6638 41.1636
1298880681 -8.66379 41.1636
1298880690 -8.66381 41.1636
1298880720 -8.66376 41.1636
1298880721 -8.6637 41.1636
1298880722 -8.66363 41.1636
1298880723 -8.66356 41.1636
1298880724 -8.66347 41.1636
1298880725 -8.66337 41.1635
1298880726 -8.66327 41.1635
1298880727 -8.66318 41.1635
1298880728 -8.66309 41.1635
1298880729 -8.663 41.1635
1298880730 -8.66291 41.1634
1298880731 -8.66284 41.1634
1298880732 -8.66276 41.1633
1298880733 -8.66269 41.1633
1298880734 -8.66261 41.1632
1298880735 -8.66253 41.1632
1298880736 -8.66245 41.1631
1298880737 -8.66236 41.1631
1298880738 -8.66228 41.163
1298880739 -8.6622 41.163
1298880740 -8.66213 41.1629
1298880741 -8.66206 41.1629
1298880742 -8.66199 41.1628
1298880743 -8.66192 41.1628
1298880744 -8.66185 41.1627
1298880745 -8.6618 41.1627
1298880746 -8.66174 41.1626
1298880747 -8.66168 41.1625
1298880748 -8.66163 41.1625
1298880749 -8.66155 41.1625
1298880750 -8.66148 41.1624
1298880751 -8.6614 41.1624
1298880752 -8.66132 41.1624
1298880753 -8.66124 41.1623
1298880754 -8.66116 41.1623
1298880755 -8.66108 41.1623
1298880756 -8.66099 41.1622
1298880757 -8.66091 41.1622
1298880758 -8.66082 41.1622
1298880759 -8.66074 41.1621
1298880760 -8.66064 41.1621
1298880761 -8.66055 41.162
1298880762 -8.66047 41.162
1298880763 -8.66041 41.162
1298880764 -8.66034 41.1619
1298880765 -8.66026 41.1619
1298880766 -8.66018 41.1618
1298880767 -8.66009 41.1618
1298880768 -8.66 41.1618
1298880769 -8.65991 41.1617
1298880770 -8.65983 41.1617
1298880771 -8.65975 41.1616
1298880772 -8.65967 41.1616
1298880773 -8.65959 41.1616
1298880774 -8.65951 41.1615
1298880775 -8.65946 41.1615
1298880776 -8.6594 41.1614
1298880777 -8.65933 41.1614
1298880778 -8.65927 41.1613
1298880779 -8.65919 41.1613
1298880780 -8.65911 41.1613
1298880781 -8.65903 41.1612
1298880782 -8.65895 41.1612
1298880783 -8.65889 41.1611
1298880784 -8.65879 41.1611
1298880785 -8.6587 41.1611
1298880786 -8.65862 41.161
1298880787 -8.65856 41.161
1298880788 -8.65851 41.161
1298880789 -8.65849 41.161
1298880790 -8.65846 41.1609
1298880791 -8.65842 41.1609
1298880792 -8.65838 41.1609
1298880793 -8.65831 41.1609
1298880794 -8.65826 41.1608
1298880795 -8.65822 41.1608
1298880796 -8.6582 41.1608
1298880797 -8.65818 41.1608
1298880798 -8.65815 41.1608
1298880799 -8.65813 41.1608
1298880800 -8.6581 41.1608
1298880801 -8.65807 41.1609
1298880802 -8.65804 41.1609
1298880803 -8.65799 41.1609
1298880804 -8.65793 41.1609
1298880805 -8.65787 41.161
1298880806 -8.65778 41.161
1298880807 -8.65771 41.161
1298880808 -8.65763 41.1611
1298880809 -8.65756 41.1611
1298880810 -8.6575 41.1611
1298880811 -8.65745 41.1612
1298880812 -8.65742 41.1612
1298880813 -8.65741 41.1612
1298880814 -8.65739 41.1612
1298880815 -8.65738 41.1612
1298880816 -8.65737 41.1612
1298880817 -8.65736 41.1612
1298880837 -8.65734 41.1612
1298880838 -8.65733 41.1612
1298880839 -8.65731 41.1612
1298880840 -8.65729 41.1612
1298880841 -8.65726 41.1612
1298880842 -8.65725 41.1612
1298880843 -8.65724 41.1613
1298880846 -8.65723 41.1612
1298880850 -8.65722 41.1612
1298880852 -8.65721 41.1612
1298880859 -8.6572 41.1612
1298880879 -8.65719 41.1612
1298880889 -8.65718 41.1612
1298880935 -8.65719 41.1613
1298880942 -8.6572 41.1613
1298880951 -8.65721 41.1613
1298880957 -8.65722 41.1613
1298880989 -8.65718 41.1613
1298881102 -8.65723 41.1613
1298881200 -8.65723 41.1613
