:break:
1298880013 -8.62152 41.1474
1298880014 -8.62151 41.1474
1298880015 -8.62147 41.1474
1298880016 -8.62142 41.1474
1298880017 -8.62136 41.1474
1298880018 -8.62131 41.1474
1298880019 -8.62124 41.1474
1298880020 -8.62115 41.1474
1298880021 -8.62106 41.1474
1298880022 -8.62096 41.1474
1298880023 -8.62087 41.1474
1298880024 -8.6208 41.1474
1298880025 -8.62074 41.1474
1298880026 -8.6207 41.1474
1298880027 -8.62069 41.1474
1298880037 -8.62069 41.1473
1298880039 -8.62068 41.1473
1298880054 -8.62067 41.1473
1298880065 -8.62066 41.1473
1298880067 -8.62064 41.1473
1298880068 -8.62063 41.1473
1298880069 -8.62062 41.1473
1298880070 -8.6206 41.1473
1298880074 -8.62059 41.1473
1298880076 -8.62058 41.1473
1298880077 -8.62056 41.1473
1298880078 -8.62053 41.1473
1298880079 -8.6205 41.1472
1298880080 -8.62046 41.1472
1298880081 -8.62043 41.1472
1298880082 -8.62042 41.1472
1298880083 -8.62042 41.1471
1298880084 -8.62041 41.1471
1298880085 -8.6204 41.1471
1298880086 -8.62038 41.147
1298880087 -8.62036 41.147
1298880088 -8.62034 41.1469
1298880089 -8.62033 41.1468
1298880090 -8.62031 41.1468
1298880091 -8.62029 41.1467
1298880092 -8.62028 41.1466
1298880093 -8.62027 41.1466
1298880094 -8.62026 41.1466
1298880095 -8.62026 41.1465
1298880099 -8.62027 41.1465
1298880102 -8.62028 41.1465
1298880109 -8.62029 41.1465
1298880114 -8.62027 41.1464
1298880115 -8.62026 41.1464
1298880116 -8.62025 41.1464
1298880117 -8.62024 41.1463
1298880118 -8.62022 41.1462
1298880119 -8.6202 41.1462
1298880120 -8.62016 41.1461
1298880121 -8.6201 41.1461
1298880122 -8.62005 41.1461
1298880123 -8.62 41.1461
1298880124 -8.61998 41.1461
1298880125 -8.61994 41.1461
1298880126 -8.61989 41.1461
1298880127 -8.61983 41.1461
1298880128 -8.61976 41.1461
1298880129 -8.61968 41.1461
1298880130 -8.61958 41.1461
1298880131 -8.61947 41.1461
1298880132 -8.61936 41.1461
1298880133 -8.61926 41.1462
1298880134 -8.61913 41.1462
1298880135 -8.619 41.1462
1298880136 -8.61888 41.1462
1298880137 -8.61873 41.1462
1298880138 -8.6186 41.1463
1298880139 -8.61844 41.1463
1298880140 -8.6183 41.1463
1298880141 -8.61816 41.1463
1298880142 -8.61802 41.1464
1298880143 -8.61791 41.1464
1298880144 -8.61781 41.1464
1298880145 -8.61774 41.1464
1298880146 -8.6177 41.1464
1298880147 -8.61768 41.1465
1298880152 -8.61767 41.1465
1298880154 -8.61769 41.1466
1298880155 -8.6177 41.1466
1298880156 -8.61772 41.1466
1298880157 -8.61773 41.1467
1298880159 -8.61775 41.1467
1298880160 -8.61776 41.1468
1298880161 -8.61777 41.1468
1298880162 -8.61779 41.1468
1298880164 -8.6178 41.1469
1298880166 -8.61781 41.1469
1298880172 -8.61782 41.1469
1298880192 -8.61779 41.1469
1298880201 -8.61778 41.1469
1298880216 -8.61777 41.1469
1298880230 -8.61782 41.147
1298880231 -8.61783 41.147
1298880232 -8.61785 41.147
1298880233 -8.61787 41.1471
1298880234 -8.61789 41.1471
1298880235 -8.61791 41.1472
1298880236 -8.61792 41.1472
1298880237 -8.61794 41.1473
1298880238 -8.61797 41.1474
1298880239 -8.618 41.1474
1298880240 -8.61802 41.1475
1298880241 -8.61805 41.1476
1298880242 -8.61808 41.1477
1298880243 -8.61811 41.1477
1298880244 -8.61815 41.1478
1298880245 -8.61818 41.1478
1298880246 -8.61818 41.1479
1298880247 -8.61818 41.148
1298880248 -8.61818 41.1481
1298880249 -8.61819 41.1482
1298880250 -8.6182 41.1483
1298880251 -8.61822 41.1483
1298880252 -8.61826 41.1484
1298880253 -8.61829 41.1484
1298880254 -8.61835 41.1485
1298880255 -8.6184 41.1485
1298880256 -8.61846 41.1485
1298880257 -8.61853 41.1485
1298880258 -8.61858 41.1486
1298880259 -8.61864 41.1486
1298880260 -8.6187 41.1486
1298880261 -8.61876 41.1486
1298880262 -8.61881 41.1486
1298880263 -8.61887 41.1486
1298880264 -8.6189 41.1486
1298880265 -8.61894 41.1486
1298880266 -8.61897 41.1486
1298880267 -8.61899 41.1486
1298880268 -8.61901 41.1487
1298880269 -8.61904 41.1487
1298880270 -8.61907 41.1487
1298880271 -8.6191 41.1487
1298880272 -8.61914 41.1487
1298880273 -8.61917 41.1487
1298880274 -8.6192 41.1487
1298880275 -8.61923 41.1487
1298880276 -8.61924 41.1487
1298880277 -8.61925 41.1487
1298880278 -8.61926 41.1487
1298880282 -8.61927 41.1487
1298880283 -8.61928 41.1487
1298880284 -8.6193 41.1487
1298880285 -8.61932 41.1486
1298880286 -8.61934 41.1486
1298880287 -8.61935 41.1486
1298880288 -8.61938 41.1486
1298880289 -8.6194 41.1485
1298880290 -8.61942 41.1485
1298880291 -8.61944 41.1485
1298880292 -8.61947 41.1485
1298880293 -8.6195 41.1485
1298880294 -8.61952 41.1484
1298880295 -8.61956 41.1484
1298880296 -8.6196 41.1484
1298880297 -8.61963 41.1484
1298880298 -8.61969 41.1484
1298880299 -8.61974 41.1485
1298880300 -8.61979 41.1485
1298880301 -8.61987 41.1485
1298880302 -8.61994 41.1485
1298880303 -8.62001 41.1485
1298880304 -8.62009 41.1485
1298880305 -8.62017 41.1485
1298880306 -8.62026 41.1486
1298880307 -8.62034 41.1486
1298880308 -8.62041 41.1486
1298880309 -8.62048 41.1486
1298880310 -8.62052 41.1487
1298880311 -8.62055 41.1487
1298880312 -8.62058 41.1487
1298880313 -8.6206 41.1487
1298880314 -8.62062 41.1487
1298880315 -8.62065 41.1488
1298880316 -8.62068 41.1488
1298880317 -8.62069 41.1488
1298880318 -8.62072 41.1488
1298880319 -8.62073 41.1489
1298880320 -8.62075 41.149
1298880321 -8.62076 41.149
1298880322 -8.62077 41.1491
1298880323 -8.62078 41.1492
1298880325 -8.62079 41.1492
1298880326 -8.6208 41.1493
1298880327 -8.62081 41.1493
1298880328 -8.62082 41.1493
1298880329 -8.62083 41.1493
1298880331 -8.62084 41.1493
1298880349 -8.62082 41.1494
1298880351 -8.62081 41.1494
1298880356 -8.6208 41.1494
1298880358 -8.62079 41.1494
1298880361 -8.62078 41.1494
1298880366 -8.62077 41.1494
1298880367 -8.62077 41.1495
1298880368 -8.62076 41.1495
1298880373 -8.62078 41.1495
1298880374 -8.6208 41.1495
1298880375 -8.62084 41.1496
1298880376 -8.62086 41.1496
1298880377 -8.62087 41.1496
1298880378 -8.62087 41.1497
:break:
1298880394 -8.62112 41.151
1298880395 -8.62118 41.1511
1298880396 -8.62116 41.1512
1298880397 -8.62119 41.1513
1298880398 -8.62122 41.1513
1298880399 -8.62124 41.1514
1298880400 -8.62124 41.1515
1298880401 -8.62125 41.1515
1298880402 -8.62126 41.1516
1298880403 -8.62127 41.1516
1298880404 -8.62127 41.1517
1298880405 -8.62126 41.1517
1298880406 -8.62124 41.1518
1298880407 -8.62121 41.1519
1298880408 -8.62117 41.1519
1298880409 -8.62113 41.152
1298880410 -8.62108 41.1521
1298880411 -8.62103 41.1521
1298880412 -8.62098 41.1522
1298880413 -8.62094 41.1523
1298880414 -8.6209 41.1523
1298880415 -8.62087 41.1524
1298880416 -8.62086 41.1524
1298880417 -8.62083 41.1525
1298880418 -8.62082 41.1525
1298880419 -8.62084 41.1525
1298880420 -8.62086 41.1526
1298880421 -8.6209 41.1526
1298880422 -8.62094 41.1527
1298880423 -8.62096 41.1527
1298880424 -8.62101 41.1528
1298880425 -8.62105 41.1529
1298880426 -8.62106 41.153
1298880427 -8.62109 41.1531
1298880428 -8.62113 41.1532
1298880429 -8.62115 41.1533
1298880430 -8.62119 41.1533
1298880431 -8.62118 41.1534
1298880432 -8.62119 41.1535
1298880433 -8.62119 41.1536
1298880434 -8.62119 41.1537
1298880435 -8.62118 41.1538
1298880436 -8.62116 41.1539
1298880437 -8.62115 41.154
1298880438 -8.62113 41.1542
1298880439 -8.62112 41.1543
1298880440 -8.62111 41.1544
1298880441 -8.6211 41.1545
1298880442 -8.62112 41.1547
1298880443 -8.62113 41.1547
1298880444 -8.62112 41.1548
1298880445 -8.62112 41.1549
1298880446 -8.6211 41.155
1298880447 -8.62109 41.1551
1298880448 -8.62108 41.1551
1298880449 -8.62106 41.1552
1298880452 -8.62105 41.1552
1298880453 -8.62104 41.1552
1298880454 -8.62103 41.1553
1298880456 -8.62102 41.1553
1298880457 -8.62101 41.1553
1298880458 -8.621 41.1553
1298880459 -8.62099 41.1553
1298880461 -8.62098 41.1553
1298880463 -8.62097 41.1553
1298880467 -8.62096 41.1553
1298880469 -8.62096 41.1554
1298880478 -8.62096 41.1555
1298880480 -8.62095 41.1556
1298880482 -8.62095 41.1557
1298880483 -8.62093 41.1558
1298880484 -8.62092 41.1559
1298880485 -8.6209 41.1559
1298880486 -8.62089 41.156
1298880487 -8.62087 41.156
1298880488 -8.62087 41.1561
1298880489 -8.62086 41.1562
1298880490 -8.62085 41.1562
1298880491 -8.62085 41.1563
1298880492 -8.62084 41.1563
1298880493 -8.62084 41.1564
1298880494 -8.62085 41.1564
1298880495 -8.62087 41.1565
1298880497 -8.62087 41.1566
1298880499 -8.62088 41.1567
1298880500 -8.62088 41.1568
1298880501 -8.62094 41.1569
1298880502 -8.621 41.157
1298880503 -8.62106 41.1571
1298880504 -8.62114 41.1572
1298880505 -8.62123 41.1572
1298880506 -8.62131 41.1573
1298880507 -8.62138 41.1574
1298880508 -8.62147 41.1575
1298880509 -8.62157 41.1575
1298880510 -8.62168 41.1576
1298880511 -8.62181 41.1576
1298880512 -8.62193 41.1577
1298880513 -8.62204 41.1578
1298880514 -8.62217 41.1578
1298880515 -8.62229 41.1579
1298880516 -8.62241 41.158
1298880517 -8.62252 41.158
1298880518 -8.62265 41.1581
1298880519 -8.62276 41.1582
1298880520 -8.62289 41.1583
1298880521 -8.62302 41.1583
1298880522 -8.62314 41.1584
1298880523 -8.62327 41.1585
1298880524 -8.6234 41.1586
1298880525 -8.62353 41.1586
1298880526 -8.62366 41.1587
1298880527 -8.62378 41.1588
1298880528 -8.62391 41.1589
1298880529 -8.62402 41.1589
1298880530 -8.62411 41.159
1298880531 -8.62418 41.159
1298880532 -8.62421 41.159
1298880533 -8.6242 41.1591
1298880534 -8.62417 41.1591
1298880535 -8.62412 41.1591
1298880536 -8.62406 41.1591
1298880537 -8.62398 41.1592
1298880538 -8.6239 41.1592
1298880539 -8.6238 41.1592
1298880540 -8.6237 41.1593
1298880541 -8.62359 41.1593
1298880542 -8.6235 41.1593
1298880543 -8.62342 41.1593
1298880544 -8.62337 41.1594
1298880545 -8.62333 41.1594
1298880546 -8.62331 41.1594
1298880547 -8.6233 41.1594
1298880548 -8.62328 41.1594
1298880549 -8.62326 41.1594
1298880550 -8.62322 41.1594
1298880551 -8.62319 41.1595
1298880552 -8.62315 41.1595
1298880553 -8.62311 41.1595
1298880554 -8.62306 41.1596
1298880555 -8.62303 41.1596
1298880556 -8.62297 41.1597
1298880557 -8.62292 41.1598
1298880558 -8.62285 41.1598
1298880559 -8.6228 41.1599
1298880560 -8.62274 41.16
1298880561 -8.62268 41.16
1298880562 -8.62261 41.1601
1298880563 -8.62255 41.1602
1298880564 -8.62249 41.1602
1298880565 -8.62243 41.1603
1298880566 -8.62238 41.1603
1298880567 -8.62234 41.1603
1298880568 -8.6223 41.1604
1298880569 -8.62224 41.1604
1298880570 -8.62217 41.1604
1298880571 -8.62208 41.1604
1298880572 -8.62198 41.1604
1298880573 -8.62187 41.1603
1298880574 -8.62177 41.1603
1298880575 -8.62165 41.1603
1298880576 -8.62153 41.1603
1298880577 -8.62143 41.1603
1298880578 -8.62133 41.1603
1298880579 -8.62125 41.1603
1298880580 -8.6212 41.1603
1298880581 -8.62119 41.1603
1298880582 -8.62118 41.1604
1298880583 -8.62117 41.1604
1298880584 -8.62118 41.1605
1298880585 -8.62119 41.1605
1298880586 -8.62119 41.1606
1298880587 -8.6212 41.1606
1298880588 -8.62119 41.1607
1298880589 -8.62117 41.1607
1298880590 -8.62116 41.1608
1298880591 -8.62116 41.1609
1298880592 -8.62115 41.161
1298880593 -8.62114 41.161
1298880594 -8.62111 41.1611
1298880595 -8.62109 41.1612
1298880596 -8.62108 41.1612
1298880597 -8.62106 41.1613
1298880598 -8.62105 41.1613
1298880599 -8.62104 41.1614
1298880601 -8.62105 41.1614
1298880602 -8.62106 41.1615
1298880603 -8.62108 41.1615
1298880604 -8.6211 41.1615
1298880605 -8.62111 41.1615
1298880606 -8.62112 41.1615
1298880614 -8.62109 41.1615
1298880617 -8.62107 41.1615
1298880630 -8.62106 41.1616
1298880632 -8.62105 41.1616
1298880635 -8.62104 41.1616
1298880638 -8.62103 41.1616
1298880650 -8.62102 41.1616
1298880691 -8.62107 41.1616
1298880722 -8.62101 41.1616
1298880724 -8.621 41.1616
1298880727 -8.62099 41.1616
1298880729 -8.62098 41.1616
1298880734 -8.62097 41.1616
1298880739 -8.62096 41.1616
1298880900 -8.62095 41.1616
1298880950 -8.62094 41.1616
1298880965 -8.62096 41.1615
1298880969 -8.62097 41.1615
1298880973 -8.62098 41.1615
1298880976 -8.62099 41.1615
1298880979 -8.621 41.1615
1298880980 -8.62101 41.1615
1298880981 -8.62103 41.1615
1298880983 -8.62106 41.1614
1298880988 -8.62107 41.1614
1298881054 -8.62103 41.1614
1298881075 -8.62102 41.1614
1298881149 -8.62108 41.1614
1298881156 -8.62109 41.1614
1298881158 -8.6211 41.1614
1298881184 -8.62111 41.1614
1298881187 -8.62112 41.1614
1298881200 -8.62105 41.1614
