:break:
1298880012 -8.60958 41.1772
1298880026 -8.60957 41.1772
1298880049 -8.60956 41.1772
1298880056 -8.60955 41.1772
1298880062 -8.60954 41.1772
1298880145 -8.60959 41.1772
1298880149 -8.6096 41.1772
1298880153 -8.60961 41.1772
1298880157 -8.60962 41.1772
1298880286 -8.60953 41.1772
1298880291 -8.60952 41.1772
1298880296 -8.60951 41.1772
1298880438 -8.60963 41.1772
1298880440 -8.60964 41.1772
1298880443 -8.60965 41.1772
1298880445 -8.60966 41.1772
1298880449 -8.60967 41.1772
1298880452 -8.60968 41.1772
1298880458 -8.60969 41.1772
1298880488 -8.6097 41.1772
1298880499 -8.60968 41.1771
1298880501 -8.60967 41.1771
1298880503 -8.60966 41.1771
1298880505 -8.60965 41.1771
1298880506 -8.60964 41.1771
1298880507 -8.60963 41.1771
1298880508 -8.60962 41.1771
1298880512 -8.60961 41.1771
1298880571 -8.60969 41.1771
1298880576 -8.6097 41.1771
1298880582 -8.60971 41.1771
1298880600 -8.60972 41.1771
1298881200 -8.60963 41.1771
