:break:
1298880145 -8.60417 41.161
1298880146 -8.60418 41.161
1298880149 -8.60419 41.161
1298880152 -8.6042 41.161
1298880154 -8.60421 41.161
1298880156 -8.60421 41.1611
1298880157 -8.60422 41.1611
1298880208 -8.60422 41.161
1298880215 -8.60423 41.161
1298880219 -8.60424 41.161
1298880225 -8.60425 41.161
1298880270 -8.60418 41.1611
1298880276 -8.60419 41.1611
1298880312 -8.60417 41.1611
1298880347 -8.6042 41.1611
1298880358 -8.60423 41.1611
1298880360 -8.60424 41.1611
1298880363 -8.60425 41.1611
1298880366 -8.60426 41.1611
1298880426 -8.60416 41.1611
1298880428 -8.60414 41.1611
1298880429 -8.60413 41.1612
1298880433 -8.60412 41.1612
1298880434 -8.60411 41.1612
1298880435 -8.6041 41.1612
1298880436 -8.60409 41.1612
1298880437 -8.60408 41.1612
1298880438 -8.60407 41.1612
1298880439 -8.60406 41.1612
1298880442 -8.60405 41.1612
1298880501 -8.60414 41.1612
1298880505 -8.60415 41.1612
1298880507 -8.60416 41.1612
1298880510 -8.60417 41.1612
1298880511 -8.60418 41.1612
1298880513 -8.60419 41.1612
1298880516 -8.6042 41.1612
1298880519 -8.60421 41.1612
1298880523 -8.60422 41.1612
1298881063 -8.60415 41.1611
1298881066 -8.60413 41.1611
1298881070 -8.60412 41.1611
1298881200 -8.60413 41.1612
