:break:
1298880052 -8.61196 41.1727
1298880053 -8.61197 41.1727
1298880074 -8.61195 41.1727
1298880075 -8.61194 41.1727
1298880077 -8.61193 41.1727
1298880078 -8.61192 41.1727
1298880079 -8.61191 41.1727
1298880081 -8.6119 41.1727
1298880082 -8.61189 41.1727
1298880083 -8.61189 41.1728
1298880084 -8.61188 41.1728
1298880087 -8.61187 41.1728
1298880103 -8.61188 41.1727
1298880112 -8.61192 41.1728
1298880119 -8.61193 41.1728
1298880139 -8.61191 41.1728
1298880200 -8.61196 41.1728
1298880206 -8.61195 41.1728
1298880248 -8.6119 41.1728
1298880290 -8.61198 41.1727
1298880293 -8.61199 41.1727
1298880296 -8.612 41.1727
1298880298 -8.61201 41.1727
1298880300 -8.61202 41.1727
1298880302 -8.61203 41.1727
1298880303 -8.61204 41.1727
1298880305 -8.61205 41.1727
1298880307 -8.61206 41.1727
1298880309 -8.61207 41.1727
1298880341 -8.612 41.1728
1298880347 -8.61199 41.1728
1298880352 -8.61198 41.1728
1298880357 -8.61197 41.1728
1298880434 -8.61194 41.1728
1298880463 -8.61201 41.1728
1298880464 -8.61202 41.1728
1298880465 -8.61203 41.1728
1298880467 -8.61204 41.1728
1298880468 -8.61205 41.1728
1298880469 -8.61206 41.1728
1298880470 -8.61208 41.1728
1298880472 -8.61209 41.1728
1298880473 -8.6121 41.1728
1298880474 -8.61211 41.1728
1298880476 -8.61212 41.1728
1298880478 -8.61212 41.1727
1298880486 -8.61213 41.1727
1298880488 -8.61214 41.1727
1298880492 -8.61215 41.1727
1298880494 -8.61216 41.1727
1298880496 -8.61217 41.1727
1298880531 -8.61218 41.1727
1298880532 -8.61219 41.1727
1298880533 -8.6122 41.1727
1298880535 -8.61221 41.1727
1298880537 -8.61222 41.1727
1298880538 -8.61223 41.1727
1298880558 -8.61211 41.1727
1298880559 -8.6121 41.1727
1298880563 -8.61207 41.1728
1298880581 -8.61213 41.1728
1298880582 -8.61214 41.1728
1298880584 -8.61215 41.1728
1298880585 -8.61217 41.1728
1298880586 -8.61218 41.1728
1298880590 -8.61219 41.1728
1298880596 -8.61216 41.1728
1298880622 -8.61209 41.1727
1298880627 -8.61208 41.1727
1298880683 -8.61224 41.1727
1298880692 -8.61225 41.1727
1298880693 -8.61226 41.1727
1298880694 -8.61227 41.1727
1298880695 -8.61228 41.1727
1298880698 -8.61229 41.1727
1298880839 -8.6122 41.1728
1298880840 -8.61221 41.1728
1298880841 -8.61222 41.1728
1298880843 -8.61223 41.1728
1298881000 -8.61224 41.1728
1298881092 -8.61217 41.1726
1298881093 -8.61218 41.1726
1298881096 -8.61219 41.1726
1298881098 -8.6122 41.1726
1298881099 -8.61221 41.1726
1298881152 -8.6123 41.1727
1298881155 -8.61231 41.1727
1298881159 -8.61232 41.1727
1298881170 -8.61233 41.1727
1298881200 -8.6122 41.1727
