:break:
1298880130 -8.65733 41.1612
1298880134 -8.65734 41.1612
1298880154 -8.65732 41.1612
1298880157 -8.65731 41.1612
1298880160 -8.6573 41.1612
1298880161 -8.65728 41.1612
1298880162 -8.65726 41.1612
1298880163 -8.65724 41.1613
1298880164 -8.65723 41.1613
1298880165 -8.65721 41.1613
1298880166 -8.6572 41.1613
1298880167 -8.65719 41.1613
1298880168 -8.65718 41.1613
1298880169 -8.65717 41.1613
1298880170 -8.65715 41.1613
1298880171 -8.65713 41.1613
1298880172 -8.65711 41.1613
1298880173 -8.65709 41.1613
1298880174 -8.65708 41.1613
1298880177 -8.65707 41.1613
1298880195 -8.65706 41.1613
1298880200 -8.65705 41.1613
1298880207 -8.65704 41.1613
1298880209 -8.65703 41.1614
1298880217 -8.65702 41.1614
1298880225 -8.65701 41.1614
1298880242 -8.657 41.1614
1298880266 -8.65703 41.1613
1298880291 -8.65705 41.1614
1298880650 -8.6571 41.1613
1298880899 -8.65698 41.1614
1298880900 -8.65697 41.1614
1298880901 -8.65696 41.1614
1298880930 -8.65695 41.1614
1298881071 -8.65699 41.1614
1298881180 -8.65694 41.1614
1298881181 -8.65691 41.1615
1298881182 -8.65686 41.1615
1298881183 -8.65679 41.1615
1298881184 -8.65671 41.1616
1298881185 -8.65662 41.1616
1298881186 -8.65652 41.1617
1298881187 -8.65643 41.1617
1298881188 -8.65634 41.1618
1298881189 -8.65625 41.1618
1298881190 -8.65616 41.1618
1298881191 -8.65608 41.1619
1298881192 -8.65599 41.1619
1298881193 -8.65591 41.162
1298881194 -8.65583 41.162
1298881195 -8.65575 41.1621
1298881196 -8.65567 41.1621
1298881197 -8.65559 41.1622
1298881198 -8.65552 41.1622
1298881199 -8.65546 41.1622
1298881200 -8.65542 41.1623
