:break:
1298880002 -8.62777 41.1758
1298880003 -8.62781 41.1759
1298880004 -8.62783 41.1759
1298880005 -8.62788 41.176
1298880006 -8.62792 41.1761
1298880007 -8.62797 41.1761
1298880008 -8.62801 41.1762
1298880009 -8.62807 41.1763
1298880010 -8.62812 41.1764
1298880011 -8.62818 41.1765
1298880012 -8.62824 41.1766
1298880013 -8.6283 41.1766
1298880014 -8.62836 41.1768
1298880015 -8.62841 41.1769
1298880016 -8.62846 41.177
1298880017 -8.62852 41.1771
1298880018 -8.62858 41.1772
1298880019 -8.62863 41.1773
1298880020 -8.6287 41.1774
1298880021 -8.62875 41.1775
1298880022 -8.6288 41.1776
1298880023 -8.62886 41.1777
1298880024 -8.6289 41.1778
1298880025 -8.62894 41.1779
1298880026 -8.62897 41.178
1298880027 -8.62896 41.1781
1298880029 -8.62892 41.1781
1298880030 -8.62888 41.1782
1298880031 -8.62881 41.1782
1298880032 -8.62874 41.1782
1298880033 -8.62866 41.1782
1298880034 -8.62857 41.1782
1298880035 -8.62849 41.1783
1298880036 -8.62839 41.1783
1298880037 -8.62829 41.1783
1298880038 -8.62817 41.1784
1298880039 -8.62807 41.1784
1298880040 -8.62793 41.1785
1298880041 -8.62781 41.1785
1298880042 -8.62766 41.1785
1298880043 -8.62752 41.1786
1298880044 -8.62736 41.1786
1298880045 -8.62721 41.1787
1298880046 -8.62706 41.1787
1298880047 -8.6269 41.1788
1298880048 -8.62674 41.1788
1298880049 -8.62659 41.1789
1298880050 -8.62644 41.1789
1298880051 -8.62627 41.179
1298880052 -8.62612 41.179
1298880053 -8.62595 41.1791
1298880054 -8.62579 41.1791
1298880055 -8.62563 41.1792
1298880056 -8.62546 41.1792
1298880057 -8.62528 41.1793
1298880058 -8.6251 41.1794
1298880059 -8.62494 41.1794
1298880060 -8.62479 41.1794
1298880061 -8.62464 41.1795
1298880062 -8.62449 41.1795
1298880063 -8.62436 41.1796
1298880064 -8.62423 41.1796
1298880065 -8.62413 41.1796
1298880066 -8.62405 41.1796
1298880067 -8.62397 41.1796
1298880068 -8.6239 41.1796
1298880069 -8.62383 41.1795
1298880070 -8.62376 41.1794
1298880071 -8.62369 41.1794
1298880072 -8.62362 41.1793
1298880073 -8.62356 41.1792
1298880074 -8.62353 41.1792
1298880075 -8.62354 41.1791
1298880076 -8.62357 41.1791
1298880077 -8.62361 41.179
1298880078 -8.62367 41.1789
1298880079 -8.62373 41.1789
1298880080 -8.6238 41.1788
1298880081 -8.62386 41.1787
1298880082 -8.62393 41.1786
1298880083 -8.624 41.1785
1298880084 -8.62406 41.1784
1298880085 -8.62413 41.1783
1298880086 -8.6242 41.1782
1298880087 -8.62428 41.1782
1298880088 -8.62436 41.1781
1298880089 -8.62442 41.178
1298880090 -8.62448 41.1779
1298880091 -8.62454 41.1778
1298880092 -8.62459 41.1778
1298880093 -8.62465 41.1777
1298880094 -8.62468 41.1777
1298880095 -8.6247 41.1776
1298880096 -8.62473 41.1776
1298880097 -8.62476 41.1775
1298880098 -8.62479 41.1775
1298880099 -8.62481 41.1775
1298880100 -8.62482 41.1774
1298880101 -8.62484 41.1774
1298880106 -8.62485 41.1774
1298880110 -8.62486 41.1774
1298880112 -8.62487 41.1774
1298880113 -8.62488 41.1774
1298880114 -8.62489 41.1774
1298880116 -8.6249 41.1774
1298880117 -8.62491 41.1774
1298880118 -8.62493 41.1774
1298880120 -8.62494 41.1773
1298880121 -8.62495 41.1773
1298880122 -8.62496 41.1773
1298880125 -8.62497 41.1773
1298880128 -8.62499 41.1773
1298880129 -8.62501 41.1773
1298880130 -8.62502 41.1773
1298880131 -8.62504 41.1773
1298880132 -8.62506 41.1773
1298880133 -8.62509 41.1772
1298880134 -8.62511 41.1772
1298880135 -8.62514 41.1772
1298880136 -8.62517 41.1772
1298880137 -8.62519 41.1771
1298880139 -8.62521 41.1771
1298880141 -8.6252 41.177
1298880142 -8.62518 41.177
1298880143 -8.62515 41.177
1298880144 -8.62513 41.177
1298880145 -8.62512 41.177
1298880146 -8.6251 41.177
1298880148 -8.6251 41.1771
1298880150 -8.62509 41.1771
1298880151 -8.62506 41.1772
1298880152 -8.62502 41.1772
1298880157 -8.6248 41.1775
1298880158 -8.62475 41.1775
1298880159 -8.62472 41.1776
1298880160 -8.62468 41.1776
1298880161 -8.62465 41.1776
1298880162 -8.62458 41.1776
1298880163 -8.62451 41.1776
1298880164 -8.62444 41.1776
1298880165 -8.62437 41.1776
1298880166 -8.62429 41.1776
1298880167 -8.6242 41.1775
1298880168 -8.62412 41.1775
1298880169 -8.62402 41.1775
1298880170 -8.62392 41.1775
1298880171 -8.62383 41.1775
1298880172 -8.62374 41.1775
1298880173 -8.62364 41.1775
1298880174 -8.62351 41.1774
1298880175 -8.62338 41.1774
1298880176 -8.62324 41.1774
1298880177 -8.62309 41.1773
1298880178 -8.6229 41.1773
1298880179 -8.62275 41.1772
1298880180 -8.6226 41.1772
1298880181 -8.62246 41.1771
1298880182 -8.62232 41.177
1298880183 -8.62215 41.177
1298880184 -8.62203 41.177
1298880185 -8.62192 41.177
1298880186 -8.62183 41.177
1298880187 -8.62175 41.1769
1298880188 -8.62167 41.1769
1298880189 -8.6216 41.1769
1298880190 -8.62152 41.1769
1298880191 -8.62143 41.1768
1298880192 -8.62133 41.1768
1298880193 -8.62122 41.1768
1298880194 -8.62111 41.1768
1298880195 -8.62099 41.1768
1298880196 -8.62087 41.1767
1298880197 -8.62076 41.1767
1298880198 -8.62064 41.1767
1298880199 -8.62052 41.1767
1298880200 -8.62043 41.1766
1298880201 -8.62036 41.1766
1298880202 -8.62033 41.1766
1298880203 -8.62031 41.1766
1298880205 -8.62029 41.1766
1298880206 -8.62027 41.1766
1298880207 -8.62025 41.1766
1298880208 -8.62023 41.1765
1298880209 -8.62022 41.1765
1298880211 -8.62025 41.1764
1298880212 -8.62029 41.1763
1298880213 -8.62034 41.1763
1298880214 -8.62037 41.1762
1298880215 -8.62038 41.1762
1298880216 -8.62037 41.1761
1298880217 -8.62036 41.176
1298880218 -8.62035 41.1759
1298880219 -8.62034 41.1758
1298880220 -8.62032 41.1757
1298880221 -8.62031 41.1756
1298880222 -8.62029 41.1755
1298880223 -8.62028 41.1754
1298880224 -8.62027 41.1753
1298880225 -8.62026 41.1752
1298880226 -8.62025 41.1751
1298880227 -8.62025 41.175
1298880229 -8.62025 41.1749
1298880237 -8.62026 41.1749
1298880240 -8.62022 41.1749
1298880241 -8.62019 41.1749
1298880242 -8.62017 41.1749
1298880243 -8.62015 41.1749
1298880244 -8.62013 41.1749
1298880245 -8.62008 41.1749
1298880246 -8.62005 41.1749
1298880247 -8.62 41.1749
1298880248 -8.61995 41.1749
1298880249 -8.61989 41.1749
1298880250 -8.61983 41.1749
1298880251 -8.61976 41.1749
1298880252 -8.61967 41.1749
1298880253 -8.61958 41.175
1298880254 -8.61949 41.175
1298880255 -8.61939 41.175
1298880256 -8.61928 41.175
1298880257 -8.61917 41.175
1298880258 -8.61904 41.175
1298880259 -8.61891 41.175
1298880260 -8.61879 41.1751
1298880261 -8.61864 41.1751
1298880262 -8.6185 41.1751
1298880263 -8.61836 41.1751
1298880264 -8.6182 41.1752
1298880265 -8.61806 41.1752
1298880266 -8.61791 41.1752
1298880267 -8.61776 41.1752
1298880268 -8.61761 41.1752
1298880269 -8.61745 41.1753
1298880270 -8.61729 41.1753
1298880271 -8.61714 41.1753
1298880272 -8.61699 41.1753
1298880273 -8.61683 41.1753
1298880274 -8.61668 41.1753
1298880275 -8.61654 41.1754
1298880276 -8.61639 41.1754
1298880277 -8.61625 41.1754
1298880278 -8.61611 41.1754
1298880279 -8.61596 41.1754
1298880280 -8.61582 41.1755
1298880281 -8.61567 41.1755
1298880282 -8.61553 41.1755
1298880283 -8.61538 41.1755
1298880284 -8.61523 41.1755
1298880285 -8.61509 41.1756
1298880286 -8.61494 41.1756
1298880287 -8.6148 41.1756
1298880288 -8.61466 41.1756
1298880289 -8.6145 41.1756
1298880290 -8.61436 41.1756
1298880291 -8.61422 41.1757
1298880292 -8.6141 41.1757
1298880293 -8.61402 41.1757
1298880294 -8.61396 41.1757
1298880295 -8.61395 41.1757
1298880296 -8.61394 41.1757
1298880306 -8.61393 41.1757
1298880307 -8.6139 41.1757
1298880308 -8.61386 41.1757
1298880309 -8.61384 41.1757
1298880310 -8.61382 41.1756
1298880311 -8.6138 41.1756
1298880312 -8.61378 41.1756
1298880313 -8.61377 41.1755
1298880314 -8.61375 41.1755
1298880315 -8.61373 41.1754
1298880316 -8.61371 41.1753
1298880317 -8.61368 41.1753
1298880318 -8.61366 41.1752
1298880319 -8.61363 41.1751
1298880320 -8.61361 41.175
1298880321 -8.61359 41.175
1298880322 -8.61359 41.1749
1298880323 -8.6136 41.1748
1298880325 -8.61361 41.1747
1298880326 -8.6136 41.1747
1298880327 -8.61359 41.1746
1298880329 -8.61359 41.1745
1298880330 -8.61357 41.1744
1298880331 -8.61353 41.1744
1298880332 -8.6135 41.1743
1298880333 -8.61346 41.1743
1298880334 -8.61342 41.1742
1298880335 -8.61339 41.1742
1298880336 -8.61335 41.1742
1298880337 -8.61331 41.1742
1298880338 -8.61322 41.1742
1298880339 -8.61313 41.1742
1298880340 -8.61304 41.1742
1298880341 -8.61294 41.1742
1298880342 -8.61283 41.1742
1298880343 -8.61272 41.1742
1298880344 -8.6126 41.1742
1298880345 -8.61249 41.1742
1298880346 -8.61236 41.1742
1298880347 -8.61224 41.1742
1298880348 -8.6121 41.1742
1298880349 -8.61196 41.1742
1298880350 -8.6118 41.1742
1298880351 -8.61165 41.1742
1298880352 -8.6115 41.1742
1298880353 -8.61134 41.1742
1298880354 -8.61118 41.1742
1298880355 -8.61101 41.1742
1298880356 -8.61084 41.1741
1298880357 -8.61066 41.1741
1298880358 -8.61048 41.1741
1298880359 -8.6103 41.1741
1298880360 -8.61011 41.174
1298880361 -8.60992 41.174
1298880362 -8.60973 41.174
1298880363 -8.60955 41.1739
1298880364 -8.60939 41.1739
1298880365 -8.60926 41.1738
1298880366 -8.60913 41.1738
1298880367 -8.60902 41.1737
1298880368 -8.60893 41.1737
1298880369 -8.60886 41.1737
1298880370 -8.60879 41.1736
1298880371 -8.60872 41.1736
1298880372 -8.60866 41.1736
1298880373 -8.60861 41.1735
1298880374 -8.60857 41.1735
1298880375 -8.60854 41.1735
1298880376 -8.60852 41.1735
1298880377 -8.6085 41.1735
1298880378 -8.60848 41.1735
1298880379 -8.60846 41.1735
1298880380 -8.60843 41.1734
1298880381 -8.60838 41.1734
1298880382 -8.60833 41.1734
1298880383 -8.60828 41.1734
1298880384 -8.60821 41.1733
1298880385 -8.60814 41.1733
1298880386 -8.60808 41.1732
1298880387 -8.608 41.1732
1298880388 -8.60792 41.1731
1298880389 -8.60784 41.1731
1298880390 -8.60776 41.173
1298880391 -8.60768 41.1729
1298880392 -8.60761 41.1729
1298880393 -8.60754 41.1728
1298880394 -8.60746 41.1727
1298880395 -8.60738 41.1727
1298880396 -8.60732 41.1726
1298880397 -8.60725 41.1725
1298880398 -8.60719 41.1725
1298880399 -8.60711 41.1724
1298880400 -8.60704 41.1723
1298880401 -8.60697 41.1722
1298880402 -8.60689 41.1721
1298880403 -8.60681 41.1721
1298880404 -8.60672 41.172
1298880405 -8.60663 41.1719
1298880406 -8.60653 41.1718
1298880407 -8.60643 41.1718
1298880408 -8.60633 41.1717
1298880409 -8.60623 41.1717
1298880410 -8.60614 41.1716
1298880411 -8.60608 41.1716
1298880412 -8.60603 41.1716
1298880413 -8.606 41.1715
1298880414 -8.60599 41.1715
1298880423 -8.60601 41.1715
1298880442 -8.60601 41.1716
1298880446 -8.606 41.1716
1298880458 -8.60599 41.1716
1298880459 -8.60596 41.1715
1298880460 -8.60593 41.1715
1298880461 -8.60589 41.1715
1298880462 -8.60585 41.1715
1298880463 -8.60582 41.1714
1298880465 -8.60585 41.1713
1298880466 -8.60589 41.1713
1298880467 -8.60595 41.1712
1298880468 -8.60601 41.1712
1298880469 -8.60607 41.1711
1298880470 -8.60612 41.171
1298880471 -8.60618 41.171
1298880472 -8.60624 41.1709
1298880473 -8.60631 41.1708
1298880474 -8.60638 41.1708
1298880475 -8.60644 41.1707
1298880476 -8.6065 41.1706
1298880477 -8.60656 41.1706
1298880478 -8.60661 41.1705
1298880479 -8.60662 41.1705
1298880480 -8.6066 41.1704
1298880481 -8.60656 41.1704
1298880482 -8.6065 41.1704
1298880483 -8.60645 41.1703
1298880484 -8.60641 41.1703
1298880485 -8.6064 41.1702
1298880486 -8.6064 41.1701
1298880487 -8.6064 41.17
1298880488 -8.60638 41.1699
1298880489 -8.60634 41.1698
1298880490 -8.60627 41.1698
1298880491 -8.60617 41.1697
1298880492 -8.60609 41.1697
1298880493 -8.60604 41.1696
1298880494 -8.60593 41.1696
1298880495 -8.60577 41.1696
1298880496 -8.60561 41.1697
1298880497 -8.60545 41.1697
1298880498 -8.60529 41.1698
1298880499 -8.60513 41.1698
1298880500 -8.60496 41.1699
1298880501 -8.60481 41.1699
1298880502 -8.60468 41.17
1298880503 -8.60457 41.17
1298880504 -8.60446 41.17
1298880505 -8.60435 41.17
1298880506 -8.60424 41.17
1298880507 -8.60412 41.17
1298880508 -8.60399 41.17
1298880509 -8.60386 41.17
1298880510 -8.60374 41.17
1298880511 -8.60363 41.17
1298880512 -8.60355 41.17
1298880513 -8.60351 41.1699
1298880514 -8.6035 41.1699
1298880516 -8.60351 41.1698
1298880517 -8.60351 41.1697
1298880518 -8.60352 41.1697
1298880519 -8.60354 41.1696
1298880520 -8.60356 41.1695
1298880521 -8.60352 41.1694
1298880522 -8.60351 41.1693
1298880523 -8.6035 41.1692
1298880524 -8.60351 41.1692
1298880525 -8.60351 41.1691
1298880526 -8.60351 41.1689
1298880527 -8.60351 41.1688
1298880528 -8.6035 41.1687
1298880529 -8.6035 41.1686
1298880530 -8.6035 41.1685
1298880531 -8.60349 41.1684
1298880532 -8.60349 41.1682
1298880533 -8.60349 41.1681
1298880534 -8.60349 41.168
1298880535 -8.60348 41.1679
1298880536 -8.60348 41.1678
1298880537 -8.60348 41.1677
1298880538 -8.60348 41.1676
1298880539 -8.60347 41.1675
1298880540 -8.60346 41.1674
1298880541 -8.60347 41.1673
1298880542 -8.60346 41.1671
1298880543 -8.60346 41.167
1298880544 -8.60346 41.1669
1298880545 -8.60346 41.1668
1298880546 -8.60345 41.1667
1298880547 -8.60342 41.1666
1298880548 -8.60338 41.1665
1298880549 -8.60332 41.1664
1298880550 -8.60326 41.1663
1298880551 -8.6032 41.1662
1298880552 -8.60314 41.1661
1298880553 -8.60307 41.166
1298880554 -8.60301 41.1659
1298880555 -8.60296 41.1658
1298880556 -8.6029 41.1658
1298880557 -8.60286 41.1657
1298880558 -8.60281 41.1656
1298880559 -8.60279 41.1656
1298880560 -8.60275 41.1655
1298880561 -8.60271 41.1655
1298880562 -8.60268 41.1654
1298880563 -8.60264 41.1653
1298880564 -8.6026 41.1653
1298880565 -8.60254 41.1652
1298880566 -8.60249 41.1651
1298880567 -8.60243 41.1651
1298880568 -8.60237 41.165
1298880569 -8.60233 41.1649
1298880570 -8.60227 41.1649
1298880571 -8.60223 41.1648
1298880572 -8.60218 41.1647
1298880573 -8.60213 41.1647
1298880574 -8.60206 41.1646
1298880575 -8.60201 41.1645
1298880576 -8.60197 41.1644
1298880577 -8.60193 41.1644
1298880578 -8.60189 41.1643
1298880579 -8.60186 41.1642
1298880580 -8.60181 41.1642
1298880581 -8.60178 41.1641
1298880582 -8.60173 41.1641
1298880583 -8.6017 41.164
1298880584 -8.60166 41.1639
1298880585 -8.60162 41.1639
1298880586 -8.60162 41.1638
1298880587 -8.60163 41.1638
1298880588 -8.60167 41.1637
1298880589 -8.60172 41.1637
1298880590 -8.60179 41.1636
1298880591 -8.60186 41.1636
1298880592 -8.60193 41.1635
1298880593 -8.60199 41.1635
1298880594 -8.60207 41.1634
1298880595 -8.60216 41.1633
1298880596 -8.60226 41.1633
1298880597 -8.60237 41.1632
1298880598 -8.60248 41.1631
1298880599 -8.6026 41.163
1298880600 -8.6027 41.1629
1298880601 -8.60282 41.1628
1298880602 -8.60293 41.1627
1298880603 -8.60304 41.1627
1298880604 -8.60314 41.1626
1298880605 -8.60325 41.1625
1298880606 -8.60335 41.1624
1298880607 -8.60344 41.1624
1298880608 -8.60352 41.1623
1298880609 -8.60359 41.1622
1298880610 -8.60364 41.1622
1298880611 -8.60367 41.1622
1298880612 -8.60369 41.1621
1298880613 -8.60371 41.1621
1298880614 -8.60373 41.1621
1298880615 -8.60375 41.1621
1298880621 -8.60374 41.1621
1298880629 -8.60376 41.1621
1298880630 -8.60377 41.1621
1298880631 -8.6038 41.1621
1298880632 -8.60384 41.162
1298880633 -8.60389 41.162
1298880634 -8.60394 41.162
1298880635 -8.60399 41.1619
1298880636 -8.60405 41.1619
1298880637 -8.60411 41.1619
1298880638 -8.60419 41.1619
1298880639 -8.60427 41.1618
1298880640 -8.60432 41.1618
1298880641 -8.60438 41.1618
1298880642 -8.60442 41.1617
1298880643 -8.60447 41.1617
1298880644 -8.60451 41.1616
1298880645 -8.60455 41.1616
1298880646 -8.60458 41.1615
1298880647 -8.6046 41.1615
1298880648 -8.60464 41.1614
1298880649 -8.60468 41.1613
1298880650 -8.60471 41.1613
1298880651 -8.60477 41.1612
1298880652 -8.60481 41.1611
1298880653 -8.60486 41.161
1298880654 -8.6049 41.161
1298880655 -8.60493 41.1609
1298880656 -8.60495 41.1609
1298880657 -8.60498 41.1608
1298880658 -8.60499 41.1608
1298880659 -8.60501 41.1608
1298880660 -8.60502 41.1608
1298880661 -8.60503 41.1608
1298880662 -8.60504 41.1608
1298880669 -8.60505 41.1608
1298880673 -8.60506 41.1608
1298880679 -8.60508 41.1608
1298880682 -8.60509 41.1607
1298880683 -8.60508 41.1607
1298880684 -8.60507 41.1607
1298880685 -8.60504 41.1606
1298880686 -8.60499 41.1606
1298880687 -8.60494 41.1605
1298880688 -8.6049 41.1605
1298880689 -8.60486 41.1605
1298880690 -8.60483 41.1604
1298880691 -8.60479 41.1604
1298880692 -8.60477 41.1604
1298880693 -8.60473 41.1604
1298880694 -8.6047 41.1604
1298880695 -8.60468 41.1604
1298880710 -8.60469 41.1604
1298880724 -8.60465 41.1604
1298880725 -8.60461 41.1604
1298880726 -8.60456 41.1604
1298880727 -8.6045 41.1604
1298880728 -8.60444 41.1604
1298880729 -8.60438 41.1603
1298880730 -8.60431 41.1603
1298880731 -8.60423 41.1603
1298880732 -8.60417 41.1603
1298880733 -8.6041 41.1603
1298880734 -8.60403 41.1602
1298880735 -8.60396 41.1602
1298880736 -8.60387 41.1602
1298880737 -8.6038 41.1602
1298880738 -8.60372 41.1602
1298880739 -8.60363 41.1601
1298880740 -8.60354 41.1601
1298880741 -8.60344 41.1601
1298880742 -8.60332 41.1601
1298880743 -8.60321 41.16
1298880744 -8.60309 41.16
1298880745 -8.60298 41.16
1298880746 -8.60288 41.1599
1298880747 -8.60278 41.1599
1298880748 -8.60269 41.1599
1298880749 -8.60262 41.1598
1298880750 -8.60257 41.1598
1298880751 -8.60254 41.1598
1298880752 -8.60253 41.1598
1298880763 -8.60255 41.1598
1298880771 -8.60252 41.1598
1298880772 -8.60247 41.1598
1298880773 -8.60241 41.1598
1298880774 -8.60234 41.1598
1298880775 -8.60227 41.1598
1298880776 -8.6022 41.1598
1298880777 -8.60214 41.1597
1298880778 -8.60206 41.1597
1298880779 -8.60201 41.1597
1298880780 -8.60196 41.1597
1298880781 -8.60192 41.1597
1298880782 -8.60188 41.1597
1298880783 -8.60186 41.1597
1298880784 -8.60183 41.1597
1298880785 -8.6018 41.1596
1298880786 -8.60174 41.1596
1298880787 -8.60169 41.1596
1298880788 -8.60162 41.1596
1298880789 -8.60156 41.1596
1298880790 -8.6015 41.1596
1298880791 -8.60143 41.1596
1298880792 -8.60135 41.1595
1298880793 -8.60126 41.1595
1298880794 -8.60118 41.1595
1298880795 -8.60112 41.1595
1298880796 -8.60106 41.1595
1298880797 -8.601 41.1595
1298880798 -8.60097 41.1595
1298880799 -8.60095 41.1596
1298880800 -8.60091 41.1596
1298880801 -8.60089 41.1597
1298880802 -8.60087 41.1598
1298880803 -8.60084 41.1599
1298880804 -8.60081 41.16
1298880805 -8.60077 41.1601
1298880806 -8.60073 41.1602
1298880807 -8.6007 41.1603
1298880808 -8.60065 41.1604
1298880809 -8.60062 41.1605
1298880810 -8.60059 41.1606
1298880811 -8.60056 41.1607
1298880812 -8.60054 41.1608
1298880813 -8.60053 41.1609
1298880814 -8.60049 41.1609
1298880815 -8.60048 41.161
1298880816 -8.60047 41.161
1298880817 -8.60046 41.1611
1298880824 -8.60047 41.1611
1298880826 -8.60048 41.1611
1298880830 -8.60049 41.1611
1298880833 -8.6005 41.1611
1298880846 -8.60046 41.1612
1298880850 -8.60045 41.1612
1298880851 -8.60045 41.1611
1298880855 -8.60044 41.1611
1298880856 -8.60043 41.1611
1298880857 -8.60042 41.1611
1298880859 -8.60041 41.1611
1298880860 -8.6004 41.1612
1298880866 -8.60039 41.1612
1298880868 -8.60038 41.1612
1298880869 -8.60036 41.1612
1298880871 -8.60033 41.1613
1298880872 -8.60035 41.1613
1298880873 -8.60037 41.1613
1298880874 -8.60042 41.1614
1298880875 -8.60048 41.1614
1298880876 -8.60055 41.1614
1298880877 -8.60063 41.1614
1298880878 -8.60073 41.1614
1298880879 -8.60081 41.1615
1298880880 -8.60092 41.1615
1298880881 -8.60104 41.1615
1298880882 -8.60116 41.1615
1298880883 -8.60128 41.1615
1298880884 -8.60142 41.1616
1298880885 -8.60155 41.1616
1298880886 -8.6017 41.1616
1298880887 -8.60184 41.1616
1298880888 -8.60197 41.1616
1298880889 -8.60208 41.1617
1298880890 -8.60218 41.1617
1298880891 -8.60226 41.1617
1298880892 -8.60233 41.1617
1298880893 -8.60239 41.1617
1298880894 -8.60244 41.1617
1298880895 -8.6025 41.1617
1298880896 -8.60254 41.1617
1298880897 -8.60259 41.1617
1298880898 -8.60262 41.1617
1298880899 -8.60265 41.1617
1298880900 -8.60267 41.1617
1298880901 -8.60269 41.1617
1298880902 -8.6027 41.1617
1298880903 -8.60271 41.1617
1298880904 -8.60274 41.1617
1298880905 -8.60275 41.1617
1298880906 -8.60276 41.1617
1298880907 -8.60277 41.1617
1298880908 -8.60278 41.1617
1298880909 -8.60279 41.1617
1298880921 -8.60278 41.1616
1298880925 -8.60277 41.1616
1298880932 -8.60276 41.1616
1298880949 -8.60279 41.1616
1298880954 -8.6028 41.1616
1298880956 -8.60281 41.1616
1298880961 -8.60282 41.1616
1298880962 -8.60284 41.1616
1298880963 -8.60288 41.1616
1298880964 -8.60293 41.1616
1298880965 -8.603 41.1617
1298880966 -8.6031 41.1617
1298880967 -8.60319 41.1617
1298880968 -8.60328 41.1618
1298880969 -8.60339 41.1618
1298880970 -8.6035 41.1618
1298880971 -8.6036 41.1618
1298880972 -8.60369 41.1618
1298880973 -8.60378 41.1618
1298880974 -8.60385 41.1618
1298880975 -8.60392 41.1618
1298880976 -8.60398 41.1618
1298880978 -8.60413 41.1619
1298880979 -8.60422 41.1619
1298880980 -8.6043 41.1618
1298880981 -8.60436 41.1618
1298880982 -8.60441 41.1618
1298880983 -8.60445 41.1617
1298880984 -8.6045 41.1616
1298880985 -8.60454 41.1615
1298880986 -8.60459 41.1615
1298880987 -8.6046 41.1614
1298880989 -8.60466 41.1613
1298880990 -8.60467 41.1613
1298880995 -8.60469 41.1613
1298880996 -8.6047 41.1613
1298880999 -8.60472 41.1613
1298881118 -8.60473 41.1613
1298881200 -8.60472 41.1613
