:break:
1298880082 -8.58323 41.1648
1298880091 -8.58324 41.1648
1298880109 -8.58325 41.1648
1298880163 -8.58326 41.1648
1298880170 -8.58324 41.1647
1298880171 -8.58322 41.1647
1298880172 -8.58319 41.1646
1298880173 -8.58317 41.1646
1298880174 -8.58313 41.1645
1298880175 -8.58308 41.1645
1298880176 -8.58304 41.1644
1298880177 -8.58298 41.1643
1298880178 -8.58293 41.1643
1298880179 -8.58289 41.1642
1298880180 -8.58284 41.1641
1298880181 -8.5828 41.1641
1298880182 -8.58275 41.1641
1298880183 -8.58267 41.1641
1298880184 -8.58259 41.1642
1298880185 -8.58257 41.1642
1298880186 -8.58261 41.1643
1298880187 -8.58265 41.1643
1298880188 -8.58272 41.1643
1298880189 -8.58277 41.1644
1298880190 -8.58282 41.1644
1298880191 -8.58287 41.1644
1298880192 -8.5829 41.1645
1298880193 -8.58294 41.1645
1298880194 -8.58297 41.1646
1298880195 -8.58301 41.1647
1298880196 -8.58305 41.1647
1298880197 -8.58309 41.1648
1298880198 -8.58314 41.1649
1298880199 -8.58318 41.1649
1298880200 -8.58321 41.165
1298880201 -8.58322 41.165
1298880203 -8.58319 41.1651
1298880204 -8.58314 41.1651
1298880205 -8.58306 41.1651
1298880206 -8.58296 41.1651
1298880207 -8.58286 41.1652
1298880208 -8.58275 41.1652
1298880209 -8.58264 41.1653
1298880210 -8.58254 41.1653
1298880211 -8.58244 41.1654
1298880212 -8.58235 41.1654
1298880213 -8.58222 41.1654
1298880214 -8.58211 41.1653
1298880215 -8.582 41.1653
1298880216 -8.58191 41.1654
1298880217 -8.58184 41.1654
1298880218 -8.58182 41.1655
1298880220 -8.58186 41.1656
1298880221 -8.58192 41.1656
1298880222 -8.58201 41.1656
1298880223 -8.5821 41.1656
1298880224 -8.58218 41.1656
1298880225 -8.58225 41.1655
1298880226 -8.58231 41.1655
1298880227 -8.58237 41.1654
1298880228 -8.58247 41.1654
1298880229 -8.5826 41.1653
1298880230 -8.58272 41.1653
1298880232 -8.583 41.1652
1298880233 -8.58315 41.1651
1298880234 -8.58327 41.1651
1298880235 -8.58341 41.165
1298880236 -8.58355 41.165
1298880237 -8.5837 41.1649
1298880238 -8.58384 41.1648
1298880239 -8.58398 41.1648
1298880240 -8.58409 41.1648
1298880241 -8.5842 41.1647
1298880242 -8.5843 41.1647
1298880243 -8.58439 41.1647
1298880244 -8.58448 41.1647
1298880245 -8.58458 41.1647
1298880246 -8.58467 41.1647
1298880247 -8.58477 41.1648
1298880248 -8.58487 41.1648
1298880249 -8.58497 41.1648
1298880250 -8.58508 41.1649
1298880251 -8.5852 41.1649
1298880252 -8.58532 41.165
1298880253 -8.58544 41.165
1298880254 -8.58558 41.165
1298880255 -8.5857 41.1651
1298880256 -8.58584 41.1651
1298880257 -8.58598 41.1652
1298880258 -8.58612 41.1652
1298880259 -8.58626 41.1653
1298880260 -8.58641 41.1653
1298880261 -8.58656 41.1654
1298880262 -8.58671 41.1654
1298880263 -8.58686 41.1655
1298880264 -8.58702 41.1655
1298880265 -8.58717 41.1656
1298880266 -8.58731 41.1656
1298880267 -8.58746 41.1656
1298880268 -8.58758 41.1657
1298880269 -8.58771 41.1657
1298880270 -8.58782 41.1657
1298880271 -8.58791 41.1657
1298880272 -8.58799 41.1658
1298880273 -8.58806 41.1658
1298880274 -8.58812 41.1658
1298880275 -8.58818 41.1658
1298880276 -8.58822 41.1658
1298880277 -8.58826 41.1659
1298880278 -8.5883 41.1659
1298880279 -8.58832 41.1659
1298880280 -8.58834 41.1659
1298880281 -8.58836 41.1659
1298880282 -8.58838 41.1659
1298880283 -8.58839 41.1659
1298880285 -8.5884 41.1659
1298880286 -8.58841 41.1659
1298880287 -8.58842 41.1659
1298880288 -8.58843 41.1659
1298880294 -8.58844 41.1659
1298880298 -8.58845 41.1658
1298880302 -8.58846 41.1658
1298880306 -8.58847 41.1658
1298880311 -8.58848 41.1658
1298880315 -8.58849 41.1658
1298880316 -8.58852 41.1658
1298880317 -8.58856 41.1658
1298880318 -8.5886 41.1659
1298880319 -8.58863 41.1659
1298880320 -8.58863 41.166
1298880321 -8.58862 41.166
1298880322 -8.5886 41.1661
1298880323 -8.58857 41.1662
1298880324 -8.58853 41.1663
1298880325 -8.58849 41.1664
1298880326 -8.58845 41.1665
1298880327 -8.5884 41.1666
1298880328 -8.58835 41.1667
1298880329 -8.5883 41.1668
1298880330 -8.58825 41.1669
1298880331 -8.5882 41.167
1298880332 -8.58814 41.1671
1298880333 -8.58808 41.1672
1298880334 -8.58803 41.1674
1298880335 -8.58797 41.1675
1298880336 -8.58791 41.1676
1298880337 -8.58785 41.1677
1298880338 -8.5878 41.1679
1298880339 -8.58775 41.168
1298880340 -8.58769 41.1681
1298880341 -8.58765 41.1682
1298880342 -8.58759 41.1683
1298880343 -8.58754 41.1684
1298880344 -8.58749 41.1685
1298880345 -8.58742 41.1686
1298880346 -8.58736 41.1688
1298880347 -8.58728 41.1689
1298880348 -8.58721 41.1691
1298880349 -8.58713 41.1692
1298880350 -8.58704 41.1694
1298880351 -8.58696 41.1695
1298880352 -8.58689 41.1697
1298880353 -8.58682 41.1698
1298880354 -8.58676 41.17
1298880355 -8.58671 41.1701
1298880356 -8.58667 41.1702
1298880357 -8.58664 41.1702
1298880358 -8.58661 41.1703
1298880359 -8.5866 41.1703
1298880360 -8.58659 41.1703
1298880361 -8.58658 41.1703
1298880363 -8.58658 41.1704
1298880376 -8.58657 41.1704
1298880377 -8.58656 41.1704
1298880378 -8.58654 41.1704
1298880379 -8.58653 41.1705
1298880380 -8.58651 41.1705
1298880381 -8.5865 41.1705
1298880416 -8.5865 41.1706
1298880417 -8.58651 41.1706
1298880418 -8.58655 41.1706
1298880419 -8.5866 41.1706
1298880420 -8.58667 41.1706
1298880421 -8.58675 41.1706
1298880422 -8.58684 41.1707
1298880423 -8.58694 41.1707
1298880424 -8.58705 41.1707
1298880425 -8.58717 41.1708
1298880426 -8.58729 41.1708
1298880427 -8.5874 41.1708
1298880428 -8.58752 41.1709
1298880429 -8.58764 41.1709
1298880430 -8.58775 41.1709
1298880431 -8.58784 41.171
1298880432 -8.58792 41.171
1298880433 -8.588 41.171
1298880434 -8.58808 41.171
1298880435 -8.58816 41.1711
1298880436 -8.58823 41.1711
1298880437 -8.58828 41.1711
1298880438 -8.5883 41.1711
1298880439 -8.58832 41.1711
1298880440 -8.58833 41.1712
1298880442 -8.58834 41.1712
1298880445 -8.58831 41.1713
1298880446 -8.58828 41.1713
1298880447 -8.58823 41.1714
1298880448 -8.58819 41.1715
1298880449 -8.58814 41.1716
1298880450 -8.58809 41.1716
1298880451 -8.58803 41.1717
1298880452 -8.58798 41.1718
1298880453 -8.58793 41.1718
1298880454 -8.5879 41.1719
1298880455 -8.58785 41.172
1298880456 -8.58782 41.172
1298880457 -8.58778 41.1721
1298880458 -8.58775 41.1722
1298880459 -8.58772 41.1722
1298880460 -8.58766 41.1723
1298880461 -8.58762 41.1724
1298880462 -8.58756 41.1725
1298880463 -8.58749 41.1726
1298880464 -8.58742 41.1727
1298880465 -8.58736 41.1728
1298880466 -8.5873 41.1729
1298880467 -8.58724 41.173
1298880468 -8.58719 41.1731
1298880469 -8.58713 41.1732
1298880470 -8.58709 41.1733
1298880471 -8.58704 41.1734
1298880472 -8.58701 41.1735
1298880473 -8.58696 41.1736
1298880474 -8.58691 41.1737
1298880475 -8.58685 41.1738
1298880476 -8.5868 41.1739
1298880477 -8.58676 41.1739
1298880478 -8.58673 41.174
1298880479 -8.5867 41.1741
1298880480 -8.58669 41.1741
1298880481 -8.58668 41.1741
1298880482 -8.58667 41.1742
1298880485 -8.5867 41.1742
1298880486 -8.58674 41.1743
1298880487 -8.58679 41.1743
1298880488 -8.58686 41.1743
1298880489 -8.58695 41.1743
1298880490 -8.58706 41.1743
1298880491 -8.58718 41.1744
1298880492 -8.58731 41.1744
1298880493 -8.58745 41.1744
1298880494 -8.58759 41.1745
1298880495 -8.58775 41.1745
1298880496 -8.5879 41.1746
1298880497 -8.58804 41.1746
1298880498 -8.58817 41.1746
1298880499 -8.58829 41.1747
1298880500 -8.58838 41.1747
1298880501 -8.58846 41.1747
1298880502 -8.58851 41.1747
1298880503 -8.58855 41.1748
1298880504 -8.58856 41.1748
1298880506 -8.58852 41.1749
1298880507 -8.58849 41.1749
1298880508 -8.58847 41.175
1298880509 -8.58843 41.1751
1298880510 -8.5884 41.1751
1298880511 -8.58837 41.1752
1298880512 -8.58833 41.1753
1298880513 -8.5883 41.1754
1298880514 -8.58825 41.1754
1298880515 -8.58821 41.1755
1298880516 -8.58816 41.1756
1298880517 -8.58811 41.1757
1298880518 -8.58806 41.1759
1298880519 -8.58801 41.176
1298880520 -8.58795 41.1761
1298880521 -8.58791 41.1762
1298880522 -8.58786 41.1762
1298880523 -8.58783 41.1763
1298880524 -8.5878 41.1764
1298880525 -8.5878 41.1765
1298880526 -8.58782 41.1766
1298880527 -8.58784 41.1766
1298880528 -8.58785 41.1767
1298880529 -8.58786 41.1768
1298880530 -8.58788 41.1769
1298880531 -8.5879 41.177
1298880532 -8.58792 41.177
1298880533 -8.58793 41.1771
1298880534 -8.58795 41.1772
1298880535 -8.58797 41.1772
1298880536 -8.58799 41.1773
1298880537 -8.58801 41.1774
1298880538 -8.58802 41.1774
1298880539 -8.58802 41.1775
1298880540 -8.588 41.1775
1298880541 -8.58796 41.1776
1298880542 -8.58792 41.1777
1298880543 -8.58784 41.1777
1298880544 -8.58776 41.1778
1298880545 -8.58768 41.1778
1298880546 -8.58761 41.1779
1298880547 -8.58754 41.1779
1298880548 -8.58747 41.178
1298880549 -8.58742 41.178
1298880550 -8.58739 41.178
1298880551 -8.58737 41.1781
1298880553 -8.58736 41.1781
1298880563 -8.58735 41.1781
1298880584 -8.58736 41.178
1298880589 -8.58737 41.178
1298880596 -8.58738 41.178
1298880600 -8.58738 41.1781
1298880620 -8.58734 41.1781
1298880621 -8.58733 41.1781
1298880622 -8.58732 41.1781
1298880623 -8.58731 41.1781
1298880624 -8.5873 41.1781
1298880625 -8.58727 41.1781
1298880626 -8.58724 41.1782
1298880627 -8.58721 41.1782
1298880628 -8.58717 41.1782
1298880629 -8.58713 41.1783
1298880630 -8.58707 41.1783
1298880631 -8.58703 41.1783
1298880632 -8.58697 41.1784
1298880633 -8.58693 41.1784
1298880634 -8.58688 41.1783
1298880635 -8.58685 41.1783
1298880636 -8.58682 41.1783
1298880637 -8.5868 41.1783
1298880638 -8.58679 41.1782
1298880639 -8.58677 41.1782
1298880640 -8.58676 41.1782
1298880641 -8.58676 41.1781
1298880642 -8.58675 41.1781
1298880643 -8.58673 41.178
1298880644 -8.58672 41.178
1298880645 -8.5867 41.1779
1298880646 -8.58668 41.1779
1298880647 -8.58667 41.1778
1298880648 -8.58666 41.1778
1298880649 -8.58665 41.1777
1298880650 -8.58663 41.1777
1298880651 -8.58661 41.1776
1298880652 -8.58659 41.1776
1298880653 -8.58658 41.1775
1298880655 -8.58656 41.1774
1298880656 -8.58655 41.1774
1298880657 -8.58653 41.1773
1298880658 -8.58651 41.1773
1298880659 -8.5865 41.1772
1298880660 -8.58647 41.1772
1298880661 -8.58645 41.1771
1298880662 -8.58642 41.1771
1298880663 -8.58639 41.177
1298880664 -8.58635 41.177
1298880665 -8.58631 41.1769
1298880666 -8.58627 41.1769
1298880667 -8.58623 41.1768
1298880668 -8.5862 41.1768
1298880669 -8.58616 41.1767
1298880670 -8.58613 41.1767
1298880671 -8.5861 41.1767
1298880672 -8.58607 41.1766
1298880673 -8.58604 41.1766
1298880674 -8.58601 41.1765
1298880675 -8.58597 41.1765
1298880676 -8.58594 41.1765
1298880677 -8.5859 41.1764
1298880678 -8.58587 41.1764
1298880679 -8.58583 41.1764
1298880680 -8.58579 41.1763
1298880681 -8.58576 41.1763
1298880682 -8.58573 41.1763
1298880683 -8.5857 41.1763
1298880684 -8.58568 41.1763
1298880686 -8.58567 41.1762
1298880688 -8.58568 41.1762
1298880689 -8.5857 41.1761
1298880690 -8.58573 41.1761
1298880691 -8.58575 41.176
1298880692 -8.58577 41.176
1298880693 -8.58581 41.1759
1298880694 -8.58586 41.1759
1298880695 -8.5859 41.1758
1298880696 -8.58595 41.1757
1298880697 -8.58598 41.1757
1298880698 -8.58603 41.1756
1298880699 -8.58607 41.1755
1298880700 -8.58612 41.1754
1298880701 -8.58617 41.1754
1298880702 -8.58621 41.1753
1298880703 -8.58625 41.1752
1298880704 -8.5863 41.1752
1298880705 -8.58633 41.1751
1298880706 -8.58637 41.175
1298880707 -8.58639 41.175
1298880708 -8.58641 41.1749
1298880709 -8.58642 41.1749
1298880710 -8.58645 41.1748
1298880711 -8.58647 41.1748
1298880712 -8.5865 41.1747
1298880713 -8.58651 41.1747
1298880714 -8.58654 41.1746
1298880715 -8.58656 41.1746
1298880716 -8.58658 41.1745
1298880717 -8.58659 41.1745
1298880718 -8.58661 41.1744
1298880719 -8.58664 41.1744
1298880720 -8.58666 41.1743
1298880721 -8.58667 41.1743
1298880722 -8.58669 41.1742
1298880723 -8.58672 41.1741
1298880724 -8.58676 41.174
1298880725 -8.58681 41.1739
1298880726 -8.58686 41.1738
1298880727 -8.58692 41.1737
1298880728 -8.58696 41.1737
1298880729 -8.587 41.1736
1298880730 -8.58702 41.1735
1298880731 -8.58703 41.1735
1298880732 -8.58704 41.1735
1298880734 -8.58705 41.1735
1298880735 -8.58706 41.1734
1298880737 -8.58708 41.1734
1298880739 -8.58709 41.1734
1298880745 -8.5871 41.1734
1298880746 -8.58712 41.1734
1298880747 -8.58713 41.1734
1298880748 -8.58716 41.1733
1298880749 -8.58719 41.1733
1298880750 -8.58722 41.1732
1298880751 -8.58724 41.1732
1298880752 -8.58728 41.1731
1298880753 -8.5873 41.1731
1298880754 -8.58732 41.173
1298880755 -8.58734 41.173
1298880756 -8.58737 41.1729
1298880757 -8.58739 41.1729
1298880758 -8.58741 41.1728
1298880759 -8.58744 41.1728
1298880760 -8.58748 41.1727
1298880761 -8.58752 41.1726
1298880762 -8.58758 41.1726
1298880763 -8.58762 41.1725
1298880764 -8.58766 41.1724
1298880765 -8.58768 41.1724
1298880766 -8.58772 41.1723
1298880768 -8.58778 41.1722
1298880769 -8.58781 41.1721
1298880770 -8.58784 41.1721
1298880771 -8.58785 41.1721
1298880772 -8.58787 41.172
1298880773 -8.58788 41.172
1298880774 -8.58789 41.172
1298880775 -8.5879 41.172
1298880777 -8.58791 41.1719
1298880778 -8.58793 41.1719
1298880779 -8.58794 41.1718
1298880780 -8.58801 41.1717
1298880781 -8.58808 41.1717
1298880782 -8.58815 41.1716
1298880783 -8.58821 41.1715
1298880784 -8.58827 41.1714
1298880785 -8.58831 41.1714
1298880786 -8.58835 41.1713
1298880787 -8.58838 41.1713
1298880788 -8.5884 41.1712
1298880789 -8.58842 41.1712
1298880790 -8.58845 41.1711
1298880791 -8.58849 41.1711
1298880792 -8.58853 41.171
1298880793 -8.58857 41.1709
1298880794 -8.58862 41.1709
1298880795 -8.58867 41.1708
1298880796 -8.58872 41.1707
1298880797 -8.58878 41.1706
1298880798 -8.58883 41.1705
1298880799 -8.58887 41.1705
1298880800 -8.58892 41.1704
1298880801 -8.58898 41.1703
1298880802 -8.58903 41.1702
1298880803 -8.58909 41.1701
1298880804 -8.58914 41.1701
1298880805 -8.58919 41.17
1298880806 -8.58924 41.1699
1298880807 -8.5893 41.1699
1298880808 -8.58938 41.1698
1298880809 -8.58945 41.1697
1298880810 -8.58953 41.1697
1298880811 -8.58961 41.1696
1298880812 -8.5897 41.1695
1298880813 -8.58981 41.1694
1298880814 -8.58993 41.1694
1298880815 -8.59006 41.1693
1298880816 -8.59018 41.1692
1298880817 -8.5903 41.1691
1298880818 -8.5904 41.1691
1298880819 -8.59047 41.169
1298880820 -8.59054 41.169
1298880821 -8.59057 41.169
1298880822 -8.59061 41.169
1298880823 -8.59064 41.1689
1298880824 -8.59067 41.1689
1298880825 -8.59073 41.1689
1298880826 -8.59081 41.1688
1298880827 -8.5909 41.1688
1298880828 -8.591 41.1687
1298880829 -8.59112 41.1687
1298880830 -8.59124 41.1686
1298880831 -8.59136 41.1685
1298880832 -8.59149 41.1684
1298880833 -8.59163 41.1683
1298880834 -8.59178 41.1683
1298880835 -8.59191 41.1682
1298880836 -8.59205 41.1681
1298880837 -8.59219 41.168
1298880838 -8.59234 41.168
1298880839 -8.59249 41.1679
1298880840 -8.59264 41.1678
1298880841 -8.59279 41.1677
1298880842 -8.59293 41.1676
1298880843 -8.59306 41.1676
1298880844 -8.59317 41.1675
1298880845 -8.59328 41.1675
1298880846 -8.59339 41.1674
1298880847 -8.59349 41.1674
1298880848 -8.59358 41.1673
1298880849 -8.59366 41.1673
1298880850 -8.59373 41.1672
1298880851 -8.5938 41.1672
1298880852 -8.59388 41.1672
1298880853 -8.59393 41.1672
1298880854 -8.59398 41.1672
1298880855 -8.59402 41.1672
1298880856 -8.59406 41.1671
1298880857 -8.59407 41.1671
1298880858 -8.59409 41.1671
1298880859 -8.59412 41.1671
1298880860 -8.59414 41.1671
1298880861 -8.59416 41.1671
1298880862 -8.59417 41.1671
1298880863 -8.59416 41.167
1298880864 -8.59414 41.167
1298880865 -8.5941 41.167
1298880866 -8.59407 41.167
1298880867 -8.59404 41.1669
1298880868 -8.594 41.1669
1298880869 -8.59397 41.1669
1298880870 -8.59393 41.1668
1298880871 -8.5939 41.1668
1298880872 -8.59387 41.1668
1298880873 -8.59381 41.1667
1298880874 -8.59377 41.1667
1298880875 -8.59371 41.1667
1298880876 -8.59367 41.1667
1298880877 -8.59362 41.1666
1298880878 -8.59358 41.1666
1298880879 -8.59352 41.1666
1298880880 -8.59347 41.1665
1298880881 -8.59342 41.1665
1298880882 -8.59337 41.1665
1298880883 -8.59332 41.1664
1298880884 -8.59326 41.1664
1298880885 -8.5932 41.1664
1298880886 -8.59314 41.1663
1298880887 -8.59307 41.1663
1298880888 -8.59299 41.1662
1298880889 -8.59291 41.1662
1298880890 -8.59281 41.1661
1298880891 -8.59271 41.1661
1298880892 -8.59262 41.166
1298880893 -8.59256 41.166
1298880894 -8.59253 41.1659
1298880895 -8.59253 41.1658
1298880897 -8.59254 41.1657
1298880898 -8.59256 41.1656
1298880899 -8.59259 41.1655
1298880900 -8.59261 41.1654
1298880901 -8.59262 41.1653
1298880902 -8.59264 41.1653
1298880903 -8.59267 41.1652
1298880904 -8.59269 41.1651
1298880905 -8.5927 41.165
1298880906 -8.59271 41.1649
1298880907 -8.59272 41.1649
1298880908 -8.59273 41.1648
1298880909 -8.59275 41.1648
1298880910 -8.59276 41.1647
1298880916 -8.59272 41.1646
1298880917 -8.59266 41.1646
1298880918 -8.59258 41.1646
1298880919 -8.59247 41.1646
1298880920 -8.59234 41.1646
1298880921 -8.59222 41.1646
1298880922 -8.59211 41.1646
1298880923 -8.59202 41.1645
1298880924 -8.59196 41.1645
1298880925 -8.59192 41.1644
1298880926 -8.5919 41.1643
1298880927 -8.59187 41.1643
1298880928 -8.59184 41.1642
1298880929 -8.59181 41.1641
1298880930 -8.59178 41.164
1298880931 -8.59175 41.164
1298880932 -8.59172 41.1639
1298880933 -8.5917 41.1638
1298880934 -8.59167 41.1637
1298880935 -8.59164 41.1637
1298880936 -8.59162 41.1636
1298880937 -8.5916 41.1635
1298880938 -8.59157 41.1634
1298880939 -8.59154 41.1634
1298880940 -8.59152 41.1633
1298880941 -8.5915 41.1633
1298880942 -8.59151 41.1632
1298880943 -8.59154 41.1632
1298880944 -8.59158 41.1631
1298880945 -8.59163 41.1631
1298880946 -8.59167 41.163
1298880947 -8.59171 41.163
1298880948 -8.59173 41.163
1298880949 -8.59172 41.1629
1298880950 -8.59171 41.1629
1298880951 -8.59168 41.1629
1298880952 -8.59167 41.1629
1298880954 -8.59169 41.1629
1298880958 -8.59174 41.1629
1298880959 -8.59175 41.1629
1298880960 -8.59176 41.1629
1298880961 -8.59177 41.1629
1298880962 -8.59178 41.1629
1298880964 -8.59179 41.1629
1298880965 -8.5918 41.1629
1298880966 -8.59181 41.1629
1298880969 -8.59182 41.1629
1298880970 -8.59183 41.1629
1298880971 -8.59184 41.1629
1298881036 -8.59173 41.1629
1298881041 -8.5917 41.1629
1298881169 -8.59166 41.1629
1298881172 -8.59165 41.1629
1298881178 -8.59164 41.1629
1298881200 -8.59166 41.1629
