:break:
1298880291 -8.58599 41.1484
1298880306 -8.58598 41.1484
1298880336 -8.58597 41.1484
1298880344 -8.58596 41.1484
1298880366 -8.58595 41.1484
1298880372 -8.58594 41.1484
1298880377 -8.58593 41.1484
1298880390 -8.58593 41.1483
1298880392 -8.58592 41.1483
1298880393 -8.58591 41.1483
1298880395 -8.5859 41.1483
1298880410 -8.58589 41.1483
1298880416 -8.58588 41.1483
1298880422 -8.58587 41.1483
1298880544 -8.5859 41.1482
1298880546 -8.58591 41.1482
1298880581 -8.58592 41.1482
1298880816 -8.58594 41.1483
1298880858 -8.58595 41.1483
1298881200 -8.58592 41.1483
