:break:
1298880238 -8.67408 41.154
1298880263 -8.67409 41.154
1298880268 -8.6741 41.154
1298880271 -8.67411 41.154
1298880310 -8.67407 41.154
1298880324 -8.67406 41.154
1298880329 -8.67405 41.154
1298880340 -8.67404 41.154
1298880347 -8.67403 41.154
1298880358 -8.67404 41.1539
1298880365 -8.67405 41.1539
1298880369 -8.67406 41.1539
1298880372 -8.67407 41.1539
1298880382 -8.67408 41.1539
1298880386 -8.67409 41.1539
1298880423 -8.6741 41.1539
1298880425 -8.67411 41.1539
1298880427 -8.67412 41.1539
1298880428 -8.67413 41.1539
1298880429 -8.67414 41.1539
1298880431 -8.67415 41.1539
1298880432 -8.67416 41.1539
1298880434 -8.67417 41.1539
1298880436 -8.67418 41.1539
1298880439 -8.67419 41.1539
1298880442 -8.6742 41.1539
1298880552 -8.67412 41.154
1298880555 -8.67413 41.154
1298880560 -8.67414 41.154
1298880564 -8.67415 41.154
1298880587 -8.67408 41.1541
1298880590 -8.67409 41.1541
1298880599 -8.6741 41.1541
1298880700 -8.67407 41.1541
1298880710 -8.67406 41.1541
1298880715 -8.67405 41.1541
1298880777 -8.67404 41.1541
1298880781 -8.67403 41.1541
1298880786 -8.67402 41.1541
1298880793 -8.67401 41.1541
1298880801 -8.674 41.1541
1298880810 -8.67399 41.1541
1298880832 -8.67398 41.1541
1298881099 -8.674 41.1542
1298881101 -8.67401 41.1542
1298881163 -8.67399 41.1542
1298881200 -8.67399 41.1542
