:break:
1298880115 -8.58288 41.1808
1298880119 -8.58289 41.1808
1298880130 -8.58287 41.1808
1298880135 -8.58286 41.1808
1298880137 -8.58285 41.1808
1298880140 -8.58284 41.1808
1298880142 -8.58283 41.1808
1298880144 -8.58282 41.1808
1298880152 -8.58281 41.1808
1298880159 -8.5828 41.1808
1298880160 -8.58279 41.1808
1298880161 -8.58278 41.1808
1298880162 -8.58277 41.1808
1298880165 -8.58276 41.1808
1298880208 -8.58275 41.1808
1298880217 -8.58274 41.1808
1298880221 -8.58272 41.1808
1298880223 -8.5827 41.1808
1298880224 -8.58269 41.1807
1298880225 -8.58267 41.1807
1298880226 -8.58266 41.1807
1298880227 -8.58264 41.1807
1298880228 -8.58263 41.1807
1298880229 -8.58262 41.1807
1298880230 -8.58261 41.1807
1298880231 -8.5826 41.1807
1298880232 -8.58258 41.1807
1298880233 -8.58257 41.1807
1298880234 -8.58256 41.1806
1298880235 -8.58255 41.1806
1298880236 -8.58254 41.1806
1298880238 -8.58253 41.1806
1298880241 -8.58252 41.1806
1298880243 -8.58251 41.1806
1298880261 -8.58259 41.1807
1298880333 -8.58262 41.1806
1298880378 -8.58265 41.1807
1298880385 -8.58268 41.1807
1298880391 -8.5827 41.1807
1298880394 -8.58271 41.1807
1298880400 -8.58272 41.1807
1298880412 -8.58273 41.1808
1298880468 -8.58273 41.1807
1298880558 -8.58268 41.1808
1298880564 -8.58267 41.1808
1298880567 -8.58266 41.1808
1298880583 -8.58256 41.1807
1298880585 -8.58255 41.1807
1298880592 -8.5825 41.1806
1298880593 -8.58248 41.1806
1298880594 -8.58247 41.1806
1298880602 -8.58249 41.1806
1298880611 -8.5825 41.1807
1298880614 -8.58251 41.1807
1298880624 -8.58252 41.1807
1298880630 -8.58253 41.1807
1298880638 -8.58254 41.1807
1298880989 -8.58252 41.1808
1298880990 -8.58253 41.1808
1298881104 -8.58249 41.1807
:break:
1298881122 -8.58247 41.1806
:break:
1298881141 -8.58247 41.1806
1298881161 -8.58248 41.1806
1298881187 -8.58246 41.1805
1298881191 -8.58245 41.1805
1298881192 -8.58245 41.1804
1298881198 -8.58244 41.1804
1298881200 -8.58244 41.1804
