:break:
1298880071 -8.59981 41.1494
1298880134 -8.5998 41.1494
1298880199 -8.59982 41.1494
1298880309 -8.59983 41.1494
1298880322 -8.59984 41.1494
1298880329 -8.59985 41.1494
1298880881 -8.59979 41.1494
1298880882 -8.59978 41.1494
1298880884 -8.59977 41.1494
1298880885 -8.59976 41.1494
1298880886 -8.59973 41.1494
1298880887 -8.59971 41.1494
1298880888 -8.59965 41.1494
1298880889 -8.5996 41.1494
1298880890 -8.59955 41.1494
1298880891 -8.59953 41.1493
1298880892 -8.59951 41.1493
1298880893 -8.59949 41.1493
1298880894 -8.59947 41.1493
1298880895 -8.59946 41.1493
1298880973 -8.59945 41.1493
1298881200 -8.59946 41.1493
