:break:
1298880095 -8.6281 41.1575
1298880096 -8.62811 41.1575
1298880100 -8.62812 41.1575
1298880101 -8.62813 41.1575
1298880104 -8.62813 41.1576
1298880106 -8.62812 41.1576
1298880107 -8.62811 41.1576
1298880111 -8.62809 41.1577
1298880112 -8.62808 41.1577
1298880114 -8.62807 41.1577
1298880115 -8.62806 41.1577
1298880127 -8.6281 41.1576
1298880133 -8.62814 41.1576
1298880134 -8.62815 41.1576
1298880135 -8.62816 41.1576
1298880136 -8.62817 41.1576
1298880139 -8.62818 41.1576
1298880140 -8.6282 41.1576
1298880141 -8.62821 41.1576
1298880142 -8.62822 41.1575
1298880143 -8.62823 41.1575
1298880145 -8.62824 41.1575
1298880146 -8.62825 41.1575
1298880149 -8.62826 41.1575
1298880150 -8.62827 41.1575
1298880152 -8.62828 41.1575
1298880156 -8.62829 41.1575
1298880176 -8.62821 41.1575
1298880179 -8.6282 41.1575
1298880182 -8.62819 41.1575
1298880200 -8.62824 41.1576
1298880206 -8.62823 41.1576
1298880236 -8.62818 41.1575
1298880256 -8.62814 41.1577
1298880257 -8.62816 41.1577
1298880258 -8.62817 41.1577
1298880259 -8.62818 41.1577
1298880260 -8.62819 41.1577
1298880261 -8.62821 41.1577
1298880262 -8.62822 41.1577
1298880263 -8.62823 41.1578
1298880264 -8.62824 41.1578
1298880267 -8.62825 41.1578
1298880270 -8.62826 41.1578
1298880271 -8.62827 41.1578
1298880272 -8.62828 41.1578
1298880273 -8.62829 41.1578
1298880274 -8.6283 41.1578
1298880276 -8.62831 41.1578
1298880277 -8.62831 41.1577
1298880280 -8.62832 41.1577
1298880286 -8.62832 41.1576
1298880290 -8.62831 41.1576
1298880292 -8.6283 41.1576
1298880295 -8.62829 41.1576
1298880298 -8.62828 41.1576
1298880302 -8.62827 41.1576
1298880304 -8.62826 41.1576
1298880307 -8.62825 41.1576
1298880326 -8.62833 41.1576
1298880327 -8.62834 41.1575
1298880328 -8.62836 41.1575
1298880329 -8.62837 41.1575
1298880338 -8.62835 41.1575
1298880339 -8.62835 41.1576
1298880340 -8.62834 41.1576
1298880400 -8.62836 41.1576
1298880402 -8.62839 41.1575
1298880403 -8.6284 41.1575
1298880404 -8.62841 41.1575
1298880405 -8.62842 41.1575
1298880407 -8.62843 41.1575
1298880423 -8.62844 41.1575
1298880424 -8.62849 41.1575
1298880425 -8.62855 41.1575
1298880426 -8.62857 41.1574
1298880427 -8.62859 41.1574
1298880428 -8.6286 41.1574
1298880429 -8.62861 41.1574
1298880431 -8.62863 41.1574
1298880432 -8.62864 41.1574
1298880434 -8.62865 41.1574
1298880435 -8.62866 41.1574
1298880436 -8.62867 41.1574
1298880437 -8.62868 41.1574
1298880438 -8.62869 41.1574
1298880440 -8.6287 41.1574
1298880441 -8.62871 41.1574
1298880443 -8.62871 41.1573
1298880446 -8.62872 41.1573
1298880479 -8.62873 41.1573
1298880481 -8.62874 41.1573
1298880486 -8.62875 41.1573
1298880491 -8.62874 41.1574
1298880497 -8.62875 41.1574
1298880499 -8.62876 41.1574
1298880508 -8.62873 41.1574
1298880510 -8.62872 41.1574
1298880559 -8.62867 41.1575
1298880567 -8.62866 41.1575
1298880574 -8.62865 41.1575
1298880581 -8.62862 41.1574
1298880593 -8.62862 41.1573
1298880595 -8.62863 41.1573
1298880597 -8.62864 41.1573
1298880601 -8.62865 41.1573
1298880632 -8.62861 41.1573
1298880680 -8.62858 41.1574
1298880682 -8.62856 41.1574
1298880684 -8.62855 41.1574
1298880686 -8.62854 41.1575
1298880688 -8.62853 41.1575
1298880690 -8.62852 41.1575
1298880700 -8.62851 41.1575
1298880702 -8.6285 41.1575
1298880706 -8.62848 41.1575
1298880707 -8.62847 41.1575
1298880709 -8.62846 41.1575
1298880710 -8.62845 41.1575
1298880723 -8.62838 41.1575
1298880728 -8.62835 41.1574
1298880729 -8.62834 41.1574
1298880732 -8.62833 41.1574
1298880734 -8.62832 41.1574
1298880753 -8.62836 41.1574
1298880755 -8.62837 41.1574
1298880768 -8.6284 41.1574
1298880769 -8.62839 41.1574
1298880773 -8.62838 41.1574
1298880843 -8.62837 41.1576
1298880924 -8.62833 41.1575
1298881014 -8.62853 41.1576
1298881016 -8.62852 41.1576
1298881020 -8.62851 41.1576
1298881021 -8.6285 41.1576
1298881022 -8.62849 41.1576
1298881023 -8.62848 41.1576
1298881024 -8.62847 41.1576
1298881025 -8.62846 41.1576
1298881026 -8.62845 41.1576
1298881027 -8.62844 41.1576
1298881030 -8.62843 41.1576
1298881032 -8.62842 41.1576
1298881033 -8.62841 41.1576
1298881034 -8.6284 41.1576
1298881037 -8.62839 41.1576
1298881078 -8.62848 41.1574
1298881079 -8.62849 41.1574
1298881085 -8.62847 41.1574
1298881087 -8.62846 41.1574
1298881111 -8.62845 41.1574
1298881112 -8.62844 41.1574
1298881121 -8.62808 41.1576
1298881123 -8.62804 41.1577
1298881124 -8.62802 41.1577
1298881125 -8.62801 41.1577
1298881127 -8.628 41.1577
1298881137 -8.62799 41.1577
1298881148 -8.62799 41.1578
1298881152 -8.628 41.1578
1298881157 -8.62801 41.1578
1298881162 -8.62802 41.1578
1298881165 -8.62803 41.1578
1298881166 -8.62805 41.1578
1298881167 -8.62806 41.1578
1298881168 -8.62808 41.1578
1298881169 -8.6281 41.1578
1298881170 -8.62813 41.1578
1298881171 -8.62816 41.1578
1298881172 -8.62821 41.1578
1298881173 -8.62824 41.1579
1298881174 -8.62827 41.1579
1298881175 -8.62831 41.158
1298881176 -8.62832 41.1581
1298881177 -8.62835 41.1581
1298881178 -8.6284 41.1582
1298881179 -8.62847 41.1583
1298881180 -8.62852 41.1584
1298881181 -8.62858 41.1585
1298881182 -8.62866 41.1586
1298881183 -8.62873 41.1586
1298881184 -8.62881 41.1587
1298881185 -8.62889 41.1587
1298881186 -8.62899 41.1588
1298881187 -8.62906 41.1588
1298881188 -8.62912 41.1588
1298881189 -8.62917 41.1588
1298881190 -8.62922 41.1588
1298881191 -8.6292 41.1588
1298881192 -8.62921 41.1588
1298881194 -8.62923 41.1589
1298881196 -8.62924 41.1589
1298881197 -8.62925 41.1589
1298881199 -8.62926 41.1589
1298881200 -8.62926 41.1589
