:break:
1298880042 -8.61326 41.1544
1298880048 -8.61325 41.1544
1298880086 -8.61324 41.1544
1298880131 -8.61327 41.1544
1298880156 -8.61328 41.1544
1298880244 -8.61329 41.1544
1298880307 -8.61323 41.1544
1298880311 -8.61322 41.1544
1298880333 -8.61321 41.1544
1298880348 -8.6132 41.1544
1298880368 -8.61319 41.1544
1298881031 -8.61329 41.1545
1298881035 -8.6133 41.1545
1298881053 -8.61328 41.1545
1298881061 -8.61327 41.1545
1298881122 -8.6133 41.1544
1298881141 -8.61331 41.1544
1298881149 -8.61332 41.1544
1298881200 -8.61326 41.1544
