:break:
1298880107 -8.63289 41.1632
1298880127 -8.63288 41.1632
1298880144 -8.63287 41.1632
1298880162 -8.63286 41.1632
1298880166 -8.63285 41.1632
1298880170 -8.63284 41.1632
1298880175 -8.63283 41.1632
1298880177 -8.63282 41.1632
1298880324 -8.63281 41.1632
1298880425 -8.63285 41.1631
1298880426 -8.63289 41.1631
1298880427 -8.63293 41.1631
1298880428 -8.63298 41.1631
1298880429 -8.63302 41.163
1298880430 -8.63305 41.163
1298880431 -8.63308 41.163
1298880432 -8.63311 41.163
1298880433 -8.63312 41.163
1298880434 -8.63314 41.163
1298880435 -8.63315 41.1629
1298880436 -8.63316 41.1629
1298880439 -8.63317 41.1629
1298880445 -8.63318 41.1629
1298880449 -8.63319 41.1629
1298880452 -8.6332 41.1629
1298880454 -8.63321 41.1629
1298880455 -8.6332 41.1628
1298880456 -8.63319 41.1628
1298880458 -8.63321 41.1628
1298880459 -8.63324 41.1627
1298880460 -8.63329 41.1627
1298880461 -8.63334 41.1627
1298880462 -8.63339 41.1627
1298880463 -8.63346 41.1627
1298880464 -8.63353 41.1626
1298880465 -8.63361 41.1626
1298880466 -8.63367 41.1625
1298880467 -8.63374 41.1625
1298880468 -8.63382 41.1625
1298880469 -8.63387 41.1625
1298880470 -8.63394 41.1624
1298880471 -8.63401 41.1624
1298880472 -8.6341 41.1624
1298880473 -8.63419 41.1623
1298880474 -8.63426 41.1623
1298880475 -8.63433 41.1623
1298880476 -8.63438 41.1622
1298880477 -8.63445 41.1623
1298880478 -8.63448 41.1623
1298880479 -8.63452 41.1623
1298880480 -8.63456 41.1623
1298880481 -8.63461 41.1624
1298880482 -8.63466 41.1625
1298880483 -8.63472 41.1625
1298880484 -8.63477 41.1626
1298880485 -8.63483 41.1627
1298880486 -8.63489 41.1627
1298880487 -8.63493 41.1628
1298880488 -8.63497 41.1628
1298880489 -8.635 41.1629
1298880490 -8.63503 41.1629
1298880491 -8.63504 41.1629
1298880492 -8.63506 41.1629
1298880493 -8.63507 41.1629
1298880494 -8.63509 41.1629
1298880495 -8.6351 41.1629
1298880496 -8.63512 41.1629
1298880497 -8.63517 41.1629
1298880498 -8.63522 41.1629
1298880499 -8.63528 41.1629
1298880500 -8.63535 41.1628
1298880501 -8.63542 41.1628
1298880502 -8.6355 41.1628
1298880503 -8.63559 41.1627
1298880504 -8.63567 41.1627
1298880505 -8.63576 41.1626
1298880506 -8.63585 41.1626
1298880507 -8.63594 41.1626
1298880508 -8.63603 41.1625
1298880509 -8.63612 41.1625
1298880510 -8.6362 41.1624
1298880511 -8.63627 41.1624
1298880512 -8.63636 41.1624
1298880513 -8.63645 41.1623
1298880514 -8.63654 41.1623
1298880515 -8.63663 41.1623
1298880516 -8.6367 41.1622
1298880517 -8.63673 41.1622
1298880518 -8.63676 41.1622
1298880519 -8.63678 41.1622
1298880523 -8.63677 41.1622
1298880531 -8.6368 41.1622
1298880532 -8.63684 41.1622
1298880533 -8.63689 41.1622
1298880534 -8.63694 41.1622
1298880535 -8.637 41.1621
1298880536 -8.63707 41.1621
1298880537 -8.63712 41.1621
1298880538 -8.63719 41.1621
1298880539 -8.63725 41.162
1298880540 -8.63732 41.162
1298880541 -8.63738 41.162
1298880542 -8.63744 41.162
1298880543 -8.63751 41.1619
1298880544 -8.63758 41.1619
1298880545 -8.63763 41.1619
1298880546 -8.63767 41.1619
1298880547 -8.63769 41.1618
1298880548 -8.63767 41.1618
1298880549 -8.63763 41.1617
1298880550 -8.63758 41.1617
1298880551 -8.63753 41.1616
1298880552 -8.63748 41.1616
1298880553 -8.63743 41.1615
1298880554 -8.6374 41.1615
1298880555 -8.63739 41.1615
1298880556 -8.63738 41.1615
1298880558 -8.63738 41.1614
1298880559 -8.6374 41.1614
1298880560 -8.63742 41.1614
1298880561 -8.63745 41.1613
1298880562 -8.63747 41.1612
1298880563 -8.6375 41.1612
1298880564 -8.63753 41.1611
1298880565 -8.63757 41.161
1298880566 -8.6376 41.161
1298880567 -8.63763 41.1609
1298880568 -8.63767 41.1608
1298880569 -8.6377 41.1607
1298880570 -8.63773 41.1607
1298880571 -8.63776 41.1606
1298880572 -8.6378 41.1605
1298880573 -8.63782 41.1604
1298880574 -8.63786 41.1603
1298880575 -8.63789 41.1603
1298880576 -8.63792 41.1602
1298880577 -8.63795 41.1601
1298880578 -8.63798 41.16
1298880579 -8.63801 41.16
1298880580 -8.63804 41.1599
1298880581 -8.63807 41.1599
1298880582 -8.63808 41.1598
1298880583 -8.63809 41.1598
1298880587 -8.6381 41.1598
1298880591 -8.63811 41.1598
1298880592 -8.63812 41.1598
1298880593 -8.63813 41.1598
1298880595 -8.63814 41.1598
1298880596 -8.63815 41.1598
1298880597 -8.63816 41.1598
1298880598 -8.63818 41.1598
1298880599 -8.63819 41.1598
1298880600 -8.63821 41.1598
1298880601 -8.63822 41.1598
1298880602 -8.63823 41.1598
1298880603 -8.63824 41.1598
1298880606 -8.63825 41.1598
1298880608 -8.63826 41.1598
1298880613 -8.63827 41.1598
1298880616 -8.63828 41.1597
1298880625 -8.63828 41.1596
1298880626 -8.63827 41.1596
1298880627 -8.63825 41.1595
1298880628 -8.63826 41.1595
1298880629 -8.63833 41.1595
1298880630 -8.63839 41.1595
1298880631 -8.63847 41.1595
1298880632 -8.63855 41.1595
1298880633 -8.63865 41.1595
1298880634 -8.63873 41.1596
1298880635 -8.63881 41.1596
1298880636 -8.63888 41.1596
1298880637 -8.63894 41.1596
1298880638 -8.63898 41.1596
1298880639 -8.63902 41.1596
1298880640 -8.63906 41.1596
1298880641 -8.63908 41.1597
1298880642 -8.63911 41.1597
1298880643 -8.63913 41.1597
1298880644 -8.63915 41.1597
1298880645 -8.63916 41.1597
1298880651 -8.63914 41.1597
1298880654 -8.63912 41.1597
1298880686 -8.63917 41.1597
1298880687 -8.63919 41.1597
1298880688 -8.6392 41.1597
1298880689 -8.63921 41.1597
1298880704 -8.63922 41.1597
1298880732 -8.63923 41.1597
1298880854 -8.63924 41.1597
1298880909 -8.63925 41.1597
1298880913 -8.63926 41.1596
1298880939 -8.63927 41.1596
1298880975 -8.63928 41.1596
1298880979 -8.63929 41.1596
1298881008 -8.63928 41.1597
1298881014 -8.63927 41.1597
1298881020 -8.63926 41.1597
1298881053 -8.63918 41.1597
1298881200 -8.63922 41.1597
