:break:
1298880106 -8.62781 41.1755
1298880107 -8.62782 41.1755
1298880141 -8.62781 41.1756
1298880149 -8.6278 41.1756
1298880160 -8.62779 41.1756
1298880197 -8.6278 41.1755
1298880310 -8.62779 41.1755
1298880320 -8.62778 41.1755
1298880321 -8.62778 41.1754
1298880323 -8.62777 41.1754
1298880325 -8.62776 41.1754
1298880326 -8.62774 41.1754
1298880327 -8.62771 41.1754
1298880328 -8.62767 41.1754
1298880329 -8.62764 41.1754
1298880330 -8.62763 41.1754
1298880333 -8.62765 41.1754
1298880334 -8.62766 41.1754
1298880336 -8.62768 41.1754
1298880339 -8.62769 41.1754
1298880341 -8.62772 41.1755
1298880342 -8.62773 41.1755
1298880343 -8.62775 41.1755
1298880344 -8.62776 41.1756
1298880345 -8.62778 41.1757
1298880346 -8.6278 41.1757
1298880347 -8.62782 41.1758
1298880348 -8.62783 41.1758
1298880349 -8.62785 41.1759
1298880350 -8.62787 41.1759
1298880351 -8.6279 41.176
1298880352 -8.62793 41.176
1298880353 -8.62797 41.1761
1298880354 -8.62801 41.1762
1298880355 -8.62806 41.1763
1298880356 -8.62811 41.1763
1298880357 -8.62817 41.1764
1298880358 -8.62822 41.1765
1298880359 -8.62826 41.1766
1298880360 -8.62832 41.1767
1298880361 -8.62835 41.1767
1298880362 -8.62837 41.1768
1298880363 -8.62839 41.1768
1298880364 -8.62841 41.1768
1298880365 -8.62843 41.1768
1298880366 -8.62847 41.1768
1298880367 -8.62852 41.1768
1298880368 -8.62858 41.1768
1298880369 -8.62864 41.1768
1298880370 -8.62872 41.1768
1298880371 -8.62881 41.1768
1298880372 -8.6289 41.1768
1298880373 -8.62901 41.1768
1298880374 -8.62912 41.1768
1298880375 -8.62924 41.1768
1298880376 -8.62934 41.1768
1298880377 -8.62945 41.1768
1298880378 -8.62956 41.1768
1298880379 -8.62967 41.1768
1298880380 -8.62977 41.1768
1298880381 -8.62988 41.1768
1298880382 -8.63 41.1767
1298880383 -8.63012 41.1767
1298880384 -8.63021 41.1768
1298880385 -8.63029 41.1768
1298880386 -8.63037 41.1768
1298880387 -8.63044 41.1768
1298880388 -8.6305 41.1768
1298880389 -8.63056 41.1768
1298880390 -8.63059 41.1768
1298880391 -8.63064 41.1768
1298880392 -8.63068 41.1768
1298880393 -8.6307 41.1768
1298880394 -8.63073 41.1768
1298880395 -8.63077 41.1768
1298880396 -8.6308 41.1768
1298880397 -8.63084 41.1768
1298880398 -8.63087 41.1768
1298880399 -8.63088 41.1768
1298880400 -8.63089 41.1768
1298880402 -8.6309 41.1768
1298880403 -8.63091 41.1768
1298880423 -8.6309 41.1767
1298880425 -8.63086 41.1768
1298880426 -8.63085 41.1768
1298880433 -8.63083 41.1768
1298880482 -8.63087 41.1767
1298880499 -8.63088 41.1767
1298880534 -8.63083 41.1769
1298880535 -8.63082 41.1769
1298880539 -8.63081 41.1769
1298880546 -8.6308 41.1769
1298880552 -8.63079 41.1769
1298880562 -8.63078 41.1769
1298880571 -8.63077 41.1769
1298880623 -8.63076 41.177
1298880625 -8.63075 41.177
1298880627 -8.63074 41.177
1298880633 -8.63073 41.177
1298880640 -8.63072 41.177
1298880675 -8.63075 41.1769
1298880676 -8.63076 41.1769
1298880897 -8.63086 41.1769
1298880898 -8.63088 41.1769
1298880899 -8.63091 41.1769
1298880900 -8.63092 41.1769
1298880902 -8.6309 41.177
1298880903 -8.63087 41.177
1298880904 -8.63083 41.177
1298880905 -8.63078 41.177
1298880907 -8.63068 41.1771
1298880908 -8.6306 41.1771
1298880909 -8.63054 41.1772
1298880910 -8.63046 41.1772
1298880911 -8.63039 41.1773
1298880912 -8.63031 41.1773
1298880913 -8.63024 41.1774
1298880914 -8.63016 41.1774
1298880915 -8.63009 41.1775
1298880916 -8.63002 41.1775
1298880917 -8.62996 41.1775
1298880918 -8.62988 41.1776
1298880919 -8.62982 41.1776
1298880920 -8.62976 41.1777
1298880921 -8.62969 41.1777
1298880922 -8.62962 41.1778
1298880923 -8.62955 41.1778
1298880924 -8.62948 41.1778
1298880925 -8.62942 41.1779
1298880926 -8.62935 41.1779
1298880927 -8.6293 41.178
1298880928 -8.62925 41.178
1298880929 -8.6292 41.178
1298880930 -8.62916 41.178
1298880931 -8.62914 41.1781
1298880932 -8.62912 41.1781
1298880933 -8.6291 41.1781
1298880935 -8.62909 41.1781
1298880936 -8.62907 41.1781
1298880937 -8.62905 41.1781
1298880938 -8.62904 41.1781
1298880939 -8.62901 41.1781
1298880940 -8.62898 41.178
1298880941 -8.62896 41.178
1298880942 -8.62894 41.178
1298880943 -8.62892 41.1779
1298880944 -8.62889 41.1779
1298880945 -8.62886 41.1778
1298880946 -8.62881 41.1778
1298880947 -8.62877 41.1777
1298880948 -8.62873 41.1776
1298880949 -8.62869 41.1775
1298880950 -8.62863 41.1774
1298880951 -8.62858 41.1773
1298880952 -8.62852 41.1773
1298880953 -8.62847 41.1772
1298880954 -8.62843 41.1771
1298880955 -8.62839 41.1769
1298880956 -8.62834 41.1768
1298880957 -8.62828 41.1767
1298880958 -8.62822 41.1766
1298880959 -8.62815 41.1765
1298880960 -8.62808 41.1764
1298880961 -8.62801 41.1763
1298880962 -8.62795 41.1762
1298880963 -8.6279 41.1761
1298880964 -8.62785 41.1761
1298880965 -8.62781 41.176
1298880966 -8.6278 41.176
1298880967 -8.62779 41.1759
1298880968 -8.62781 41.1759
1298880970 -8.62791 41.1759
1298880971 -8.62799 41.1759
1298880972 -8.62808 41.1759
1298880973 -8.62817 41.1759
1298880974 -8.62826 41.1759
1298880975 -8.62836 41.1759
1298880976 -8.62848 41.1759
1298880977 -8.62861 41.1759
1298880978 -8.62873 41.1759
1298880979 -8.62887 41.1759
1298880980 -8.62901 41.1758
1298880981 -8.62914 41.1758
1298880982 -8.62927 41.1758
1298880983 -8.6294 41.1758
1298880984 -8.62952 41.1758
1298880985 -8.62965 41.1758
1298880986 -8.62978 41.1758
1298880987 -8.62991 41.1757
1298880988 -8.63004 41.1757
1298880989 -8.63017 41.1757
1298880990 -8.63029 41.1757
1298880991 -8.63041 41.1757
1298880992 -8.63053 41.1757
1298880993 -8.63066 41.1757
1298880994 -8.63078 41.1756
1298880995 -8.63092 41.1756
1298880996 -8.63105 41.1756
1298880997 -8.6312 41.1756
1298880998 -8.63133 41.1755
1298880999 -8.63148 41.1755
1298881000 -8.63162 41.1755
1298881001 -8.63176 41.1755
1298881002 -8.63191 41.1755
1298881003 -8.63204 41.1754
1298881004 -8.63218 41.1754
1298881005 -8.63232 41.1754
1298881006 -8.63247 41.1754
1298881007 -8.63261 41.1754
1298881008 -8.63275 41.1755
1298881009 -8.63289 41.1755
1298881010 -8.63302 41.1755
1298881011 -8.63315 41.1755
1298881012 -8.63328 41.1755
1298881013 -8.6334 41.1755
1298881014 -8.63352 41.1755
1298881015 -8.63365 41.1755
1298881016 -8.63377 41.1755
1298881017 -8.6339 41.1755
1298881018 -8.63402 41.1755
1298881019 -8.63414 41.1756
1298881020 -8.63425 41.1756
1298881021 -8.63432 41.1756
1298881022 -8.63437 41.1756
1298881023 -8.6344 41.1756
1298881024 -8.63444 41.1756
1298881025 -8.6345 41.1756
1298881026 -8.63458 41.1756
1298881027 -8.63467 41.1756
1298881028 -8.63476 41.1756
1298881029 -8.63486 41.1756
1298881030 -8.63496 41.1756
1298881031 -8.63507 41.1756
1298881032 -8.63519 41.1756
1298881033 -8.63532 41.1756
1298881034 -8.63545 41.1757
1298881035 -8.63557 41.1757
1298881036 -8.6357 41.1757
1298881037 -8.63582 41.1757
1298881038 -8.63596 41.1757
1298881039 -8.63608 41.1758
1298881040 -8.63621 41.1758
1298881041 -8.63635 41.1758
1298881042 -8.63647 41.1759
1298881043 -8.6366 41.1759
1298881044 -8.63671 41.1759
1298881045 -8.63682 41.1759
1298881046 -8.63694 41.1759
1298881047 -8.63706 41.1759
1298881048 -8.63716 41.1758
1298881049 -8.63727 41.1758
1298881050 -8.63738 41.1757
1298881051 -8.6375 41.1757
1298881052 -8.63762 41.1757
1298881053 -8.63775 41.1756
1298881054 -8.63789 41.1755
1298881055 -8.63803 41.1755
1298881056 -8.63816 41.1754
1298881057 -8.63831 41.1754
1298881058 -8.63845 41.1753
1298881059 -8.6386 41.1752
1298881060 -8.63874 41.1752
1298881061 -8.63888 41.1751
1298881062 -8.63903 41.175
1298881063 -8.63917 41.175
1298881064 -8.63931 41.1749
1298881065 -8.63945 41.1748
1298881066 -8.63959 41.1747
1298881067 -8.63974 41.1746
1298881068 -8.63988 41.1745
1298881069 -8.64003 41.1745
1298881070 -8.64016 41.1744
1298881071 -8.64029 41.1743
1298881072 -8.6404 41.1742
1298881073 -8.6405 41.1742
1298881074 -8.64058 41.1741
1298881075 -8.64063 41.1741
1298881076 -8.64066 41.1741
1298881078 -8.64067 41.1741
1298881081 -8.64068 41.1741
1298881082 -8.64068 41.174
1298881084 -8.64067 41.1739
1298881085 -8.64066 41.1739
1298881086 -8.64062 41.1738
1298881087 -8.64058 41.1738
1298881088 -8.64055 41.1737
1298881089 -8.64051 41.1737
1298881090 -8.64047 41.1736
1298881091 -8.64041 41.1735
1298881092 -8.64035 41.1734
1298881093 -8.64029 41.1734
1298881094 -8.64023 41.1733
1298881095 -8.64016 41.1732
1298881096 -8.6401 41.1731
1298881097 -8.64005 41.1731
1298881098 -8.63998 41.173
1298881099 -8.63992 41.1729
1298881100 -8.63985 41.1729
1298881101 -8.63978 41.1728
1298881102 -8.63971 41.1727
1298881103 -8.63964 41.1726
1298881104 -8.63958 41.1725
1298881105 -8.63952 41.1724
1298881106 -8.63947 41.1723
1298881107 -8.63941 41.1722
1298881108 -8.63934 41.1721
1298881109 -8.63929 41.1719
1298881110 -8.63923 41.1718
1298881111 -8.63918 41.1717
1298881112 -8.63911 41.1716
1298881113 -8.63903 41.1715
1298881114 -8.63895 41.1714
1298881115 -8.63886 41.1713
1298881116 -8.63878 41.1712
1298881117 -8.63868 41.1711
1298881118 -8.63858 41.171
1298881119 -8.63849 41.1709
1298881120 -8.63839 41.1708
1298881121 -8.6383 41.1707
1298881122 -8.63822 41.1706
1298881123 -8.63814 41.1705
1298881124 -8.63806 41.1704
1298881125 -8.63798 41.1703
1298881126 -8.63789 41.1703
1298881127 -8.63783 41.1702
1298881128 -8.63779 41.1701
1298881129 -8.63776 41.1701
1298881130 -8.63773 41.1701
1298881131 -8.63772 41.1701
1298881132 -8.63771 41.1701
1298881133 -8.63769 41.17
1298881134 -8.63767 41.17
1298881135 -8.63763 41.17
1298881136 -8.6376 41.1699
1298881137 -8.63756 41.1699
1298881138 -8.63752 41.1698
1298881139 -8.63747 41.1698
1298881140 -8.63742 41.1697
1298881141 -8.63736 41.1697
1298881142 -8.6373 41.1696
1298881143 -8.63724 41.1696
1298881144 -8.63717 41.1695
1298881145 -8.63711 41.1694
1298881146 -8.63705 41.1694
1298881147 -8.63698 41.1693
1298881148 -8.63691 41.1693
1298881149 -8.63686 41.1692
1298881150 -8.63679 41.1692
1298881151 -8.63672 41.1691
1298881152 -8.63664 41.1691
1298881153 -8.63657 41.1691
1298881154 -8.6365 41.169
1298881155 -8.63644 41.169
1298881156 -8.6364 41.169
1298881157 -8.63638 41.1689
1298881161 -8.63639 41.1689
1298881163 -8.6364 41.1689
1298881166 -8.63641 41.1689
1298881172 -8.63642 41.1689
1298881182 -8.63643 41.1689
1298881190 -8.63642 41.169
1298881196 -8.63641 41.169
1298881200 -8.63636 41.1689
