:break:
1298880110 -8.62747 41.1518
1298880112 -8.62747 41.1519
1298880127 -8.62748 41.1519
1298880146 -8.62746 41.1519
1298880157 -8.62745 41.1519
1298880161 -8.62744 41.1519
1298880245 -8.62749 41.1519
1298880264 -8.6275 41.1519
1298880273 -8.6275 41.1518
1298880276 -8.62749 41.1518
1298880280 -8.62748 41.1518
1298880307 -8.62744 41.1518
1298880315 -8.62745 41.1518
1298880323 -8.62746 41.1518
1298880403 -8.62743 41.1519
1298880411 -8.62742 41.1519
1298880418 -8.62741 41.1519
1298880460 -8.6274 41.1519
1298880486 -8.62739 41.1519
1298880493 -8.62738 41.1519
1298880497 -8.62737 41.1519
1298880501 -8.62736 41.1519
1298880505 -8.62735 41.1519
1298880514 -8.62734 41.1519
1298880519 -8.62733 41.1519
1298880640 -8.62743 41.1518
1298880641 -8.62741 41.1518
1298880663 -8.62732 41.1519
1298880677 -8.62731 41.1519
1298880688 -8.6273 41.1519
1298880708 -8.62729 41.1519
1298880880 -8.62735 41.152
1298880883 -8.62734 41.152
1298880983 -8.62728 41.1519
1298880993 -8.62727 41.1519
1298881009 -8.62726 41.1519
1298881040 -8.62725 41.1519
1298881064 -8.62724 41.1519
1298881076 -8.62723 41.1519
1298881100 -8.62722 41.1519
1298881115 -8.62721 41.1519
1298881163 -8.6272 41.1519
1298881180 -8.62719 41.1519
1298881200 -8.62719 41.1519
