:break:
1298880132 -8.62431 41.1755
1298880134 -8.62432 41.1755
1298880147 -8.6243 41.1755
1298880179 -8.62429 41.1755
1298880180 -8.62428 41.1755
1298880187 -8.62427 41.1755
1298880188 -8.62427 41.1756
1298880189 -8.62426 41.1756
1298880200 -8.62425 41.1756
1298880209 -8.62425 41.1755
1298880212 -8.62426 41.1755
1298880255 -8.62433 41.1755
1298880264 -8.62434 41.1755
1298880268 -8.62435 41.1755
1298880307 -8.62436 41.1755
1298880356 -8.6243 41.1756
1298880416 -8.62435 41.1756
1298880420 -8.62436 41.1756
1298880441 -8.62434 41.1756
1298880513 -8.62432 41.1756
1298880519 -8.62433 41.1756
1298880566 -8.62431 41.1756
1298880609 -8.62429 41.1756
1298880644 -8.62428 41.1756
1298880661 -8.62439 41.1756
1298880662 -8.6244 41.1756
1298880663 -8.62442 41.1756
1298880664 -8.62445 41.1756
1298880665 -8.62447 41.1756
1298880666 -8.6245 41.1756
1298880667 -8.62454 41.1756
1298880668 -8.62457 41.1756
1298880669 -8.62459 41.1756
1298880670 -8.62462 41.1756
1298880671 -8.62465 41.1756
1298880672 -8.62466 41.1756
1298880673 -8.62468 41.1756
1298880674 -8.62473 41.1756
1298880675 -8.62475 41.1756
1298880676 -8.62478 41.1755
1298880677 -8.6248 41.1755
1298880678 -8.62482 41.1755
1298880679 -8.62483 41.1755
1298880680 -8.62482 41.1754
1298880681 -8.62481 41.1754
1298880682 -8.62479 41.1754
1298880683 -8.62476 41.1753
1298880684 -8.62475 41.1753
1298880685 -8.62473 41.1752
1298880686 -8.62471 41.1751
1298880687 -8.62468 41.1751
1298880688 -8.62466 41.175
1298880689 -8.62464 41.1749
1298880690 -8.62462 41.1749
1298880691 -8.62463 41.1748
1298880693 -8.62462 41.1747
1298880694 -8.62461 41.1747
1298880695 -8.62457 41.1747
1298880696 -8.62454 41.1747
1298880697 -8.62449 41.1747
1298880698 -8.62443 41.1748
1298880699 -8.62436 41.1748
1298880700 -8.62428 41.1748
1298880701 -8.6242 41.1748
1298880702 -8.62411 41.1748
1298880703 -8.62402 41.1749
1298880704 -8.62393 41.1749
1298880705 -8.62385 41.1749
1298880706 -8.62375 41.1749
1298880707 -8.62365 41.175
1298880708 -8.62355 41.175
1298880709 -8.62344 41.175
1298880710 -8.62336 41.175
1298880711 -8.6233 41.175
1298880712 -8.62325 41.1751
1298880713 -8.62322 41.1751
1298880714 -8.62319 41.1752
1298880715 -8.62317 41.1752
1298880716 -8.62318 41.1753
1298880717 -8.62318 41.1754
1298880719 -8.62319 41.1755
1298880720 -8.6232 41.1756
1298880721 -8.62322 41.1756
1298880722 -8.62323 41.1757
1298880723 -8.62327 41.1757
1298880724 -8.6233 41.1757
1298880725 -8.62332 41.1758
1298880726 -8.62335 41.1758
1298880727 -8.62338 41.1758
1298880728 -8.62343 41.1758
1298880729 -8.62349 41.1758
1298880730 -8.62358 41.1759
1298880731 -8.62363 41.1759
1298880732 -8.62367 41.1759
1298880733 -8.62371 41.176
1298880734 -8.62374 41.176
1298880735 -8.62377 41.1761
1298880736 -8.6238 41.1762
1298880737 -8.62385 41.1762
1298880738 -8.62389 41.1763
1298880739 -8.62393 41.1763
1298880740 -8.62398 41.1764
1298880741 -8.62402 41.1764
1298880742 -8.62406 41.1765
1298880743 -8.62411 41.1766
1298880744 -8.62414 41.1766
1298880745 -8.62418 41.1767
1298880746 -8.6242 41.1768
1298880747 -8.62421 41.1768
1298880748 -8.62423 41.1768
1298880749 -8.62428 41.1769
1298880750 -8.62432 41.1769
1298880751 -8.62439 41.1769
1298880752 -8.62446 41.1769
1298880753 -8.62453 41.177
1298880754 -8.6246 41.177
1298880755 -8.62466 41.177
1298880756 -8.62474 41.177
1298880757 -8.62482 41.177
1298880758 -8.62487 41.177
1298880759 -8.62494 41.177
1298880760 -8.62497 41.177
1298880761 -8.62498 41.1771
1298880762 -8.625 41.1771
1298880763 -8.62499 41.1772
1298880764 -8.62498 41.1772
1298880765 -8.62495 41.1772
1298880766 -8.62491 41.1773
1298880767 -8.62486 41.1773
1298880768 -8.62483 41.1774
1298880769 -8.6248 41.1775
1298880770 -8.62478 41.1775
1298880771 -8.62475 41.1775
1298880772 -8.62473 41.1776
1298880773 -8.62467 41.1776
1298880774 -8.62462 41.1776
1298880775 -8.62458 41.1776
1298880776 -8.62453 41.1777
1298880777 -8.62449 41.1777
1298880778 -8.62445 41.1777
1298880779 -8.62439 41.1776
1298880780 -8.62433 41.1776
1298880781 -8.62427 41.1776
1298880782 -8.62419 41.1776
1298880783 -8.6241 41.1776
1298880784 -8.624 41.1776
1298880785 -8.62389 41.1776
1298880786 -8.62376 41.1776
1298880787 -8.62368 41.1775
1298880788 -8.62358 41.1775
1298880789 -8.62346 41.1775
1298880790 -8.62335 41.1774
1298880791 -8.62326 41.1774
1298880792 -8.62316 41.1773
1298880793 -8.62302 41.1773
1298880794 -8.62279 41.1773
1298880795 -8.62268 41.1772
1298880796 -8.62259 41.1772
1298880797 -8.62257 41.1772
1298880798 -8.62249 41.1772
1298880799 -8.62228 41.1771
1298880800 -8.62211 41.177
1298880801 -8.62195 41.177
1298880802 -8.62186 41.177
1298880803 -8.62177 41.177
1298880804 -8.62169 41.177
1298880805 -8.62162 41.1769
1298880806 -8.62155 41.1769
1298880807 -8.62148 41.1769
1298880808 -8.6214 41.1769
1298880809 -8.62133 41.1769
1298880810 -8.62127 41.1769
1298880811 -8.62122 41.1768
1298880812 -8.62116 41.1768
1298880813 -8.6211 41.1768
1298880814 -8.62104 41.1768
1298880815 -8.62096 41.1768
1298880816 -8.62088 41.1768
1298880817 -8.62079 41.1768
1298880818 -8.6207 41.1767
1298880819 -8.62061 41.1767
1298880820 -8.62052 41.1767
1298880821 -8.62043 41.1767
1298880822 -8.62036 41.1766
1298880823 -8.6203 41.1766
1298880824 -8.62025 41.1766
1298880825 -8.62021 41.1766
1298880826 -8.62018 41.1766
1298880827 -8.62016 41.1766
1298880829 -8.62013 41.1766
1298880830 -8.6201 41.1766
1298880831 -8.62007 41.1766
1298880832 -8.62003 41.1766
1298880833 -8.62 41.1767
1298880834 -8.61998 41.1767
1298880835 -8.61994 41.1768
1298880836 -8.61989 41.1768
1298880837 -8.61985 41.1769
1298880838 -8.61979 41.177
1298880839 -8.61973 41.1771
1298880840 -8.61968 41.1771
1298880841 -8.61962 41.1772
1298880842 -8.61957 41.1773
1298880843 -8.61951 41.1774
1298880844 -8.61944 41.1775
1298880845 -8.61938 41.1775
1298880846 -8.61932 41.1776
1298880847 -8.61925 41.1777
1298880848 -8.61917 41.1778
1298880849 -8.61909 41.1779
1298880850 -8.61902 41.178
1298880851 -8.61895 41.1781
1298880852 -8.61887 41.1782
1298880853 -8.61881 41.1783
1298880854 -8.61874 41.1784
1298880855 -8.61868 41.1784
1298880856 -8.61863 41.1785
1298880857 -8.61859 41.1786
1298880858 -8.61853 41.1786
1298880859 -8.61848 41.1786
1298880860 -8.61842 41.1786
1298880861 -8.61836 41.1786
1298880862 -8.61828 41.1786
1298880863 -8.6182 41.1786
1298880864 -8.6181 41.1786
1298880865 -8.618 41.1785
1298880866 -8.61788 41.1785
1298880867 -8.61775 41.1785
1298880868 -8.61763 41.1785
1298880869 -8.61749 41.1785
1298880870 -8.61736 41.1784
1298880871 -8.61724 41.1784
1298880872 -8.61712 41.1784
1298880873 -8.617 41.1784
1298880874 -8.61688 41.1783
1298880875 -8.61675 41.1783
1298880876 -8.61664 41.1783
1298880877 -8.61652 41.1783
1298880878 -8.61639 41.1783
1298880879 -8.61628 41.1782
1298880880 -8.61616 41.1782
1298880881 -8.61604 41.1782
1298880882 -8.61593 41.1782
1298880883 -8.61584 41.1781
1298880884 -8.61575 41.1781
1298880885 -8.61566 41.1781
1298880886 -8.61557 41.1781
1298880887 -8.61549 41.1781
1298880888 -8.61542 41.178
1298880889 -8.61536 41.178
1298880890 -8.61532 41.178
1298880891 -8.61529 41.178
1298880900 -8.61528 41.178
1298880901 -8.61527 41.178
1298880902 -8.61524 41.178
1298880903 -8.6152 41.178
1298880904 -8.61515 41.178
1298880905 -8.6151 41.1779
1298880906 -8.61503 41.1779
1298880907 -8.61498 41.1779
1298880908 -8.61491 41.1779
1298880909 -8.61485 41.1779
1298880910 -8.61478 41.1778
1298880911 -8.61472 41.1778
1298880912 -8.61467 41.1778
1298880913 -8.61464 41.1778
1298880914 -8.61461 41.1778
1298880915 -8.61459 41.1778
1298880916 -8.61458 41.1778
1298880919 -8.6146 41.1778
1298880925 -8.61462 41.1778
1298880994 -8.61455 41.1778
1298880995 -8.61449 41.1778
1298880996 -8.61443 41.1777
1298880997 -8.61438 41.1777
1298880998 -8.6143 41.1777
1298880999 -8.61423 41.1777
1298881000 -8.61417 41.1777
1298881001 -8.61412 41.1776
1298881002 -8.6141 41.1776
1298881003 -8.61409 41.1776
1298881004 -8.61409 41.1775
1298881006 -8.6141 41.1774
1298881007 -8.6141 41.1773
1298881010 -8.61411 41.1773
1298881012 -8.61411 41.1772
1298881013 -8.61412 41.1772
1298881016 -8.61412 41.1771
1298881019 -8.61412 41.177
1298881021 -8.61413 41.177
1298881022 -8.61413 41.1769
1298881024 -8.61414 41.1769
1298881027 -8.61414 41.1768
1298881032 -8.61415 41.1768
1298881033 -8.61415 41.1767
1298881036 -8.61415 41.1766
1298881037 -8.61414 41.1766
1298881040 -8.61415 41.1765
1298881043 -8.61414 41.1765
1298881044 -8.61413 41.1764
1298881046 -8.61412 41.1764
1298881048 -8.61411 41.1763
1298881049 -8.6141 41.1763
1298881050 -8.61409 41.1763
1298881052 -8.61408 41.1763
1298881053 -8.61407 41.1763
1298881056 -8.61406 41.1763
1298881061 -8.61406 41.1762
1298881063 -8.61405 41.1762
1298881071 -8.61407 41.1762
1298881073 -8.61408 41.1762
1298881075 -8.61409 41.1762
1298881078 -8.6141 41.1762
1298881080 -8.61411 41.1762
1298881084 -8.61412 41.1762
1298881088 -8.61413 41.1762
1298881135 -8.61405 41.1763
1298881136 -8.61404 41.1763
1298881138 -8.61404 41.1762
1298881139 -8.61403 41.1763
1298881141 -8.61403 41.1762
1298881144 -8.61402 41.1762
1298881146 -8.61401 41.1762
1298881152 -8.614 41.1762
1298881200 -8.61401 41.1762
