:break:
1298880003 -8.58265 41.1807
1298880005 -8.58266 41.1807
1298880009 -8.58263 41.1807
1298880010 -8.58262 41.1807
1298880011 -8.58261 41.1807
1298880012 -8.58259 41.1807
1298880013 -8.58258 41.1807
1298880015 -8.58257 41.1807
1298880041 -8.58256 41.1807
1298880090 -8.5826 41.1807
1298880247 -8.58255 41.1807
1298880252 -8.58254 41.1807
1298880280 -8.58253 41.1807
1298880387 -8.58252 41.1807
1298880388 -8.58251 41.1807
1298880395 -8.5825 41.1807
1298880409 -8.5825 41.1806
1298880410 -8.58251 41.1806
1298880443 -8.58252 41.1806
1298880522 -8.58249 41.1806
1298880523 -8.58248 41.1806
1298880524 -8.58247 41.1806
1298880525 -8.58246 41.1806
1298880526 -8.58244 41.1806
1298880534 -8.58244 41.1805
1298880562 -8.58243 41.1805
1298880563 -8.58242 41.1805
1298880564 -8.5824 41.1804
1298880565 -8.58236 41.1804
1298880566 -8.58233 41.1804
1298880567 -8.5823 41.1804
1298880568 -8.58227 41.1804
1298880569 -8.58226 41.1803
1298880571 -8.58226 41.1804
1298880575 -8.58225 41.1804
1298880576 -8.58223 41.1803
1298880577 -8.58219 41.1803
1298880578 -8.58214 41.1803
1298880579 -8.58209 41.1802
1298880580 -8.58201 41.1802
1298880581 -8.58193 41.1802
1298880582 -8.58187 41.1802
1298880583 -8.58182 41.1803
1298880584 -8.58178 41.1803
1298880585 -8.58178 41.1804
1298880586 -8.58181 41.1805
1298880587 -8.58189 41.1805
1298880588 -8.58198 41.1805
1298880589 -8.58208 41.1806
1298880590 -8.58217 41.1806
1298880591 -8.58226 41.1807
1298880592 -8.58235 41.1807
1298880593 -8.58244 41.1807
1298880594 -8.58252 41.1808
1298880595 -8.58259 41.1808
1298880596 -8.58265 41.1808
1298880597 -8.58271 41.1809
1298880598 -8.58274 41.1809
1298880599 -8.58277 41.1809
1298880600 -8.58279 41.1809
1298880602 -8.5828 41.1809
1298880607 -8.58281 41.1809
1298880621 -8.58281 41.181
1298880628 -8.5828 41.181
1298880639 -8.58279 41.181
1298880648 -8.58283 41.181
1298880649 -8.58288 41.1811
1298880650 -8.58294 41.1811
1298880651 -8.58301 41.1811
1298880652 -8.58308 41.1812
1298880653 -8.58313 41.1812
1298880654 -8.58318 41.1812
1298880655 -8.58323 41.1812
1298880656 -8.58325 41.1813
1298880658 -8.58324 41.1813
1298880659 -8.58323 41.1814
1298880660 -8.5832 41.1815
1298880661 -8.58317 41.1815
1298880662 -8.58316 41.1816
1298880663 -8.58313 41.1816
1298880664 -8.5831 41.1817
1298880665 -8.58308 41.1818
1298880666 -8.58305 41.1819
1298880667 -8.58302 41.1819
1298880668 -8.583 41.182
1298880669 -8.58297 41.1821
1298880670 -8.58293 41.1822
1298880671 -8.58289 41.1823
1298880672 -8.58282 41.1824
1298880673 -8.58278 41.1825
1298880674 -8.58274 41.1826
1298880675 -8.5827 41.1827
1298880676 -8.58266 41.1828
1298880677 -8.58262 41.183
1298880678 -8.58257 41.1831
1298880679 -8.58253 41.1832
1298880680 -8.58248 41.1833
1298880681 -8.58244 41.1834
1298880682 -8.58239 41.1836
1298880683 -8.58235 41.1837
1298880684 -8.58229 41.1838
1298880685 -8.58224 41.1839
1298880686 -8.58219 41.1841
1298880687 -8.58215 41.1842
1298880688 -8.58208 41.1843
1298880689 -8.58204 41.1844
1298880690 -8.582 41.1845
1298880691 -8.58196 41.1846
1298880692 -8.58192 41.1847
1298880693 -8.5819 41.1848
1298880694 -8.58186 41.1849
1298880695 -8.58183 41.185
1298880696 -8.58182 41.185
1298880697 -8.58178 41.1851
1298880698 -8.58175 41.1852
1298880699 -8.58173 41.1852
1298880700 -8.58172 41.1852
1298880701 -8.5817 41.1853
1298880702 -8.58171 41.1853
1298880715 -8.58168 41.1853
1298880716 -8.58166 41.1853
1298880717 -8.58164 41.1854
1298880718 -8.58162 41.1854
1298880719 -8.58158 41.1855
1298880720 -8.58155 41.1855
1298880721 -8.58151 41.1855
1298880722 -8.58147 41.1856
1298880723 -8.58144 41.1856
1298880724 -8.5814 41.1857
1298880725 -8.58136 41.1857
1298880726 -8.58131 41.1858
1298880727 -8.58127 41.1859
1298880728 -8.58122 41.1859
1298880729 -8.58118 41.186
1298880730 -8.58114 41.186
1298880731 -8.58109 41.1861
1298880732 -8.58106 41.1861
1298880733 -8.58101 41.1862
1298880734 -8.58096 41.1862
1298880735 -8.58092 41.1863
1298880736 -8.58087 41.1864
1298880737 -8.58083 41.1865
1298880738 -8.58079 41.1866
1298880739 -8.58075 41.1867
1298880740 -8.58071 41.1868
1298880741 -8.58067 41.1869
1298880742 -8.58065 41.1869
1298880743 -8.58064 41.187
1298880744 -8.58061 41.1871
1298880745 -8.58059 41.1872
1298880746 -8.58057 41.1873
1298880747 -8.58056 41.1873
1298880748 -8.58055 41.1874
1298880749 -8.58054 41.1875
1298880750 -8.58053 41.1876
1298880752 -8.58053 41.1877
1298880754 -8.58053 41.1878
1298880755 -8.58053 41.1879
1298880757 -8.58054 41.188
1298880759 -8.58055 41.1881
1298880760 -8.58056 41.1881
1298880761 -8.58057 41.1882
1298880762 -8.58058 41.1882
1298880763 -8.58059 41.1882
1298880765 -8.5806 41.1882
1298880767 -8.58061 41.1882
1298880768 -8.58061 41.1883
1298880769 -8.58059 41.1883
1298880770 -8.58056 41.1883
1298880771 -8.58053 41.1883
1298880772 -8.58048 41.1883
1298880773 -8.58044 41.1883
1298880774 -8.58039 41.1882
1298880775 -8.58034 41.1882
1298880776 -8.58029 41.1882
1298880777 -8.58024 41.1882
1298880778 -8.58019 41.1882
1298880779 -8.58013 41.1882
1298880780 -8.58009 41.1882
1298880781 -8.58002 41.1882
1298880782 -8.57998 41.1882
1298880783 -8.57992 41.1882
1298880784 -8.57986 41.1881
1298880785 -8.57981 41.1881
1298880786 -8.57975 41.1881
1298880787 -8.57969 41.1881
1298880788 -8.57965 41.1881
1298880789 -8.57959 41.1881
1298880790 -8.57955 41.1881
1298880791 -8.5795 41.1881
1298880792 -8.57945 41.1881
1298880793 -8.5794 41.188
1298880794 -8.57934 41.188
1298880795 -8.57928 41.188
1298880796 -8.5792 41.1879
1298880797 -8.57913 41.1878
1298880798 -8.57906 41.1878
1298880799 -8.57899 41.1877
1298880800 -8.57893 41.1877
1298880801 -8.57886 41.1876
1298880802 -8.5788 41.1876
1298880803 -8.57875 41.1875
1298880804 -8.5787 41.1875
1298880805 -8.57865 41.1875
1298880806 -8.5786 41.1875
1298880807 -8.57854 41.1875
1298880808 -8.57847 41.1875
1298880809 -8.5784 41.1874
1298880810 -8.57834 41.1874
1298880811 -8.57829 41.1875
1298880812 -8.57823 41.1875
1298880813 -8.57819 41.1875
1298880814 -8.57814 41.1875
1298880815 -8.5781 41.1875
1298880816 -8.57807 41.1875
1298880817 -8.57804 41.1875
1298880818 -8.57803 41.1875
1298880824 -8.57805 41.1875
1298880830 -8.57801 41.1875
1298880831 -8.57796 41.1876
1298880832 -8.5779 41.1876
1298880833 -8.57783 41.1876
1298880834 -8.57776 41.1876
1298880835 -8.57768 41.1876
1298880836 -8.57759 41.1877
1298880837 -8.5775 41.1877
1298880838 -8.57742 41.1877
1298880839 -8.57734 41.1877
1298880840 -8.57727 41.1878
1298880841 -8.57723 41.1878
1298880842 -8.57719 41.1878
1298880843 -8.57715 41.1878
1298880844 -8.57709 41.1878
1298880845 -8.57701 41.1878
1298880846 -8.57691 41.1878
1298880847 -8.5768 41.1877
1298880848 -8.57669 41.1877
1298880849 -8.57659 41.1877
1298880850 -8.5765 41.1877
1298880851 -8.57642 41.1877
1298880852 -8.57635 41.1877
1298880853 -8.57631 41.1877
1298880854 -8.57628 41.1877
1298880855 -8.57627 41.1877
1298880856 -8.57626 41.1876
1298880857 -8.57628 41.1876
1298880858 -8.57631 41.1876
1298880859 -8.57635 41.1875
1298880860 -8.57642 41.1875
1298880861 -8.57648 41.1874
1298880862 -8.57656 41.1874
1298880863 -8.57663 41.1873
1298880864 -8.5767 41.1872
1298880865 -8.57678 41.1871
1298880866 -8.57687 41.1871
1298880867 -8.57697 41.187
1298880868 -8.57705 41.1869
1298880869 -8.57712 41.1868
1298880870 -8.57718 41.1867
1298880871 -8.57723 41.1866
1298880872 -8.57729 41.1865
1298880873 -8.57732 41.1864
1298880874 -8.57737 41.1863
1298880875 -8.57741 41.1863
1298880876 -8.57746 41.1862
1298880877 -8.5775 41.1861
1298880878 -8.57758 41.186
1298880879 -8.57766 41.186
1298880880 -8.57774 41.1859
1298880881 -8.57782 41.1859
1298880882 -8.57789 41.1858
1298880883 -8.57795 41.1858
1298880884 -8.57802 41.1857
1298880885 -8.5781 41.1857
1298880886 -8.57818 41.1856
1298880887 -8.57826 41.1856
1298880888 -8.57836 41.1855
1298880889 -8.57846 41.1855
1298880890 -8.57856 41.1854
1298880891 -8.57866 41.1853
1298880892 -8.57875 41.1853
1298880893 -8.57883 41.1852
1298880894 -8.57889 41.1851
1298880895 -8.57896 41.185
1298880896 -8.57902 41.185
1298880897 -8.57909 41.1849
1298880898 -8.57915 41.1849
1298880899 -8.5792 41.1849
1298880900 -8.57921 41.1848
1298880901 -8.57923 41.1848
1298880902 -8.57925 41.1847
1298880903 -8.57929 41.1847
1298880904 -8.57934 41.1846
1298880905 -8.5794 41.1846
1298880906 -8.57948 41.1845
1298880907 -8.57954 41.1844
1298880908 -8.5796 41.1844
1298880909 -8.57966 41.1843
1298880910 -8.57971 41.1843
1298880911 -8.57975 41.1843
1298880912 -8.5798 41.1842
1298880913 -8.57983 41.1842
1298880914 -8.57984 41.1842
1298880925 -8.57982 41.1842
1298880933 -8.57981 41.1842
1298880988 -8.57986 41.1842
1298880989 -8.57992 41.1841
1298880990 -8.57998 41.1841
1298880991 -8.58004 41.184
1298880992 -8.58012 41.184
1298880993 -8.5802 41.1839
1298880994 -8.58028 41.1838
1298880995 -8.58036 41.1838
1298880996 -8.58042 41.1837
1298880997 -8.58048 41.1837
1298880998 -8.58053 41.1836
1298880999 -8.58058 41.1836
1298881000 -8.58064 41.1835
1298881001 -8.58069 41.1835
1298881002 -8.58075 41.1834
1298881003 -8.58082 41.1833
1298881004 -8.58087 41.1832
1298881005 -8.58092 41.1832
1298881006 -8.58097 41.1831
1298881007 -8.58101 41.183
1298881008 -8.58105 41.183
1298881009 -8.58106 41.1829
1298881010 -8.58105 41.1829
1298881011 -8.58101 41.1829
1298881012 -8.58095 41.1828
1298881013 -8.58089 41.1828
1298881014 -8.58081 41.1827
1298881015 -8.58073 41.1827
1298881016 -8.58065 41.1827
1298881017 -8.58058 41.1826
1298881018 -8.58053 41.1826
1298881019 -8.58048 41.1826
1298881020 -8.58045 41.1826
1298881021 -8.58044 41.1825
1298881023 -8.58046 41.1825
1298881024 -8.58049 41.1824
1298881025 -8.58055 41.1824
1298881026 -8.58062 41.1824
1298881027 -8.58069 41.1823
1298881028 -8.58076 41.1822
1298881029 -8.58084 41.1822
1298881030 -8.58092 41.1821
1298881031 -8.58101 41.1821
1298881032 -8.58109 41.182
1298881033 -8.58115 41.182
1298881034 -8.5812 41.1819
1298881035 -8.58126 41.1819
1298881036 -8.58129 41.1819
1298881037 -8.58132 41.1818
1298881038 -8.58136 41.1818
1298881039 -8.58138 41.1817
1298881040 -8.58139 41.1817
1298881041 -8.58141 41.1817
1298881043 -8.58142 41.1816
1298881044 -8.58143 41.1816
1298881046 -8.58144 41.1816
1298881047 -8.58145 41.1816
1298881050 -8.58146 41.1816
1298881053 -8.58147 41.1816
1298881055 -8.58148 41.1816
1298881056 -8.58149 41.1815
1298881057 -8.5815 41.1815
1298881058 -8.58151 41.1815
1298881060 -8.58152 41.1815
1298881062 -8.58153 41.1815
1298881064 -8.58154 41.1815
1298881069 -8.58155 41.1815
1298881070 -8.58156 41.1814
1298881071 -8.58159 41.1814
1298881072 -8.58161 41.1814
1298881073 -8.58162 41.1813
1298881074 -8.58163 41.1813
1298881077 -8.58161 41.1813
1298881078 -8.5816 41.1812
1298881079 -8.58159 41.1812
1298881083 -8.58161 41.1812
1298881084 -8.58162 41.1811
1298881093 -8.58163 41.1811
1298881096 -8.58164 41.1811
1298881098 -8.58159 41.181
1298881101 -8.58161 41.181
1298881102 -8.58162 41.181
1298881103 -8.58163 41.181
1298881104 -8.58165 41.1809
1298881106 -8.58164 41.1809
1298881107 -8.58163 41.1809
1298881109 -8.58164 41.1808
1298881111 -8.58163 41.1808
1298881113 -8.58164 41.1807
1298881114 -8.58165 41.1807
1298881115 -8.58157 41.1806
1298881116 -8.58154 41.1806
1298881117 -8.58153 41.1806
1298881119 -8.58155 41.1806
1298881120 -8.58159 41.1806
1298881121 -8.58162 41.1805
1298881122 -8.58165 41.1805
1298881123 -8.5817 41.1805
1298881124 -8.58174 41.1805
1298881125 -8.5818 41.1806
1298881126 -8.58186 41.1806
1298881127 -8.58192 41.1806
1298881128 -8.58199 41.1806
1298881129 -8.58206 41.1806
1298881130 -8.58212 41.1805
1298881131 -8.58217 41.1805
1298881132 -8.58218 41.1804
1298881133 -8.58217 41.1804
1298881134 -8.58217 41.1803
1298881136 -8.58218 41.1803
1298881141 -8.58218 41.1802
1298881144 -8.58219 41.1801
1298881145 -8.5822 41.18
1298881146 -8.58222 41.18
1298881147 -8.58225 41.1799
1298881148 -8.58227 41.1798
1298881149 -8.5823 41.1797
1298881150 -8.58233 41.1797
1298881151 -8.58236 41.1796
1298881152 -8.58241 41.1796
1298881153 -8.58246 41.1795
1298881154 -8.58252 41.1795
1298881155 -8.58256 41.1795
1298881156 -8.58262 41.1795
1298881157 -8.58267 41.1795
1298881158 -8.58273 41.1794
1298881159 -8.58281 41.1794
1298881160 -8.58288 41.1793
1298881161 -8.58294 41.1793
1298881162 -8.58299 41.1793
1298881163 -8.58302 41.1792
1298881164 -8.58306 41.1792
1298881165 -8.5831 41.1792
1298881166 -8.58316 41.1792
1298881167 -8.58323 41.1792
1298881168 -8.58331 41.1791
1298881169 -8.58339 41.1791
1298881170 -8.58347 41.1791
1298881171 -8.58354 41.1791
1298881172 -8.58361 41.179
1298881173 -8.58367 41.179
1298881174 -8.58374 41.1789
1298881175 -8.5838 41.1789
1298881176 -8.58387 41.1788
1298881177 -8.58391 41.1788
1298881178 -8.58397 41.1787
1298881179 -8.58401 41.1787
1298881180 -8.58404 41.1787
1298881181 -8.58406 41.1787
1298881182 -8.58407 41.1787
1298881183 -8.58409 41.1787
1298881184 -8.58412 41.1787
1298881185 -8.58415 41.1787
1298881186 -8.58418 41.1786
1298881187 -8.58422 41.1786
1298881188 -8.58426 41.1785
1298881189 -8.58431 41.1785
1298881190 -8.58436 41.1784
1298881191 -8.58443 41.1783
1298881192 -8.58451 41.1782
1298881193 -8.58457 41.1781
1298881194 -8.58464 41.178
1298881195 -8.58469 41.1779
1298881196 -8.58477 41.1778
1298881197 -8.58483 41.1777
1298881198 -8.58491 41.1776
1298881199 -8.58498 41.1775
1298881200 -8.58505 41.1774
