:break:
1298880040 -8.61323 41.1545
1298880041 -8.61322 41.1545
1298880050 -8.61321 41.1545
1298880089 -8.6132 41.1545
1298880091 -8.61319 41.1545
1298880094 -8.61318 41.1545
1298880095 -8.61317 41.1545
1298880097 -8.61316 41.1545
1298880098 -8.61315 41.1545
1298880099 -8.61314 41.1545
1298880100 -8.61313 41.1545
1298880103 -8.61312 41.1545
1298880147 -8.61322 41.1546
1298880169 -8.61321 41.1546
1298880176 -8.6132 41.1546
1298880178 -8.61319 41.1546
1298880181 -8.61318 41.1546
1298880183 -8.61317 41.1546
1298880214 -8.61323 41.1546
1298880216 -8.61324 41.1546
1298880218 -8.61325 41.1546
1298880220 -8.61326 41.1546
1298880224 -8.61327 41.1546
1298880226 -8.61327 41.1547
1298880239 -8.61328 41.1547
1298880241 -8.61328 41.1546
1298880248 -8.61329 41.1546
1298880255 -8.6133 41.1546
1298880258 -8.61331 41.1546
1298880263 -8.61332 41.1546
1298880305 -8.61326 41.1545
1298880307 -8.61325 41.1545
1298880332 -8.61327 41.1545
1298880339 -8.61328 41.1545
1298880346 -8.61329 41.1545
1298880405 -8.61324 41.1545
1298881200 -8.61319 41.1545
