:break:
1298880157 -8.63134 41.1365
1298880158 -8.63138 41.1365
1298880159 -8.63138 41.1366
1298880160 -8.63137 41.1366
1298880164 -8.63139 41.1366
1298880165 -8.6314 41.1366
1298880171 -8.63135 41.1366
1298880172 -8.63134 41.1366
1298880173 -8.63133 41.1366
1298880174 -8.63132 41.1366
1298880175 -8.6313 41.1366
1298880176 -8.63128 41.1366
1298880177 -8.63127 41.1366
1298880178 -8.63126 41.1366
1298880179 -8.63125 41.1366
1298880180 -8.63124 41.1366
1298880195 -8.63123 41.1366
1298880196 -8.63123 41.1365
1298880200 -8.63122 41.1365
1298880205 -8.63121 41.1365
1298880206 -8.63121 41.1366
1298880208 -8.6312 41.1366
1298880215 -8.63122 41.1366
1298880237 -8.6312 41.1365
1298880238 -8.63119 41.1365
1298880239 -8.63118 41.1365
1298880273 -8.63121 41.1365
