:break:
1298880157 -8.58121 41.1742
1298880168 -8.5812 41.1742
1298880184 -8.58121 41.1743
1298880193 -8.5812 41.1743
1298880206 -8.58119 41.1743
1298880215 -8.58119 41.1742
1298880274 -8.58122 41.1742
1298880294 -8.58123 41.1742
1298880317 -8.58123 41.1743
1298880350 -8.58124 41.1743
1298880381 -8.58122 41.1743
1298880425 -8.58118 41.1743
1298880587 -8.58118 41.1742
1298880625 -8.58117 41.1742
1298880659 -8.58116 41.1742
1298880683 -8.58117 41.1743
1298881154 -8.58124 41.1742
1298881158 -8.58125 41.1742
1298881165 -8.58126 41.1742
1298881171 -8.58127 41.1742
1298881200 -8.58126 41.1742
