:break:
1298880113 -8.67418 41.1538
1298880114 -8.67419 41.1538
1298880132 -8.67417 41.1538
1298880207 -8.6742 41.1538
1298880237 -8.67421 41.1538
1298880239 -8.67421 41.1537
1298880240 -8.67422 41.1537
1298880258 -8.67416 41.1538
1298880324 -8.67415 41.1538
1298880328 -8.67414 41.1538
1298880333 -8.67413 41.1538
1298880336 -8.67412 41.1538
1298880341 -8.67411 41.1538
1298880346 -8.6741 41.1539
1298880361 -8.67409 41.1539
1298880369 -8.67411 41.1539
1298880425 -8.6741 41.1538
1298880430 -8.67409 41.1538
1298880489 -8.67408 41.1538
1298880491 -8.67407 41.1539
1298880897 -8.67412 41.1539
1298881004 -8.67407 41.1538
1298881006 -8.67406 41.1538
1298881008 -8.67405 41.1539
1298881010 -8.67404 41.1539
1298881012 -8.67403 41.154
1298881013 -8.67401 41.154
1298881014 -8.67401 41.1541
1298881015 -8.674 41.1541
1298881016 -8.674 41.1542
1298881017 -8.67399 41.1542
1298881018 -8.67398 41.1542
1298881020 -8.67397 41.1543
1298881022 -8.67396 41.1543
1298881024 -8.67395 41.1543
1298881027 -8.67394 41.1544
1298881028 -8.67392 41.1544
1298881029 -8.67391 41.1544
1298881030 -8.67388 41.1545
1298881031 -8.67383 41.1545
1298881032 -8.6738 41.1545
1298881033 -8.67376 41.1545
1298881034 -8.67371 41.1546
1298881035 -8.67367 41.1546
1298881036 -8.67362 41.1546
1298881037 -8.67357 41.1546
1298881038 -8.67352 41.1547
1298881039 -8.67346 41.1547
1298881040 -8.67342 41.1547
1298881041 -8.67336 41.1548
1298881042 -8.67331 41.1548
1298881043 -8.67326 41.1548
1298881044 -8.67319 41.1548
1298881045 -8.67313 41.1548
1298881046 -8.67307 41.1548
1298881047 -8.673 41.1548
1298881048 -8.67295 41.1548
1298881049 -8.67289 41.1548
1298881050 -8.67281 41.1548
1298881051 -8.67273 41.1547
1298881052 -8.67263 41.1547
1298881053 -8.67253 41.1547
1298881054 -8.67243 41.1547
1298881055 -8.67234 41.1547
1298881056 -8.67226 41.1547
1298881057 -8.67218 41.1546
1298881058 -8.67209 41.1545
1298881059 -8.67202 41.1545
1298881060 -8.67196 41.1544
1298881061 -8.67191 41.1543
1298881062 -8.67187 41.1543
1298881063 -8.67184 41.1543
1298881064 -8.67182 41.1543
1298881065 -8.6718 41.1542
1298881066 -8.67179 41.1542
1298881068 -8.67178 41.1542
1298881077 -8.67177 41.1542
1298881078 -8.67176 41.1542
1298881079 -8.67174 41.1542
1298881080 -8.67172 41.1541
1298881081 -8.67168 41.1541
1298881082 -8.67165 41.1541
1298881083 -8.67162 41.154
1298881084 -8.67157 41.154
1298881085 -8.67153 41.154
1298881086 -8.67147 41.1539
1298881087 -8.67142 41.1539
1298881088 -8.67136 41.1538
1298881089 -8.6713 41.1538
1298881090 -8.67124 41.1537
1298881091 -8.67118 41.1537
1298881092 -8.6711 41.1536
1298881093 -8.67103 41.1536
1298881094 -8.67095 41.1535
1298881095 -8.67086 41.1534
1298881096 -8.67078 41.1534
1298881097 -8.67069 41.1533
1298881098 -8.6706 41.1532
1298881099 -8.67051 41.1532
1298881100 -8.67041 41.1531
1298881101 -8.67032 41.153
1298881102 -8.67022 41.153
1298881103 -8.67013 41.1529
1298881104 -8.67002 41.1528
1298881105 -8.66992 41.1528
1298881106 -8.66981 41.1527
1298881107 -8.66969 41.1526
1298881108 -8.66957 41.1525
1298881109 -8.66945 41.1525
1298881110 -8.66931 41.1524
1298881111 -8.66919 41.1523
1298881112 -8.66905 41.1522
1298881113 -8.66893 41.1522
1298881114 -8.66879 41.1521
1298881115 -8.66866 41.152
1298881116 -8.66853 41.152
1298881117 -8.6684 41.1519
1298881118 -8.66827 41.1518
1298881119 -8.66815 41.1518
1298881120 -8.66803 41.1517
1298881121 -8.66791 41.1516
1298881122 -8.66777 41.1516
1298881123 -8.66764 41.1515
1298881124 -8.6675 41.1515
1298881125 -8.66737 41.1514
1298881126 -8.66723 41.1514
1298881127 -8.66709 41.1513
1298881128 -8.66695 41.1513
1298881129 -8.66681 41.1512
1298881130 -8.66666 41.1512
1298881131 -8.66651 41.1511
1298881132 -8.66635 41.1511
1298881133 -8.66621 41.151
1298881134 -8.66606 41.151
1298881135 -8.66592 41.151
1298881136 -8.66578 41.1509
1298881137 -8.66565 41.1509
1298881138 -8.66551 41.1509
1298881139 -8.66538 41.1508
1298881140 -8.66525 41.1508
1298881141 -8.66512 41.1508
1298881142 -8.66499 41.1507
1298881143 -8.66488 41.1507
1298881144 -8.66477 41.1507
1298881145 -8.66465 41.1507
1298881146 -8.66453 41.1507
1298881147 -8.66442 41.1507
1298881148 -8.66429 41.1506
1298881149 -8.66417 41.1506
1298881150 -8.66407 41.1506
1298881151 -8.66397 41.1506
1298881152 -8.66388 41.1506
1298881153 -8.66381 41.1506
1298881154 -8.66374 41.1506
1298881155 -8.66368 41.1506
1298881156 -8.66362 41.1506
1298881157 -8.66353 41.1506
1298881158 -8.66343 41.1505
1298881159 -8.66332 41.1505
1298881160 -8.6632 41.1505
1298881161 -8.66309 41.1505
1298881162 -8.66296 41.1505
1298881163 -8.66284 41.1505
1298881164 -8.66272 41.1505
1298881165 -8.66258 41.1505
1298881166 -8.66245 41.1505
1298881167 -8.66234 41.1505
1298881168 -8.66223 41.1505
1298881169 -8.66212 41.1505
1298881170 -8.66201 41.1505
1298881171 -8.66189 41.1505
1298881172 -8.66176 41.1505
1298881173 -8.66164 41.1505
1298881174 -8.66152 41.1505
1298881175 -8.66142 41.1505
1298881176 -8.66131 41.1505
1298881177 -8.66121 41.1505
1298881178 -8.66111 41.1505
1298881179 -8.66101 41.1505
1298881180 -8.66093 41.1505
1298881181 -8.66089 41.1505
1298881182 -8.66086 41.1505
1298881183 -8.66085 41.1505
1298881185 -8.66084 41.1505
1298881186 -8.66083 41.1505
1298881187 -8.66079 41.1505
1298881188 -8.66073 41.1505
1298881189 -8.66064 41.1505
1298881190 -8.66054 41.1505
1298881191 -8.66041 41.1505
1298881192 -8.66029 41.1505
1298881193 -8.66014 41.1506
1298881194 -8.65998 41.1506
1298881195 -8.65981 41.1506
1298881196 -8.65964 41.1506
1298881197 -8.65946 41.1506
1298881198 -8.65929 41.1507
1298881199 -8.65911 41.1507
1298881200 -8.65892 41.1507
