:break:
1298880011 -8.62717 41.167
1298880027 -8.62716 41.167
1298880046 -8.62715 41.167
1298880056 -8.62714 41.167
1298880061 -8.62713 41.167
1298880169 -8.62712 41.167
1298880176 -8.62711 41.167
1298880184 -8.6271 41.167
1298880204 -8.62711 41.1669
1298880208 -8.62712 41.1669
1298880267 -8.62716 41.1669
1298880274 -8.62717 41.1669
1298880329 -8.62715 41.1669
1298880384 -8.62709 41.167
1298880401 -8.62708 41.167
1298880550 -8.62714 41.1669
1298880559 -8.62713 41.1669
1298880610 -8.62707 41.167
1298880614 -8.62706 41.167
1298880791 -8.62719 41.167
1298880792 -8.6272 41.167
1298880793 -8.62721 41.167
1298880794 -8.62722 41.167
1298880795 -8.62722 41.1669
1298880796 -8.62721 41.1669
1298880797 -8.62719 41.1669
1298880798 -8.62718 41.1669
1298880801 -8.6271 41.1669
1298880802 -8.62706 41.1669
1298880803 -8.627 41.1669
1298880804 -8.62695 41.1669
1298880805 -8.6269 41.1669
1298880806 -8.62684 41.1669
1298880807 -8.6268 41.1669
1298880808 -8.62675 41.1669
1298880809 -8.62671 41.1669
1298880810 -8.62666 41.1669
1298880811 -8.62664 41.1669
1298880812 -8.62662 41.1669
1298880820 -8.62661 41.1669
1298880825 -8.6266 41.1669
1298880831 -8.62659 41.1669
1298880847 -8.62658 41.1669
1298880929 -8.62662 41.1668
1298880973 -8.62655 41.1669
1298880974 -8.6265 41.1669
1298880975 -8.62645 41.1668
1298880976 -8.6264 41.1668
1298880977 -8.62634 41.1668
1298880978 -8.62626 41.1668
1298880979 -8.62615 41.1668
1298880980 -8.62603 41.1668
1298880981 -8.62591 41.1669
1298880982 -8.6258 41.1669
1298880983 -8.6257 41.1669
1298880984 -8.62563 41.1669
1298880985 -8.62557 41.1669
1298880986 -8.62554 41.1669
1298880987 -8.62552 41.167
1298880988 -8.62551 41.167
1298880989 -8.6255 41.167
1298880998 -8.62549 41.167
1298881013 -8.62548 41.167
1298881027 -8.62547 41.167
1298881047 -8.62546 41.167
1298881048 -8.62545 41.167
1298881049 -8.62542 41.167
1298881050 -8.62538 41.167
1298881051 -8.62533 41.167
1298881052 -8.62528 41.167
1298881053 -8.62521 41.1671
1298881054 -8.62517 41.1671
1298881055 -8.62514 41.1671
1298881056 -8.62513 41.1672
1298881058 -8.62513 41.1673
1298881059 -8.62514 41.1673
1298881060 -8.62516 41.1674
1298881061 -8.62518 41.1675
1298881062 -8.62519 41.1675
1298881063 -8.62521 41.1676
1298881064 -8.62519 41.1677
1298881065 -8.62523 41.1678
1298881066 -8.62526 41.1678
1298881067 -8.62529 41.1679
1298881068 -8.62533 41.168
1298881069 -8.62535 41.168
1298881070 -8.62537 41.1681
1298881071 -8.62538 41.1682
1298881072 -8.6254 41.1683
1298881073 -8.62542 41.1683
1298881074 -8.62543 41.1683
1298881075 -8.62541 41.1684
1298881076 -8.62537 41.1684
1298881077 -8.62531 41.1685
1298881078 -8.62523 41.1685
1298881079 -8.62516 41.1685
1298881080 -8.62507 41.1685
1298881081 -8.62498 41.1686
1298881082 -8.62488 41.1686
1298881083 -8.62477 41.1686
1298881084 -8.62466 41.1687
1298881085 -8.62455 41.1687
1298881086 -8.62444 41.1687
1298881087 -8.62432 41.1688
1298881088 -8.6242 41.1688
1298881089 -8.62409 41.1688
1298881090 -8.62397 41.1689
1298881091 -8.62386 41.1689
1298881092 -8.62376 41.1689
1298881093 -8.62365 41.1689
1298881094 -8.62356 41.169
1298881095 -8.62346 41.169
1298881096 -8.62338 41.169
1298881097 -8.62329 41.169
1298881098 -8.62321 41.1691
1298881099 -8.62313 41.1691
1298881100 -8.62305 41.1691
1298881101 -8.62299 41.1691
1298881102 -8.62293 41.1691
1298881103 -8.62288 41.1691
1298881104 -8.62285 41.1692
1298881105 -8.62284 41.1692
1298881107 -8.62286 41.1693
1298881108 -8.62288 41.1693
1298881109 -8.62289 41.1694
1298881110 -8.62291 41.1694
1298881111 -8.62292 41.1695
1298881112 -8.62292 41.1696
1298881114 -8.62294 41.1697
1298881115 -8.62294 41.1698
1298881116 -8.62295 41.1698
1298881117 -8.62297 41.1699
1298881118 -8.623 41.1699
1298881119 -8.62301 41.17
1298881120 -8.62303 41.17
1298881121 -8.62304 41.1701
1298881122 -8.62305 41.1702
1298881123 -8.62307 41.1703
1298881124 -8.62307 41.1704
1298881125 -8.62305 41.1704
1298881126 -8.62301 41.1705
1298881127 -8.62294 41.1706
1298881128 -8.6229 41.1706
1298881129 -8.62287 41.1707
1298881130 -8.62286 41.1708
1298881131 -8.62288 41.1708
1298881132 -8.62292 41.1709
1298881133 -8.62295 41.171
1298881134 -8.62299 41.171
1298881135 -8.62302 41.1711
1298881136 -8.62302 41.1712
1298881137 -8.623 41.1713
1298881138 -8.62296 41.1714
1298881139 -8.62291 41.1715
1298881140 -8.62283 41.1716
1298881141 -8.62274 41.1717
1298881142 -8.62264 41.1718
1298881143 -8.62253 41.1719
1298881144 -8.62242 41.172
1298881145 -8.62233 41.1722
1298881146 -8.62224 41.1723
1298881147 -8.62219 41.1724
1298881148 -8.62215 41.1726
1298881149 -8.62214 41.1727
1298881150 -8.62215 41.1729
1298881151 -8.62218 41.173
1298881152 -8.62221 41.1732
1298881153 -8.62223 41.1733
1298881154 -8.62228 41.1735
1298881155 -8.62232 41.1737
1298881156 -8.62234 41.1738
1298881157 -8.62238 41.174
1298881158 -8.62241 41.1742
1298881159 -8.62244 41.1744
1298881160 -8.62246 41.1746
1298881161 -8.62247 41.1748
1298881162 -8.62247 41.175
1298881163 -8.62246 41.1752
1298881164 -8.62245 41.1754
1298881165 -8.62242 41.1756
1298881166 -8.6224 41.1758
1298881167 -8.62237 41.176
1298881168 -8.62235 41.1762
1298881169 -8.62232 41.1764
1298881170 -8.62231 41.1766
1298881171 -8.62229 41.1768
1298881172 -8.62228 41.1771
1298881173 -8.62227 41.1773
1298881174 -8.62225 41.1774
1298881175 -8.62223 41.1776
1298881176 -8.62221 41.1778
1298881177 -8.62218 41.178
1298881178 -8.62217 41.1782
1298881179 -8.62215 41.1784
1298881180 -8.62214 41.1786
1298881181 -8.62214 41.1788
1298881182 -8.62213 41.179
1298881183 -8.62212 41.1791
1298881184 -8.62211 41.1793
1298881185 -8.62209 41.1794
1298881186 -8.62207 41.1796
1298881187 -8.62204 41.1797
1298881188 -8.62199 41.1799
1298881189 -8.62193 41.18
1298881190 -8.62185 41.1801
1298881191 -8.62175 41.1803
1298881192 -8.62163 41.1804
1298881193 -8.6215 41.1805
1298881194 -8.62135 41.1806
1298881195 -8.62121 41.1807
1298881196 -8.62106 41.1807
1298881197 -8.62091 41.1808
1298881198 -8.62076 41.1809
1298881199 -8.6206 41.181
1298881200 -8.62043 41.181
