:break:
1298880105 -8.6032 41.1836
1298880106 -8.60314 41.1836
1298880107 -8.60309 41.1836
1298880108 -8.60304 41.1836
1298880109 -8.60297 41.1836
1298880110 -8.6029 41.1835
1298880111 -8.60283 41.1835
1298880112 -8.60275 41.1835
1298880113 -8.60266 41.1835
1298880114 -8.60257 41.1835
1298880115 -8.60248 41.1834
1298880116 -8.60239 41.1834
1298880117 -8.60231 41.1834
1298880118 -8.60223 41.1834
1298880119 -8.60217 41.1834
1298880120 -8.60215 41.1833
1298880121 -8.60213 41.1833
1298880122 -8.60212 41.1833
1298880123 -8.6021 41.1833
1298880124 -8.60208 41.1833
1298880125 -8.60206 41.1833
1298880126 -8.60203 41.1833
1298880127 -8.60198 41.1833
1298880128 -8.60195 41.1833
1298880129 -8.60191 41.1833
1298880130 -8.60188 41.1833
1298880131 -8.60187 41.1833
1298880132 -8.60185 41.1833
1298880133 -8.60184 41.1833
1298880134 -8.60182 41.1833
1298880135 -8.6018 41.1833
1298880136 -8.60176 41.1833
1298880137 -8.60173 41.1832
1298880138 -8.6017 41.1832
1298880139 -8.60167 41.1832
1298880140 -8.60164 41.1832
1298880141 -8.60162 41.1832
1298880142 -8.60158 41.1832
1298880143 -8.60155 41.1832
1298880144 -8.60153 41.1832
1298880145 -8.6015 41.1832
1298880146 -8.60147 41.1832
1298880147 -8.60144 41.1832
1298880148 -8.60142 41.1832
1298880149 -8.6014 41.1832
1298880150 -8.60138 41.1831
1298880151 -8.60135 41.1831
1298880152 -8.60133 41.1831
1298880153 -8.6013 41.1831
1298880154 -8.60127 41.1831
1298880155 -8.60124 41.1831
1298880156 -8.60119 41.1831
1298880157 -8.60114 41.183
1298880158 -8.60108 41.183
1298880159 -8.60102 41.183
1298880160 -8.60096 41.183
1298880161 -8.60089 41.183
1298880162 -8.60085 41.183
1298880163 -8.6008 41.1829
1298880164 -8.60077 41.1829
1298880165 -8.60072 41.1829
1298880166 -8.60068 41.1829
1298880167 -8.60063 41.1829
1298880168 -8.60057 41.1829
1298880169 -8.60052 41.1829
1298880170 -8.60047 41.1829
1298880171 -8.60045 41.1829
1298880172 -8.60044 41.1829
1298880173 -8.60043 41.1829
1298880196 -8.60042 41.1828
1298880197 -8.60039 41.1828
1298880198 -8.60037 41.1828
1298880199 -8.60035 41.1828
1298880200 -8.60031 41.1828
1298880201 -8.60028 41.1828
1298880202 -8.60024 41.1828
1298880203 -8.60018 41.1828
1298880204 -8.60013 41.1828
1298880205 -8.60007 41.1827
1298880206 -8.59999 41.1827
1298880207 -8.59993 41.1827
1298880208 -8.59986 41.1827
1298880209 -8.59979 41.1827
1298880210 -8.59972 41.1827
1298880211 -8.59965 41.1826
1298880212 -8.59958 41.1826
1298880213 -8.59952 41.1826
1298880214 -8.59946 41.1826
1298880215 -8.5994 41.1826
1298880216 -8.59936 41.1826
1298880217 -8.59932 41.1825
1298880218 -8.59929 41.1825
1298880219 -8.59928 41.1825
1298880220 -8.59927 41.1825
1298880221 -8.59925 41.1825
1298880222 -8.59924 41.1825
1298880223 -8.59923 41.1825
1298880224 -8.59921 41.1825
1298880225 -8.59919 41.1825
1298880227 -8.59918 41.1825
1298880228 -8.59917 41.1825
1298880229 -8.59916 41.1825
1298880237 -8.59919 41.1824
1298880246 -8.5992 41.1825
1298880259 -8.59931 41.1825
1298880260 -8.59933 41.1825
1298880261 -8.59934 41.1825
1298880262 -8.59936 41.1825
1298880263 -8.59937 41.1825
1298880264 -8.59939 41.1825
1298880265 -8.5994 41.1825
1298880266 -8.59942 41.1825
1298880267 -8.59944 41.1825
1298880268 -8.59946 41.1825
1298880269 -8.59947 41.1826
1298880270 -8.59949 41.1826
1298880271 -8.59951 41.1826
1298880272 -8.59953 41.1826
1298880273 -8.59955 41.1826
1298880274 -8.59956 41.1826
1298880275 -8.59957 41.1826
1298880276 -8.59959 41.1826
1298880277 -8.59961 41.1826
1298880278 -8.59962 41.1826
1298880279 -8.59963 41.1826
1298880349 -8.59964 41.1826
1298880556 -8.5996 41.1826
1298881200 -8.59963 41.1826
