:break:
1298880014 -8.61318 41.167
1298880015 -8.61319 41.167
1298880020 -8.6132 41.167
1298880023 -8.61321 41.167
1298880028 -8.6132 41.1671
1298880029 -8.61319 41.1671
1298880039 -8.61318 41.1671
1298880041 -8.61317 41.1671
1298880071 -8.61316 41.1671
1298880078 -8.61315 41.1671
1298880101 -8.61314 41.1671
1298880107 -8.61313 41.1671
1298880124 -8.61312 41.1671
1298880127 -8.61311 41.1671
1298880130 -8.6131 41.1671
1298880146 -8.61313 41.167
1298880158 -8.61312 41.167
1298880163 -8.61311 41.167
1298880166 -8.6131 41.167
1298880170 -8.61309 41.167
1298880173 -8.61308 41.167
1298880176 -8.61307 41.167
1298880182 -8.61306 41.167
1298880184 -8.61306 41.1671
1298880214 -8.61316 41.167
1298880215 -8.61317 41.167
1298880218 -8.61322 41.167
1298880219 -8.61324 41.167
1298880220 -8.61326 41.167
1298880224 -8.61325 41.167
1298880227 -8.61323 41.167
1298880428 -8.61327 41.167
1298880429 -8.61327 41.1669
1298880437 -8.61328 41.1669
1298880444 -8.61329 41.1669
1298880449 -8.6133 41.1669
1298880477 -8.61331 41.1669
1298880479 -8.61332 41.1669
1298880493 -8.61329 41.167
1298880495 -8.61328 41.167
1298880638 -8.61333 41.1669
1298880641 -8.61334 41.1669
1298880785 -8.61335 41.1669
1298880803 -8.61336 41.1669
1298880825 -8.61331 41.167
1298880826 -8.6133 41.167
1298880849 -8.61332 41.167
1298881200 -8.61329 41.167
