:break:
1298880537 -8.64511 41.13
1298880538 -8.64507 41.1299
1298880539 -8.64501 41.1299
1298880540 -8.64497 41.1299
1298880541 -8.6449 41.1298
1298880542 -8.64481 41.1298
1298880543 -8.64473 41.1298
1298880544 -8.64468 41.1298
1298880545 -8.64464 41.1297
:break:
1298880549 -8.64437 41.1296
:break:
1298880551 -8.64421 41.1295
1298880552 -8.64412 41.1295
1298880553 -8.64404 41.1294
1298880554 -8.64396 41.1294
1298880555 -8.6439 41.1294
1298880556 -8.64383 41.1294
1298880557 -8.64376 41.1293
1298880558 -8.64371 41.1293
1298880559 -8.64363 41.1293
1298880560 -8.64356 41.1292
1298880561 -8.64347 41.1292
1298880562 -8.6434 41.1292
1298880563 -8.64333 41.1291
1298880564 -8.64326 41.1291
1298880565 -8.64319 41.1291
1298880566 -8.6431 41.1291
1298880567 -8.64302 41.1291
1298880568 -8.64302 41.129
1298880569 -8.64298 41.129
1298880570 -8.64294 41.129
1298880571 -8.64291 41.129
1298880572 -8.64286 41.129
1298880573 -8.64281 41.129
1298880574 -8.64276 41.1289
1298880575 -8.6427 41.1289
1298880576 -8.64265 41.1289
1298880577 -8.64261 41.1289
1298880578 -8.64256 41.1289
1298880579 -8.64256 41.1288
1298880580 -8.64254 41.1288
1298880581 -8.64251 41.1288
1298880582 -8.64248 41.1287
1298880583 -8.64244 41.1287
1298880584 -8.64239 41.1287
1298880585 -8.64236 41.1287
1298880586 -8.64232 41.1287
1298880587 -8.6423 41.1287
1298880588 -8.64229 41.1287
1298880589 -8.64228 41.1287
1298880593 -8.64227 41.1287
1298880594 -8.64226 41.1287
1298880596 -8.64225 41.1287
1298880597 -8.64224 41.1287
1298880598 -8.64223 41.1287
1298880599 -8.64222 41.1287
1298880608 -8.64221 41.1287
1298880609 -8.64218 41.1287
1298880610 -8.64214 41.1286
1298880611 -8.64212 41.1286
1298880612 -8.64209 41.1286
1298880613 -8.64207 41.1286
1298880614 -8.64206 41.1286
1298880620 -8.64205 41.1286
1298880621 -8.64204 41.1286
1298880622 -8.64202 41.1286
1298880623 -8.642 41.1286
1298880624 -8.64196 41.1286
1298880625 -8.64192 41.1286
1298880626 -8.6419 41.1286
1298880628 -8.64189 41.1286
1298880629 -8.64188 41.1286
1298880631 -8.64187 41.1286
1298880632 -8.64186 41.1286
1298880636 -8.64185 41.1286
1298880640 -8.64184 41.1286
1298880642 -8.64183 41.1286
1298880643 -8.64182 41.1286
1298880644 -8.6418 41.1285
1298880645 -8.64179 41.1285
1298880646 -8.64178 41.1285
1298880647 -8.64175 41.1284
1298880648 -8.64173 41.1284
1298880649 -8.64172 41.1284
1298880651 -8.64174 41.1284
1298880653 -8.64175 41.1283
1298880654 -8.64176 41.1283
1298880655 -8.64177 41.1283
1298880656 -8.64178 41.1283
1298880657 -8.64179 41.1283
1298880664 -8.6418 41.1283
1298880674 -8.64172 41.1283
1298880675 -8.64167 41.1283
1298880676 -8.64163 41.1283
1298880677 -8.64159 41.1283
1298880678 -8.64157 41.1283
1298880679 -8.64155 41.1283
1298880680 -8.64154 41.1283
1298880681 -8.64153 41.1283
1298880686 -8.64152 41.1283
1298880687 -8.64151 41.1283
1298880699 -8.6415 41.1283
1298880703 -8.64149 41.1283
1298880708 -8.64148 41.1283
1298880714 -8.64146 41.1283
1298880715 -8.64143 41.1283
1298880716 -8.6414 41.1283
1298880717 -8.64138 41.1283
1298880718 -8.64137 41.1283
1298880719 -8.64136 41.1283
1298880720 -8.64135 41.1283
1298880721 -8.64134 41.1283
1298880722 -8.64133 41.1283
1298880723 -8.64132 41.1283
1298880724 -8.64131 41.1283
1298880730 -8.6413 41.1284
1298880734 -8.6413 41.1283
1298880735 -8.64129 41.1283
1298880737 -8.64128 41.1283
1298880738 -8.64126 41.1283
1298880739 -8.64123 41.1283
1298880740 -8.64126 41.1282
1298880741 -8.64124 41.1282
1298880742 -8.64123 41.1282
1298880744 -8.64122 41.1281
1298880754 -8.64124 41.1281
1298880755 -8.64125 41.1281
1298880756 -8.64126 41.1281
1298880758 -8.64123 41.1281
1298880759 -8.6412 41.1281
1298880760 -8.64115 41.128
1298880761 -8.6411 41.128
1298880762 -8.64104 41.128
1298880763 -8.641 41.128
1298880764 -8.64095 41.128
1298880765 -8.6409 41.128
1298880766 -8.64086 41.1279
1298880767 -8.64083 41.1279
1298880768 -8.64079 41.1279
1298880769 -8.64076 41.1279
1298880770 -8.64071 41.1279
1298880771 -8.64067 41.1279
1298880772 -8.64065 41.1279
1298880773 -8.64062 41.1279
1298880774 -8.64059 41.1279
1298880775 -8.64058 41.1279
1298880796 -8.64057 41.1279
1298880798 -8.64056 41.1279
1298880802 -8.64055 41.1279
1298880808 -8.64054 41.1279
1298880809 -8.64052 41.1279
1298880810 -8.6405 41.1279
1298880811 -8.64048 41.1279
1298880812 -8.64043 41.1278
1298880813 -8.6404 41.1278
1298880815 -8.64038 41.1278
1298880818 -8.64037 41.1278
1298880819 -8.64035 41.1278
1298880820 -8.64032 41.1278
1298880821 -8.64027 41.1278
1298880822 -8.64021 41.1278
1298880823 -8.64015 41.1277
1298880824 -8.6401 41.1277
1298880825 -8.64005 41.1277
1298880826 -8.64003 41.1277
1298880827 -8.64001 41.1277
1298880828 -8.64 41.1277
1298880829 -8.63999 41.1277
1298880830 -8.63998 41.1277
1298880831 -8.63996 41.1277
1298880832 -8.63994 41.1277
1298880833 -8.63992 41.1277
1298880834 -8.6399 41.1277
1298880835 -8.63987 41.1277
1298880836 -8.63986 41.1276
1298880837 -8.63984 41.1276
1298880838 -8.63982 41.1276
1298880839 -8.6398 41.1276
1298880840 -8.63978 41.1276
1298880841 -8.63974 41.1276
1298880842 -8.63969 41.1276
1298880843 -8.63965 41.1276
1298880844 -8.63959 41.1276
1298880845 -8.63954 41.1276
1298880846 -8.63949 41.1276
1298880847 -8.63946 41.1276
1298880848 -8.63943 41.1276
1298880849 -8.63941 41.1276
1298880851 -8.63938 41.1275
1298880852 -8.63936 41.1275
1298880854 -8.63935 41.1276
1298880856 -8.63934 41.1276
1298880858 -8.63933 41.1276
1298880860 -8.63932 41.1276
1298880861 -8.6393 41.1275
1298880862 -8.63927 41.1275
1298880863 -8.63924 41.1275
1298880864 -8.63922 41.1275
1298880865 -8.6392 41.1275
1298880866 -8.63917 41.1275
1298880867 -8.63915 41.1275
1298880868 -8.63914 41.1275
1298880879 -8.63912 41.1275
1298880880 -8.63911 41.1275
1298880881 -8.63908 41.1275
1298880882 -8.63905 41.1275
1298880883 -8.639 41.1275
1298880884 -8.63895 41.1274
1298880885 -8.63888 41.1274
1298880886 -8.63882 41.1274
1298880887 -8.63876 41.1274
1298880888 -8.63867 41.1274
1298880889 -8.63859 41.1273
1298880890 -8.63847 41.1273
1298880891 -8.63838 41.1272
1298880892 -8.63828 41.1272
1298880893 -8.63821 41.1272
1298880894 -8.63813 41.1271
1298880895 -8.63806 41.1272
1298880896 -8.63799 41.1272
1298880897 -8.63795 41.1273
1298880898 -8.63791 41.1273
1298880899 -8.63789 41.1274
1298880900 -8.63785 41.1275
1298880901 -8.63777 41.1276
1298880902 -8.63771 41.1277
1298880903 -8.63762 41.1278
1298880904 -8.6375 41.1279
1298880905 -8.63734 41.1279
1298880906 -8.63718 41.1279
1298880907 -8.63701 41.1279
1298880908 -8.63684 41.1279
1298880909 -8.63667 41.1279
1298880910 -8.63649 41.1278
1298880911 -8.63633 41.1278
1298880912 -8.63618 41.1278
1298880913 -8.63606 41.1277
1298880914 -8.63596 41.1276
1298880915 -8.6359 41.1275
1298880916 -8.63586 41.1273
1298880917 -8.63585 41.1272
1298880918 -8.63585 41.1271
1298880919 -8.63584 41.1269
1298880920 -8.63584 41.1268
1298880921 -8.63584 41.1266
1298880922 -8.63585 41.1264
1298880923 -8.63585 41.1263
1298880924 -8.63586 41.1261
1298880925 -8.63586 41.1259
1298880926 -8.63586 41.1257
1298880927 -8.63586 41.1255
1298880928 -8.63587 41.1253
1298880929 -8.63587 41.1251
1298880930 -8.63588 41.1249
1298880931 -8.63589 41.1246
1298880932 -8.63589 41.1244
1298880933 -8.6359 41.1241
1298880934 -8.63591 41.1239
1298880935 -8.63591 41.1236
1298880936 -8.63592 41.1234
1298880937 -8.63594 41.1231
1298880938 -8.63595 41.1229
1298880939 -8.63597 41.1226
1298880940 -8.63599 41.1223
1298880941 -8.63599 41.122
1298880942 -8.63597 41.1218
1298880943 -8.63592 41.1215
1298880944 -8.63585 41.1212
1298880945 -8.63576 41.121
1298880946 -8.63565 41.1207
1298880947 -8.63552 41.1205
1298880948 -8.63537 41.1202
1298880949 -8.63518 41.12
1298880950 -8.635 41.1198
1298880951 -8.63478 41.1196
1298880952 -8.63456 41.1194
1298880953 -8.63431 41.1192
1298880954 -8.63406 41.119
1298880955 -8.6338 41.1188
1298880956 -8.63354 41.1186
1298880957 -8.63326 41.1184
1298880958 -8.63299 41.1182
1298880959 -8.63271 41.118
1298880960 -8.63244 41.1178
1298880961 -8.63217 41.1176
1298880962 -8.6319 41.1175
1298880963 -8.63163 41.1173
1298880964 -8.63135 41.1171
1298880965 -8.63106 41.1169
1298880966 -8.63077 41.1168
1298880967 -8.63046 41.1166
1298880968 -8.63016 41.1165
1298880969 -8.62986 41.1163
1298880970 -8.62955 41.1162
1298880971 -8.62926 41.116
1298880972 -8.62897 41.1159
1298880973 -8.62867 41.1158
1298880974 -8.62838 41.1157
1298880975 -8.62809 41.1156
1298880976 -8.62781 41.1155
1298880977 -8.62753 41.1154
1298880978 -8.62726 41.1153
1298880979 -8.627 41.1152
1298880980 -8.62674 41.1152
1298880981 -8.62649 41.1151
1298880982 -8.62626 41.115
1298880983 -8.62605 41.115
1298880984 -8.62586 41.1149
1298880985 -8.62569 41.1149
1298880986 -8.62554 41.1148
1298880987 -8.6254 41.1148
1298880988 -8.62528 41.1147
1298880989 -8.6252 41.1146
1298880990 -8.62517 41.1145
1298880991 -8.62518 41.1144
1298880992 -8.62523 41.1143
1298880993 -8.62533 41.1142
1298880994 -8.62548 41.1141
1298880995 -8.62565 41.1141
1298880996 -8.62581 41.1141
1298880997 -8.62597 41.1141
1298880998 -8.62612 41.1142
1298880999 -8.62623 41.1143
1298881000 -8.62628 41.1144
1298881001 -8.62628 41.1146
1298881002 -8.62627 41.1147
1298881003 -8.62624 41.1149
1298881004 -8.6262 41.115
1298881005 -8.62616 41.1152
1298881006 -8.62611 41.1154
1298881007 -8.62607 41.1155
1298881008 -8.62602 41.1157
1298881009 -8.62598 41.1159
1298881010 -8.62592 41.116
1298881011 -8.62588 41.1162
1298881012 -8.62583 41.1164
1298881013 -8.62576 41.1166
1298881014 -8.62569 41.1168
1298881015 -8.62562 41.117
1298881016 -8.62555 41.1172
1298881017 -8.62547 41.1173
1298881018 -8.6254 41.1175
1298881019 -8.62533 41.1177
1298881020 -8.62525 41.1179
1298881021 -8.62516 41.1181
1298881022 -8.62506 41.1183
1298881023 -8.62495 41.1185
1298881024 -8.62484 41.1187
1298881025 -8.6247 41.1189
1298881026 -8.62455 41.1192
1298881027 -8.62439 41.1194
1298881028 -8.62423 41.1196
1298881029 -8.62404 41.1198
1298881030 -8.62385 41.12
1298881031 -8.62364 41.1202
1298881032 -8.6234 41.1205
1298881033 -8.62316 41.1207
1298881034 -8.6229 41.1209
1298881035 -8.62263 41.1211
1298881036 -8.62235 41.1212
1298881037 -8.62206 41.1214
1298881038 -8.62177 41.1215
1298881039 -8.62147 41.1217
1298881040 -8.62115 41.1218
1298881041 -8.62083 41.1219
1298881042 -8.6205 41.122
1298881043 -8.62016 41.1221
1298881044 -8.61981 41.1221
1298881045 -8.61946 41.1222
1298881046 -8.6191 41.1223
1298881047 -8.61875 41.1223
1298881048 -8.6184 41.1223
1298881049 -8.61804 41.1224
1298881050 -8.61768 41.1224
1298881051 -8.61731 41.1224
1298881052 -8.61694 41.1225
1298881053 -8.61657 41.1225
1298881054 -8.61621 41.1225
1298881055 -8.61585 41.1226
1298881056 -8.6155 41.1226
1298881057 -8.61515 41.1227
1298881058 -8.6148 41.1227
1298881059 -8.61446 41.1227
1298881060 -8.61411 41.1228
1298881061 -8.61377 41.1228
:break:
1298881069 -8.61118 41.1237
1298881070 -8.61089 41.1238
1298881071 -8.6106 41.124
1298881072 -8.61032 41.1241
1298881073 -8.61001 41.1242
1298881074 -8.60973 41.1243
1298881075 -8.60946 41.1244
1298881076 -8.60918 41.1245
1298881077 -8.60889 41.1246
1298881078 -8.60861 41.1248
1298881079 -8.60833 41.1249
1298881080 -8.60806 41.125
1298881081 -8.60779 41.1251
1298881082 -8.60753 41.1252
1298881083 -8.60725 41.1253
1298881084 -8.60696 41.1254
1298881085 -8.60668 41.1255
1298881086 -8.6064 41.1257
1298881087 -8.60612 41.1258
1298881088 -8.60586 41.1259
1298881089 -8.6056 41.126
:break:
1298881094 -8.6042 41.1265
1298881095 -8.60389 41.1266
1298881096 -8.60363 41.1267
1298881097 -8.60333 41.1268
1298881098 -8.60305 41.1269
1298881099 -8.60274 41.127
1298881100 -8.60243 41.1271
1298881101 -8.60212 41.1272
1298881102 -8.60181 41.1273
1298881103 -8.6015 41.1273
1298881104 -8.60119 41.1274
1298881105 -8.60087 41.1275
1298881106 -8.60054 41.1275
1298881107 -8.60023 41.1276
1298881108 -8.59992 41.1276
1298881109 -8.59961 41.1276
1298881110 -8.59929 41.1276
1298881111 -8.59897 41.1277
1298881112 -8.59864 41.1277
1298881113 -8.59831 41.1277
1298881114 -8.59799 41.1277
1298881115 -8.59765 41.1277
1298881116 -8.59733 41.1277
1298881117 -8.597 41.1277
1298881118 -8.59666 41.1277
1298881119 -8.59632 41.1277
1298881120 -8.59598 41.1277
1298881121 -8.59565 41.1278
1298881122 -8.59531 41.1278
1298881123 -8.59499 41.1279
1298881124 -8.59467 41.128
1298881125 -8.59436 41.1281
1298881126 -8.59406 41.1282
1298881127 -8.59377 41.1283
1298881128 -8.59348 41.1284
1298881129 -8.5932 41.1286
1298881130 -8.59293 41.1287
1298881131 -8.59268 41.1289
1298881132 -8.59244 41.1291
1298881133 -8.59221 41.1293
1298881134 -8.59199 41.1295
1298881135 -8.59179 41.1297
1298881136 -8.59159 41.1299
1298881137 -8.59139 41.1301
1298881138 -8.5912 41.1303
1298881139 -8.591 41.1305
1298881140 -8.59081 41.1307
1298881141 -8.5906 41.1309
1298881142 -8.59038 41.1311
1298881143 -8.59016 41.1312
1298881144 -8.58992 41.1314
1298881145 -8.58968 41.1315
1298881146 -8.58943 41.1317
1298881147 -8.58918 41.1318
1298881148 -8.58892 41.1319
1298881149 -8.58866 41.1321
1298881150 -8.58841 41.1322
1298881151 -8.58816 41.1323
1298881152 -8.58791 41.1324
1298881153 -8.58766 41.1326
1298881154 -8.58741 41.1327
1298881155 -8.58717 41.1328
1298881156 -8.58692 41.133
1298881157 -8.58666 41.1331
1298881158 -8.58641 41.1332
1298881159 -8.58615 41.1333
1298881160 -8.5859 41.1334
1298881161 -8.58566 41.1336
1298881162 -8.58541 41.1337
1298881163 -8.58516 41.1338
1298881164 -8.58491 41.1339
1298881165 -8.58467 41.1341
1298881166 -8.58442 41.1342
1298881167 -8.58416 41.1343
1298881168 -8.58392 41.1344
1298881169 -8.58367 41.1346
1298881170 -8.58341 41.1347
1298881171 -8.58315 41.1348
1298881172 -8.58287 41.1349
1298881173 -8.58259 41.1349
1298881174 -8.58231 41.135
1298881175 -8.58202 41.135
1298881176 -8.58173 41.1351
1298881177 -8.58146 41.1351
1298881178 -8.58118 41.1352
1298881179 -8.58091 41.1352
1298881180 -8.58065 41.1353
1298881181 -8.58041 41.1355
1298881182 -8.58019 41.1356
1298881183 -8.58001 41.1358
1298881184 -8.57984 41.1359
1298881185 -8.57971 41.1361
1298881186 -8.57961 41.1363
1298881187 -8.57953 41.1365
1298881188 -8.57949 41.1367
1298881189 -8.57948 41.1369
1298881190 -8.57951 41.1371
1298881191 -8.57956 41.1373
1298881192 -8.57964 41.1375
1298881193 -8.57975 41.1377
1298881194 -8.57988 41.1378
1298881195 -8.58003 41.138
1298881196 -8.58019 41.1381
1298881197 -8.58034 41.1383
1298881198 -8.58046 41.1385
1298881199 -8.58054 41.1386
1298881200 -8.58058 41.1388
