:break:
1298880183 -8.64913 41.1546
1298880193 -8.64912 41.1546
1298880221 -8.64911 41.1546
1298880225 -8.6491 41.1546
1298880235 -8.64909 41.1546
1298880300 -8.64914 41.1546
1298880351 -8.64915 41.1546
1298880359 -8.64915 41.1545
1298880360 -8.64914 41.1545
1298880364 -8.64913 41.1545
1298880396 -8.64912 41.1545
1298880540 -8.64916 41.1546
1298880550 -8.64917 41.1546
1298880723 -8.64911 41.1545
1298880735 -8.64914 41.1544
1298880736 -8.64915 41.1544
1298880737 -8.64917 41.1544
1298880738 -8.6492 41.1544
1298880739 -8.64922 41.1544
1298880740 -8.64926 41.1544
1298880741 -8.64928 41.1544
1298880742 -8.6493 41.1544
1298880743 -8.64931 41.1544
1298880744 -8.64932 41.1544
1298880745 -8.64932 41.1543
1298880746 -8.64933 41.1543
1298880749 -8.64931 41.1543
1298880780 -8.64934 41.1543
1298880784 -8.64935 41.1543
1298880820 -8.64936 41.1543
1298880826 -8.64937 41.1543
1298880850 -8.64938 41.1543
1298880851 -8.64939 41.1543
1298880920 -8.6494 41.1543
1298880922 -8.64942 41.1543
1298880923 -8.64946 41.1543
1298880924 -8.6495 41.1543
1298880925 -8.64956 41.1543
1298880926 -8.64961 41.1543
1298880927 -8.64968 41.1543
1298880928 -8.64975 41.1543
1298880929 -8.64983 41.1543
1298880930 -8.64989 41.1542
1298880931 -8.64995 41.1542
1298880932 -8.65002 41.1542
1298880933 -8.65007 41.1542
1298880934 -8.65012 41.1542
1298880935 -8.65014 41.1542
1298880936 -8.65015 41.1542
1298880937 -8.65015 41.1541
1298880938 -8.65016 41.1541
1298880947 -8.65018 41.154
1298880948 -8.65022 41.154
1298880949 -8.65026 41.1539
1298880950 -8.6503 41.1539
1298880951 -8.6503 41.1538
1298880952 -8.65026 41.1538
1298880953 -8.65018 41.1538
1298880954 -8.65011 41.1538
1298880955 -8.65003 41.1538
1298880956 -8.64995 41.1538
1298880957 -8.64985 41.1539
1298880958 -8.64975 41.1539
1298880959 -8.64963 41.1539
1298880960 -8.64951 41.154
1298880961 -8.6494 41.154
1298880962 -8.64928 41.154
1298880963 -8.64915 41.154
1298880964 -8.64903 41.1541
1298880965 -8.6489 41.1541
1298880966 -8.64879 41.1541
1298880967 -8.64871 41.1541
1298880968 -8.64865 41.1541
1298880969 -8.6486 41.1541
1298880970 -8.64857 41.1541
1298880971 -8.64855 41.1541
1298880974 -8.64853 41.1541
1298880975 -8.64851 41.1541
1298880976 -8.64844 41.1541
1298880977 -8.64837 41.1541
1298880978 -8.64829 41.1541
1298880979 -8.64819 41.1542
1298880980 -8.64807 41.1542
1298880981 -8.64795 41.1542
1298880982 -8.64781 41.1542
1298880983 -8.64768 41.1542
1298880984 -8.64754 41.1542
1298880985 -8.6474 41.1542
1298880986 -8.64724 41.1542
1298880987 -8.64708 41.1542
1298880988 -8.64692 41.1542
1298880989 -8.64676 41.1542
1298880990 -8.6466 41.1542
1298880991 -8.64644 41.1542
1298880992 -8.64631 41.1542
1298880993 -8.64619 41.1543
1298880994 -8.64611 41.1543
1298880995 -8.64604 41.1543
1298880996 -8.64599 41.1542
1298880997 -8.64596 41.1542
1298880998 -8.64595 41.1541
1298880999 -8.64594 41.1541
1298881000 -8.64595 41.154
1298881001 -8.64596 41.1539
1298881003 -8.64595 41.1538
1298881004 -8.64593 41.1538
1298881005 -8.64591 41.1537
1298881006 -8.64588 41.1537
1298881007 -8.64584 41.1536
1298881008 -8.6458 41.1536
1298881009 -8.64575 41.1535
1298881010 -8.6457 41.1535
1298881011 -8.64565 41.1534
1298881012 -8.6456 41.1534
1298881013 -8.64554 41.1533
1298881014 -8.6455 41.1533
1298881015 -8.64545 41.1533
1298881016 -8.64543 41.1532
1298881017 -8.64541 41.1532
1298881018 -8.64539 41.1532
1298881019 -8.64537 41.1532
1298881020 -8.64535 41.1532
1298881021 -8.64533 41.1531
1298881022 -8.64529 41.1531
1298881023 -8.64526 41.1531
1298881024 -8.64522 41.153
1298881025 -8.6452 41.153
1298881026 -8.64519 41.1529
1298881027 -8.64518 41.1529
1298881034 -8.6452 41.1529
1298881035 -8.64521 41.1529
1298881038 -8.64518 41.153
1298881039 -8.64517 41.153
1298881042 -8.64518 41.1531
1298881043 -8.6452 41.1531
1298881044 -8.64523 41.1531
1298881046 -8.64528 41.1532
1298881047 -8.64529 41.1532
1298881048 -8.64531 41.1532
1298881049 -8.64533 41.1532
1298881051 -8.64536 41.1532
1298881055 -8.64534 41.1532
1298881059 -8.64532 41.1532
1298881095 -8.64547 41.1533
1298881097 -8.6456 41.1533
1298881099 -8.64572 41.1535
1298881100 -8.64578 41.1535
1298881102 -8.64589 41.1537
1298881105 -8.64597 41.154
1298881107 -8.64597 41.1541
1298881109 -8.64597 41.1542
1298881111 -8.64598 41.1542
1298881118 -8.64598 41.1543
1298881119 -8.64597 41.1543
1298881124 -8.64596 41.1543
1298881142 -8.64599 41.1543
1298881148 -8.6459 41.1543
1298881149 -8.64582 41.1543
1298881150 -8.64572 41.1544
1298881151 -8.64563 41.1544
1298881152 -8.64552 41.1544
1298881153 -8.64539 41.1544
1298881154 -8.64527 41.1544
1298881155 -8.64516 41.1545
1298881156 -8.64507 41.1546
1298881157 -8.64489 41.1546
1298881158 -8.64471 41.1545
1298881159 -8.64455 41.1545
1298881160 -8.64438 41.1545
1298881161 -8.64423 41.1545
1298881162 -8.64409 41.1545
1298881163 -8.64395 41.1545
1298881164 -8.64382 41.1545
1298881165 -8.64371 41.1544
1298881166 -8.64361 41.1544
1298881167 -8.64347 41.1543
1298881168 -8.64336 41.1543
1298881169 -8.64324 41.1543
1298881170 -8.64313 41.1543
1298881171 -8.64302 41.1542
1298881172 -8.64292 41.1542
1298881173 -8.64283 41.1542
1298881174 -8.64272 41.1541
1298881175 -8.64262 41.1541
1298881176 -8.64252 41.1541
1298881177 -8.64242 41.1541
1298881178 -8.64233 41.154
1298881179 -8.64223 41.154
1298881180 -8.64214 41.154
1298881181 -8.64204 41.1539
1298881182 -8.64194 41.1539
1298881183 -8.64184 41.1539
1298881184 -8.64175 41.1538
1298881185 -8.64166 41.1538
1298881186 -8.64158 41.1538
1298881187 -8.64153 41.1538
1298881188 -8.64148 41.1538
1298881189 -8.64145 41.1538
1298881190 -8.64143 41.1538
1298881191 -8.64141 41.1538
1298881194 -8.64142 41.1538
1298881199 -8.6414 41.1538
1298881200 -8.6414 41.1538
