:break:
1298880759 -8.64242 41.1703
1298880760 -8.64242 41.1703
1298880761 -8.64242 41.1703
1298880762 -8.64242 41.1703
1298880763 -8.64242 41.1703
1298880764 -8.64242 41.1703
1298880765 -8.64241 41.1703
1298880766 -8.64241 41.1703
1298880767 -8.64241 41.1703
1298880768 -8.64241 41.1703
1298880769 -8.64242 41.1703
1298880770 -8.64241 41.1703
1298880771 -8.64241 41.1703
1298880772 -8.64239 41.1703
1298880773 -8.64239 41.1703
1298880774 -8.64239 41.1703
1298880775 -8.64239 41.1703
1298880776 -8.64239 41.1703
1298880777 -8.64239 41.1703
1298880778 -8.64239 41.1703
1298880779 -8.64239 41.1703
1298880780 -8.64239 41.1703
1298880781 -8.6424 41.1703
1298880782 -8.6424 41.1703
1298880783 -8.64241 41.1703
1298880784 -8.64241 41.1703
1298880785 -8.64241 41.1703
1298880786 -8.64242 41.1703
1298880787 -8.64242 41.1703
1298880788 -8.64241 41.1703
1298880789 -8.64239 41.1704
1298880790 -8.64236 41.1704
1298880791 -8.64232 41.1704
1298880792 -8.64229 41.1704
1298880793 -8.64223 41.1705
1298880794 -8.64219 41.1705
1298880795 -8.64214 41.1706
1298880796 -8.6421 41.1706
1298880797 -8.64207 41.1707
1298880798 -8.64206 41.1708
1298880799 -8.64207 41.1708
1298880800 -8.64208 41.1709
1298880801 -8.64209 41.171
1298880802 -8.64211 41.171
1298880803 -8.64212 41.1711
1298880804 -8.64214 41.1712
1298880805 -8.64215 41.1713
1298880806 -8.64217 41.1714
1298880807 -8.6422 41.1714
1298880808 -8.64221 41.1715
1298880809 -8.64222 41.1716
1298880810 -8.64226 41.1717
1298880811 -8.64229 41.1717
1298880812 -8.64231 41.1718
1298880813 -8.64235 41.1719
1298880814 -8.64239 41.172
1298880815 -8.64244 41.172
1298880816 -8.6425 41.1721
1298880817 -8.64256 41.1722
1298880818 -8.64263 41.1723
1298880819 -8.6427 41.1723
1298880820 -8.64278 41.1724
1298880821 -8.64287 41.1725
1298880822 -8.64296 41.1726
1298880823 -8.64305 41.1727
1298880824 -8.64315 41.1727
1298880825 -8.64326 41.1728
1298880826 -8.64336 41.1729
1298880827 -8.64345 41.173
1298880828 -8.64355 41.173
1298880829 -8.64365 41.1731
1298880830 -8.64374 41.1732
1298880831 -8.64385 41.1733
1298880832 -8.64395 41.1734
1298880833 -8.64404 41.1734
1298880834 -8.64414 41.1735
1298880835 -8.64424 41.1736
1298880836 -8.64435 41.1737
1298880837 -8.64446 41.1738
1298880838 -8.64455 41.1739
1298880839 -8.64466 41.1739
1298880840 -8.64477 41.174
1298880841 -8.64488 41.1741
1298880842 -8.64499 41.1742
1298880843 -8.6451 41.1743
1298880844 -8.64522 41.1744
1298880845 -8.64532 41.1745
1298880846 -8.6454 41.1746
1298880847 -8.64545 41.1746
1298880848 -8.64548 41.1746
1298880849 -8.64549 41.1747
1298880850 -8.64548 41.1747
1298880851 -8.64547 41.1747
1298880852 -8.64546 41.1746
1298880853 -8.64545 41.1746
1298880854 -8.64544 41.1746
1298880855 -8.64543 41.1746
1298880856 -8.64541 41.1746
1298880857 -8.6454 41.1746
1298880858 -8.64538 41.1746
1298880859 -8.64536 41.1746
1298880860 -8.64536 41.1745
1298880861 -8.64534 41.1745
1298880862 -8.64532 41.1745
1298880863 -8.6453 41.1745
1298880864 -8.64528 41.1745
1298880865 -8.64527 41.1745
1298880866 -8.64525 41.1744
1298880867 -8.64523 41.1744
1298880868 -8.64522 41.1744
1298880869 -8.64521 41.1744
1298880870 -8.64522 41.1744
1298880871 -8.64521 41.1745
1298880872 -8.64518 41.1745
1298880873 -8.64513 41.1745
1298880874 -8.64505 41.1746
1298880875 -8.64497 41.1746
1298880876 -8.64487 41.1747
1298880877 -8.64477 41.1748
1298880878 -8.64466 41.1748
1298880879 -8.64455 41.1749
1298880880 -8.64445 41.175
1298880881 -8.64434 41.175
1298880882 -8.64421 41.1751
1298880883 -8.6441 41.1752
1298880884 -8.64396 41.1752
1298880885 -8.64387 41.1753
1298880886 -8.64378 41.1754
1298880887 -8.64368 41.1754
1298880888 -8.64359 41.1755
1298880889 -8.64353 41.1755
1298880890 -8.6435 41.1756
1298880891 -8.64351 41.1756
1298880892 -8.64356 41.1757
1298880893 -8.6436 41.1757
1298880894 -8.64367 41.1758
1298880895 -8.64373 41.1758
1298880896 -8.6438 41.1759
1298880897 -8.64385 41.176
1298880898 -8.64391 41.176
1298880899 -8.64392 41.1761
1298880900 -8.64392 41.1762
1298880901 -8.64391 41.1762
1298880902 -8.64386 41.1763
1298880903 -8.64382 41.1764
1298880904 -8.64378 41.1764
1298880905 -8.64374 41.1765
1298880906 -8.64371 41.1766
1298880907 -8.64366 41.1767
1298880908 -8.64363 41.1768
1298880909 -8.64357 41.1769
1298880910 -8.64353 41.1769
1298880911 -8.64349 41.177
1298880912 -8.64346 41.1771
1298880913 -8.64344 41.1771
1298880914 -8.64344 41.1772
1298880915 -8.64345 41.1772
1298880916 -8.64345 41.1773
1298880917 -8.64344 41.1773
1298880918 -8.64341 41.1773
1298880919 -8.64337 41.1773
1298880920 -8.6433 41.1774
1298880921 -8.64323 41.1774
1298880922 -8.64315 41.1775
1298880923 -8.64306 41.1775
1298880924 -8.64297 41.1776
1298880925 -8.64288 41.1777
1298880926 -8.64279 41.1777
1298880927 -8.64271 41.1778
1298880928 -8.64263 41.1778
1298880929 -8.64256 41.1778
1298880930 -8.64248 41.1779
1298880931 -8.64242 41.1779
1298880932 -8.64236 41.1779
1298880933 -8.6423 41.1779
1298880934 -8.64226 41.1779
1298880935 -8.64221 41.1779
1298880936 -8.64214 41.1779
1298880937 -8.64208 41.1779
1298880938 -8.64202 41.1779
1298880939 -8.64194 41.1778
1298880940 -8.64187 41.1778
1298880941 -8.6418 41.1777
1298880942 -8.64172 41.1776
1298880943 -8.64165 41.1776
1298880944 -8.64157 41.1775
1298880945 -8.64149 41.1775
1298880946 -8.64142 41.1774
1298880947 -8.64136 41.1773
1298880948 -8.6413 41.1773
1298880949 -8.64124 41.1772
1298880950 -8.64119 41.1771
1298880951 -8.64113 41.177
1298880952 -8.64108 41.177
1298880953 -8.64103 41.1769
1298880954 -8.64096 41.1768
1298880955 -8.64092 41.1767
1298880956 -8.64087 41.1767
1298880957 -8.64086 41.1766
1298880958 -8.64086 41.1765
1298880959 -8.64086 41.1764
1298880960 -8.6409 41.1764
1298880961 -8.64095 41.1763
1298880962 -8.64099 41.1763
1298880963 -8.64105 41.1762
1298880964 -8.6411 41.1761
1298880965 -8.64115 41.1761
1298880966 -8.6412 41.176
1298880967 -8.64125 41.176
1298880968 -8.6413 41.1759
1298880969 -8.64134 41.1759
1298880970 -8.64139 41.1758
1298880971 -8.64142 41.1758
1298880972 -8.64147 41.1757
1298880973 -8.64149 41.1757
1298880974 -8.64151 41.1756
1298880975 -8.64154 41.1755
1298880976 -8.64156 41.1755
1298880977 -8.64159 41.1754
1298880978 -8.64165 41.1754
1298880979 -8.6417 41.1753
1298880980 -8.64175 41.1753
1298880981 -8.6418 41.1752
1298880982 -8.64184 41.1752
1298880983 -8.64186 41.1751
1298880984 -8.64189 41.1751
1298880985 -8.6419 41.175
1298880986 -8.64192 41.1749
1298880987 -8.64193 41.1749
1298880988 -8.64193 41.1748
1298880989 -8.64193 41.1747
1298880990 -8.64192 41.1747
1298880991 -8.6419 41.1746
1298880992 -8.64184 41.1746
1298880993 -8.64178 41.1746
1298880994 -8.64171 41.1745
1298880995 -8.64164 41.1745
1298880996 -8.64157 41.1744
1298880997 -8.6415 41.1744
1298880998 -8.64144 41.1743
1298880999 -8.64139 41.1742
1298881000 -8.64133 41.1742
1298881001 -8.64128 41.1741
1298881002 -8.64122 41.1741
1298881003 -8.64113 41.1741
1298881004 -8.64105 41.1741
1298881005 -8.64097 41.174
1298881006 -8.6409 41.174
1298881007 -8.64085 41.174
1298881008 -8.64079 41.174
1298881009 -8.64074 41.174
1298881010 -8.64069 41.174
1298881011 -8.64066 41.1739
1298881012 -8.64062 41.1739
1298881013 -8.64058 41.1739
1298881014 -8.64054 41.1738
1298881015 -8.6405 41.1738
1298881016 -8.64047 41.1737
1298881017 -8.64044 41.1737
1298881018 -8.6404 41.1736
1298881019 -8.64036 41.1736
1298881020 -8.64032 41.1735
1298881021 -8.64028 41.1734
1298881022 -8.64023 41.1734
1298881023 -8.64017 41.1733
1298881024 -8.64013 41.1732
1298881025 -8.64006 41.1732
1298881026 -8.64001 41.1731
1298881027 -8.63996 41.173
1298881028 -8.63989 41.173
1298881029 -8.63983 41.1729
1298881030 -8.63977 41.1728
1298881031 -8.6397 41.1727
1298881032 -8.63965 41.1727
1298881033 -8.63959 41.1726
1298881034 -8.63953 41.1725
1298881035 -8.63949 41.1724
1298881036 -8.63943 41.1723
1298881037 -8.63939 41.1722
1298881038 -8.63934 41.1721
1298881039 -8.6393 41.172
1298881040 -8.63926 41.172
1298881041 -8.63922 41.1719
1298881042 -8.63917 41.1718
1298881043 -8.63913 41.1717
1298881044 -8.63907 41.1716
1298881045 -8.63902 41.1715
1298881046 -8.63897 41.1714
1298881047 -8.63891 41.1714
1298881048 -8.63886 41.1713
1298881049 -8.63879 41.1712
1298881050 -8.63872 41.1711
1298881051 -8.63866 41.1711
1298881052 -8.6386 41.171
1298881053 -8.63853 41.1709
1298881054 -8.63848 41.1709
1298881055 -8.63842 41.1708
1298881056 -8.63834 41.1708
1298881057 -8.63827 41.1707
1298881058 -8.63819 41.1707
1298881059 -8.63811 41.1707
1298881060 -8.63804 41.1707
1298881061 -8.63796 41.1707
1298881062 -8.63788 41.1707
1298881063 -8.6378 41.1707
1298881064 -8.63771 41.1707
1298881065 -8.63762 41.1707
1298881066 -8.63753 41.1708
1298881067 -8.63744 41.1708
1298881068 -8.63734 41.1708
1298881069 -8.63725 41.1709
1298881070 -8.63712 41.1709
1298881071 -8.637 41.1709
1298881072 -8.63689 41.171
1298881073 -8.63678 41.171
1298881074 -8.63667 41.1711
1298881075 -8.63655 41.1711
1298881076 -8.63643 41.1711
1298881077 -8.63631 41.1712
1298881078 -8.63618 41.1712
1298881079 -8.63606 41.1713
1298881080 -8.63595 41.1713
1298881081 -8.63583 41.1714
1298881082 -8.63572 41.1714
1298881083 -8.63558 41.1715
1298881084 -8.63546 41.1715
1298881085 -8.63533 41.1715
1298881086 -8.6352 41.1715
1298881087 -8.63507 41.1716
1298881088 -8.63494 41.1716
1298881089 -8.63482 41.1716
1298881090 -8.63469 41.1717
1298881091 -8.63457 41.1717
1298881092 -8.63446 41.1717
1298881093 -8.63434 41.1718
1298881094 -8.63423 41.1718
1298881095 -8.63412 41.1718
1298881096 -8.634 41.1718
1298881097 -8.63387 41.1718
1298881098 -8.63376 41.1719
1298881099 -8.63366 41.1719
1298881100 -8.63357 41.1719
1298881101 -8.63349 41.1719
1298881102 -8.63342 41.172
1298881103 -8.63336 41.172
1298881104 -8.63331 41.1721
1298881105 -8.63329 41.1721
1298881106 -8.63328 41.1722
1298881107 -8.63327 41.1722
1298881108 -8.63326 41.1723
1298881109 -8.63327 41.1724
1298881110 -8.63329 41.1724
1298881111 -8.63331 41.1725
1298881112 -8.63335 41.1726
1298881113 -8.63337 41.1726
1298881114 -8.63339 41.1726
1298881115 -8.63339 41.1727
1298881116 -8.6334 41.1727
1298881117 -8.6334 41.1727
1298881118 -8.6334 41.1727
1298881119 -8.6334 41.1727
1298881120 -8.63339 41.1727
1298881121 -8.63339 41.1727
1298881122 -8.63339 41.1727
1298881123 -8.63339 41.1727
1298881124 -8.63339 41.1727
1298881125 -8.63338 41.1727
1298881126 -8.63338 41.1727
1298881127 -8.63339 41.1727
1298881128 -8.63339 41.1727
1298881129 -8.63341 41.1728
1298881130 -8.63343 41.1728
1298881131 -8.63346 41.1729
1298881132 -8.63348 41.1729
1298881133 -8.63351 41.173
1298881134 -8.63355 41.173
1298881135 -8.63357 41.1731
1298881136 -8.63359 41.1731
1298881137 -8.63359 41.1732
1298881138 -8.63357 41.1732
1298881139 -8.63353 41.1732
1298881140 -8.63348 41.1732
1298881141 -8.63342 41.1732
1298881142 -8.63338 41.1732
1298881143 -8.63335 41.1731
1298881144 -8.63331 41.1731
1298881145 -8.63329 41.173
1298881146 -8.63324 41.1729
1298881147 -8.63321 41.1729
1298881148 -8.63317 41.1728
1298881149 -8.63313 41.1727
1298881150 -8.6331 41.1726
1298881151 -8.63306 41.1725
1298881152 -8.63302 41.1724
1298881153 -8.63298 41.1723
1298881154 -8.63294 41.1722
1298881155 -8.63291 41.1721
1298881156 -8.63286 41.172
1298881157 -8.63283 41.1719
1298881158 -8.63277 41.1718
1298881159 -8.63273 41.1716
1298881160 -8.63268 41.1715
1298881161 -8.63264 41.1714
1298881162 -8.63259 41.1713
1298881163 -8.63255 41.1712
1298881164 -8.6325 41.1711
1298881165 -8.63247 41.171
1298881166 -8.63243 41.1708
1298881167 -8.6324 41.1707
1298881168 -8.63236 41.1706
1298881169 -8.63232 41.1705
1298881170 -8.6323 41.1704
1298881171 -8.63226 41.1703
1298881172 -8.63223 41.1702
1298881173 -8.63221 41.1701
1298881174 -8.63219 41.17
1298881175 -8.63218 41.17
1298881176 -8.63216 41.1699
1298881177 -8.63214 41.1699
1298881178 -8.63212 41.1698
1298881179 -8.63207 41.1698
1298881180 -8.63204 41.1699
1298881181 -8.63201 41.1699
1298881182 -8.63197 41.17
1298881183 -8.63194 41.17
1298881184 -8.6319 41.1701
1298881185 -8.63185 41.1701
1298881186 -8.63178 41.1702
1298881187 -8.63171 41.1703
1298881188 -8.63163 41.1703
1298881189 -8.63155 41.1703
1298881190 -8.63147 41.1704
1298881191 -8.6314 41.1704
1298881192 -8.63133 41.1703
1298881193 -8.63128 41.1703
1298881194 -8.63124 41.1703
1298881195 -8.63123 41.1702
1298881196 -8.63121 41.1701
1298881197 -8.63118 41.1701
1298881198 -8.63115 41.1701
1298881199 -8.63113 41.17
1298881200 -8.6311 41.17
