:break:
1298880085 -8.56023 41.2031
1298880086 -8.56009 41.2032
1298880087 -8.55995 41.2032
1298880088 -8.55982 41.2033
1298880089 -8.55968 41.2033
1298880090 -8.55957 41.2033
1298880091 -8.55946 41.2033
1298880092 -8.55937 41.2033
1298880093 -8.55931 41.2033
1298880094 -8.55926 41.2033
1298880095 -8.55922 41.2033
1298880096 -8.55922 41.2033
1298880097 -8.55923 41.2032
1298880098 -8.55924 41.2032
1298880099 -8.55926 41.2032
1298880100 -8.55928 41.2031
1298880101 -8.5593 41.2031
1298880102 -8.55932 41.203
1298880103 -8.55935 41.2029
1298880104 -8.55938 41.2028
1298880105 -8.55941 41.2027
1298880106 -8.55945 41.2026
1298880107 -8.5595 41.2024
1298880108 -8.55954 41.2023
1298880109 -8.5596 41.2022
1298880110 -8.55968 41.2021
1298880111 -8.55976 41.202
1298880112 -8.55986 41.2019
1298880113 -8.55996 41.2018
1298880114 -8.56007 41.2017
1298880115 -8.56019 41.2016
1298880116 -8.56031 41.2015
1298880117 -8.56048 41.2014
1298880118 -8.56065 41.2013
1298880119 -8.56079 41.2012
1298880120 -8.56094 41.2012
1298880121 -8.56108 41.2011
1298880122 -8.56118 41.201
1298880123 -8.56124 41.2009
1298880124 -8.56129 41.2008
1298880125 -8.56134 41.2007
1298880126 -8.56138 41.2006
1298880127 -8.56139 41.2005
1298880128 -8.5614 41.2004
1298880129 -8.56141 41.2003
1298880130 -8.56141 41.2002
1298880131 -8.56142 41.2001
1298880132 -8.56142 41.2
1298880133 -8.56141 41.1999
1298880134 -8.56138 41.1998
1298880135 -8.56135 41.1997
1298880136 -8.56129 41.1996
1298880137 -8.56122 41.1995
1298880138 -8.56114 41.1994
1298880139 -8.56105 41.1993
1298880140 -8.56097 41.1992
1298880141 -8.56089 41.1991
1298880142 -8.56081 41.199
1298880143 -8.56074 41.1989
1298880144 -8.56067 41.1988
1298880145 -8.56062 41.1987
1298880146 -8.56058 41.1986
1298880147 -8.56053 41.1985
1298880148 -8.56048 41.1983
1298880149 -8.56044 41.1982
1298880150 -8.56039 41.1981
1298880151 -8.56035 41.198
1298880152 -8.5603 41.1979
1298880153 -8.56027 41.1978
1298880154 -8.56024 41.1977
1298880155 -8.56023 41.1976
1298880156 -8.56024 41.1974
1298880157 -8.56026 41.1973
1298880158 -8.56028 41.1972
1298880159 -8.5603 41.1971
1298880160 -8.56031 41.197
1298880161 -8.56034 41.1968
1298880162 -8.56036 41.1967
1298880163 -8.56038 41.1966
1298880164 -8.56039 41.1964
1298880165 -8.56041 41.1963
1298880166 -8.56044 41.1961
1298880167 -8.56046 41.196
1298880168 -8.56048 41.1958
1298880169 -8.56049 41.1956
1298880170 -8.56052 41.1955
1298880171 -8.56054 41.1953
1298880172 -8.56057 41.1952
1298880173 -8.56059 41.195
1298880174 -8.56061 41.1948
1298880175 -8.56064 41.1947
1298880176 -8.56066 41.1945
1298880177 -8.56068 41.1943
1298880178 -8.56071 41.1942
1298880179 -8.56073 41.194
1298880180 -8.56075 41.1939
1298880181 -8.56076 41.1937
1298880182 -8.56076 41.1936
1298880183 -8.56076 41.1934
1298880184 -8.56073 41.1933
1298880185 -8.56068 41.1931
1298880186 -8.56062 41.193
1298880187 -8.56054 41.1929
1298880188 -8.56047 41.1927
1298880189 -8.56038 41.1926
1298880190 -8.5603 41.1925
1298880191 -8.56021 41.1923
1298880192 -8.56013 41.1922
1298880193 -8.56004 41.1921
1298880194 -8.55997 41.1919
1298880195 -8.5599 41.1918
1298880196 -8.55985 41.1917
1298880197 -8.55982 41.1916
1298880198 -8.55983 41.1915
1298880199 -8.55985 41.1914
1298880200 -8.55987 41.1913
1298880201 -8.55987 41.1912
1298880202 -8.55983 41.1911
1298880203 -8.55975 41.191
1298880204 -8.55965 41.1909
1298880205 -8.55956 41.1908
1298880206 -8.55946 41.1907
1298880207 -8.55937 41.1906
1298880208 -8.55926 41.1905
1298880209 -8.55916 41.1904
1298880210 -8.55906 41.1903
1298880211 -8.55896 41.1902
1298880212 -8.55886 41.1901
1298880213 -8.55875 41.19
1298880214 -8.55864 41.1899
1298880215 -8.55854 41.1898
1298880216 -8.55844 41.1897
1298880217 -8.55834 41.1897
1298880218 -8.55825 41.1896
1298880219 -8.55819 41.1895
1298880220 -8.55814 41.1894
1298880221 -8.55812 41.1893
1298880222 -8.55811 41.1893
1298880223 -8.55812 41.1892
1298880224 -8.55814 41.1891
1298880225 -8.55816 41.1891
1298880226 -8.55819 41.189
1298880227 -8.55822 41.1889
1298880228 -8.55824 41.1889
1298880229 -8.55827 41.1888
1298880230 -8.55829 41.1887
1298880231 -8.55832 41.1887
1298880232 -8.55833 41.1886
1298880233 -8.55835 41.1885
1298880234 -8.55837 41.1884
1298880235 -8.5584 41.1884
1298880236 -8.55842 41.1883
1298880237 -8.55844 41.1882
1298880238 -8.55845 41.1881
1298880239 -8.55846 41.188
1298880240 -8.55845 41.1879
1298880241 -8.55845 41.1878
1298880242 -8.55843 41.1877
1298880243 -8.55841 41.1876
1298880244 -8.55838 41.1875
1298880245 -8.55835 41.1873
1298880246 -8.55832 41.1872
1298880247 -8.55831 41.1872
1298880248 -8.5583 41.1871
1298880249 -8.55828 41.187
1298880250 -8.55825 41.1869
1298880251 -8.55822 41.1868
1298880252 -8.55817 41.1867
1298880253 -8.55814 41.1866
1298880254 -8.5581 41.1865
1298880255 -8.55805 41.1865
1298880256 -8.558 41.1864
1298880257 -8.55796 41.1863
1298880258 -8.55791 41.1863
1298880259 -8.55787 41.1862
1298880260 -8.55782 41.1861
1298880261 -8.55779 41.186
1298880262 -8.55776 41.1859
1298880263 -8.55773 41.1858
1298880264 -8.55771 41.1857
1298880265 -8.5577 41.1857
1298880266 -8.5577 41.1856
1298880267 -8.55769 41.1856
1298880268 -8.55769 41.1856
1298880269 -8.55769 41.1856
1298880270 -8.55768 41.1856
1298880271 -8.55768 41.1855
1298880272 -8.55767 41.1855
1298880273 -8.55767 41.1855
1298880274 -8.55766 41.1855
1298880275 -8.55765 41.1854
1298880276 -8.55764 41.1854
1298880277 -8.55763 41.1853
1298880278 -8.55762 41.1853
1298880279 -8.55761 41.1852
1298880280 -8.55761 41.1852
1298880281 -8.55761 41.1851
1298880282 -8.55762 41.1851
1298880283 -8.55765 41.1851
1298880284 -8.55769 41.185
1298880285 -8.55774 41.185
1298880286 -8.55781 41.1849
1298880287 -8.55788 41.1849
1298880288 -8.55795 41.1848
1298880289 -8.55803 41.1847
1298880290 -8.5581 41.1846
1298880291 -8.55818 41.1845
1298880292 -8.55827 41.1844
1298880293 -8.55834 41.1842
1298880294 -8.55842 41.1841
1298880295 -8.5585 41.184
1298880296 -8.55857 41.1839
1298880297 -8.55863 41.1838
1298880298 -8.5587 41.1837
1298880299 -8.55878 41.1836
1298880300 -8.55886 41.1836
1298880301 -8.55894 41.1835
1298880302 -8.55903 41.1834
1298880303 -8.55912 41.1833
1298880304 -8.55921 41.1832
1298880305 -8.5593 41.1831
1298880306 -8.55939 41.183
1298880307 -8.55948 41.183
1298880308 -8.55956 41.1829
1298880309 -8.55965 41.1828
1298880310 -8.55974 41.1827
1298880311 -8.55983 41.1826
1298880312 -8.55992 41.1825
1298880313 -8.56001 41.1825
1298880314 -8.5601 41.1824
1298880315 -8.5602 41.1823
1298880316 -8.56029 41.1822
1298880317 -8.56039 41.1821
1298880318 -8.56048 41.182
1298880319 -8.56058 41.1819
1298880320 -8.56068 41.1818
1298880321 -8.5608 41.1818
1298880322 -8.56093 41.1817
1298880323 -8.56105 41.1817
1298880324 -8.56119 41.1817
1298880325 -8.56133 41.1816
1298880326 -8.56147 41.1816
1298880327 -8.56163 41.1816
1298880328 -8.56178 41.1816
1298880329 -8.56193 41.1816
1298880330 -8.56208 41.1816
1298880331 -8.56222 41.1815
1298880332 -8.56236 41.1815
1298880333 -8.56249 41.1815
1298880334 -8.56263 41.1815
1298880335 -8.56275 41.1815
1298880336 -8.56287 41.1815
1298880337 -8.56298 41.1814
1298880338 -8.5631 41.1814
1298880339 -8.56319 41.1814
1298880340 -8.56328 41.1814
1298880341 -8.56335 41.1814
1298880342 -8.56337 41.1814
1298880343 -8.56337 41.1814
1298880344 -8.56338 41.1814
1298880345 -8.56337 41.1814
1298880346 -8.56337 41.1814
1298880347 -8.56337 41.1814
1298880348 -8.56337 41.1814
1298880349 -8.56337 41.1814
1298880350 -8.56337 41.1814
1298880351 -8.56337 41.1814
1298880352 -8.56337 41.1814
1298880353 -8.56336 41.1814
1298880354 -8.56336 41.1814
1298880355 -8.56336 41.1814
1298880356 -8.56336 41.1814
1298880357 -8.56336 41.1814
1298880358 -8.56337 41.1814
1298880359 -8.56338 41.1814
1298880360 -8.56341 41.1814
1298880361 -8.56346 41.1814
1298880362 -8.56352 41.1814
1298880363 -8.56357 41.1814
1298880364 -8.56363 41.1814
1298880365 -8.56371 41.1814
1298880366 -8.56377 41.1814
1298880367 -8.56384 41.1814
1298880368 -8.56391 41.1814
1298880369 -8.56398 41.1814
1298880370 -8.56404 41.1813
1298880371 -8.56411 41.1813
1298880372 -8.56418 41.1813
1298880373 -8.56424 41.1813
1298880374 -8.5643 41.1813
1298880375 -8.56436 41.1813
1298880376 -8.56441 41.1813
1298880377 -8.56446 41.1813
1298880378 -8.56453 41.1813
1298880379 -8.56459 41.1813
1298880380 -8.56463 41.1813
1298880381 -8.56469 41.1813
1298880382 -8.56472 41.1813
1298880383 -8.56476 41.1813
1298880384 -8.56481 41.1813
1298880385 -8.56486 41.1812
1298880386 -8.5649 41.1812
1298880387 -8.56495 41.1812
1298880388 -8.56499 41.1812
1298880389 -8.56504 41.1812
1298880390 -8.56508 41.1812
1298880391 -8.56513 41.1812
1298880392 -8.56517 41.1812
1298880393 -8.56519 41.1812
1298880394 -8.56522 41.1812
1298880395 -8.56522 41.1812
1298880396 -8.56522 41.1812
1298880397 -8.56523 41.1812
1298880398 -8.56524 41.1812
1298880399 -8.56526 41.1812
1298880400 -8.56528 41.1812
1298880401 -8.56534 41.1812
1298880402 -8.5654 41.1812
1298880403 -8.56547 41.1813
1298880404 -8.56557 41.1813
1298880405 -8.56568 41.1813
1298880406 -8.56579 41.1813
1298880407 -8.5659 41.1814
1298880408 -8.56601 41.1814
1298880409 -8.56614 41.1815
1298880410 -8.56625 41.1815
1298880411 -8.56639 41.1815
1298880412 -8.56653 41.1816
1298880413 -8.56668 41.1816
1298880414 -8.56682 41.1817
1298880415 -8.56697 41.1817
1298880416 -8.56714 41.1817
1298880417 -8.56728 41.1817
1298880418 -8.56742 41.1817
1298880419 -8.56752 41.1816
1298880420 -8.5676 41.1815
1298880421 -8.56769 41.1815
1298880422 -8.56778 41.1814
1298880423 -8.56789 41.1813
1298880424 -8.56799 41.1812
1298880425 -8.56808 41.1812
1298880426 -8.56815 41.1811
1298880427 -8.56821 41.1811
1298880428 -8.56826 41.1811
1298880429 -8.56832 41.1811
1298880430 -8.5684 41.181
1298880431 -8.5685 41.181
1298880432 -8.5686 41.181
1298880433 -8.56869 41.181
1298880434 -8.56876 41.1809
1298880435 -8.56879 41.1808
1298880436 -8.56884 41.1807
1298880437 -8.56891 41.1807
1298880438 -8.56901 41.1806
1298880439 -8.56912 41.1805
1298880440 -8.56924 41.1804
1298880441 -8.56936 41.1803
1298880442 -8.56949 41.1802
1298880443 -8.56962 41.1801
1298880444 -8.56976 41.18
1298880445 -8.56988 41.1799
1298880446 -8.57001 41.1799
1298880447 -8.57011 41.1798
1298880448 -8.57019 41.1797
1298880449 -8.57024 41.1797
1298880450 -8.57027 41.1797
1298880451 -8.57028 41.1797
1298880452 -8.57028 41.1797
1298880453 -8.57028 41.1797
1298880454 -8.57028 41.1797
1298880455 -8.57029 41.1797
1298880456 -8.57032 41.1797
1298880457 -8.57038 41.1797
1298880458 -8.57044 41.1797
1298880459 -8.57051 41.1797
1298880460 -8.57059 41.1797
1298880461 -8.57068 41.1797
1298880462 -8.57077 41.1796
1298880463 -8.57084 41.1796
1298880464 -8.57088 41.1795
1298880465 -8.57089 41.1794
1298880466 -8.57086 41.1794
1298880467 -8.57079 41.1793
1298880468 -8.57069 41.1793
1298880469 -8.57058 41.1792
1298880470 -8.57047 41.1792
1298880471 -8.57036 41.1791
1298880472 -8.57027 41.1791
1298880473 -8.57018 41.179
1298880474 -8.57009 41.1789
1298880475 -8.56998 41.1788
1298880476 -8.56986 41.1787
1298880477 -8.56974 41.1786
1298880478 -8.5696 41.1785
1298880479 -8.56947 41.1784
1298880480 -8.56933 41.1783
1298880481 -8.5692 41.1782
1298880482 -8.56907 41.1781
1298880483 -8.56894 41.178
1298880484 -8.56881 41.178
1298880485 -8.56868 41.1779
1298880486 -8.56856 41.1778
1298880487 -8.56844 41.1777
1298880488 -8.56832 41.1776
1298880489 -8.56819 41.1775
1298880490 -8.56806 41.1774
1298880491 -8.56794 41.1773
1298880492 -8.56781 41.1772
1298880493 -8.56769 41.1771
1298880494 -8.56756 41.177
1298880495 -8.56743 41.1769
1298880496 -8.5673 41.1769
1298880497 -8.56717 41.1768
1298880498 -8.56705 41.1767
1298880499 -8.56691 41.1766
1298880500 -8.56678 41.1765
1298880501 -8.56666 41.1764
1298880502 -8.56653 41.1763
1298880503 -8.56642 41.1762
1298880504 -8.5663 41.1761
1298880505 -8.5662 41.176
1298880506 -8.56612 41.1759
1298880507 -8.56608 41.1758
1298880508 -8.5661 41.1757
1298880509 -8.56617 41.1756
1298880510 -8.56626 41.1755
1298880511 -8.56636 41.1754
1298880512 -8.56646 41.1754
1298880513 -8.56656 41.1753
1298880514 -8.56666 41.1752
1298880515 -8.56676 41.1751
1298880516 -8.56686 41.175
1298880517 -8.56696 41.1749
1298880518 -8.56705 41.1748
1298880519 -8.56715 41.1747
1298880520 -8.56724 41.1746
1298880521 -8.56733 41.1746
1298880522 -8.56741 41.1745
1298880523 -8.56748 41.1744
1298880524 -8.56754 41.1744
1298880525 -8.5676 41.1743
1298880526 -8.56764 41.1743
1298880527 -8.56767 41.1743
1298880528 -8.56769 41.1742
1298880529 -8.56771 41.1742
1298880530 -8.56772 41.1742
1298880531 -8.56774 41.1742
1298880532 -8.56776 41.1742
1298880533 -8.56777 41.1742
1298880534 -8.56778 41.1742
1298880535 -8.5678 41.1741
1298880536 -8.56781 41.1741
1298880537 -8.56783 41.1741
1298880538 -8.56785 41.1741
1298880539 -8.56786 41.1741
1298880540 -8.56787 41.1741
1298880541 -8.56789 41.174
1298880542 -8.5679 41.174
1298880543 -8.56791 41.174
1298880544 -8.56793 41.174
1298880545 -8.56793 41.174
1298880546 -8.56794 41.1739
1298880547 -8.56794 41.1739
1298880548 -8.56793 41.1739
1298880549 -8.56793 41.1739
1298880550 -8.56793 41.174
1298880551 -8.56793 41.174
1298880552 -8.56793 41.174
1298880553 -8.56793 41.174
1298880554 -8.56793 41.174
1298880555 -8.56793 41.174
1298880556 -8.56793 41.174
1298880557 -8.56793 41.174
1298880558 -8.56793 41.174
1298880559 -8.56793 41.174
1298880560 -8.56793 41.174
1298880561 -8.56793 41.174
1298880562 -8.56793 41.174
1298880563 -8.56793 41.174
1298880564 -8.56792 41.174
1298880565 -8.56792 41.174
1298880566 -8.56792 41.174
1298880567 -8.56792 41.174
1298880568 -8.56792 41.174
1298880569 -8.56792 41.174
1298880570 -8.56793 41.1739
1298880571 -8.56793 41.1739
1298880572 -8.56794 41.1739
1298880573 -8.56794 41.1739
1298880574 -8.56795 41.1739
1298880575 -8.56795 41.1739
1298880576 -8.56797 41.1738
1298880577 -8.568 41.1738
1298880578 -8.56802 41.1737
1298880579 -8.56804 41.1737
1298880580 -8.56804 41.1736
1298880581 -8.56805 41.1736
1298880582 -8.56804 41.1735
1298880583 -8.56801 41.1735
1298880584 -8.56797 41.1734
1298880585 -8.56791 41.1734
1298880586 -8.56785 41.1733
1298880587 -8.56778 41.1733
1298880588 -8.56773 41.1732
1298880589 -8.56769 41.1732
1298880590 -8.56765 41.1731
1298880591 -8.56761 41.173
1298880592 -8.56758 41.1729
1298880593 -8.56754 41.1728
1298880594 -8.56751 41.1728
1298880595 -8.56747 41.1727
1298880596 -8.56742 41.1726
1298880597 -8.56738 41.1725
1298880598 -8.56734 41.1724
1298880599 -8.5673 41.1723
1298880600 -8.56725 41.1722
1298880601 -8.56722 41.1721
1298880602 -8.56718 41.172
1298880603 -8.56715 41.1719
1298880604 -8.56715 41.1718
1298880605 -8.56715 41.1717
1298880606 -8.56719 41.1716
1298880607 -8.56725 41.1715
1298880608 -8.56735 41.1714
1298880609 -8.56748 41.1713
1298880610 -8.56762 41.1712
1298880611 -8.56778 41.1711
1298880612 -8.56795 41.1711
1298880613 -8.5681 41.171
1298880614 -8.56826 41.1709
1298880615 -8.56842 41.1709
1298880616 -8.56858 41.1708
1298880617 -8.56874 41.1708
1298880618 -8.5689 41.1707
1298880619 -8.56905 41.1706
1298880620 -8.56921 41.1706
1298880621 -8.56938 41.1705
1298880622 -8.56954 41.1705
1298880623 -8.56971 41.1704
1298880624 -8.56989 41.1703
1298880625 -8.57006 41.1702
1298880626 -8.57022 41.1702
1298880627 -8.57037 41.1701
1298880628 -8.57048 41.1699
1298880629 -8.57057 41.1698
1298880630 -8.57062 41.1697
1298880631 -8.57066 41.1695
1298880632 -8.57068 41.1694
1298880633 -8.57071 41.1692
1298880634 -8.57074 41.1691
1298880635 -8.57075 41.1689
1298880636 -8.57078 41.1688
1298880637 -8.57081 41.1687
1298880638 -8.57084 41.1686
1298880639 -8.57084 41.1684
1298880640 -8.57086 41.1683
1298880641 -8.57087 41.1682
1298880642 -8.57087 41.1681
1298880643 -8.57085 41.168
1298880644 -8.57083 41.1679
1298880645 -8.5708 41.1678
1298880646 -8.57075 41.1677
1298880647 -8.57071 41.1677
1298880648 -8.57067 41.1677
1298880649 -8.57066 41.1677
1298880650 -8.57064 41.1677
1298880651 -8.57063 41.1676
1298880652 -8.57062 41.1676
1298880653 -8.57062 41.1676
1298880654 -8.57062 41.1676
1298880655 -8.57061 41.1676
1298880656 -8.57061 41.1676
1298880657 -8.57061 41.1676
1298880658 -8.57061 41.1677
1298880659 -8.5706 41.1677
1298880660 -8.5706 41.1677
1298880661 -8.5706 41.1677
1298880662 -8.5706 41.1676
1298880663 -8.5706 41.1676
1298880664 -8.5706 41.1676
1298880665 -8.5706 41.1676
1298880666 -8.5706 41.1676
1298880667 -8.57059 41.1676
1298880668 -8.57059 41.1676
1298880669 -8.57059 41.1676
1298880670 -8.57059 41.1676
1298880671 -8.57059 41.1676
1298880672 -8.57059 41.1676
1298880673 -8.5706 41.1676
1298880674 -8.5706 41.1676
1298880675 -8.5706 41.1676
1298880676 -8.5706 41.1676
1298880677 -8.5706 41.1676
1298880678 -8.57059 41.1676
1298880679 -8.57059 41.1676
1298880680 -8.57059 41.1676
1298880681 -8.57059 41.1676
1298880682 -8.57059 41.1676
1298880683 -8.57059 41.1676
1298880684 -8.57059 41.1676
1298880685 -8.57059 41.1676
1298880686 -8.57059 41.1676
1298880687 -8.57059 41.1676
1298880688 -8.57059 41.1676
1298880689 -8.57059 41.1676
1298880690 -8.57057 41.1676
1298880691 -8.57054 41.1676
1298880692 -8.57049 41.1676
1298880693 -8.57043 41.1675
1298880694 -8.57038 41.1675
1298880695 -8.57033 41.1675
1298880696 -8.5703 41.1674
1298880697 -8.57029 41.1674
1298880698 -8.57031 41.1673
1298880699 -8.57034 41.1672
1298880700 -8.57038 41.1672
1298880701 -8.5704 41.1671
1298880702 -8.57044 41.167
1298880703 -8.57048 41.1669
1298880704 -8.5705 41.1668
1298880705 -8.57054 41.1667
1298880706 -8.57057 41.1667
1298880707 -8.57059 41.1666
1298880708 -8.57062 41.1665
1298880709 -8.57064 41.1665
1298880710 -8.57066 41.1664
1298880711 -8.57067 41.1664
1298880712 -8.57068 41.1663
1298880713 -8.57069 41.1663
1298880714 -8.57071 41.1662
1298880715 -8.57072 41.1662
1298880716 -8.57073 41.1662
1298880717 -8.57073 41.1661
1298880718 -8.57074 41.1661
1298880719 -8.57074 41.1661
1298880720 -8.57074 41.1661
1298880721 -8.57073 41.166
1298880722 -8.57071 41.166
1298880723 -8.57068 41.166
1298880724 -8.57065 41.166
1298880725 -8.5706 41.166
1298880726 -8.57053 41.166
1298880727 -8.57045 41.166
1298880728 -8.57035 41.166
1298880729 -8.57024 41.166
1298880730 -8.57014 41.1661
1298880731 -8.57003 41.1661
1298880732 -8.56993 41.1661
1298880733 -8.56982 41.1661
1298880734 -8.56971 41.1662
1298880735 -8.5696 41.1662
1298880736 -8.5695 41.1662
1298880737 -8.56941 41.1662
1298880738 -8.56934 41.1662
1298880739 -8.5693 41.1663
1298880740 -8.56928 41.1663
1298880741 -8.56927 41.1663
1298880742 -8.56927 41.1663
1298880743 -8.56927 41.1663
1298880744 -8.56927 41.1663
1298880745 -8.56927 41.1663
1298880746 -8.56928 41.1663
1298880747 -8.56928 41.1663
1298880748 -8.56928 41.1663
1298880749 -8.56928 41.1663
1298880750 -8.56928 41.1663
1298880751 -8.56928 41.1663
1298880752 -8.56928 41.1663
1298880753 -8.56928 41.1663
1298880754 -8.56928 41.1663
1298880755 -8.56928 41.1663
1298880756 -8.56929 41.1663
1298880757 -8.56929 41.1663
1298880758 -8.56928 41.1663
1298880759 -8.56927 41.1663
1298880760 -8.56923 41.1663
1298880761 -8.56919 41.1663
1298880762 -8.56913 41.1663
1298880763 -8.56907 41.1663
1298880764 -8.56899 41.1663
1298880765 -8.5689 41.1663
1298880766 -8.5688 41.1663
1298880767 -8.5687 41.1664
1298880768 -8.56859 41.1664
1298880769 -8.56847 41.1664
1298880770 -8.56834 41.1664
1298880771 -8.56822 41.1664
1298880772 -8.5681 41.1664
1298880773 -8.56797 41.1664
1298880774 -8.56784 41.1664
1298880775 -8.5677 41.1664
1298880776 -8.56756 41.1664
1298880777 -8.56742 41.1664
1298880778 -8.56728 41.1664
1298880779 -8.56715 41.1664
1298880780 -8.56702 41.1664
1298880781 -8.56689 41.1664
1298880782 -8.56678 41.1664
1298880783 -8.56669 41.1664
1298880784 -8.56661 41.1665
1298880785 -8.56655 41.1665
1298880786 -8.56651 41.1665
1298880787 -8.56649 41.1666
1298880788 -8.56649 41.1666
1298880789 -8.56652 41.1666
1298880790 -8.56658 41.1667
1298880791 -8.56662 41.1667
1298880792 -8.56667 41.1668
1298880793 -8.56671 41.1669
1298880794 -8.56677 41.1669
1298880795 -8.56682 41.167
1298880796 -8.56689 41.167
1298880797 -8.56696 41.1671
1298880798 -8.56705 41.1672
1298880799 -8.56712 41.1672
1298880800 -8.56721 41.1673
1298880801 -8.56731 41.1673
1298880802 -8.5674 41.1673
1298880803 -8.56747 41.1673
1298880804 -8.56755 41.1674
1298880805 -8.56763 41.1674
1298880806 -8.5677 41.1674
1298880807 -8.56777 41.1674
1298880808 -8.56782 41.1674
1298880809 -8.56787 41.1674
1298880810 -8.56791 41.1675
1298880811 -8.56794 41.1675
1298880812 -8.56796 41.1675
1298880813 -8.56797 41.1675
1298880814 -8.56797 41.1675
1298880815 -8.56798 41.1675
1298880816 -8.56798 41.1675
1298880817 -8.56798 41.1675
1298880818 -8.56798 41.1675
1298880819 -8.56798 41.1675
1298880820 -8.56798 41.1675
1298880821 -8.56798 41.1675
1298880822 -8.56798 41.1675
1298880823 -8.56798 41.1675
1298880824 -8.56798 41.1675
1298880825 -8.56798 41.1675
1298880826 -8.56798 41.1675
1298880827 -8.56798 41.1675
1298880828 -8.56798 41.1675
1298880829 -8.56798 41.1675
1298880830 -8.56798 41.1675
1298880831 -8.56798 41.1675
1298880832 -8.56799 41.1675
1298880833 -8.56801 41.1675
1298880834 -8.56803 41.1675
1298880835 -8.56805 41.1675
1298880836 -8.56807 41.1675
1298880837 -8.56809 41.1675
1298880838 -8.56811 41.1675
1298880839 -8.56813 41.1675
1298880840 -8.56814 41.1675
1298880841 -8.56817 41.1675
1298880842 -8.56817 41.1675
1298880843 -8.56818 41.1675
1298880844 -8.56818 41.1675
1298880845 -8.56818 41.1675
1298880846 -8.56818 41.1675
1298880847 -8.56818 41.1675
1298880848 -8.56818 41.1675
1298880849 -8.56818 41.1675
1298880850 -8.5682 41.1675
1298880851 -8.56822 41.1675
1298880852 -8.56822 41.1675
1298880853 -8.56823 41.1675
1298880854 -8.56823 41.1675
1298880855 -8.56823 41.1675
1298880856 -8.56823 41.1675
1298880857 -8.56823 41.1675
1298880858 -8.56823 41.1675
1298880859 -8.56824 41.1675
1298880860 -8.56824 41.1675
1298880861 -8.56825 41.1675
1298880862 -8.56827 41.1675
1298880863 -8.56828 41.1675
1298880864 -8.56829 41.1675
1298880865 -8.5683 41.1675
1298880866 -8.5683 41.1675
1298880867 -8.56831 41.1675
1298880868 -8.56832 41.1675
1298880869 -8.56836 41.1676
1298880870 -8.56839 41.1676
1298880871 -8.56842 41.1676
1298880872 -8.56846 41.1676
1298880873 -8.56849 41.1676
1298880874 -8.56852 41.1676
1298880875 -8.56856 41.1676
1298880876 -8.56859 41.1676
1298880877 -8.56862 41.1676
1298880878 -8.56866 41.1676
1298880879 -8.56869 41.1676
1298880880 -8.56874 41.1676
1298880881 -8.56878 41.1676
1298880882 -8.56885 41.1676
1298880883 -8.5689 41.1676
1298880884 -8.56897 41.1676
1298880885 -8.56906 41.1676
1298880886 -8.56916 41.1676
1298880887 -8.56927 41.1676
1298880888 -8.56937 41.1676
1298880889 -8.56947 41.1676
1298880890 -8.56957 41.1676
1298880891 -8.56967 41.1676
1298880892 -8.56976 41.1676
1298880893 -8.56986 41.1677
1298880894 -8.56996 41.1677
1298880895 -8.57006 41.1677
1298880896 -8.57016 41.1677
1298880897 -8.57025 41.1677
1298880898 -8.57033 41.1678
1298880899 -8.5704 41.1678
1298880900 -8.57048 41.1679
1298880901 -8.57054 41.1679
1298880902 -8.57059 41.168
1298880903 -8.57062 41.1681
1298880904 -8.57064 41.1682
1298880905 -8.57064 41.1683
1298880906 -8.57062 41.1684
1298880907 -8.57059 41.1685
1298880908 -8.57057 41.1686
1298880909 -8.57054 41.1687
1298880910 -8.5705 41.1688
1298880911 -8.57048 41.1689
1298880912 -8.57044 41.169
1298880913 -8.57039 41.1691
1298880914 -8.57032 41.1692
1298880915 -8.57024 41.1693
1298880916 -8.57013 41.1693
1298880917 -8.57002 41.1693
1298880918 -8.5699 41.1693
1298880919 -8.5698 41.1693
1298880920 -8.56973 41.1692
1298880921 -8.56968 41.1691
1298880922 -8.56967 41.169
1298880923 -8.5697 41.1689
1298880924 -8.56977 41.1689
1298880925 -8.56987 41.1688
1298880926 -8.56998 41.1688
1298880927 -8.57011 41.1687
1298880928 -8.57024 41.1687
1298880929 -8.57038 41.1687
1298880930 -8.57051 41.1687
1298880931 -8.57066 41.1688
1298880932 -8.57079 41.1688
1298880933 -8.57093 41.1688
1298880934 -8.57106 41.1688
1298880935 -8.57119 41.1688
1298880936 -8.57132 41.1688
1298880937 -8.57145 41.1688
1298880938 -8.57157 41.1688
1298880939 -8.57169 41.1689
1298880940 -8.57181 41.1689
1298880941 -8.57192 41.1689
1298880942 -8.57202 41.1689
1298880943 -8.57212 41.1689
1298880944 -8.57222 41.169
1298880945 -8.57229 41.169
1298880946 -8.57235 41.169
1298880947 -8.57238 41.1691
1298880948 -8.57241 41.1691
1298880949 -8.57242 41.1691
1298880950 -8.57243 41.1691
1298880951 -8.57243 41.1691
1298880952 -8.57243 41.1691
1298880953 -8.57244 41.1691
1298880954 -8.57245 41.1691
1298880955 -8.57245 41.1691
1298880956 -8.57246 41.1691
1298880957 -8.57247 41.1691
1298880958 -8.57248 41.1692
1298880959 -8.57249 41.1692
1298880960 -8.5725 41.1692
1298880961 -8.57251 41.1692
1298880962 -8.57252 41.1692
1298880963 -8.57252 41.1692
1298880964 -8.57252 41.1692
1298880965 -8.57251 41.1692
1298880966 -8.57251 41.1692
1298880967 -8.57251 41.1692
1298880968 -8.57251 41.1692
1298880969 -8.57251 41.1692
1298880970 -8.57251 41.1692
1298880971 -8.57251 41.1692
1298880972 -8.57251 41.1692
1298880973 -8.57251 41.1692
1298880974 -8.57251 41.1692
1298880975 -8.57253 41.1692
1298880976 -8.57254 41.1692
1298880977 -8.57256 41.1692
1298880978 -8.57258 41.1692
1298880979 -8.57259 41.1692
1298880980 -8.5726 41.1692
1298880981 -8.57262 41.1692
1298880982 -8.57265 41.1692
1298880983 -8.57271 41.1692
1298880984 -8.57279 41.1692
1298880985 -8.57287 41.1692
1298880986 -8.57295 41.1691
1298880987 -8.57305 41.1691
1298880988 -8.57316 41.169
1298880989 -8.57327 41.169
1298880990 -8.57336 41.1689
1298880991 -8.57345 41.1689
1298880992 -8.57354 41.1688
1298880993 -8.57364 41.1687
1298880994 -8.57374 41.1687
1298880995 -8.57383 41.1686
1298880996 -8.57393 41.1685
1298880997 -8.57402 41.1684
1298880998 -8.57412 41.1684
1298880999 -8.57421 41.1683
1298881000 -8.57431 41.1682
1298881001 -8.5744 41.1681
1298881002 -8.5745 41.1681
1298881003 -8.5746 41.168
1298881004 -8.57469 41.1679
1298881005 -8.57479 41.1678
1298881006 -8.57489 41.1678
1298881007 -8.575 41.1677
1298881008 -8.57512 41.1676
1298881009 -8.57525 41.1675
1298881010 -8.57539 41.1675
1298881011 -8.57553 41.1674
1298881012 -8.57568 41.1673
1298881013 -8.57583 41.1673
1298881014 -8.57597 41.1672
1298881015 -8.57612 41.1672
1298881016 -8.57625 41.1671
1298881017 -8.57639 41.167
1298881018 -8.57651 41.1669
1298881019 -8.57664 41.1668
1298881020 -8.57675 41.1667
1298881021 -8.57684 41.1666
1298881022 -8.57693 41.1665
1298881023 -8.57701 41.1664
1298881024 -8.57708 41.1663
1298881025 -8.57715 41.1662
1298881026 -8.57723 41.166
1298881027 -8.57731 41.1659
1298881028 -8.57738 41.1658
1298881029 -8.57748 41.1656
1298881030 -8.57759 41.1655
1298881031 -8.57772 41.1654
1298881032 -8.57786 41.1653
1298881033 -8.57802 41.1653
1298881034 -8.57815 41.1652
1298881035 -8.57829 41.1651
1298881036 -8.57841 41.1651
1298881037 -8.57853 41.165
1298881038 -8.57864 41.1649
1298881039 -8.57874 41.1649
1298881040 -8.57883 41.1648
1298881041 -8.57891 41.1647
1298881042 -8.579 41.1647
1298881043 -8.57908 41.1646
1298881044 -8.57916 41.1645
1298881045 -8.57926 41.1644
1298881046 -8.57936 41.1643
1298881047 -8.57946 41.1643
1298881048 -8.57956 41.1642
1298881049 -8.57966 41.1642
1298881050 -8.57979 41.1641
1298881051 -8.57992 41.1641
1298881052 -8.58006 41.1641
1298881053 -8.5802 41.1641
1298881054 -8.58035 41.1641
1298881055 -8.58049 41.1641
1298881056 -8.58064 41.1642
1298881057 -8.58077 41.1642
1298881058 -8.58089 41.1643
1298881059 -8.58098 41.1643
1298881060 -8.58107 41.1644
1298881061 -8.58114 41.1644
1298881062 -8.58119 41.1645
1298881063 -8.58124 41.1645
1298881064 -8.58128 41.1645
1298881065 -8.58133 41.1645
1298881066 -8.58137 41.1645
1298881067 -8.58144 41.1646
1298881068 -8.5815 41.1646
1298881069 -8.58155 41.1646
1298881070 -8.58162 41.1646
1298881071 -8.58167 41.1647
1298881072 -8.58172 41.1647
1298881073 -8.58177 41.1647
1298881074 -8.58182 41.1648
1298881075 -8.58186 41.1648
1298881076 -8.58189 41.1648
1298881077 -8.58191 41.1649
1298881078 -8.58192 41.1649
1298881079 -8.58194 41.1649
1298881080 -8.58196 41.1649
1298881081 -8.58198 41.1649
1298881082 -8.582 41.1649
1298881083 -8.58202 41.165
1298881084 -8.58204 41.165
1298881085 -8.58207 41.165
1298881086 -8.58209 41.165
1298881087 -8.58212 41.1651
1298881088 -8.58216 41.1651
1298881089 -8.58219 41.1652
1298881090 -8.58223 41.1652
1298881091 -8.58227 41.1653
1298881092 -8.58231 41.1653
1298881093 -8.58234 41.1654
1298881094 -8.58237 41.1654
1298881095 -8.58242 41.1654
1298881096 -8.58246 41.1655
1298881097 -8.58252 41.1656
1298881098 -8.58257 41.1656
1298881099 -8.58263 41.1657
1298881100 -8.58268 41.1657
1298881101 -8.58273 41.1658
1298881102 -8.58278 41.1659
1298881103 -8.58283 41.1659
1298881104 -8.58289 41.166
1298881105 -8.58295 41.166
1298881106 -8.58302 41.1661
1298881107 -8.58309 41.1661
1298881108 -8.58317 41.1662
1298881109 -8.58325 41.1662
1298881110 -8.58334 41.1663
1298881111 -8.58343 41.1663
1298881112 -8.58354 41.1664
1298881113 -8.58365 41.1664
1298881114 -8.58376 41.1665
1298881115 -8.58384 41.1665
1298881116 -8.58393 41.1665
1298881117 -8.58399 41.1666
1298881118 -8.58404 41.1666
1298881119 -8.58407 41.1666
1298881120 -8.58411 41.1666
1298881121 -8.58416 41.1666
1298881122 -8.58422 41.1666
1298881123 -8.58426 41.1666
1298881124 -8.58431 41.1666
1298881125 -8.58434 41.1667
1298881126 -8.58439 41.1667
1298881127 -8.58444 41.1667
1298881128 -8.5845 41.1667
1298881129 -8.58456 41.1667
1298881130 -8.58462 41.1667
1298881131 -8.5847 41.1667
1298881132 -8.58477 41.1667
1298881133 -8.58483 41.1667
1298881134 -8.58488 41.1667
1298881135 -8.58492 41.1667
1298881136 -8.58496 41.1667
1298881137 -8.585 41.1667
1298881138 -8.58505 41.1667
1298881139 -8.58508 41.1667
1298881140 -8.58512 41.1667
1298881141 -8.58515 41.1667
1298881142 -8.58519 41.1667
1298881143 -8.58524 41.1668
1298881144 -8.58529 41.1668
1298881145 -8.58535 41.1668
1298881146 -8.58541 41.1668
1298881147 -8.58549 41.1668
1298881148 -8.58556 41.1668
1298881149 -8.58565 41.1668
1298881150 -8.58575 41.1668
1298881151 -8.58585 41.1668
1298881152 -8.58596 41.1668
1298881153 -8.58608 41.1668
1298881154 -8.58621 41.1669
1298881155 -8.58632 41.1669
1298881156 -8.58644 41.1669
1298881157 -8.58657 41.167
1298881158 -8.58668 41.167
1298881159 -8.5868 41.1671
1298881160 -8.58693 41.1671
1298881161 -8.58704 41.1672
1298881162 -8.58716 41.1673
1298881163 -8.58727 41.1673
1298881164 -8.58738 41.1674
1298881165 -8.58748 41.1674
1298881166 -8.58757 41.1675
1298881167 -8.58765 41.1675
1298881168 -8.58773 41.1676
1298881169 -8.58776 41.1676
1298881170 -8.58778 41.1676
1298881171 -8.58783 41.1677
1298881172 -8.58788 41.1677
1298881173 -8.58794 41.1678
1298881174 -8.58799 41.1678
1298881175 -8.58806 41.1679
1298881176 -8.58819 41.1679
1298881177 -8.58829 41.1679
1298881178 -8.58838 41.168
1298881179 -8.58847 41.168
1298881180 -8.58855 41.1681
1298881181 -8.58863 41.1681
1298881182 -8.58871 41.1681
1298881183 -8.58877 41.1682
1298881184 -8.58883 41.1682
1298881185 -8.58889 41.1682
1298881186 -8.58895 41.1682
1298881187 -8.58901 41.1683
1298881188 -8.58908 41.1683
1298881189 -8.58914 41.1683
1298881190 -8.58921 41.1684
1298881191 -8.5893 41.1684
1298881192 -8.58939 41.1684
1298881193 -8.58948 41.1685
1298881194 -8.58958 41.1686
1298881195 -8.58967 41.1686
1298881196 -8.58977 41.1687
1298881197 -8.58988 41.1688
1298881198 -8.58999 41.1688
1298881199 -8.59009 41.1689
1298881200 -8.5902 41.169
