:break:
1298880001 -8.62118 41.1702
1298880002 -8.62106 41.1702
1298880003 -8.62095 41.1703
1298880004 -8.62082 41.1704
1298880005 -8.62069 41.1704
1298880006 -8.62058 41.1705
1298880007 -8.62046 41.1706
1298880008 -8.62034 41.1706
1298880009 -8.62023 41.1707
1298880010 -8.62011 41.1708
1298880011 -8.62 41.1709
1298880012 -8.61989 41.1709
1298880013 -8.61979 41.171
1298880014 -8.61971 41.1711
1298880015 -8.61965 41.1711
1298880016 -8.61961 41.1712
1298880017 -8.61958 41.1712
1298880018 -8.61953 41.1712
1298880019 -8.61948 41.1712
1298880020 -8.61943 41.1713
1298880021 -8.61938 41.1713
1298880022 -8.61935 41.1713
1298880023 -8.61934 41.1714
1298880024 -8.61935 41.1714
1298880025 -8.61938 41.1715
1298880026 -8.61944 41.1715
1298880027 -8.61951 41.1715
1298880028 -8.61957 41.1715
1298880029 -8.61963 41.1715
1298880030 -8.61966 41.1716
1298880031 -8.61967 41.1716
1298880032 -8.61968 41.1717
1298880033 -8.61969 41.1718
1298880034 -8.6197 41.1718
1298880035 -8.6197 41.1719
1298880036 -8.61969 41.172
1298880037 -8.61966 41.172
1298880038 -8.61963 41.1721
1298880039 -8.61963 41.1722
1298880040 -8.61966 41.1723
1298880041 -8.61969 41.1724
1298880042 -8.61972 41.1725
1298880043 -8.61975 41.1726
1298880044 -8.61979 41.1728
1298880045 -8.61983 41.1729
1298880046 -8.61988 41.173
1298880047 -8.6199 41.1731
1298880048 -8.6199 41.1733
1298880049 -8.61987 41.1734
1298880050 -8.6198 41.1735
1298880051 -8.61978 41.1737
1298880052 -8.61978 41.1738
1298880053 -8.61972 41.1739
1298880054 -8.61967 41.1741
1298880055 -8.61963 41.1742
1298880056 -8.61961 41.1743
1298880057 -8.61961 41.1744
1298880058 -8.61963 41.1745
1298880059 -8.61965 41.1746
1298880060 -8.61968 41.1747
1298880061 -8.61969 41.1748
1298880062 -8.61969 41.1749
1298880063 -8.61968 41.1749
1298880064 -8.61966 41.175
1298880065 -8.61961 41.175
1298880066 -8.61954 41.175
1298880067 -8.61945 41.175
1298880068 -8.61935 41.175
1298880069 -8.61923 41.175
1298880070 -8.6191 41.175
1298880071 -8.61897 41.1751
1298880072 -8.61883 41.1751
1298880073 -8.61868 41.1751
1298880074 -8.61852 41.1751
1298880075 -8.61835 41.1752
1298880076 -8.61816 41.1752
1298880077 -8.61798 41.1752
1298880078 -8.61779 41.1752
1298880079 -8.6176 41.1753
1298880080 -8.61741 41.1753
1298880081 -8.61721 41.1753
1298880082 -8.61702 41.1753
1298880083 -8.61683 41.1754
1298880084 -8.61664 41.1754
1298880085 -8.61644 41.1754
1298880086 -8.61625 41.1754
1298880087 -8.61606 41.1755
1298880088 -8.61587 41.1755
1298880089 -8.61569 41.1755
1298880090 -8.61551 41.1755
1298880091 -8.61534 41.1756
1298880092 -8.61517 41.1756
1298880093 -8.61501 41.1756
1298880094 -8.61485 41.1756
1298880095 -8.61471 41.1756
1298880096 -8.61457 41.1757
1298880097 -8.61444 41.1757
1298880098 -8.61431 41.1757
1298880099 -8.6142 41.1757
1298880100 -8.61411 41.1757
1298880101 -8.61404 41.1757
1298880102 -8.61403 41.1757
1298880103 -8.61403 41.1757
1298880104 -8.61403 41.1757
1298880105 -8.61403 41.1757
1298880106 -8.61403 41.1757
1298880107 -8.61403 41.1757
1298880108 -8.61403 41.1757
1298880109 -8.61403 41.1757
1298880110 -8.61403 41.1757
1298880111 -8.61403 41.1757
1298880112 -8.61403 41.1757
1298880113 -8.61403 41.1757
1298880114 -8.61403 41.1757
1298880115 -8.61403 41.1757
1298880116 -8.61403 41.1757
1298880117 -8.61403 41.1757
1298880118 -8.61403 41.1757
1298880119 -8.61403 41.1757
1298880120 -8.61403 41.1757
1298880121 -8.61403 41.1757
1298880122 -8.61403 41.1757
1298880123 -8.61403 41.1757
1298880124 -8.61403 41.1757
1298880125 -8.61403 41.1757
1298880126 -8.61403 41.1757
1298880127 -8.61401 41.1757
1298880128 -8.614 41.1757
1298880129 -8.61399 41.1757
1298880130 -8.61399 41.1757
1298880131 -8.61399 41.1757
1298880132 -8.614 41.1757
1298880133 -8.614 41.1757
1298880134 -8.61399 41.1757
1298880135 -8.61398 41.1757
1298880136 -8.61395 41.1757
1298880137 -8.61394 41.1757
1298880138 -8.61392 41.1758
1298880139 -8.61391 41.1758
1298880140 -8.61391 41.1758
1298880141 -8.61391 41.1758
1298880142 -8.6139 41.1758
1298880143 -8.6139 41.1758
1298880144 -8.6139 41.1758
1298880145 -8.6139 41.1758
1298880146 -8.6139 41.1758
1298880147 -8.61389 41.1758
1298880148 -8.61389 41.1758
1298880149 -8.61388 41.1758
1298880150 -8.61388 41.1758
1298880151 -8.61388 41.1758
1298880152 -8.61389 41.1759
1298880153 -8.61391 41.1759
1298880154 -8.61393 41.176
1298880155 -8.61395 41.176
1298880156 -8.61397 41.1761
1298880157 -8.61397 41.1761
1298880158 -8.61396 41.1762
1298880159 -8.61395 41.1762
1298880160 -8.61395 41.1762
1298880161 -8.61395 41.1762
1298880162 -8.61397 41.1762
1298880163 -8.61399 41.1763
1298880164 -8.61402 41.1763
1298880165 -8.61403 41.1763
1298880166 -8.61403 41.1763
1298880167 -8.61404 41.1763
1298880168 -8.61402 41.1763
1298880169 -8.61397 41.1764
1298880170 -8.61394 41.1764
1298880171 -8.61389 41.1764
1298880172 -8.61385 41.1764
1298880173 -8.61378 41.1764
1298880174 -8.61371 41.1764
1298880175 -8.61363 41.1764
1298880176 -8.61353 41.1764
1298880177 -8.61344 41.1764
1298880178 -8.61334 41.1764
1298880179 -8.61324 41.1765
1298880180 -8.61313 41.1765
1298880181 -8.61303 41.1765
1298880182 -8.61291 41.1765
1298880183 -8.61278 41.1765
1298880184 -8.61266 41.1766
1298880185 -8.61253 41.1766
1298880186 -8.61242 41.1766
1298880187 -8.61233 41.1766
1298880188 -8.61224 41.1766
1298880189 -8.61215 41.1766
1298880190 -8.61208 41.1766
1298880191 -8.61201 41.1766
1298880192 -8.61193 41.1766
1298880193 -8.61185 41.1767
1298880194 -8.61175 41.1767
1298880195 -8.61164 41.1767
1298880196 -8.61152 41.1767
1298880197 -8.61139 41.1768
1298880198 -8.61125 41.1768
1298880199 -8.6111 41.1768
1298880200 -8.61095 41.1769
1298880201 -8.61079 41.1769
1298880202 -8.61064 41.1769
1298880203 -8.61048 41.177
1298880204 -8.61033 41.177
1298880205 -8.61018 41.177
1298880206 -8.61005 41.1771
1298880207 -8.60992 41.1771
1298880208 -8.6098 41.1772
1298880209 -8.6097 41.1772
1298880210 -8.60959 41.1772
1298880211 -8.60949 41.1772
1298880212 -8.60939 41.1773
1298880213 -8.6093 41.1773
1298880214 -8.60921 41.1773
1298880215 -8.60912 41.1773
1298880216 -8.60907 41.1773
1298880217 -8.609 41.1772
1298880218 -8.60893 41.1772
1298880219 -8.60886 41.1772
1298880220 -8.60879 41.1772
1298880221 -8.6087 41.1771
1298880222 -8.60861 41.1771
1298880223 -8.60853 41.1771
1298880224 -8.60845 41.1771
1298880225 -8.60837 41.177
1298880226 -8.60831 41.177
1298880227 -8.60826 41.177
1298880228 -8.60822 41.177
1298880229 -8.60819 41.177
1298880230 -8.60818 41.177
1298880231 -8.60816 41.177
1298880232 -8.60813 41.1769
1298880233 -8.6081 41.1769
1298880234 -8.60808 41.1769
1298880235 -8.60804 41.1769
1298880236 -8.60801 41.1769
1298880237 -8.60796 41.1769
1298880238 -8.6079 41.1769
1298880239 -8.60781 41.1769
1298880240 -8.60773 41.177
1298880241 -8.60766 41.1771
1298880242 -8.60759 41.1771
1298880243 -8.60751 41.1772
1298880244 -8.60742 41.1773
1298880245 -8.60733 41.1774
1298880246 -8.60723 41.1775
1298880247 -8.60714 41.1776
1298880248 -8.60704 41.1777
1298880249 -8.60694 41.1778
1298880250 -8.60684 41.1779
1298880251 -8.60675 41.178
1298880252 -8.60666 41.1781
1298880253 -8.60658 41.1782
1298880254 -8.60651 41.1782
1298880255 -8.60645 41.1783
1298880256 -8.60639 41.1783
1298880257 -8.60634 41.1783
1298880258 -8.60628 41.1783
1298880259 -8.60622 41.1783
1298880260 -8.60616 41.1783
1298880261 -8.60608 41.1782
1298880262 -8.60599 41.1782
1298880263 -8.60591 41.1782
1298880264 -8.60582 41.1781
1298880265 -8.60574 41.178
1298880266 -8.60566 41.1779
1298880267 -8.60557 41.1779
1298880268 -8.60547 41.1778
1298880269 -8.60538 41.1777
1298880270 -8.60528 41.1776
1298880271 -8.60518 41.1776
1298880272 -8.60507 41.1775
1298880273 -8.60496 41.1774
1298880274 -8.60485 41.1773
1298880275 -8.60474 41.1773
1298880276 -8.60462 41.1772
1298880277 -8.60451 41.1771
1298880278 -8.60441 41.177
1298880279 -8.60431 41.177
1298880280 -8.60422 41.1769
1298880281 -8.60413 41.1768
1298880282 -8.60405 41.1768
1298880283 -8.60399 41.1767
1298880284 -8.60395 41.1766
1298880285 -8.60391 41.1765
1298880286 -8.60387 41.1765
1298880287 -8.60381 41.1764
1298880288 -8.60372 41.1764
1298880289 -8.60362 41.1764
1298880290 -8.60351 41.1764
1298880291 -8.6034 41.1765
1298880292 -8.60327 41.1765
1298880293 -8.60314 41.1766
1298880294 -8.60299 41.1766
1298880295 -8.60284 41.1767
1298880296 -8.60269 41.1767
1298880297 -8.60253 41.1768
1298880298 -8.60237 41.1768
1298880299 -8.6022 41.1768
1298880300 -8.60205 41.1768
1298880301 -8.6019 41.1768
1298880302 -8.60178 41.1767
1298880303 -8.60166 41.1766
1298880304 -8.60157 41.1765
1298880305 -8.60149 41.1765
1298880306 -8.60144 41.1764
1298880307 -8.60139 41.1764
1298880308 -8.60135 41.1764
1298880309 -8.60131 41.1764
1298880310 -8.60128 41.1763
1298880311 -8.60126 41.1763
1298880312 -8.60123 41.1763
1298880313 -8.6012 41.1763
1298880314 -8.60118 41.1763
1298880315 -8.60116 41.1763
1298880316 -8.60115 41.1762
1298880317 -8.60114 41.1762
1298880318 -8.60113 41.1762
1298880319 -8.60113 41.1762
1298880320 -8.60112 41.1762
1298880321 -8.6011 41.1762
1298880322 -8.60107 41.1762
1298880323 -8.60106 41.1762
1298880324 -8.60103 41.1761
1298880325 -8.60101 41.1761
1298880326 -8.60099 41.1761
1298880327 -8.60098 41.1761
1298880328 -8.60096 41.1761
1298880329 -8.60093 41.1761
1298880330 -8.60091 41.1761
1298880331 -8.60089 41.176
1298880332 -8.60087 41.176
1298880333 -8.60085 41.176
1298880334 -8.60084 41.176
1298880335 -8.60083 41.176
1298880336 -8.60082 41.176
1298880337 -8.60081 41.176
1298880338 -8.6008 41.176
1298880339 -8.6008 41.176
1298880340 -8.6008 41.176
1298880341 -8.6008 41.176
1298880342 -8.60079 41.176
1298880343 -8.60078 41.176
1298880344 -8.60076 41.176
1298880345 -8.60073 41.1759
1298880346 -8.60072 41.1759
1298880347 -8.60071 41.1759
1298880348 -8.6007 41.1759
1298880349 -8.60069 41.1759
1298880350 -8.60068 41.1759
1298880351 -8.60068 41.1759
1298880352 -8.60068 41.1759
1298880353 -8.60068 41.1759
1298880354 -8.60068 41.1759
1298880355 -8.60069 41.1759
1298880356 -8.60069 41.1759
1298880357 -8.60069 41.1759
1298880358 -8.60069 41.1759
1298880359 -8.60069 41.1759
1298880360 -8.60069 41.1759
1298880361 -8.60069 41.1759
1298880362 -8.60069 41.1759
1298880363 -8.60069 41.1759
1298880364 -8.60069 41.1759
1298880365 -8.60069 41.1759
1298880366 -8.60069 41.1759
1298880367 -8.60068 41.1759
1298880368 -8.60067 41.1759
1298880369 -8.60064 41.1759
1298880370 -8.60062 41.1759
1298880371 -8.60059 41.1759
1298880372 -8.60056 41.1759
1298880373 -8.60054 41.1759
1298880374 -8.60052 41.1759
1298880375 -8.60049 41.1759
1298880376 -8.60047 41.1759
1298880377 -8.60045 41.1759
1298880378 -8.60044 41.1758
1298880379 -8.60043 41.1758
1298880380 -8.6004 41.1758
1298880381 -8.60037 41.1758
1298880382 -8.60035 41.1759
1298880383 -8.60034 41.1759
1298880384 -8.60035 41.1759
1298880385 -8.60035 41.1759
1298880386 -8.60035 41.1759
1298880387 -8.60034 41.1759
1298880388 -8.60033 41.1759
1298880389 -8.6003 41.1759
1298880390 -8.60028 41.1759
1298880391 -8.60027 41.1759
1298880392 -8.60026 41.1759
1298880393 -8.60026 41.1759
1298880394 -8.60026 41.1759
1298880395 -8.60026 41.1759
1298880396 -8.60026 41.1759
1298880397 -8.60026 41.1759
1298880398 -8.60026 41.1759
1298880399 -8.60026 41.1759
1298880400 -8.60026 41.1759
1298880401 -8.60026 41.1759
1298880402 -8.60026 41.1759
1298880403 -8.60026 41.1759
1298880404 -8.60026 41.1759
1298880405 -8.60026 41.1759
1298880406 -8.60026 41.1759
1298880407 -8.60026 41.1759
1298880408 -8.60025 41.1759
1298880409 -8.60024 41.1759
1298880410 -8.60023 41.1759
1298880411 -8.60021 41.1759
1298880412 -8.60019 41.1759
1298880413 -8.60017 41.176
1298880414 -8.60015 41.176
1298880415 -8.60012 41.1761
1298880416 -8.60009 41.1762
1298880417 -8.60007 41.1763
1298880418 -8.60003 41.1763
1298880419 -8.59999 41.1764
1298880420 -8.59994 41.1765
1298880421 -8.5999 41.1766
1298880422 -8.59985 41.1767
1298880423 -8.59981 41.1768
1298880424 -8.59979 41.1768
1298880425 -8.59976 41.1769
1298880426 -8.59974 41.1769
1298880427 -8.59973 41.177
1298880428 -8.59972 41.177
1298880429 -8.5997 41.177
1298880430 -8.59966 41.1771
1298880431 -8.59963 41.1772
1298880432 -8.59959 41.1773
1298880433 -8.59955 41.1773
1298880434 -8.5995 41.1774
1298880435 -8.59946 41.1775
1298880436 -8.59944 41.1775
1298880437 -8.5994 41.1776
1298880438 -8.59937 41.1777
1298880439 -8.59933 41.1778
1298880440 -8.59929 41.1778
1298880441 -8.59926 41.1779
1298880442 -8.59922 41.178
1298880443 -8.59918 41.1781
1298880444 -8.59913 41.1782
1298880445 -8.59909 41.1783
1298880446 -8.59907 41.1783
1298880447 -8.59908 41.1784
1298880448 -8.59911 41.1785
1298880449 -8.59918 41.1785
1298880450 -8.59925 41.1786
1298880451 -8.59934 41.1786
1298880452 -8.59943 41.1786
1298880453 -8.59954 41.1787
1298880454 -8.59965 41.1787
1298880455 -8.59979 41.1787
1298880456 -8.59993 41.1788
1298880457 -8.60007 41.1788
1298880458 -8.60019 41.1788
1298880459 -8.60034 41.1789
1298880460 -8.60047 41.1789
1298880461 -8.60059 41.1789
1298880462 -8.60068 41.179
1298880463 -8.60073 41.179
1298880464 -8.60076 41.179
1298880465 -8.60077 41.179
1298880466 -8.60077 41.179
1298880467 -8.60076 41.179
1298880468 -8.60076 41.179
1298880469 -8.60076 41.179
1298880470 -8.60076 41.179
1298880471 -8.60076 41.179
1298880472 -8.60076 41.179
1298880473 -8.60076 41.179
1298880474 -8.60076 41.179
1298880475 -8.60076 41.179
1298880476 -8.60076 41.179
1298880477 -8.60076 41.179
1298880478 -8.60076 41.179
1298880479 -8.60077 41.179
1298880480 -8.60077 41.179
1298880481 -8.60077 41.179
1298880482 -8.6008 41.179
1298880483 -8.60082 41.179
1298880484 -8.60086 41.179
1298880485 -8.6009 41.179
1298880486 -8.60097 41.179
1298880487 -8.60104 41.1791
1298880488 -8.60115 41.1791
1298880489 -8.60126 41.1791
1298880490 -8.60138 41.1792
1298880491 -8.60152 41.1792
1298880492 -8.60166 41.1792
1298880493 -8.60182 41.1793
1298880494 -8.60197 41.1793
1298880495 -8.60214 41.1794
1298880496 -8.6023 41.1794
1298880497 -8.60245 41.1795
1298880498 -8.60261 41.1795
1298880499 -8.60276 41.1796
1298880500 -8.60291 41.1796
1298880501 -8.60307 41.1796
1298880502 -8.60323 41.1797
1298880503 -8.60341 41.1797
1298880504 -8.6036 41.1798
1298880505 -8.60378 41.1799
1298880506 -8.60396 41.1799
1298880507 -8.60415 41.18
1298880508 -8.60433 41.18
1298880509 -8.6045 41.1801
1298880510 -8.60468 41.1801
1298880511 -8.60481 41.1802
1298880512 -8.60493 41.1802
1298880513 -8.60502 41.1802
1298880514 -8.6051 41.1802
1298880515 -8.60515 41.1802
1298880516 -8.60519 41.1801
1298880517 -8.60522 41.18
1298880518 -8.60527 41.1799
1298880519 -8.60531 41.1798
1298880520 -8.60536 41.1797
1298880521 -8.60542 41.1796
1298880522 -8.60549 41.1795
1298880523 -8.60557 41.1794
1298880524 -8.60566 41.1792
1298880525 -8.60575 41.1791
1298880526 -8.60585 41.179
1298880527 -8.60596 41.1789
1298880528 -8.60607 41.1788
1298880529 -8.60619 41.1787
1298880530 -8.60629 41.1785
1298880531 -8.6064 41.1784
1298880532 -8.60652 41.1783
1298880533 -8.60665 41.1782
1298880534 -8.60677 41.1781
1298880535 -8.6069 41.1779
1298880536 -8.60702 41.1778
1298880537 -8.60714 41.1777
1298880538 -8.60727 41.1776
1298880539 -8.60739 41.1774
1298880540 -8.60752 41.1773
1298880541 -8.60764 41.1772
1298880542 -8.60774 41.1771
1298880543 -8.60784 41.177
1298880544 -8.60792 41.1768
1298880545 -8.60801 41.1767
1298880546 -8.60807 41.1766
1298880547 -8.60811 41.1764
1298880548 -8.60815 41.1763
1298880549 -8.60819 41.1762
1298880550 -8.60824 41.1761
1298880551 -8.60829 41.1759
1298880552 -8.60835 41.1758
1298880553 -8.60839 41.1757
1298880554 -8.60843 41.1756
1298880555 -8.60846 41.1755
1298880556 -8.60848 41.1755
1298880557 -8.6085 41.1754
1298880558 -8.60852 41.1754
1298880559 -8.60852 41.1754
1298880560 -8.60854 41.1754
1298880561 -8.60855 41.1754
1298880562 -8.60859 41.1754
1298880563 -8.60863 41.1754
1298880564 -8.60871 41.1754
1298880565 -8.60878 41.1754
1298880566 -8.60886 41.1753
1298880567 -8.60894 41.1753
1298880568 -8.60902 41.1753
1298880569 -8.60911 41.1752
1298880570 -8.60919 41.1751
1298880571 -8.60927 41.1751
1298880572 -8.60935 41.175
1298880573 -8.60943 41.175
1298880574 -8.60949 41.1749
1298880575 -8.60955 41.1749
1298880576 -8.6096 41.1748
1298880577 -8.60965 41.1747
1298880578 -8.60971 41.1747
1298880579 -8.60977 41.1746
1298880580 -8.60983 41.1745
1298880581 -8.60989 41.1745
1298880582 -8.60996 41.1744
1298880583 -8.61002 41.1743
1298880584 -8.61009 41.1742
1298880585 -8.61017 41.1741
1298880586 -8.61023 41.1741
1298880587 -8.61028 41.174
1298880588 -8.61033 41.1739
1298880589 -8.61035 41.1738
1298880590 -8.61035 41.1737
1298880591 -8.61035 41.1736
1298880592 -8.61036 41.1735
1298880593 -8.61036 41.1734
1298880594 -8.61036 41.1733
1298880595 -8.61036 41.1733
1298880596 -8.61036 41.1732
1298880597 -8.61037 41.1731
1298880598 -8.61037 41.173
1298880599 -8.61038 41.1729
1298880600 -8.61039 41.1729
1298880601 -8.6104 41.1728
1298880602 -8.61042 41.1728
1298880603 -8.61045 41.1728
1298880604 -8.61052 41.1727
1298880605 -8.6106 41.1727
1298880606 -8.61069 41.1727
1298880607 -8.61079 41.1727
1298880608 -8.61088 41.1727
1298880609 -8.61098 41.1727
1298880610 -8.61107 41.1727
1298880611 -8.61117 41.1727
1298880612 -8.61126 41.1727
1298880613 -8.61134 41.1727
1298880614 -8.61142 41.1727
1298880615 -8.61149 41.1727
1298880616 -8.61156 41.1727
1298880617 -8.61165 41.1727
1298880618 -8.61174 41.1727
1298880619 -8.61183 41.1727
1298880620 -8.6119 41.1728
1298880621 -8.61196 41.1728
1298880622 -8.61203 41.1728
1298880623 -8.61208 41.1728
1298880624 -8.61214 41.1728
1298880625 -8.61218 41.1728
1298880626 -8.61223 41.1728
1298880627 -8.61226 41.1728
1298880628 -8.61228 41.1728
1298880629 -8.61231 41.1728
1298880630 -8.61234 41.1728
1298880631 -8.61237 41.1728
1298880632 -8.6124 41.1728
1298880633 -8.61242 41.1728
1298880634 -8.61244 41.1728
1298880635 -8.61246 41.1728
1298880636 -8.61247 41.1728
1298880637 -8.61248 41.1728
1298880638 -8.61249 41.1728
1298880639 -8.6125 41.1728
1298880640 -8.61251 41.1728
1298880641 -8.61251 41.1728
1298880642 -8.61251 41.1728
1298880643 -8.61252 41.1728
1298880644 -8.61252 41.1728
1298880645 -8.61252 41.1728
1298880646 -8.61253 41.1728
1298880647 -8.61253 41.1728
1298880648 -8.61254 41.1728
1298880649 -8.61254 41.1728
1298880650 -8.61254 41.1728
1298880651 -8.61254 41.1728
1298880652 -8.61255 41.1728
1298880653 -8.61255 41.1728
1298880654 -8.61255 41.1728
1298880655 -8.61256 41.1728
1298880656 -8.61256 41.1728
1298880657 -8.61256 41.1728
1298880658 -8.61256 41.1728
1298880659 -8.61256 41.1728
1298880660 -8.61256 41.1728
1298880661 -8.61257 41.1728
1298880662 -8.61257 41.1728
1298880663 -8.61257 41.1728
1298880664 -8.61257 41.1728
1298880665 -8.61257 41.1728
1298880666 -8.61257 41.1728
1298880667 -8.61257 41.1728
1298880668 -8.61257 41.1728
1298880669 -8.61258 41.1728
1298880670 -8.61258 41.1728
1298880671 -8.61258 41.1728
1298880672 -8.61258 41.1728
1298880673 -8.61258 41.1728
1298880674 -8.61258 41.1728
1298880675 -8.61258 41.1728
1298880676 -8.61258 41.1728
1298880677 -8.61258 41.1728
1298880678 -8.61258 41.1728
1298880679 -8.61258 41.1728
1298880680 -8.61257 41.1728
1298880681 -8.61257 41.1728
1298880682 -8.61257 41.1728
1298880683 -8.61257 41.1728
1298880684 -8.61257 41.1728
1298880685 -8.61257 41.1728
1298880686 -8.61257 41.1728
1298880687 -8.61257 41.1728
1298880688 -8.61257 41.1728
1298880689 -8.61257 41.1728
1298880690 -8.61257 41.1728
1298880691 -8.61257 41.1728
1298880692 -8.61257 41.1728
1298880693 -8.61257 41.1728
1298880694 -8.61257 41.1728
1298880695 -8.61257 41.1728
1298880696 -8.61257 41.1728
1298880697 -8.61258 41.1728
1298880698 -8.6126 41.1728
1298880699 -8.61262 41.1728
1298880700 -8.61265 41.1728
1298880701 -8.61266 41.1727
1298880702 -8.61266 41.1727
1298880703 -8.61267 41.1726
1298880704 -8.61264 41.1725
1298880705 -8.61263 41.1724
1298880706 -8.61261 41.1723
1298880707 -8.61262 41.1722
1298880708 -8.61264 41.1722
1298880709 -8.61266 41.1721
1298880710 -8.61269 41.1721
1298880711 -8.61269 41.1721
1298880712 -8.61269 41.172
1298880713 -8.6127 41.172
1298880714 -8.6127 41.172
1298880715 -8.61271 41.172
1298880716 -8.61271 41.172
1298880717 -8.61271 41.172
1298880718 -8.61272 41.172
1298880719 -8.61272 41.172
1298880720 -8.61273 41.172
1298880721 -8.61273 41.172
1298880722 -8.61274 41.172
1298880723 -8.61274 41.172
1298880724 -8.61275 41.172
1298880725 -8.61275 41.172
1298880726 -8.61275 41.172
1298880727 -8.61275 41.172
1298880728 -8.61276 41.172
1298880729 -8.61276 41.172
1298880730 -8.61276 41.172
1298880731 -8.61276 41.172
1298880732 -8.61276 41.172
1298880733 -8.61277 41.172
1298880734 -8.61277 41.172
1298880735 -8.61277 41.172
1298880736 -8.61276 41.172
1298880737 -8.61277 41.172
1298880738 -8.61278 41.1719
1298880739 -8.61281 41.1719
1298880740 -8.61286 41.1719
1298880741 -8.61293 41.1719
1298880742 -8.61302 41.1719
1298880743 -8.6131 41.172
1298880744 -8.61321 41.172
1298880745 -8.61333 41.172
1298880746 -8.61347 41.172
1298880747 -8.61361 41.172
1298880748 -8.61377 41.172
1298880749 -8.61393 41.1719
1298880750 -8.61409 41.1719
1298880751 -8.61425 41.1719
1298880752 -8.61442 41.1719
1298880753 -8.6146 41.1719
1298880754 -8.61477 41.1719
1298880755 -8.61495 41.1719
1298880756 -8.61513 41.1719
1298880757 -8.6153 41.1719
1298880758 -8.61547 41.1719
1298880759 -8.61566 41.1719
1298880760 -8.61583 41.1719
1298880761 -8.61599 41.1719
1298880762 -8.61616 41.1719
1298880763 -8.61632 41.1719
1298880764 -8.61648 41.1719
1298880765 -8.61664 41.1719
1298880766 -8.6168 41.1719
1298880767 -8.61697 41.1719
1298880768 -8.61714 41.1719
1298880769 -8.61731 41.1719
1298880770 -8.61749 41.1719
1298880771 -8.61765 41.1719
1298880772 -8.61782 41.1719
1298880773 -8.61798 41.1718
1298880774 -8.61815 41.1718
1298880775 -8.61832 41.1718
1298880776 -8.61848 41.1717
1298880777 -8.61864 41.1717
1298880778 -8.61881 41.1717
1298880779 -8.61895 41.1716
1298880780 -8.61908 41.1716
1298880781 -8.61921 41.1715
1298880782 -8.61933 41.1714
1298880783 -8.61943 41.1713
1298880784 -8.61952 41.1712
1298880785 -8.6196 41.1712
1298880786 -8.61968 41.1711
1298880787 -8.61975 41.1711
1298880788 -8.61982 41.171
1298880789 -8.61989 41.171
1298880790 -8.61997 41.1709
1298880791 -8.62004 41.1709
1298880792 -8.62012 41.1708
1298880793 -8.6202 41.1708
1298880794 -8.6203 41.1707
1298880795 -8.62039 41.1707
1298880796 -8.6205 41.1706
1298880797 -8.6206 41.1706
1298880798 -8.62071 41.1705
1298880799 -8.62083 41.1704
1298880800 -8.62095 41.1704
1298880801 -8.62106 41.1703
1298880802 -8.62118 41.1702
1298880803 -8.62129 41.1702
1298880804 -8.6214 41.1701
1298880805 -8.6215 41.17
1298880806 -8.62159 41.17
1298880807 -8.62164 41.1699
1298880808 -8.62168 41.1699
1298880809 -8.6217 41.1698
1298880810 -8.62172 41.1698
1298880811 -8.62173 41.1697
1298880812 -8.62174 41.1697
1298880813 -8.62175 41.1697
1298880814 -8.62177 41.1696
1298880815 -8.62177 41.1696
1298880816 -8.62178 41.1696
1298880817 -8.62179 41.1695
1298880818 -8.6218 41.1695
1298880819 -8.62181 41.1695
1298880820 -8.62182 41.1695
1298880821 -8.62184 41.1694
1298880822 -8.62184 41.1694
1298880823 -8.62185 41.1694
1298880824 -8.62186 41.1693
1298880825 -8.62186 41.1693
1298880826 -8.62188 41.1693
1298880827 -8.62189 41.1692
1298880828 -8.62191 41.1692
1298880829 -8.62193 41.1691
1298880830 -8.62195 41.1691
1298880831 -8.62197 41.169
1298880832 -8.622 41.169
1298880833 -8.62203 41.1689
1298880834 -8.62204 41.1689
1298880835 -8.62207 41.1689
1298880836 -8.6221 41.1688
1298880837 -8.62214 41.1688
1298880838 -8.62218 41.1687
1298880839 -8.62222 41.1687
1298880840 -8.62225 41.1686
1298880841 -8.62228 41.1686
1298880842 -8.62231 41.1685
1298880843 -8.62232 41.1684
1298880844 -8.62232 41.1684
1298880845 -8.62231 41.1683
1298880846 -8.62229 41.1683
1298880847 -8.62228 41.1682
1298880848 -8.62227 41.1682
1298880849 -8.62228 41.1681
1298880850 -8.62229 41.1681
1298880851 -8.62229 41.168
1298880852 -8.62231 41.168
1298880853 -8.62232 41.1679
1298880854 -8.62235 41.1679
1298880855 -8.62238 41.1679
1298880856 -8.62241 41.1679
1298880857 -8.62244 41.1679
1298880858 -8.62248 41.1678
1298880859 -8.62251 41.1678
1298880860 -8.62254 41.1678
1298880861 -8.62258 41.1678
1298880862 -8.6226 41.1678
1298880863 -8.62261 41.1678
1298880864 -8.62261 41.1678
1298880865 -8.62261 41.1678
1298880866 -8.6226 41.1678
1298880867 -8.6226 41.1678
1298880868 -8.6226 41.1678
1298880869 -8.6226 41.1678
1298880870 -8.62261 41.1678
1298880871 -8.62261 41.1678
1298880872 -8.62261 41.1678
1298880873 -8.62263 41.1678
1298880874 -8.62265 41.1678
1298880875 -8.62266 41.1678
1298880876 -8.62267 41.1678
1298880877 -8.62268 41.1678
1298880878 -8.62268 41.1678
1298880879 -8.6227 41.1678
1298880880 -8.62271 41.1678
1298880881 -8.62274 41.1678
1298880882 -8.62276 41.1678
1298880883 -8.6228 41.1678
1298880884 -8.62284 41.1678
1298880885 -8.62287 41.1678
1298880886 -8.62291 41.1678
1298880887 -8.62296 41.1678
1298880888 -8.62302 41.1678
1298880889 -8.62309 41.1678
1298880890 -8.62318 41.1678
1298880891 -8.62327 41.1678
1298880892 -8.62337 41.1678
1298880893 -8.62347 41.1678
1298880894 -8.62355 41.1678
1298880895 -8.62361 41.1679
1298880896 -8.62367 41.1679
1298880897 -8.62374 41.1679
1298880898 -8.6238 41.1679
1298880899 -8.62386 41.168
1298880900 -8.62393 41.1679
1298880901 -8.624 41.1679
1298880902 -8.62407 41.1679
1298880903 -8.62412 41.1679
1298880904 -8.62417 41.1679
1298880905 -8.62421 41.1678
1298880906 -8.62423 41.1679
1298880907 -8.62425 41.1678
1298880908 -8.6243 41.1677
1298880909 -8.62433 41.1677
1298880910 -8.62437 41.1677
1298880911 -8.62439 41.1676
1298880912 -8.62444 41.1676
1298880913 -8.6245 41.1675
1298880914 -8.62456 41.1674
1298880915 -8.62459 41.1674
1298880916 -8.62459 41.1673
1298880917 -8.6246 41.1673
1298880918 -8.62462 41.1673
1298880919 -8.62463 41.1673
1298880920 -8.62465 41.1673
1298880921 -8.62466 41.1673
1298880922 -8.62466 41.1673
1298880923 -8.62469 41.1673
1298880924 -8.62474 41.1672
1298880925 -8.62482 41.1672
1298880926 -8.62493 41.1672
1298880927 -8.62505 41.1671
1298880928 -8.62516 41.1671
1298880929 -8.62528 41.167
1298880930 -8.62543 41.167
1298880931 -8.62556 41.167
1298880932 -8.62571 41.167
1298880933 -8.62585 41.167
1298880934 -8.62598 41.167
1298880935 -8.62609 41.167
1298880936 -8.62618 41.167
1298880937 -8.62627 41.167
1298880938 -8.62634 41.167
1298880939 -8.62641 41.167
1298880940 -8.62645 41.167
1298880941 -8.62648 41.1669
1298880942 -8.62649 41.167
1298880943 -8.62649 41.167
1298880944 -8.62649 41.167
1298880945 -8.62649 41.167
1298880946 -8.62649 41.167
1298880947 -8.6265 41.167
1298880948 -8.6265 41.1669
1298880949 -8.6265 41.1669
1298880950 -8.6265 41.1669
1298880951 -8.6265 41.1669
1298880952 -8.6265 41.1669
1298880953 -8.6265 41.1669
1298880954 -8.6265 41.1669
1298880955 -8.6265 41.1669
1298880956 -8.6265 41.1669
1298880957 -8.6265 41.1669
1298880958 -8.6265 41.1669
1298880959 -8.6265 41.1669
1298880960 -8.6265 41.1669
1298880961 -8.6265 41.1669
1298880962 -8.6265 41.1669
1298880963 -8.6265 41.1669
1298880964 -8.6265 41.1669
1298880965 -8.6265 41.1669
1298880966 -8.6265 41.1669
1298880967 -8.6265 41.1669
1298880968 -8.62651 41.1669
1298880969 -8.62651 41.1669
1298880970 -8.62651 41.1669
1298880971 -8.62651 41.1669
1298880972 -8.62651 41.1669
1298880973 -8.62652 41.1669
1298880974 -8.62655 41.1669
1298880975 -8.62659 41.167
1298880976 -8.62664 41.167
1298880977 -8.62673 41.167
1298880978 -8.62682 41.167
1298880979 -8.62691 41.167
1298880980 -8.62703 41.167
1298880981 -8.62715 41.167
1298880982 -8.62725 41.167
1298880983 -8.62736 41.1671
1298880984 -8.62748 41.1671
1298880985 -8.62762 41.1672
1298880986 -8.62776 41.1673
1298880987 -8.6279 41.1673
1298880988 -8.62804 41.1674
1298880989 -8.62818 41.1674
1298880990 -8.62832 41.1675
1298880991 -8.62844 41.1675
1298880992 -8.62857 41.1676
1298880993 -8.62869 41.1676
1298880994 -8.6288 41.1677
1298880995 -8.62892 41.1677
1298880996 -8.62904 41.1678
1298880997 -8.62915 41.1678
1298880998 -8.62925 41.1679
1298880999 -8.62934 41.1679
1298881000 -8.62943 41.1679
1298881001 -8.62952 41.168
1298881002 -8.62961 41.168
1298881003 -8.62971 41.1681
1298881004 -8.62981 41.1681
1298881005 -8.62992 41.1681
1298881006 -8.63004 41.1681
1298881007 -8.63013 41.1681
1298881008 -8.6302 41.1682
1298881009 -8.63026 41.1682
1298881010 -8.63032 41.1683
1298881011 -8.63039 41.1683
1298881012 -8.63047 41.1684
1298881013 -8.63056 41.1685
1298881014 -8.63066 41.1685
1298881015 -8.63077 41.1686
1298881016 -8.63087 41.1686
1298881017 -8.63097 41.1687
1298881018 -8.63107 41.1687
1298881019 -8.63115 41.1688
1298881020 -8.63123 41.1689
1298881021 -8.63132 41.1689
1298881022 -8.63141 41.169
1298881023 -8.63149 41.1691
1298881024 -8.63156 41.1691
1298881025 -8.63163 41.1692
1298881026 -8.63171 41.1693
1298881027 -8.63178 41.1693
1298881028 -8.63185 41.1694
1298881029 -8.63193 41.1695
1298881030 -8.632 41.1696
1298881031 -8.63206 41.1696
1298881032 -8.63211 41.1697
1298881033 -8.63212 41.1698
1298881034 -8.63213 41.1698
1298881035 -8.63213 41.1699
1298881036 -8.63214 41.17
1298881037 -8.63217 41.1701
1298881038 -8.6322 41.1702
1298881039 -8.63222 41.1703
1298881040 -8.63226 41.1704
1298881041 -8.6323 41.1705
1298881042 -8.63233 41.1707
1298881043 -8.63237 41.1708
1298881044 -8.6324 41.1709
1298881045 -8.63244 41.171
1298881046 -8.63248 41.1711
1298881047 -8.63251 41.1713
1298881048 -8.63255 41.1714
1298881049 -8.63258 41.1715
1298881050 -8.63263 41.1716
1298881051 -8.63266 41.1717
1298881052 -8.63272 41.1718
1298881053 -8.63276 41.172
1298881054 -8.63281 41.1721
1298881055 -8.63286 41.1722
1298881056 -8.63292 41.1723
1298881057 -8.63297 41.1725
1298881058 -8.63302 41.1726
1298881059 -8.63308 41.1727
1298881060 -8.63312 41.1728
1298881061 -8.63318 41.1729
1298881062 -8.63322 41.173
1298881063 -8.63328 41.1731
1298881064 -8.63331 41.1732
1298881065 -8.63337 41.1733
1298881066 -8.63343 41.1733
1298881067 -8.63349 41.1733
1298881068 -8.63354 41.1733
1298881069 -8.63357 41.1732
1298881070 -8.63357 41.1732
1298881071 -8.63357 41.1732
1298881072 -8.63356 41.1731
1298881073 -8.63354 41.1731
1298881074 -8.63353 41.1731
1298881075 -8.63352 41.173
1298881076 -8.63352 41.173
1298881077 -8.63352 41.173
1298881078 -8.63352 41.173
1298881079 -8.63352 41.173
1298881080 -8.63352 41.173
1298881081 -8.63352 41.173
1298881082 -8.63352 41.173
1298881083 -8.63351 41.173
1298881084 -8.63351 41.173
1298881085 -8.63351 41.173
1298881086 -8.6335 41.173
1298881087 -8.63348 41.1729
1298881088 -8.63346 41.1729
1298881089 -8.63343 41.1728
1298881090 -8.63342 41.1728
1298881091 -8.63341 41.1728
1298881092 -8.6334 41.1727
1298881093 -8.6334 41.1727
1298881094 -8.6334 41.1727
1298881095 -8.6334 41.1727
1298881096 -8.6334 41.1727
1298881097 -8.63341 41.1727
1298881098 -8.63341 41.1727
1298881099 -8.63341 41.1727
1298881100 -8.63341 41.1727
1298881101 -8.63341 41.1727
1298881102 -8.63342 41.1727
1298881103 -8.63342 41.1727
1298881104 -8.63342 41.1727
1298881105 -8.63342 41.1727
1298881106 -8.63342 41.1727
1298881107 -8.63342 41.1727
1298881108 -8.63343 41.1727
1298881109 -8.63343 41.1727
1298881110 -8.63343 41.1727
1298881111 -8.63343 41.1727
1298881112 -8.63343 41.1727
1298881113 -8.63343 41.1727
1298881114 -8.63343 41.1727
1298881115 -8.63343 41.1727
1298881116 -8.63343 41.1727
1298881117 -8.63343 41.1727
1298881118 -8.63343 41.1727
1298881119 -8.63343 41.1727
1298881120 -8.63343 41.1727
1298881121 -8.63343 41.1727
1298881122 -8.63343 41.1727
1298881123 -8.63343 41.1727
1298881124 -8.63343 41.1727
1298881125 -8.63343 41.1727
1298881126 -8.63343 41.1727
1298881127 -8.63342 41.1727
1298881128 -8.63342 41.1727
1298881129 -8.63342 41.1727
1298881130 -8.63342 41.1727
1298881131 -8.63342 41.1727
1298881132 -8.63342 41.1727
1298881133 -8.63342 41.1727
1298881134 -8.63342 41.1727
1298881135 -8.63341 41.1727
1298881136 -8.63339 41.1727
1298881137 -8.63337 41.1726
1298881138 -8.63334 41.1726
1298881139 -8.63331 41.1726
1298881140 -8.63329 41.1725
1298881141 -8.63328 41.1724
1298881142 -8.63326 41.1724
1298881143 -8.63326 41.1723
1298881144 -8.63327 41.1722
1298881145 -8.6333 41.1722
1298881146 -8.63332 41.1721
1298881147 -8.63336 41.1721
1298881148 -8.63342 41.172
1298881149 -8.63349 41.172
1298881150 -8.63357 41.1719
1298881151 -8.63366 41.1719
1298881152 -8.63374 41.1719
1298881153 -8.63381 41.1719
1298881154 -8.63386 41.1719
1298881155 -8.63391 41.1719
1298881156 -8.63394 41.1719
1298881157 -8.63398 41.1719
1298881158 -8.63403 41.1719
1298881159 -8.6341 41.172
1298881160 -8.63416 41.172
1298881161 -8.63422 41.1721
1298881162 -8.63429 41.1721
1298881163 -8.63435 41.1722
1298881164 -8.63442 41.1722
1298881165 -8.63447 41.1722
1298881166 -8.63453 41.1723
1298881167 -8.63457 41.1723
1298881168 -8.63462 41.1723
1298881169 -8.63465 41.1723
1298881170 -8.63467 41.1723
1298881171 -8.63467 41.1723
1298881172 -8.63467 41.1723
1298881173 -8.63467 41.1723
1298881174 -8.63466 41.1723
1298881175 -8.63466 41.1723
1298881176 -8.63466 41.1723
1298881177 -8.63466 41.1723
1298881178 -8.63466 41.1723
1298881179 -8.63466 41.1723
1298881180 -8.63466 41.1723
1298881181 -8.63466 41.1723
1298881182 -8.63466 41.1723
1298881183 -8.63466 41.1723
1298881184 -8.63466 41.1723
1298881185 -8.63466 41.1723
1298881186 -8.63468 41.1723
1298881187 -8.63472 41.1724
1298881188 -8.63475 41.1724
1298881189 -8.63479 41.1724
1298881190 -8.63483 41.1724
1298881191 -8.63484 41.1724
1298881192 -8.63486 41.1724
1298881193 -8.63488 41.1724
1298881194 -8.63491 41.1724
1298881195 -8.63492 41.1724
1298881196 -8.63493 41.1724
1298881197 -8.63493 41.1724
1298881198 -8.63493 41.1724
1298881199 -8.63494 41.1724
1298881200 -8.63494 41.1724
