:break:
1298880069 -8.59333 41.1508
1298880070 -8.59333 41.1508
1298880071 -8.59333 41.1508
1298880072 -8.59333 41.1508
1298880073 -8.59333 41.1508
1298880074 -8.59333 41.1508
1298880075 -8.59333 41.1508
1298880076 -8.59332 41.1508
1298880077 -8.59332 41.1508
1298880078 -8.59332 41.1508
1298880079 -8.59332 41.1508
1298880080 -8.59332 41.1508
1298880081 -8.59331 41.1508
1298880082 -8.59331 41.1508
1298880083 -8.59331 41.1508
1298880084 -8.59331 41.1508
1298880085 -8.59331 41.1508
1298880086 -8.59331 41.1508
1298880087 -8.59331 41.1508
1298880088 -8.59331 41.1508
1298880089 -8.59331 41.1508
1298880090 -8.59331 41.1508
1298880091 -8.59331 41.1508
1298880092 -8.59331 41.1508
1298880093 -8.59331 41.1508
1298880094 -8.59331 41.1508
1298880095 -8.59331 41.1508
1298880096 -8.5933 41.1508
1298880097 -8.5933 41.1508
1298880098 -8.5933 41.1508
1298880099 -8.5933 41.1508
1298880100 -8.5933 41.1508
1298880101 -8.5933 41.1508
1298880102 -8.5933 41.1508
1298880103 -8.59329 41.1508
1298880104 -8.59329 41.1508
1298880105 -8.59329 41.1508
1298880106 -8.59329 41.1508
1298880107 -8.59329 41.1508
1298880108 -8.59329 41.1508
1298880109 -8.59329 41.1508
1298880110 -8.59329 41.1508
1298880111 -8.59329 41.1508
1298880112 -8.59329 41.1508
1298880113 -8.59329 41.1508
1298880114 -8.59329 41.1508
1298880115 -8.59329 41.1508
1298880116 -8.59329 41.1508
1298880117 -8.59329 41.1508
1298880118 -8.5933 41.1508
1298880119 -8.59331 41.1508
1298880120 -8.59333 41.1508
1298880121 -8.59337 41.1508
1298880122 -8.59342 41.1509
1298880123 -8.59347 41.1509
1298880124 -8.59352 41.1509
1298880125 -8.59356 41.1509
1298880126 -8.59361 41.151
1298880127 -8.59368 41.151
1298880128 -8.59374 41.151
1298880129 -8.59381 41.151
1298880130 -8.59389 41.151
1298880131 -8.59397 41.151
1298880132 -8.59404 41.151
1298880133 -8.5941 41.151
1298880134 -8.59416 41.1511
1298880135 -8.59422 41.1511
1298880136 -8.59426 41.1512
1298880137 -8.59431 41.1513
1298880138 -8.59434 41.1514
1298880139 -8.59438 41.1515
1298880140 -8.59441 41.1515
1298880141 -8.59445 41.1516
1298880142 -8.59449 41.1517
1298880143 -8.59452 41.1518
1298880144 -8.59456 41.1519
1298880145 -8.5946 41.1521
1298880146 -8.59463 41.1522
1298880147 -8.59467 41.1523
1298880148 -8.5947 41.1524
1298880149 -8.59474 41.1525
1298880150 -8.59478 41.1526
1298880151 -8.59482 41.1527
1298880152 -8.59486 41.1528
1298880153 -8.59488 41.1529
1298880154 -8.5949 41.153
1298880155 -8.59493 41.153
1298880156 -8.59496 41.1531
1298880157 -8.595 41.1532
1298880158 -8.59503 41.1533
1298880159 -8.59506 41.1534
1298880160 -8.5951 41.1534
1298880161 -8.59514 41.1535
1298880162 -8.59518 41.1536
1298880163 -8.59521 41.1537
1298880164 -8.59524 41.1537
1298880165 -8.59527 41.1538
1298880166 -8.5953 41.1539
1298880167 -8.59531 41.154
1298880168 -8.59532 41.154
1298880169 -8.59536 41.1541
1298880170 -8.59539 41.1542
1298880171 -8.5954 41.1543
1298880172 -8.59542 41.1543
1298880173 -8.59544 41.1544
1298880174 -8.59546 41.1544
1298880175 -8.59543 41.1546
1298880176 -8.59546 41.1547
1298880177 -8.59548 41.1547
1298880178 -8.59547 41.1548
1298880179 -8.59544 41.1549
1298880180 -8.5954 41.155
1298880181 -8.59539 41.155
1298880182 -8.59535 41.1551
1298880183 -8.59532 41.1551
1298880184 -8.59529 41.1551
1298880185 -8.59526 41.1552
1298880186 -8.59523 41.1552
1298880187 -8.59523 41.1552
1298880188 -8.59522 41.1552
1298880189 -8.5952 41.1553
1298880190 -8.59517 41.1553
1298880191 -8.59514 41.1553
1298880192 -8.5951 41.1554
1298880193 -8.59507 41.1554
1298880194 -8.59505 41.1555
1298880195 -8.595 41.1555
1298880196 -8.59497 41.1556
1298880197 -8.59494 41.1556
1298880198 -8.59491 41.1557
1298880199 -8.5949 41.1558
1298880200 -8.59487 41.1558
1298880201 -8.59485 41.1558
1298880202 -8.59484 41.1559
1298880203 -8.59484 41.1559
1298880204 -8.59485 41.1559
1298880205 -8.59485 41.1559
1298880206 -8.59484 41.1559
1298880207 -8.59483 41.1559
1298880208 -8.59481 41.156
1298880209 -8.59479 41.156
1298880210 -8.59477 41.1561
1298880211 -8.59474 41.1561
1298880212 -8.59471 41.1562
1298880213 -8.59468 41.1562
1298880214 -8.59465 41.1563
1298880215 -8.59462 41.1563
1298880216 -8.59458 41.1564
1298880217 -8.59455 41.1564
1298880218 -8.5945 41.1565
1298880219 -8.59447 41.1566
1298880220 -8.59443 41.1566
1298880221 -8.59439 41.1567
1298880222 -8.59433 41.1568
1298880223 -8.59425 41.1569
1298880224 -8.59418 41.157
1298880225 -8.59411 41.1572
1298880226 -8.59404 41.1573
1298880227 -8.59397 41.1574
1298880228 -8.5939 41.1575
1298880229 -8.59381 41.1577
1298880230 -8.59374 41.1578
1298880231 -8.59366 41.1579
1298880232 -8.5936 41.158
1298880233 -8.59352 41.1581
1298880234 -8.59346 41.1582
1298880235 -8.59339 41.1583
1298880236 -8.59333 41.1584
1298880237 -8.59324 41.1585
1298880238 -8.59316 41.1586
1298880239 -8.59309 41.1588
1298880240 -8.59303 41.1589
1298880241 -8.59296 41.159
1298880242 -8.59289 41.1591
1298880243 -8.5928 41.1593
1298880244 -8.59273 41.1594
1298880245 -8.59266 41.1595
1298880246 -8.59261 41.1596
1298880247 -8.59254 41.1597
1298880248 -8.59247 41.1598
1298880249 -8.59241 41.16
1298880250 -8.59235 41.1601
1298880251 -8.5923 41.1602
1298880252 -8.59225 41.1603
1298880253 -8.59217 41.1604
1298880254 -8.5921 41.1605
1298880255 -8.59204 41.1606
1298880256 -8.59199 41.1607
1298880257 -8.59193 41.1608
1298880258 -8.59187 41.1609
1298880259 -8.59181 41.161
1298880260 -8.59176 41.1611
1298880261 -8.5917 41.1612
1298880262 -8.59164 41.1613
1298880263 -8.59157 41.1614
1298880264 -8.59151 41.1615
1298880265 -8.59145 41.1616
1298880266 -8.59137 41.1617
1298880267 -8.59128 41.1618
1298880268 -8.59121 41.1619
1298880269 -8.59113 41.162
1298880270 -8.59104 41.1621
1298880271 -8.59096 41.1622
1298880272 -8.59088 41.1623
1298880273 -8.5908 41.1624
1298880274 -8.59072 41.1625
1298880275 -8.59064 41.1626
1298880276 -8.59055 41.1627
1298880277 -8.59047 41.1628
1298880278 -8.59039 41.1629
1298880279 -8.59032 41.163
1298880280 -8.59025 41.1631
1298880281 -8.59017 41.1632
1298880282 -8.5901 41.1633
1298880283 -8.59003 41.1633
1298880284 -8.58996 41.1634
1298880285 -8.58989 41.1635
1298880286 -8.58982 41.1636
1298880287 -8.58975 41.1637
1298880288 -8.58968 41.1638
1298880289 -8.58961 41.1638
1298880290 -8.58954 41.1639
1298880291 -8.58946 41.164
1298880292 -8.58938 41.1641
1298880293 -8.58929 41.1642
1298880294 -8.58923 41.1643
1298880295 -8.58918 41.1644
1298880296 -8.58914 41.1645
1298880297 -8.58911 41.1645
1298880298 -8.58909 41.1646
1298880299 -8.58905 41.1647
1298880300 -8.58902 41.1648
1298880301 -8.58899 41.1649
1298880302 -8.58894 41.165
1298880303 -8.5889 41.1652
1298880304 -8.58886 41.1653
1298880305 -8.58882 41.1654
1298880306 -8.58878 41.1655
1298880307 -8.58874 41.1657
1298880308 -8.58868 41.1658
1298880309 -8.58864 41.1659
1298880310 -8.58859 41.166
1298880311 -8.58856 41.1662
1298880312 -8.5885 41.1663
1298880313 -8.58846 41.1664
1298880314 -8.58841 41.1665
1298880315 -8.58837 41.1666
1298880316 -8.58833 41.1667
1298880317 -8.58829 41.1668
1298880318 -8.58825 41.1669
1298880319 -8.58821 41.1669
1298880320 -8.58817 41.167
1298880321 -8.58813 41.1671
1298880322 -8.58809 41.1672
1298880323 -8.58805 41.1673
1298880324 -8.58801 41.1674
1298880325 -8.58797 41.1675
1298880326 -8.58793 41.1676
1298880327 -8.5879 41.1676
1298880328 -8.58786 41.1677
1298880329 -8.58783 41.1678
1298880330 -8.58781 41.1678
1298880331 -8.58779 41.1679
1298880332 -8.58777 41.1679
1298880333 -8.58776 41.1679
1298880334 -8.58776 41.168
1298880335 -8.58775 41.168
1298880336 -8.58775 41.168
1298880337 -8.58775 41.168
1298880338 -8.58775 41.168
1298880339 -8.58775 41.168
1298880340 -8.58775 41.168
1298880341 -8.58775 41.168
1298880342 -8.58775 41.168
1298880343 -8.58775 41.168
1298880344 -8.58776 41.168
1298880345 -8.58776 41.168
1298880346 -8.58776 41.168
1298880347 -8.58776 41.168
1298880348 -8.58776 41.168
1298880349 -8.58776 41.168
1298880350 -8.58776 41.168
1298880351 -8.58776 41.168
1298880352 -8.58776 41.168
1298880353 -8.58776 41.168
1298880354 -8.58776 41.168
1298880355 -8.58776 41.168
1298880356 -8.58776 41.168
1298880357 -8.58776 41.168
1298880358 -8.58776 41.168
1298880359 -8.58776 41.168
1298880360 -8.58775 41.168
1298880361 -8.58775 41.168
1298880362 -8.58773 41.1681
1298880363 -8.5877 41.1681
1298880364 -8.58767 41.1682
1298880365 -8.58764 41.1682
1298880366 -8.5876 41.1683
1298880367 -8.58757 41.1684
1298880368 -8.58755 41.1684
1298880369 -8.58754 41.1685
1298880370 -8.58756 41.1686
1298880371 -8.58758 41.1686
1298880372 -8.58762 41.1686
1298880373 -8.58765 41.1687
1298880374 -8.58768 41.1687
1298880375 -8.5877 41.1687
1298880376 -8.58772 41.1687
1298880377 -8.58774 41.1688
1298880378 -8.58775 41.1688
1298880379 -8.58775 41.1688
1298880380 -8.58775 41.1688
1298880381 -8.58776 41.1688
1298880382 -8.58776 41.1688
1298880383 -8.58777 41.1688
1298880384 -8.58778 41.1688
1298880385 -8.58779 41.1688
1298880386 -8.58781 41.1688
1298880387 -8.58782 41.1688
1298880388 -8.58784 41.1688
1298880389 -8.58786 41.1688
1298880390 -8.58788 41.1688
1298880391 -8.5879 41.1688
1298880392 -8.58792 41.1688
1298880393 -8.58792 41.1688
1298880394 -8.58793 41.1689
1298880395 -8.58794 41.1689
1298880396 -8.58796 41.1689
1298880397 -8.58799 41.1689
1298880398 -8.58803 41.1689
1298880399 -8.58806 41.1689
1298880400 -8.5881 41.1689
1298880401 -8.58812 41.1689
1298880402 -8.58814 41.1689
1298880403 -8.58816 41.1689
1298880404 -8.58819 41.1689
1298880405 -8.58821 41.1689
1298880406 -8.58823 41.1689
1298880407 -8.58826 41.1689
1298880408 -8.5883 41.1689
1298880409 -8.58833 41.1689
1298880410 -8.58836 41.1689
1298880411 -8.58839 41.1689
1298880412 -8.58842 41.1689
1298880413 -8.58846 41.1689
1298880414 -8.58848 41.1689
1298880415 -8.58851 41.1689
1298880416 -8.58854 41.1689
1298880417 -8.58857 41.1688
1298880418 -8.58859 41.1688
1298880419 -8.58862 41.1688
1298880420 -8.58864 41.1688
1298880421 -8.58866 41.1688
1298880422 -8.58867 41.1688
1298880423 -8.58869 41.1688
1298880424 -8.5887 41.1688
1298880425 -8.5887 41.1688
1298880426 -8.5887 41.1688
1298880427 -8.5887 41.1688
1298880428 -8.5887 41.1688
1298880429 -8.58871 41.1688
1298880430 -8.58872 41.1688
1298880431 -8.58874 41.1688
1298880432 -8.58875 41.1687
1298880433 -8.58876 41.1687
1298880434 -8.58879 41.1687
1298880435 -8.58881 41.1687
1298880436 -8.58883 41.1687
1298880437 -8.58887 41.1687
1298880438 -8.58892 41.1686
1298880439 -8.58895 41.1686
1298880440 -8.589 41.1686
1298880441 -8.58903 41.1686
1298880442 -8.58908 41.1686
1298880443 -8.58911 41.1686
1298880444 -8.58915 41.1686
1298880445 -8.58919 41.1685
1298880446 -8.58922 41.1686
1298880447 -8.58926 41.1686
1298880448 -8.58929 41.1686
1298880449 -8.58931 41.1686
1298880450 -8.58934 41.1686
1298880451 -8.58937 41.1686
1298880452 -8.58938 41.1686
1298880453 -8.58941 41.1686
1298880454 -8.58944 41.1686
1298880455 -8.58946 41.1686
1298880456 -8.58947 41.1686
1298880457 -8.58947 41.1686
1298880458 -8.58948 41.1686
1298880459 -8.58949 41.1686
1298880460 -8.5895 41.1686
1298880461 -8.58951 41.1686
1298880462 -8.58952 41.1686
1298880463 -8.58953 41.1686
1298880464 -8.58954 41.1687
1298880465 -8.58956 41.1687
1298880466 -8.58957 41.1687
1298880467 -8.58959 41.1687
1298880468 -8.58962 41.1687
1298880469 -8.58965 41.1687
1298880470 -8.58968 41.1687
1298880471 -8.58971 41.1687
1298880472 -8.58975 41.1688
1298880473 -8.5898 41.1688
1298880474 -8.58985 41.1688
1298880475 -8.58991 41.1688
1298880476 -8.58999 41.1689
1298880477 -8.59007 41.1689
1298880478 -8.59015 41.169
1298880479 -8.59022 41.169
1298880480 -8.5903 41.169
1298880481 -8.59038 41.1691
1298880482 -8.59046 41.1692
1298880483 -8.59056 41.1692
1298880484 -8.59066 41.1693
1298880485 -8.59077 41.1693
1298880486 -8.59086 41.1694
1298880487 -8.59097 41.1694
1298880488 -8.59108 41.1695
1298880489 -8.59118 41.1695
1298880490 -8.5913 41.1696
1298880491 -8.59141 41.1697
1298880492 -8.59151 41.1697
1298880493 -8.59161 41.1698
1298880494 -8.59171 41.1699
1298880495 -8.59181 41.1699
1298880496 -8.59192 41.17
1298880497 -8.59204 41.1701
1298880498 -8.59216 41.1702
1298880499 -8.59229 41.1703
1298880500 -8.59241 41.1703
1298880501 -8.59254 41.1704
1298880502 -8.59267 41.1705
1298880503 -8.5928 41.1706
1298880504 -8.59294 41.1707
1298880505 -8.59307 41.1708
1298880506 -8.5932 41.1709
1298880507 -8.59332 41.171
1298880508 -8.59343 41.171
1298880509 -8.59354 41.1711
1298880510 -8.59365 41.1712
1298880511 -8.59375 41.1713
1298880512 -8.59385 41.1713
1298880513 -8.59394 41.1714
1298880514 -8.59402 41.1714
1298880515 -8.59409 41.1715
1298880516 -8.59416 41.1715
1298880517 -8.59424 41.1716
1298880518 -8.59432 41.1716
1298880519 -8.59439 41.1716
1298880520 -8.59446 41.1717
1298880521 -8.59453 41.1717
1298880522 -8.59461 41.1717
1298880523 -8.59469 41.1718
1298880524 -8.59477 41.1718
1298880525 -8.59485 41.1718
1298880526 -8.59493 41.1718
1298880527 -8.59502 41.1719
1298880528 -8.59512 41.1719
1298880529 -8.59523 41.1719
1298880530 -8.59533 41.1719
1298880531 -8.59545 41.1719
1298880532 -8.59558 41.1719
1298880533 -8.59574 41.1719
1298880534 -8.59588 41.1719
1298880535 -8.59602 41.1719
1298880536 -8.59616 41.1719
1298880537 -8.5963 41.1719
1298880538 -8.59644 41.1719
1298880539 -8.59657 41.1719
1298880540 -8.59671 41.1718
1298880541 -8.59685 41.1718
1298880542 -8.59697 41.1718
1298880543 -8.5971 41.1718
1298880544 -8.59721 41.1718
1298880545 -8.59732 41.1717
1298880546 -8.59742 41.1717
1298880547 -8.59751 41.1717
1298880548 -8.59759 41.1717
1298880549 -8.59766 41.1717
1298880550 -8.59774 41.1717
1298880551 -8.59784 41.1716
1298880552 -8.59797 41.1716
1298880553 -8.59812 41.1716
1298880554 -8.59828 41.1716
1298880555 -8.59843 41.1716
1298880556 -8.59859 41.1715
1298880557 -8.59873 41.1715
1298880558 -8.59888 41.1715
1298880559 -8.59901 41.1715
1298880560 -8.59912 41.1714
1298880561 -8.59922 41.1714
1298880562 -8.59931 41.1714
1298880563 -8.59939 41.1714
1298880564 -8.59947 41.1714
1298880565 -8.59956 41.1714
1298880566 -8.59964 41.1714
1298880567 -8.59974 41.1714
1298880568 -8.59983 41.1713
1298880569 -8.59992 41.1713
1298880570 -8.60001 41.1713
1298880571 -8.6001 41.1713
1298880572 -8.60019 41.1713
1298880573 -8.60027 41.1713
1298880574 -8.60036 41.1713
1298880575 -8.60044 41.1713
1298880576 -8.60051 41.1713
1298880577 -8.60056 41.1713
1298880578 -8.6006 41.1713
1298880579 -8.60063 41.1713
1298880580 -8.60064 41.1713
1298880581 -8.60065 41.1713
1298880582 -8.60065 41.1713
1298880583 -8.60065 41.1713
1298880584 -8.60065 41.1713
1298880585 -8.60064 41.1713
1298880586 -8.60064 41.1713
1298880587 -8.60064 41.1713
1298880588 -8.60064 41.1713
1298880589 -8.60064 41.1713
1298880590 -8.60064 41.1713
1298880591 -8.60064 41.1713
1298880592 -8.60064 41.1713
1298880593 -8.60064 41.1713
1298880594 -8.60063 41.1713
1298880595 -8.60064 41.1713
1298880596 -8.60064 41.1713
1298880597 -8.60064 41.1713
1298880598 -8.60064 41.1713
1298880599 -8.60064 41.1713
1298880600 -8.60064 41.1713
1298880601 -8.60064 41.1713
1298880602 -8.60064 41.1713
1298880603 -8.60065 41.1713
1298880604 -8.60067 41.1713
1298880605 -8.60069 41.1713
1298880606 -8.60071 41.1713
1298880607 -8.60073 41.1713
1298880608 -8.60075 41.1713
1298880609 -8.60077 41.1713
1298880610 -8.60077 41.1713
1298880611 -8.60077 41.1713
1298880612 -8.60077 41.1713
1298880613 -8.60077 41.1713
1298880614 -8.60077 41.1713
1298880615 -8.60077 41.1713
1298880616 -8.60077 41.1713
1298880617 -8.60077 41.1713
1298880618 -8.60077 41.1713
1298880619 -8.60077 41.1713
1298880620 -8.60077 41.1713
1298880621 -8.60078 41.1713
1298880622 -8.60079 41.1713
1298880623 -8.60081 41.1713
1298880624 -8.60084 41.1713
1298880625 -8.60088 41.1713
1298880626 -8.60091 41.1713
1298880627 -8.60093 41.1713
1298880628 -8.60094 41.1713
1298880629 -8.60094 41.1713
1298880630 -8.60094 41.1713
1298880631 -8.60094 41.1713
1298880632 -8.60094 41.1713
1298880633 -8.60094 41.1713
1298880634 -8.60094 41.1713
1298880635 -8.60094 41.1713
1298880636 -8.60094 41.1713
1298880637 -8.60094 41.1713
1298880638 -8.60094 41.1713
1298880639 -8.60094 41.1713
1298880640 -8.60094 41.1714
1298880641 -8.60095 41.1714
1298880642 -8.60098 41.1714
1298880643 -8.60102 41.1714
1298880644 -8.60106 41.1714
1298880645 -8.60109 41.1714
1298880646 -8.60113 41.1714
1298880647 -8.60116 41.1714
1298880648 -8.6012 41.1714
1298880649 -8.60124 41.1714
1298880650 -8.60126 41.1714
1298880651 -8.60128 41.1714
1298880652 -8.60131 41.1714
1298880653 -8.60133 41.1714
1298880654 -8.60135 41.1714
1298880655 -8.60138 41.1714
1298880656 -8.60142 41.1714
1298880657 -8.60147 41.1715
1298880658 -8.60153 41.1715
1298880659 -8.60158 41.1715
1298880660 -8.60162 41.1715
1298880661 -8.60168 41.1715
1298880662 -8.60172 41.1715
1298880663 -8.60177 41.1715
1298880664 -8.60181 41.1716
1298880665 -8.60187 41.1716
1298880666 -8.60191 41.1716
1298880667 -8.60195 41.1716
1298880668 -8.60198 41.1716
1298880669 -8.60202 41.1716
1298880670 -8.60205 41.1716
1298880671 -8.60206 41.1716
1298880672 -8.60206 41.1716
1298880673 -8.60206 41.1716
1298880674 -8.60206 41.1716
1298880675 -8.60206 41.1716
1298880676 -8.60206 41.1716
1298880677 -8.60206 41.1716
1298880678 -8.60206 41.1716
1298880679 -8.60206 41.1716
1298880680 -8.60206 41.1716
1298880681 -8.60206 41.1716
1298880682 -8.60206 41.1716
1298880683 -8.60206 41.1716
1298880684 -8.60206 41.1716
1298880685 -8.60206 41.1716
1298880686 -8.60206 41.1716
1298880687 -8.60206 41.1716
1298880688 -8.60206 41.1716
1298880689 -8.60206 41.1716
1298880690 -8.60206 41.1716
1298880691 -8.60206 41.1716
1298880692 -8.60206 41.1716
1298880693 -8.60206 41.1716
1298880694 -8.60206 41.1716
1298880695 -8.60206 41.1716
1298880696 -8.60206 41.1716
1298880697 -8.60206 41.1716
1298880698 -8.60206 41.1716
1298880699 -8.60207 41.1716
1298880700 -8.60207 41.1716
1298880701 -8.60208 41.1716
1298880702 -8.60208 41.1716
1298880703 -8.60209 41.1716
1298880704 -8.60209 41.1716
1298880705 -8.60209 41.1716
1298880706 -8.60209 41.1716
1298880707 -8.60209 41.1716
1298880708 -8.60209 41.1716
1298880709 -8.6021 41.1716
1298880710 -8.6021 41.1716
1298880711 -8.6021 41.1716
1298880712 -8.6021 41.1716
1298880713 -8.6021 41.1716
1298880714 -8.6021 41.1716
1298880715 -8.6021 41.1716
1298880716 -8.6021 41.1716
1298880717 -8.6021 41.1716
1298880718 -8.6021 41.1716
1298880719 -8.6021 41.1716
1298880720 -8.6021 41.1716
1298880721 -8.6021 41.1716
1298880722 -8.60211 41.1716
1298880723 -8.60211 41.1716
1298880724 -8.60211 41.1716
1298880725 -8.60211 41.1716
1298880726 -8.60211 41.1717
1298880727 -8.60212 41.1717
1298880728 -8.60213 41.1717
1298880729 -8.60215 41.1717
1298880730 -8.60217 41.1717
1298880731 -8.6022 41.1717
1298880732 -8.60224 41.1717
1298880733 -8.60227 41.1717
1298880734 -8.60233 41.1717
1298880735 -8.60237 41.1717
1298880736 -8.60242 41.1717
1298880737 -8.60247 41.1717
1298880738 -8.60251 41.1717
1298880739 -8.60255 41.1717
1298880740 -8.6026 41.1717
1298880741 -8.60263 41.1717
1298880742 -8.60267 41.1717
1298880743 -8.6027 41.1717
1298880744 -8.60272 41.1717
1298880745 -8.60273 41.1717
1298880746 -8.60273 41.1717
1298880747 -8.60274 41.1717
1298880748 -8.60274 41.1717
1298880749 -8.60274 41.1717
1298880750 -8.60274 41.1717
1298880751 -8.60274 41.1717
1298880752 -8.60274 41.1717
1298880753 -8.60274 41.1717
1298880754 -8.60274 41.1717
1298880755 -8.60274 41.1717
1298880756 -8.60274 41.1717
1298880757 -8.60274 41.1717
1298880758 -8.60274 41.1717
1298880759 -8.60274 41.1717
1298880760 -8.60274 41.1717
1298880761 -8.60274 41.1717
1298880762 -8.60275 41.1717
1298880763 -8.60276 41.1717
1298880764 -8.60278 41.1717
1298880765 -8.60281 41.1717
1298880766 -8.60286 41.1718
1298880767 -8.6029 41.1718
1298880768 -8.60294 41.1718
1298880769 -8.60297 41.1718
1298880770 -8.60299 41.1718
1298880771 -8.603 41.1718
1298880772 -8.60301 41.1718
1298880773 -8.60302 41.1718
1298880774 -8.60302 41.1718
1298880775 -8.60303 41.1718
1298880776 -8.60303 41.1718
1298880777 -8.60303 41.1718
1298880778 -8.60303 41.1718
1298880779 -8.60303 41.1718
1298880780 -8.60303 41.1718
1298880781 -8.60303 41.1718
1298880782 -8.60303 41.1718
1298880783 -8.60303 41.1718
1298880784 -8.60303 41.1718
1298880785 -8.60303 41.1718
1298880786 -8.60303 41.1718
1298880787 -8.60303 41.1718
1298880788 -8.60303 41.1718
1298880789 -8.60303 41.1718
1298880790 -8.60304 41.1718
1298880791 -8.60305 41.1718
1298880792 -8.60305 41.1718
1298880793 -8.60307 41.1718
1298880794 -8.60308 41.1718
1298880795 -8.60308 41.1718
1298880796 -8.60308 41.1718
1298880797 -8.60308 41.1718
1298880798 -8.60309 41.1718
1298880799 -8.60309 41.1718
1298880800 -8.60309 41.1718
1298880801 -8.6031 41.1718
1298880802 -8.6031 41.1718
1298880803 -8.6031 41.1718
1298880804 -8.6031 41.1718
1298880805 -8.6031 41.1718
1298880806 -8.6031 41.1718
1298880807 -8.60311 41.1718
1298880808 -8.60312 41.1718
1298880809 -8.60315 41.1718
1298880810 -8.60319 41.1718
1298880811 -8.60324 41.1718
1298880812 -8.60331 41.1718
1298880813 -8.60337 41.1718
1298880814 -8.60343 41.1718
1298880815 -8.60351 41.1718
1298880816 -8.60357 41.1718
1298880817 -8.60363 41.1719
1298880818 -8.60369 41.1719
1298880819 -8.60373 41.1719
1298880820 -8.60378 41.1719
1298880821 -8.60381 41.1719
1298880822 -8.60384 41.1719
1298880823 -8.60387 41.172
1298880824 -8.60389 41.172
1298880825 -8.6039 41.172
1298880826 -8.60391 41.172
1298880827 -8.60391 41.172
1298880828 -8.60392 41.172
1298880829 -8.60392 41.172
1298880830 -8.60393 41.172
1298880831 -8.60393 41.172
1298880832 -8.60394 41.1721
1298880833 -8.60395 41.1721
1298880834 -8.60395 41.1721
1298880835 -8.60395 41.1721
1298880836 -8.60395 41.1721
1298880837 -8.60395 41.1721
1298880838 -8.60395 41.1721
1298880839 -8.60395 41.1721
1298880840 -8.60395 41.1721
1298880841 -8.60395 41.1721
1298880842 -8.60395 41.1721
1298880843 -8.60396 41.1721
1298880844 -8.60396 41.1721
1298880845 -8.60396 41.1721
1298880846 -8.60396 41.1721
1298880847 -8.60396 41.1721
1298880848 -8.60396 41.1721
1298880849 -8.60396 41.1721
1298880850 -8.60396 41.1721
1298880851 -8.60397 41.1721
1298880852 -8.60398 41.1721
1298880853 -8.60399 41.1721
1298880854 -8.604 41.1721
1298880855 -8.60401 41.1722
1298880856 -8.60402 41.1722
1298880857 -8.60403 41.1722
1298880858 -8.60404 41.1722
1298880859 -8.60405 41.1722
1298880860 -8.60405 41.1722
1298880861 -8.60405 41.1722
1298880862 -8.60405 41.1722
1298880863 -8.60405 41.1722
1298880864 -8.60405 41.1722
1298880865 -8.60405 41.1722
1298880866 -8.60405 41.1722
1298880867 -8.60405 41.1722
1298880868 -8.60405 41.1722
1298880869 -8.60405 41.1722
1298880870 -8.60405 41.1722
1298880871 -8.60405 41.1722
1298880872 -8.60405 41.1722
1298880873 -8.60405 41.1722
1298880874 -8.60405 41.1722
1298880875 -8.60405 41.1722
1298880876 -8.60405 41.1722
1298880877 -8.60405 41.1722
1298880878 -8.60405 41.1722
1298880879 -8.60405 41.1722
1298880880 -8.60405 41.1722
1298880881 -8.60405 41.1722
1298880882 -8.60405 41.1722
1298880883 -8.60405 41.1722
1298880884 -8.60405 41.1722
1298880885 -8.60405 41.1722
1298880886 -8.60405 41.1722
1298880887 -8.60405 41.1722
1298880888 -8.60405 41.1722
1298880889 -8.60405 41.1722
1298880890 -8.60405 41.1722
1298880891 -8.60405 41.1722
1298880892 -8.60405 41.1722
1298880893 -8.60405 41.1722
1298880894 -8.60406 41.1722
1298880895 -8.60406 41.1722
1298880896 -8.60406 41.1722
1298880897 -8.60406 41.1722
1298880898 -8.60406 41.1722
1298880899 -8.60407 41.1723
1298880900 -8.60407 41.1723
1298880901 -8.60408 41.1723
1298880902 -8.60409 41.1723
1298880903 -8.6041 41.1723
1298880904 -8.60412 41.1723
1298880905 -8.60413 41.1723
1298880906 -8.60414 41.1724
1298880907 -8.60417 41.1724
1298880908 -8.60419 41.1724
1298880909 -8.60421 41.1724
1298880910 -8.60423 41.1725
1298880911 -8.60425 41.1725
1298880912 -8.60427 41.1725
1298880913 -8.60428 41.1725
1298880914 -8.6043 41.1725
1298880915 -8.60432 41.1726
1298880916 -8.60436 41.1726
1298880917 -8.60441 41.1726
1298880918 -8.60447 41.1726
1298880919 -8.60455 41.1727
1298880920 -8.60463 41.1727
1298880921 -8.60472 41.1728
1298880922 -8.60482 41.1728
1298880923 -8.60492 41.1729
1298880924 -8.60504 41.1729
1298880925 -8.60515 41.173
1298880926 -8.60527 41.173
1298880927 -8.60537 41.173
1298880928 -8.60546 41.173
1298880929 -8.60554 41.1731
1298880930 -8.6056 41.1731
1298880931 -8.60564 41.1732
1298880932 -8.60567 41.1732
1298880933 -8.60567 41.1732
1298880934 -8.60567 41.1732
1298880935 -8.60567 41.1732
1298880936 -8.60567 41.1732
1298880937 -8.60567 41.1732
1298880938 -8.60567 41.1732
1298880939 -8.60567 41.1732
1298880940 -8.60567 41.1732
1298880941 -8.60567 41.1732
1298880942 -8.60567 41.1732
1298880943 -8.60567 41.1732
1298880944 -8.60567 41.1732
1298880945 -8.60567 41.1732
1298880946 -8.60567 41.1732
1298880947 -8.60567 41.1732
1298880948 -8.60567 41.1732
1298880949 -8.60567 41.1732
1298880950 -8.60567 41.1732
1298880951 -8.60567 41.1732
1298880952 -8.60567 41.1732
1298880953 -8.60567 41.1732
1298880954 -8.60567 41.1732
1298880955 -8.60567 41.1732
1298880956 -8.60567 41.1732
1298880957 -8.60567 41.1732
1298880958 -8.60567 41.1732
1298880959 -8.60567 41.1732
1298880960 -8.60567 41.1732
1298880961 -8.60567 41.1732
1298880962 -8.60567 41.1732
1298880963 -8.60567 41.1732
1298880964 -8.60567 41.1732
1298880965 -8.60567 41.1733
1298880966 -8.60569 41.1733
1298880967 -8.6057 41.1733
1298880968 -8.60573 41.1734
1298880969 -8.60575 41.1735
1298880970 -8.60576 41.1735
1298880971 -8.60579 41.1736
1298880972 -8.60582 41.1737
1298880973 -8.60584 41.1738
1298880974 -8.60586 41.1739
1298880975 -8.60589 41.174
1298880976 -8.60592 41.174
1298880977 -8.60595 41.1741
1298880978 -8.60599 41.1742
1298880979 -8.60603 41.1743
1298880980 -8.60608 41.1744
1298880981 -8.60616 41.1745
1298880982 -8.60624 41.1745
1298880983 -8.60632 41.1746
1298880984 -8.60641 41.1747
1298880985 -8.60649 41.1747
1298880986 -8.60657 41.1748
1298880987 -8.60666 41.1749
1298880988 -8.60675 41.1749
1298880989 -8.60685 41.175
1298880990 -8.60696 41.1751
1298880991 -8.60708 41.1752
1298880992 -8.6072 41.1752
1298880993 -8.60732 41.1752
1298880994 -8.60746 41.1753
1298880995 -8.60758 41.1753
1298880996 -8.60772 41.1753
1298880997 -8.60785 41.1753
1298880998 -8.60799 41.1754
1298880999 -8.6081 41.1754
1298881000 -8.6082 41.1754
1298881001 -8.60829 41.1754
1298881002 -8.60836 41.1754
1298881003 -8.6084 41.1755
1298881004 -8.6084 41.1755
1298881005 -8.60839 41.1756
1298881006 -8.60837 41.1757
1298881007 -8.60833 41.1758
1298881008 -8.60828 41.1758
1298881009 -8.60825 41.1759
1298881010 -8.6082 41.1761
1298881011 -8.60817 41.1762
1298881012 -8.60812 41.1763
1298881013 -8.60809 41.1764
1298881014 -8.60805 41.1765
1298881015 -8.60801 41.1766
1298881016 -8.60797 41.1767
1298881017 -8.60793 41.1767
1298881018 -8.6079 41.1768
1298881019 -8.60787 41.1768
1298881020 -8.60786 41.1769
1298881021 -8.60784 41.1769
1298881022 -8.60786 41.1769
1298881023 -8.6079 41.1769
1298881024 -8.60794 41.177
1298881025 -8.60801 41.177
1298881026 -8.6081 41.177
1298881027 -8.60819 41.177
1298881028 -8.60829 41.177
1298881029 -8.60841 41.1771
1298881030 -8.60853 41.1771
1298881031 -8.60864 41.1772
1298881032 -8.60876 41.1772
1298881033 -8.60886 41.1773
1298881034 -8.60896 41.1773
1298881035 -8.60905 41.1773
1298881036 -8.60912 41.1774
1298881037 -8.60918 41.1775
1298881038 -8.60919 41.1776
1298881039 -8.60921 41.1777
1298881040 -8.60921 41.1778
1298881041 -8.60921 41.1779
1298881042 -8.60922 41.178
1298881043 -8.60922 41.1781
1298881044 -8.60923 41.1782
1298881045 -8.60924 41.1783
1298881046 -8.60924 41.1785
1298881047 -8.60925 41.1786
1298881048 -8.60925 41.1787
1298881049 -8.60925 41.1788
1298881050 -8.60926 41.1789
1298881051 -8.60927 41.1791
1298881052 -8.60927 41.1792
1298881053 -8.60927 41.1793
1298881054 -8.60928 41.1794
1298881055 -8.60929 41.1796
1298881056 -8.60929 41.1797
1298881057 -8.6093 41.1798
1298881058 -8.6093 41.18
1298881059 -8.60931 41.1801
1298881060 -8.60932 41.1802
1298881061 -8.60933 41.1804
1298881062 -8.60934 41.1805
1298881063 -8.60935 41.1806
1298881064 -8.60936 41.1808
1298881065 -8.60936 41.1809
1298881066 -8.60936 41.181
1298881067 -8.60936 41.1812
1298881068 -8.60937 41.1813
1298881069 -8.60937 41.1814
1298881070 -8.60938 41.1815
1298881071 -8.60939 41.1817
1298881072 -8.6094 41.1818
1298881073 -8.6094 41.1819
1298881074 -8.60941 41.182
1298881075 -8.60941 41.1821
1298881076 -8.60941 41.1822
1298881077 -8.60942 41.1823
1298881078 -8.60942 41.1824
1298881079 -8.60943 41.1825
1298881080 -8.60943 41.1827
1298881081 -8.60944 41.1828
1298881082 -8.60945 41.1829
1298881083 -8.60945 41.183
1298881084 -8.60945 41.1831
1298881085 -8.60946 41.1832
1298881086 -8.60947 41.1834
1298881087 -8.60947 41.1835
1298881088 -8.60948 41.1836
1298881089 -8.60948 41.1837
1298881090 -8.60948 41.1838
1298881091 -8.60948 41.1839
1298881092 -8.60948 41.1839
1298881093 -8.60948 41.184
1298881094 -8.60947 41.1841
1298881095 -8.60947 41.1841
1298881096 -8.60947 41.1842
1298881097 -8.60947 41.1842
1298881098 -8.60947 41.1842
1298881099 -8.60947 41.1843
1298881100 -8.60947 41.1843
1298881101 -8.60947 41.1843
1298881102 -8.60947 41.1843
1298881103 -8.60947 41.1843
1298881104 -8.60947 41.1843
1298881105 -8.60947 41.1843
1298881106 -8.60947 41.1843
1298881107 -8.60947 41.1843
1298881108 -8.60947 41.1843
1298881109 -8.60947 41.1843
1298881110 -8.60947 41.1843
1298881111 -8.60947 41.1843
1298881112 -8.60947 41.1843
1298881113 -8.60947 41.1843
1298881114 -8.60947 41.1843
1298881115 -8.60947 41.1843
1298881116 -8.60947 41.1843
1298881117 -8.60947 41.1843
1298881118 -8.60947 41.1843
1298881119 -8.60947 41.1843
1298881120 -8.60946 41.1843
1298881121 -8.60946 41.1843
1298881122 -8.60946 41.1843
1298881123 -8.60946 41.1843
1298881124 -8.60946 41.1843
1298881125 -8.60946 41.1843
1298881126 -8.60946 41.1843
1298881127 -8.60946 41.1843
1298881128 -8.60946 41.1843
1298881129 -8.60946 41.1843
1298881130 -8.60946 41.1843
1298881131 -8.60946 41.1843
1298881132 -8.60946 41.1843
1298881133 -8.60946 41.1843
1298881134 -8.60946 41.1843
1298881135 -8.60946 41.1843
1298881136 -8.60946 41.1843
1298881137 -8.60946 41.1843
1298881138 -8.60946 41.1843
1298881139 -8.60946 41.1843
1298881140 -8.60946 41.1843
1298881141 -8.60946 41.1843
1298881142 -8.60946 41.1843
1298881143 -8.60946 41.1843
1298881144 -8.60946 41.1843
1298881145 -8.60947 41.1843
1298881146 -8.60947 41.1843
1298881147 -8.60946 41.1844
1298881148 -8.60943 41.1844
1298881149 -8.60936 41.1845
1298881150 -8.60927 41.1845
1298881151 -8.60915 41.1845
1298881152 -8.609 41.1846
1298881153 -8.60881 41.1846
1298881154 -8.60863 41.1846
1298881155 -8.60843 41.1846
1298881156 -8.60822 41.1846
1298881157 -8.60801 41.1846
1298881158 -8.60779 41.1846
1298881159 -8.60758 41.1846
1298881160 -8.60737 41.1846
1298881161 -8.60717 41.1846
1298881162 -8.60698 41.1845
1298881163 -8.60681 41.1845
1298881164 -8.60665 41.1845
1298881165 -8.60647 41.1845
1298881166 -8.60631 41.1844
1298881167 -8.60615 41.1844
1298881168 -8.60598 41.1844
1298881169 -8.60581 41.1843
1298881170 -8.60564 41.1843
1298881171 -8.60548 41.1843
1298881172 -8.60534 41.1842
1298881173 -8.60521 41.1842
1298881174 -8.60511 41.1841
1298881175 -8.605 41.1841
1298881176 -8.6049 41.1841
1298881177 -8.60479 41.1841
1298881178 -8.60469 41.184
1298881179 -8.60459 41.184
1298881180 -8.6045 41.184
1298881181 -8.60443 41.184
1298881182 -8.60438 41.184
1298881183 -8.60433 41.184
1298881184 -8.6043 41.184
1298881185 -8.60427 41.184
1298881186 -8.60423 41.184
1298881187 -8.60422 41.1839
1298881188 -8.6042 41.1839
1298881189 -8.60418 41.1839
1298881190 -8.60418 41.1839
1298881191 -8.60418 41.1839
1298881192 -8.60417 41.1839
1298881193 -8.60416 41.1839
1298881194 -8.60414 41.1839
1298881195 -8.60411 41.1839
1298881196 -8.60406 41.1839
1298881197 -8.60401 41.1839
1298881198 -8.60395 41.1839
1298881199 -8.60387 41.1839
1298881200 -8.60379 41.1838
