:break:
1298880601 -8.58951 41.1696
1298880602 -8.58951 41.1696
1298880603 -8.5895 41.1696
1298880604 -8.58951 41.1696
1298880605 -8.58951 41.1696
1298880606 -8.58951 41.1696
1298880607 -8.58951 41.1696
1298880608 -8.58951 41.1696
1298880609 -8.58951 41.1696
1298880610 -8.58951 41.1696
1298880611 -8.58951 41.1696
1298880612 -8.58951 41.1696
1298880613 -8.58951 41.1696
1298880614 -8.58951 41.1696
1298880615 -8.5895 41.1696
1298880616 -8.58951 41.1696
1298880617 -8.5895 41.1696
1298880618 -8.5895 41.1696
1298880619 -8.58951 41.1696
1298880620 -8.58951 41.1696
1298880621 -8.58951 41.1696
1298880622 -8.58951 41.1696
1298880623 -8.58951 41.1696
1298880624 -8.58951 41.1696
1298880625 -8.5893 41.1696
1298880626 -8.5893 41.1696
1298880627 -8.5893 41.1696
1298880628 -8.5893 41.1696
1298880629 -8.58929 41.1696
1298880630 -8.58929 41.1696
1298880631 -8.58929 41.1696
1298880632 -8.58927 41.1696
1298880633 -8.58926 41.1696
1298880634 -8.58926 41.1696
1298880635 -8.58925 41.1696
1298880636 -8.58924 41.1696
1298880637 -8.58924 41.1696
1298880638 -8.58923 41.1696
1298880639 -8.58923 41.1696
1298880640 -8.58921 41.1696
1298880641 -8.58921 41.1696
1298880642 -8.58921 41.1696
1298880643 -8.5892 41.1696
1298880644 -8.5892 41.1696
1298880645 -8.5892 41.1696
1298880646 -8.5892 41.1696
1298880647 -8.5892 41.1696
1298880648 -8.5892 41.1696
1298880649 -8.5892 41.1696
1298880650 -8.5892 41.1696
1298880651 -8.5892 41.1696
1298880652 -8.5892 41.1696
1298880653 -8.5892 41.1696
1298880654 -8.5892 41.1696
1298880655 -8.5892 41.1696
1298880656 -8.5892 41.1696
1298880657 -8.5892 41.1696
1298880658 -8.58921 41.1696
1298880659 -8.58922 41.1696
1298880660 -8.58922 41.1696
1298880661 -8.58923 41.1696
1298880662 -8.58924 41.1696
1298880663 -8.58924 41.1696
1298880664 -8.58925 41.1696
1298880665 -8.58925 41.1696
1298880666 -8.58926 41.1696
1298880667 -8.58926 41.1696
1298880668 -8.58926 41.1696
1298880669 -8.58927 41.1696
1298880670 -8.58927 41.1696
1298880671 -8.58928 41.1696
1298880672 -8.58928 41.1696
1298880673 -8.58929 41.1696
1298880674 -8.58929 41.1696
1298880675 -8.58929 41.1696
1298880676 -8.58929 41.1696
1298880677 -8.58929 41.1696
1298880678 -8.58929 41.1696
1298880679 -8.5893 41.1696
1298880680 -8.5893 41.1696
1298880681 -8.5893 41.1696
1298880682 -8.58931 41.1696
1298880683 -8.58931 41.1696
1298880684 -8.58931 41.1696
1298880685 -8.58931 41.1696
1298880686 -8.58932 41.1696
1298880687 -8.58932 41.1696
1298880688 -8.58932 41.1696
1298880689 -8.58932 41.1696
1298880690 -8.58932 41.1696
1298880691 -8.58933 41.1696
1298880692 -8.58933 41.1696
1298880693 -8.58933 41.1696
1298880694 -8.58933 41.1696
1298880695 -8.58933 41.1696
1298880696 -8.58933 41.1696
1298880697 -8.58933 41.1696
1298880698 -8.58933 41.1696
1298880699 -8.58933 41.1696
1298880700 -8.58933 41.1696
1298880701 -8.58933 41.1696
1298880702 -8.58933 41.1696
1298880703 -8.58933 41.1696
1298880704 -8.58933 41.1696
1298880705 -8.58933 41.1696
1298880706 -8.58933 41.1696
1298880707 -8.58933 41.1696
1298880708 -8.58933 41.1696
1298880709 -8.58932 41.1696
1298880710 -8.58932 41.1696
1298880711 -8.58932 41.1696
1298880712 -8.58932 41.1696
1298880713 -8.58931 41.1696
1298880714 -8.58931 41.1696
1298880715 -8.58931 41.1696
1298880716 -8.5893 41.1696
1298880717 -8.5893 41.1696
1298880718 -8.5893 41.1696
1298880719 -8.58929 41.1696
1298880720 -8.58929 41.1696
1298880721 -8.58929 41.1696
1298880722 -8.58929 41.1696
1298880723 -8.58929 41.1696
1298880724 -8.58929 41.1696
1298880725 -8.58929 41.1696
1298880726 -8.58928 41.1696
1298880727 -8.58928 41.1696
1298880728 -8.58928 41.1696
1298880729 -8.58928 41.1696
1298880730 -8.58927 41.1696
1298880731 -8.58927 41.1696
1298880732 -8.58927 41.1696
1298880733 -8.58927 41.1696
1298880734 -8.58927 41.1696
1298880735 -8.58927 41.1696
1298880736 -8.58927 41.1696
1298880737 -8.58926 41.1696
1298880738 -8.58926 41.1696
1298880739 -8.58926 41.1696
1298880740 -8.58926 41.1696
1298880741 -8.58926 41.1697
1298880742 -8.58926 41.1697
1298880743 -8.58926 41.1697
1298880744 -8.58926 41.1697
1298880745 -8.58926 41.1697
1298880746 -8.58926 41.1697
1298880747 -8.58926 41.1697
1298880748 -8.58926 41.1697
1298880749 -8.58925 41.1697
1298880750 -8.58925 41.1697
1298880751 -8.58925 41.1697
1298880752 -8.58925 41.1697
1298880753 -8.58925 41.1697
1298880754 -8.58925 41.1697
1298880755 -8.58926 41.1697
1298880756 -8.58926 41.1697
1298880757 -8.58926 41.1697
1298880758 -8.58926 41.1697
1298880759 -8.58926 41.1697
1298880760 -8.58926 41.1697
1298880761 -8.58926 41.1697
1298880762 -8.58926 41.1697
1298880763 -8.58926 41.1697
1298880764 -8.58926 41.1697
1298880765 -8.58926 41.1697
1298880766 -8.58926 41.1697
1298880767 -8.58926 41.1697
1298880768 -8.58926 41.1697
1298880769 -8.58926 41.1697
1298880770 -8.58926 41.1697
1298880771 -8.58926 41.1697
1298880772 -8.58927 41.1697
1298880773 -8.58927 41.1697
1298880774 -8.58927 41.1697
1298880775 -8.58927 41.1697
1298880776 -8.58928 41.1696
1298880777 -8.58928 41.1696
1298880778 -8.58928 41.1696
1298880779 -8.58928 41.1696
1298880780 -8.58929 41.1696
1298880781 -8.58929 41.1696
1298880782 -8.58929 41.1696
1298880783 -8.58929 41.1696
1298880784 -8.58929 41.1696
1298880785 -8.58929 41.1696
1298880786 -8.58929 41.1696
1298880787 -8.58929 41.1696
1298880788 -8.58929 41.1696
1298880789 -8.58929 41.1696
1298880790 -8.58929 41.1696
1298880791 -8.58929 41.1696
1298880792 -8.58929 41.1696
1298880793 -8.58929 41.1696
1298880794 -8.5893 41.1696
1298880795 -8.5893 41.1696
1298880796 -8.5893 41.1696
1298880797 -8.5893 41.1696
1298880798 -8.5893 41.1696
1298880799 -8.5893 41.1696
1298880800 -8.5893 41.1696
1298880801 -8.58931 41.1696
1298880802 -8.58931 41.1696
1298880803 -8.58931 41.1696
1298880804 -8.58931 41.1696
1298880805 -8.58932 41.1696
1298880806 -8.58932 41.1696
1298880807 -8.58932 41.1696
1298880808 -8.58933 41.1696
1298880809 -8.58933 41.1696
1298880810 -8.58933 41.1696
1298880811 -8.58933 41.1696
1298880812 -8.58933 41.1696
1298880813 -8.58934 41.1696
1298880814 -8.58934 41.1696
1298880815 -8.58934 41.1696
1298880816 -8.58934 41.1696
1298880817 -8.58935 41.1696
1298880818 -8.58935 41.1696
1298880819 -8.58935 41.1696
1298880820 -8.58936 41.1696
1298880821 -8.58936 41.1696
1298880822 -8.58936 41.1696
1298880823 -8.58936 41.1696
1298880824 -8.58936 41.1696
1298880825 -8.58936 41.1696
1298880826 -8.58936 41.1696
1298880827 -8.58935 41.1696
1298880828 -8.58935 41.1696
1298880829 -8.58935 41.1696
1298880830 -8.58934 41.1696
1298880831 -8.58934 41.1696
1298880832 -8.58934 41.1696
1298880833 -8.58933 41.1696
1298880834 -8.58933 41.1696
1298880835 -8.58933 41.1696
1298880836 -8.58933 41.1696
1298880837 -8.58932 41.1696
1298880838 -8.58932 41.1696
1298880839 -8.58932 41.1696
1298880840 -8.58932 41.1696
1298880841 -8.58932 41.1696
1298880842 -8.58932 41.1696
1298880843 -8.58931 41.1696
1298880844 -8.58931 41.1696
1298880845 -8.58931 41.1696
1298880846 -8.58931 41.1696
1298880847 -8.58931 41.1696
1298880848 -8.58931 41.1696
1298880849 -8.5893 41.1696
1298880850 -8.5893 41.1696
1298880851 -8.5893 41.1696
1298880852 -8.5893 41.1696
1298880853 -8.5893 41.1696
1298880854 -8.58929 41.1696
1298880855 -8.58929 41.1696
1298880856 -8.58929 41.1696
1298880857 -8.58929 41.1696
1298880858 -8.58929 41.1696
1298880859 -8.58929 41.1696
1298880860 -8.58929 41.1696
1298880861 -8.58929 41.1696
1298880862 -8.58929 41.1696
1298880863 -8.58928 41.1696
1298880864 -8.58928 41.1696
1298880865 -8.58928 41.1696
1298880866 -8.58928 41.1696
1298880867 -8.58928 41.1696
1298880868 -8.58927 41.1696
1298880869 -8.58927 41.1696
1298880870 -8.58927 41.1696
1298880871 -8.58927 41.1696
1298880872 -8.58927 41.1696
1298880873 -8.58927 41.1696
1298880874 -8.58926 41.1696
1298880875 -8.58926 41.1696
1298880876 -8.58926 41.1696
1298880877 -8.58926 41.1696
1298880878 -8.58926 41.1696
1298880879 -8.58926 41.1696
1298880880 -8.58926 41.1696
1298880881 -8.58926 41.1696
1298880882 -8.58926 41.1696
1298880883 -8.58926 41.1696
1298880884 -8.58926 41.1696
1298880885 -8.58926 41.1696
1298880886 -8.58926 41.1696
1298880887 -8.58927 41.1696
1298880888 -8.58927 41.1696
1298880889 -8.58927 41.1696
1298880890 -8.58927 41.1696
1298880891 -8.58927 41.1696
1298880892 -8.58928 41.1696
1298880893 -8.58928 41.1696
1298880894 -8.58928 41.1696
1298880895 -8.58929 41.1696
1298880896 -8.58929 41.1696
1298880897 -8.58929 41.1696
1298880898 -8.58929 41.1696
1298880899 -8.58929 41.1696
1298880900 -8.58929 41.1696
1298880901 -8.58929 41.1696
1298880902 -8.58929 41.1696
1298880903 -8.58929 41.1696
1298880904 -8.58929 41.1697
1298880905 -8.58929 41.1697
1298880906 -8.58929 41.1697
1298880907 -8.58929 41.1697
1298880908 -8.58929 41.1697
1298880909 -8.58929 41.1697
1298880910 -8.5893 41.1697
1298880911 -8.5893 41.1697
1298880912 -8.5893 41.1697
1298880913 -8.5893 41.1697
1298880914 -8.5893 41.1697
1298880915 -8.5893 41.1697
1298880916 -8.5893 41.1697
1298880917 -8.5893 41.1697
1298880918 -8.5893 41.1697
1298880919 -8.58931 41.1697
1298880920 -8.58931 41.1697
1298880921 -8.58931 41.1697
1298880922 -8.58931 41.1697
1298880923 -8.58931 41.1697
1298880924 -8.58931 41.1697
1298880925 -8.58931 41.1696
1298880926 -8.58931 41.1696
1298880927 -8.58931 41.1696
1298880928 -8.58931 41.1696
1298880929 -8.58931 41.1696
1298880930 -8.58931 41.1696
1298880931 -8.58931 41.1696
1298880932 -8.58931 41.1696
1298880933 -8.58931 41.1696
1298880934 -8.58931 41.1696
1298880935 -8.58931 41.1696
1298880936 -8.58931 41.1696
1298880937 -8.58931 41.1696
1298880938 -8.58931 41.1696
1298880939 -8.58931 41.1696
1298880940 -8.58931 41.1696
1298880941 -8.58931 41.1696
1298880942 -8.5893 41.1696
1298880943 -8.5893 41.1696
1298880944 -8.5893 41.1696
1298880945 -8.5893 41.1696
1298880946 -8.5893 41.1696
1298880947 -8.5893 41.1696
1298880948 -8.5893 41.1696
1298880949 -8.5893 41.1696
1298880950 -8.5893 41.1696
1298880951 -8.5893 41.1696
1298880952 -8.5893 41.1696
1298880953 -8.5893 41.1696
1298880954 -8.5893 41.1696
1298880955 -8.5893 41.1696
1298880956 -8.5893 41.1696
1298880957 -8.5893 41.1696
1298880958 -8.5893 41.1696
1298880959 -8.5893 41.1696
1298880960 -8.5893 41.1696
1298880961 -8.58931 41.1696
1298880962 -8.58931 41.1696
1298880963 -8.5893 41.1696
1298880964 -8.5893 41.1696
1298880965 -8.5893 41.1696
1298880966 -8.5893 41.1696
1298880967 -8.5893 41.1696
1298880968 -8.5893 41.1696
1298880969 -8.58931 41.1696
1298880970 -8.58931 41.1696
1298880971 -8.58931 41.1696
1298880972 -8.58931 41.1696
1298880973 -8.58931 41.1696
1298880974 -8.58931 41.1696
1298880975 -8.58931 41.1696
1298880976 -8.58931 41.1696
1298880977 -8.58931 41.1696
1298880978 -8.58931 41.1696
1298880979 -8.58931 41.1696
1298880980 -8.58931 41.1696
1298880981 -8.58931 41.1696
1298880982 -8.58931 41.1696
1298880983 -8.58931 41.1696
1298880984 -8.58931 41.1696
1298880985 -8.58931 41.1696
1298880986 -8.58931 41.1696
1298880987 -8.58931 41.1696
1298880988 -8.58931 41.1696
1298880989 -8.58931 41.1696
1298880990 -8.5893 41.1696
1298880991 -8.5893 41.1696
1298880992 -8.5893 41.1696
1298880993 -8.5893 41.1696
1298880994 -8.5893 41.1696
1298880995 -8.5893 41.1696
1298880996 -8.58929 41.1696
1298880997 -8.58929 41.1696
1298880998 -8.58929 41.1696
1298880999 -8.58929 41.1696
1298881000 -8.58929 41.1696
1298881001 -8.58929 41.1696
1298881002 -8.58929 41.1696
1298881003 -8.58929 41.1696
1298881004 -8.58929 41.1696
1298881005 -8.58929 41.1696
1298881006 -8.58929 41.1696
1298881007 -8.58929 41.1696
1298881008 -8.58929 41.1696
1298881009 -8.58929 41.1696
1298881010 -8.58929 41.1696
1298881011 -8.58929 41.1696
1298881012 -8.58929 41.1696
1298881013 -8.58929 41.1696
1298881014 -8.58929 41.1696
1298881015 -8.58929 41.1696
1298881016 -8.58929 41.1696
1298881017 -8.58929 41.1697
1298881018 -8.58929 41.1697
1298881019 -8.58929 41.1697
1298881020 -8.58929 41.1697
1298881021 -8.58929 41.1697
1298881022 -8.58928 41.1697
1298881023 -8.58928 41.1697
1298881024 -8.58928 41.1697
1298881025 -8.58928 41.1697
1298881026 -8.58928 41.1697
1298881027 -8.58927 41.1697
1298881028 -8.58927 41.1697
1298881029 -8.58927 41.1697
1298881030 -8.58927 41.1697
1298881031 -8.58927 41.1697
1298881032 -8.58927 41.1697
1298881033 -8.58927 41.1697
1298881034 -8.58927 41.1697
1298881035 -8.58927 41.1697
1298881036 -8.58926 41.1697
1298881037 -8.58926 41.1697
1298881038 -8.58926 41.1697
1298881039 -8.58926 41.1697
1298881040 -8.58926 41.1697
1298881041 -8.58926 41.1697
1298881042 -8.58926 41.1697
1298881043 -8.58926 41.1697
1298881044 -8.58926 41.1697
1298881045 -8.58926 41.1697
1298881046 -8.58926 41.1697
1298881047 -8.58927 41.1697
1298881048 -8.58927 41.1697
1298881049 -8.58927 41.1697
1298881050 -8.58927 41.1697
1298881051 -8.58927 41.1697
1298881052 -8.58927 41.1697
1298881053 -8.58927 41.1697
1298881054 -8.58927 41.1697
1298881055 -8.58927 41.1697
1298881056 -8.58927 41.1697
1298881057 -8.58927 41.1697
1298881058 -8.58927 41.1697
1298881059 -8.58927 41.1697
1298881060 -8.58927 41.1697
1298881061 -8.58928 41.1697
1298881062 -8.58928 41.1697
1298881063 -8.58928 41.1697
1298881064 -8.58928 41.1697
1298881065 -8.58928 41.1697
1298881066 -8.58928 41.1697
1298881067 -8.58928 41.1697
1298881068 -8.58928 41.1697
1298881069 -8.58928 41.1697
1298881070 -8.58928 41.1696
1298881071 -8.58928 41.1696
1298881072 -8.58928 41.1696
1298881073 -8.58928 41.1696
1298881074 -8.58928 41.1696
1298881075 -8.58928 41.1696
1298881076 -8.58928 41.1696
1298881077 -8.58928 41.1696
1298881078 -8.58928 41.1696
1298881079 -8.58928 41.1696
1298881080 -8.58928 41.1696
1298881081 -8.58928 41.1696
1298881082 -8.58928 41.1696
1298881083 -8.58928 41.1696
1298881084 -8.58928 41.1696
1298881085 -8.58928 41.1696
1298881086 -8.58928 41.1696
1298881087 -8.58928 41.1696
1298881088 -8.58928 41.1696
1298881089 -8.58928 41.1696
1298881090 -8.58928 41.1696
1298881091 -8.58928 41.1696
1298881092 -8.58928 41.1696
1298881093 -8.58928 41.1696
1298881094 -8.58928 41.1696
1298881095 -8.58928 41.1696
1298881096 -8.58929 41.1696
1298881097 -8.58929 41.1696
1298881098 -8.58929 41.1696
1298881099 -8.58929 41.1696
1298881100 -8.58929 41.1696
1298881101 -8.58929 41.1696
1298881102 -8.58929 41.1696
1298881103 -8.58929 41.1696
1298881104 -8.58929 41.1696
1298881105 -8.58929 41.1696
1298881106 -8.58929 41.1696
1298881107 -8.58929 41.1696
1298881108 -8.58929 41.1696
1298881109 -8.58929 41.1696
1298881110 -8.58929 41.1696
1298881111 -8.58929 41.1696
1298881112 -8.58929 41.1696
1298881113 -8.58929 41.1696
1298881114 -8.58929 41.1696
1298881115 -8.58929 41.1696
1298881116 -8.58929 41.1696
1298881117 -8.58929 41.1696
1298881118 -8.58929 41.1696
1298881119 -8.58929 41.1696
1298881120 -8.5893 41.1696
1298881121 -8.5893 41.1696
1298881122 -8.5893 41.1696
1298881123 -8.5893 41.1696
1298881124 -8.58931 41.1696
1298881125 -8.58931 41.1696
1298881126 -8.58931 41.1696
1298881127 -8.58931 41.1696
1298881128 -8.58931 41.1696
1298881129 -8.58932 41.1696
1298881130 -8.58932 41.1696
1298881131 -8.58932 41.1696
1298881132 -8.58932 41.1696
1298881133 -8.58931 41.1696
1298881134 -8.58931 41.1696
1298881135 -8.58931 41.1696
1298881136 -8.58931 41.1696
1298881137 -8.58931 41.1696
1298881138 -8.58931 41.1696
1298881139 -8.58931 41.1696
1298881140 -8.58932 41.1696
1298881141 -8.58932 41.1696
1298881142 -8.58932 41.1696
1298881143 -8.58932 41.1696
1298881144 -8.58932 41.1696
1298881145 -8.58932 41.1696
1298881146 -8.58932 41.1696
1298881147 -8.58933 41.1696
1298881148 -8.58933 41.1696
1298881149 -8.58933 41.1696
1298881150 -8.58933 41.1696
1298881151 -8.58933 41.1696
1298881152 -8.58933 41.1696
1298881153 -8.58933 41.1696
1298881154 -8.58933 41.1696
1298881155 -8.58933 41.1696
1298881156 -8.58933 41.1696
1298881157 -8.58933 41.1696
1298881158 -8.58932 41.1696
1298881159 -8.58932 41.1696
1298881160 -8.58932 41.1696
1298881161 -8.58932 41.1696
1298881162 -8.58932 41.1696
1298881163 -8.58932 41.1696
1298881164 -8.58931 41.1696
1298881165 -8.58931 41.1696
1298881166 -8.58931 41.1696
1298881167 -8.58931 41.1696
1298881168 -8.58931 41.1696
1298881169 -8.5893 41.1696
1298881170 -8.5893 41.1696
1298881171 -8.5893 41.1696
1298881172 -8.5893 41.1696
1298881173 -8.5893 41.1697
1298881174 -8.5893 41.1697
1298881175 -8.5893 41.1697
1298881176 -8.5893 41.1697
1298881177 -8.5893 41.1697
1298881178 -8.5893 41.1697
1298881179 -8.5893 41.1697
1298881180 -8.5893 41.1697
1298881181 -8.5893 41.1697
1298881182 -8.5893 41.1696
1298881183 -8.5893 41.1696
1298881184 -8.5893 41.1696
1298881185 -8.5893 41.1696
1298881186 -8.5893 41.1697
1298881187 -8.58929 41.1697
1298881188 -8.58929 41.1697
1298881189 -8.58929 41.1697
1298881190 -8.58929 41.1697
1298881191 -8.58929 41.1697
1298881192 -8.58929 41.1697
1298881193 -8.58929 41.1697
1298881194 -8.58929 41.1697
1298881195 -8.58929 41.1697
1298881196 -8.58929 41.1697
1298881197 -8.58929 41.1697
1298881198 -8.58929 41.1697
1298881199 -8.58928 41.1697
1298881200 -8.58928 41.1697
