:break:
1298880045 -8.65346 41.1547
1298880046 -8.65344 41.1547
1298880047 -8.65345 41.1548
1298880048 -8.65346 41.1548
1298880049 -8.65349 41.1548
1298880050 -8.65354 41.1548
1298880051 -8.65357 41.1548
1298880052 -8.65363 41.1548
1298880053 -8.65367 41.1549
1298880054 -8.65371 41.1549
1298880055 -8.65372 41.1549
1298880056 -8.65373 41.1549
1298880057 -8.65373 41.1548
1298880058 -8.65372 41.1549
1298880059 -8.65372 41.1549
1298880060 -8.65372 41.1549
1298880061 -8.65371 41.1549
1298880062 -8.65371 41.1549
1298880063 -8.65371 41.1549
1298880064 -8.65372 41.1549
1298880065 -8.65374 41.1548
1298880066 -8.65379 41.1548
1298880067 -8.65384 41.1548
1298880068 -8.6539 41.1548
1298880069 -8.65395 41.1548
1298880070 -8.65401 41.1548
1298880071 -8.65406 41.1548
1298880072 -8.65408 41.1548
1298880073 -8.65409 41.1548
1298880074 -8.65409 41.1548
1298880075 -8.65409 41.1548
1298880076 -8.65409 41.1548
1298880077 -8.65409 41.1548
1298880078 -8.65409 41.1548
1298880079 -8.65409 41.1548
1298880080 -8.6541 41.1548
1298880081 -8.6541 41.1548
1298880082 -8.6541 41.1548
1298880083 -8.6541 41.1548
1298880084 -8.6541 41.1548
1298880085 -8.65411 41.1548
1298880086 -8.65413 41.1548
1298880087 -8.65417 41.1548
1298880088 -8.65423 41.1547
1298880089 -8.65427 41.1547
1298880090 -8.65427 41.1547
1298880091 -8.65426 41.1546
1298880092 -8.65422 41.1546
1298880093 -8.65418 41.1545
1298880094 -8.65413 41.1545
1298880095 -8.6541 41.1544
1298880096 -8.65409 41.1544
1298880097 -8.65409 41.1543
1298880098 -8.65409 41.1542
1298880099 -8.6541 41.1541
1298880100 -8.6541 41.154
1298880101 -8.65411 41.154
1298880102 -8.65411 41.1539
1298880103 -8.65411 41.1539
1298880104 -8.65412 41.1538
1298880105 -8.65413 41.1538
1298880106 -8.65413 41.1537
1298880107 -8.65413 41.1536
1298880108 -8.65412 41.1536
1298880109 -8.65411 41.1536
1298880110 -8.6541 41.1535
1298880111 -8.6541 41.1535
1298880112 -8.65411 41.1535
1298880113 -8.65413 41.1535
1298880114 -8.65417 41.1535
1298880115 -8.65423 41.1535
1298880116 -8.65429 41.1534
1298880117 -8.65436 41.1534
1298880118 -8.65444 41.1534
1298880119 -8.65452 41.1534
1298880120 -8.65462 41.1534
1298880121 -8.65471 41.1533
1298880122 -8.6548 41.1533
1298880123 -8.65488 41.1532
1298880124 -8.65493 41.1531
1298880125 -8.65498 41.153
1298880126 -8.655 41.153
1298880127 -8.65501 41.1529
1298880128 -8.65501 41.1528
1298880129 -8.65499 41.1527
1298880130 -8.65498 41.1526
1298880131 -8.65494 41.1525
1298880132 -8.65489 41.1524
1298880133 -8.65486 41.1524
1298880134 -8.65482 41.1523
1298880135 -8.6548 41.1523
1298880136 -8.65479 41.1523
1298880137 -8.65479 41.1523
1298880138 -8.65479 41.1523
1298880139 -8.65479 41.1523
1298880140 -8.65479 41.1523
1298880141 -8.65479 41.1523
1298880142 -8.65478 41.1523
1298880143 -8.65478 41.1523
1298880144 -8.65478 41.1523
1298880145 -8.65478 41.1523
1298880146 -8.65478 41.1523
1298880147 -8.65478 41.1523
1298880148 -8.65478 41.1523
1298880149 -8.65478 41.1523
1298880150 -8.65478 41.1523
1298880151 -8.65478 41.1523
1298880152 -8.65478 41.1523
1298880153 -8.65478 41.1523
1298880154 -8.65478 41.1523
1298880155 -8.65478 41.1523
1298880156 -8.65478 41.1523
1298880157 -8.65478 41.1523
1298880158 -8.65478 41.1523
1298880159 -8.65478 41.1523
1298880160 -8.65478 41.1523
1298880161 -8.65478 41.1523
1298880162 -8.65478 41.1523
1298880163 -8.65478 41.1523
1298880164 -8.65479 41.1523
1298880165 -8.65479 41.1523
1298880166 -8.65479 41.1523
1298880167 -8.65479 41.1523
1298880168 -8.65479 41.1523
1298880169 -8.65479 41.1523
1298880170 -8.65479 41.1523
1298880171 -8.65479 41.1523
1298880172 -8.6548 41.1523
1298880173 -8.6548 41.1523
1298880174 -8.6548 41.1523
1298880175 -8.6548 41.1523
1298880176 -8.6548 41.1523
1298880177 -8.6548 41.1523
1298880178 -8.6548 41.1523
1298880179 -8.6548 41.1523
1298880180 -8.6548 41.1523
1298880181 -8.6548 41.1523
1298880182 -8.6548 41.1523
1298880183 -8.6548 41.1523
1298880184 -8.65481 41.1523
1298880185 -8.65481 41.1523
1298880186 -8.65481 41.1523
1298880187 -8.65481 41.1523
1298880188 -8.65481 41.1523
1298880189 -8.65481 41.1523
1298880190 -8.65481 41.1523
1298880191 -8.65482 41.1523
1298880192 -8.65481 41.1523
1298880193 -8.65479 41.1523
1298880194 -8.65474 41.1522
1298880195 -8.65469 41.1522
1298880196 -8.65462 41.1522
1298880197 -8.65454 41.1521
1298880198 -8.65442 41.1521
1298880199 -8.6543 41.1521
1298880200 -8.65418 41.1521
1298880201 -8.65404 41.1521
1298880202 -8.65389 41.1521
1298880203 -8.65374 41.1521
1298880204 -8.65359 41.1521
1298880205 -8.65343 41.1521
1298880206 -8.65325 41.1521
1298880207 -8.65306 41.1521
1298880208 -8.65287 41.1521
1298880209 -8.65268 41.1521
1298880210 -8.65249 41.1521
1298880211 -8.65231 41.1522
1298880212 -8.65214 41.1522
1298880213 -8.65199 41.1523
1298880214 -8.65185 41.1523
1298880215 -8.65171 41.1524
1298880216 -8.65157 41.1525
1298880217 -8.65145 41.1526
1298880218 -8.65133 41.1526
1298880219 -8.65123 41.1527
1298880220 -8.65113 41.1528
1298880221 -8.65105 41.1529
1298880222 -8.651 41.153
1298880223 -8.65092 41.1531
1298880224 -8.65084 41.1532
1298880225 -8.65076 41.1533
1298880226 -8.6507 41.1534
1298880227 -8.65066 41.1534
1298880228 -8.65062 41.1535
1298880229 -8.65058 41.1535
1298880230 -8.65057 41.1535
1298880231 -8.65056 41.1535
1298880232 -8.65056 41.1535
1298880233 -8.65056 41.1535
1298880234 -8.65057 41.1535
1298880235 -8.65056 41.1535
1298880236 -8.65055 41.1535
1298880237 -8.65054 41.1536
1298880238 -8.6505 41.1536
1298880239 -8.65046 41.1536
1298880240 -8.65041 41.1536
1298880241 -8.65037 41.1537
1298880242 -8.6503 41.1537
1298880243 -8.65026 41.1537
1298880244 -8.65022 41.1538
1298880245 -8.65016 41.1538
1298880246 -8.65011 41.1538
1298880247 -8.65004 41.1538
1298880248 -8.64995 41.1539
1298880249 -8.64986 41.1539
1298880250 -8.64975 41.154
1298880251 -8.64964 41.154
1298880252 -8.64952 41.154
1298880253 -8.6494 41.1541
1298880254 -8.64929 41.1541
1298880255 -8.64915 41.1541
1298880256 -8.64901 41.1542
1298880257 -8.64886 41.1542
1298880258 -8.6487 41.1542
1298880259 -8.64857 41.1542
1298880260 -8.64843 41.1542
1298880261 -8.64833 41.1543
1298880262 -8.64824 41.1543
1298880263 -8.64818 41.1544
1298880264 -8.64813 41.1544
1298880265 -8.64806 41.1545
1298880266 -8.64802 41.1546
1298880267 -8.64797 41.1547
1298880268 -8.64792 41.1547
1298880269 -8.64786 41.1548
1298880270 -8.64779 41.1549
1298880271 -8.6477 41.155
1298880272 -8.64761 41.155
1298880273 -8.64751 41.1551
1298880274 -8.64742 41.1552
1298880275 -8.64732 41.1553
1298880276 -8.64723 41.1554
1298880277 -8.64714 41.1554
1298880278 -8.64705 41.1555
1298880279 -8.64697 41.1556
1298880280 -8.64688 41.1557
1298880281 -8.64678 41.1557
1298880282 -8.64669 41.1558
1298880283 -8.64659 41.1559
1298880284 -8.64648 41.156
1298880285 -8.64638 41.1561
1298880286 -8.64627 41.1562
1298880287 -8.64616 41.1563
1298880288 -8.64604 41.1564
1298880289 -8.64593 41.1565
1298880290 -8.64582 41.1566
1298880291 -8.64572 41.1566
1298880292 -8.64561 41.1567
1298880293 -8.64552 41.1568
1298880294 -8.64545 41.1569
1298880295 -8.64539 41.157
1298880296 -8.64536 41.1571
1298880297 -8.64533 41.1572
1298880298 -8.64531 41.1573
1298880299 -8.64529 41.1574
1298880300 -8.64528 41.1575
1298880301 -8.64527 41.1576
1298880302 -8.64526 41.1577
1298880303 -8.64524 41.1578
1298880304 -8.64524 41.1579
1298880305 -8.64525 41.158
1298880306 -8.64528 41.158
1298880307 -8.64534 41.158
1298880308 -8.64541 41.158
1298880309 -8.64548 41.158
1298880310 -8.64554 41.158
1298880311 -8.64558 41.1579
1298880312 -8.6456 41.1578
1298880313 -8.64559 41.1577
1298880314 -8.64556 41.1576
1298880315 -8.64554 41.1575
1298880316 -8.64552 41.1574
1298880317 -8.64552 41.1573
1298880318 -8.64555 41.1572
1298880319 -8.64562 41.1572
1298880320 -8.64571 41.1572
1298880321 -8.64581 41.1572
1298880322 -8.64591 41.1572
1298880323 -8.646 41.1573
1298880324 -8.64608 41.1573
1298880325 -8.64616 41.1574
1298880326 -8.64624 41.1575
1298880327 -8.64633 41.1577
1298880328 -8.64643 41.1578
1298880329 -8.64653 41.1579
1298880330 -8.64662 41.158
1298880331 -8.64672 41.1581
1298880332 -8.64683 41.1583
1298880333 -8.64695 41.1584
1298880334 -8.64706 41.1585
1298880335 -8.64718 41.1587
1298880336 -8.64731 41.1588
1298880337 -8.64743 41.159
1298880338 -8.64755 41.1591
1298880339 -8.64768 41.1592
1298880340 -8.6478 41.1593
1298880341 -8.64792 41.1595
1298880342 -8.64804 41.1596
1298880343 -8.64814 41.1597
1298880344 -8.64824 41.1598
1298880345 -8.64833 41.1599
1298880346 -8.64841 41.16
1298880347 -8.64849 41.16
1298880348 -8.64857 41.1601
1298880349 -8.64863 41.1602
1298880350 -8.6487 41.1603
1298880351 -8.64878 41.1603
1298880352 -8.64885 41.1604
1298880353 -8.64892 41.1606
1298880354 -8.64899 41.1607
1298880355 -8.64906 41.1608
1298880356 -8.64912 41.1609
1298880357 -8.64917 41.1611
1298880358 -8.64922 41.1612
1298880359 -8.64928 41.1614
1298880360 -8.64933 41.1615
1298880361 -8.64933 41.1617
1298880362 -8.64931 41.1619
1298880363 -8.6493 41.1621
1298880364 -8.64926 41.1623
1298880365 -8.64922 41.1624
1298880366 -8.64917 41.1626
1298880367 -8.6491 41.1628
1298880368 -8.64903 41.163
1298880369 -8.64893 41.1631
1298880370 -8.64883 41.1633
1298880371 -8.64871 41.1635
1298880372 -8.64859 41.1636
1298880373 -8.64844 41.1638
1298880374 -8.64829 41.1639
1298880375 -8.64812 41.164
1298880376 -8.64795 41.1641
1298880377 -8.64776 41.1643
1298880378 -8.64756 41.1644
1298880379 -8.64735 41.1645
1298880380 -8.64714 41.1646
1298880381 -8.64692 41.1647
1298880382 -8.6467 41.1648
1298880383 -8.64647 41.1649
1298880384 -8.64624 41.165
1298880385 -8.64599 41.1651
1298880386 -8.64576 41.1652
1298880387 -8.64553 41.1653
1298880388 -8.64529 41.1654
1298880389 -8.64506 41.1655
1298880390 -8.64483 41.1655
1298880391 -8.6446 41.1656
1298880392 -8.64436 41.1658
1298880393 -8.64412 41.1659
1298880394 -8.64389 41.166
1298880395 -8.64364 41.1661
1298880396 -8.64341 41.1663
1298880397 -8.64318 41.1664
1298880398 -8.64295 41.1665
1298880399 -8.64273 41.1667
1298880400 -8.64249 41.1668
1298880401 -8.64228 41.167
1298880402 -8.64206 41.1671
1298880403 -8.64186 41.1673
1298880404 -8.64166 41.1675
1298880405 -8.64144 41.1676
1298880406 -8.64123 41.1678
1298880407 -8.64103 41.1679
1298880408 -8.64082 41.1681
1298880409 -8.64061 41.1682
1298880410 -8.6404 41.1684
1298880411 -8.6402 41.1685
1298880412 -8.63999 41.1687
1298880413 -8.63978 41.1688
1298880414 -8.63958 41.169
1298880415 -8.63937 41.1691
1298880416 -8.63915 41.1693
1298880417 -8.63895 41.1694
1298880418 -8.63875 41.1696
1298880419 -8.63854 41.1697
1298880420 -8.63833 41.1699
1298880421 -8.63811 41.17
1298880422 -8.63789 41.1702
1298880423 -8.63768 41.1703
1298880424 -8.63746 41.1704
1298880425 -8.63724 41.1705
1298880426 -8.63701 41.1707
1298880427 -8.63678 41.1707
1298880428 -8.63655 41.1708
1298880429 -8.63631 41.1709
1298880430 -8.63606 41.171
1298880431 -8.63582 41.1711
1298880432 -8.63555 41.1712
1298880433 -8.6353 41.1712
1298880434 -8.63505 41.1713
1298880435 -8.6348 41.1714
1298880436 -8.63454 41.1714
1298880437 -8.63428 41.1715
1298880438 -8.63401 41.1715
1298880439 -8.63374 41.1716
1298880440 -8.63347 41.1716
1298880441 -8.6332 41.1717
1298880442 -8.63293 41.1717
1298880443 -8.63266 41.1718
1298880444 -8.6324 41.1718
1298880445 -8.63214 41.1719
1298880446 -8.6319 41.1719
1298880447 -8.63165 41.172
1298880448 -8.6314 41.172
1298880449 -8.63114 41.1721
1298880450 -8.63089 41.1722
1298880451 -8.63063 41.1722
1298880452 -8.63039 41.1723
1298880453 -8.63015 41.1723
1298880454 -8.62991 41.1724
1298880455 -8.62968 41.1724
1298880456 -8.62944 41.1725
1298880457 -8.6292 41.1725
1298880458 -8.62897 41.1726
1298880459 -8.62872 41.1726
1298880460 -8.62848 41.1727
1298880461 -8.62824 41.1727
1298880462 -8.62799 41.1728
1298880463 -8.62773 41.1728
1298880464 -8.62748 41.1729
1298880465 -8.62722 41.1729
1298880466 -8.62695 41.1729
1298880467 -8.62669 41.1729
1298880468 -8.62642 41.173
1298880469 -8.62615 41.173
1298880470 -8.62588 41.173
1298880471 -8.6256 41.1731
1298880472 -8.62532 41.1731
1298880473 -8.62504 41.1731
1298880474 -8.62476 41.1731
1298880475 -8.62448 41.1732
1298880476 -8.62419 41.1732
1298880477 -8.6239 41.1732
1298880478 -8.62362 41.1732
1298880479 -8.62336 41.1733
1298880480 -8.62311 41.1733
1298880481 -8.62286 41.1733
1298880482 -8.62263 41.1733
1298880483 -8.62239 41.1734
1298880484 -8.62215 41.1734
1298880485 -8.62192 41.1734
1298880486 -8.62168 41.1734
1298880487 -8.62145 41.1735
1298880488 -8.62124 41.1735
1298880489 -8.62104 41.1735
1298880490 -8.62085 41.1735
1298880491 -8.62066 41.1735
1298880492 -8.62048 41.1736
1298880493 -8.62031 41.1736
1298880494 -8.62015 41.1736
1298880495 -8.61998 41.1736
1298880496 -8.6198 41.1736
1298880497 -8.61962 41.1736
1298880498 -8.61944 41.1736
1298880499 -8.61926 41.1736
1298880500 -8.61907 41.1737
1298880501 -8.61886 41.1737
1298880502 -8.61863 41.1737
1298880503 -8.61841 41.1737
1298880504 -8.61818 41.1737
1298880505 -8.61793 41.1737
1298880506 -8.61768 41.1737
1298880507 -8.61744 41.1738
1298880508 -8.61719 41.1738
1298880509 -8.61693 41.1738
1298880510 -8.61667 41.1738
1298880511 -8.61642 41.1739
1298880512 -8.61616 41.1739
1298880513 -8.6159 41.1739
1298880514 -8.61565 41.174
1298880515 -8.6154 41.174
1298880516 -8.61518 41.174
1298880517 -8.61498 41.1741
1298880518 -8.6148 41.1741
1298880519 -8.61465 41.1741
1298880520 -8.6145 41.1741
1298880521 -8.61439 41.1742
1298880522 -8.61428 41.1742
1298880523 -8.61419 41.1742
1298880524 -8.6141 41.1742
1298880525 -8.61403 41.1742
1298880526 -8.61397 41.1742
1298880527 -8.61394 41.1742
1298880528 -8.61391 41.1742
1298880529 -8.61389 41.1742
1298880530 -8.61387 41.1742
1298880531 -8.61386 41.1742
1298880532 -8.61382 41.1742
1298880533 -8.61378 41.1743
1298880534 -8.61376 41.1743
1298880535 -8.61373 41.1743
1298880536 -8.61371 41.1743
1298880537 -8.61371 41.1743
1298880538 -8.61371 41.1743
1298880539 -8.61371 41.1743
1298880540 -8.61371 41.1743
1298880541 -8.61371 41.1743
1298880542 -8.61371 41.1743
1298880543 -8.61371 41.1743
1298880544 -8.61371 41.1743
1298880545 -8.61371 41.1743
1298880546 -8.61371 41.1743
1298880547 -8.61369 41.1743
1298880548 -8.61367 41.1743
1298880549 -8.61362 41.1743
1298880550 -8.61359 41.1743
1298880551 -8.61355 41.1743
1298880552 -8.61352 41.1743
1298880553 -8.6135 41.1743
1298880554 -8.61349 41.1743
1298880555 -8.61346 41.1743
1298880556 -8.61342 41.1743
1298880557 -8.61339 41.1743
1298880558 -8.61334 41.1743
1298880559 -8.61331 41.1743
1298880560 -8.61329 41.1743
1298880561 -8.61328 41.1743
1298880562 -8.61327 41.1743
1298880563 -8.61326 41.1743
1298880564 -8.61324 41.1744
1298880565 -8.61325 41.1744
1298880566 -8.61328 41.1745
1298880567 -8.61332 41.1746
1298880568 -8.61336 41.1746
1298880569 -8.61341 41.1747
1298880570 -8.61345 41.1748
1298880571 -8.6135 41.1748
1298880572 -8.61351 41.1749
1298880573 -8.61353 41.1749
1298880574 -8.61353 41.1749
1298880575 -8.61354 41.1749
1298880576 -8.61355 41.1749
1298880577 -8.61357 41.175
1298880578 -8.61359 41.175
1298880579 -8.6136 41.175
1298880580 -8.61362 41.1751
1298880581 -8.61365 41.1751
1298880582 -8.61367 41.1752
1298880583 -8.61368 41.1753
1298880584 -8.61371 41.1753
1298880585 -8.61374 41.1754
1298880586 -8.61376 41.1754
1298880587 -8.61377 41.1755
1298880588 -8.61379 41.1755
1298880589 -8.61381 41.1756
1298880590 -8.61383 41.1756
1298880591 -8.61384 41.1757
1298880592 -8.61385 41.1757
1298880593 -8.61386 41.1757
1298880594 -8.61386 41.1757
1298880595 -8.61386 41.1757
1298880596 -8.61386 41.1757
1298880597 -8.61386 41.1757
1298880598 -8.61387 41.1758
1298880599 -8.61389 41.1758
1298880600 -8.6139 41.1758
1298880601 -8.61392 41.1759
1298880602 -8.61394 41.176
1298880603 -8.61396 41.176
1298880604 -8.61398 41.1761
1298880605 -8.61399 41.1762
1298880606 -8.61401 41.1762
1298880607 -8.61403 41.1763
1298880608 -8.61403 41.1763
1298880609 -8.61401 41.1764
1298880610 -8.61396 41.1764
1298880611 -8.61391 41.1764
1298880612 -8.61384 41.1764
1298880613 -8.61376 41.1765
1298880614 -8.61367 41.1765
1298880615 -8.61358 41.1765
1298880616 -8.6135 41.1765
1298880617 -8.61341 41.1765
1298880618 -8.61333 41.1765
1298880619 -8.61325 41.1765
1298880620 -8.61317 41.1765
1298880621 -8.61307 41.1765
1298880622 -8.61297 41.1765
1298880623 -8.61287 41.1766
1298880624 -8.61275 41.1766
1298880625 -8.61263 41.1766
1298880626 -8.61251 41.1766
1298880627 -8.6124 41.1766
1298880628 -8.61229 41.1766
1298880629 -8.61219 41.1767
1298880630 -8.61211 41.1767
1298880631 -8.61204 41.1767
1298880632 -8.61196 41.1766
1298880633 -8.61189 41.1766
1298880634 -8.61182 41.1766
1298880635 -8.61173 41.1767
1298880636 -8.61163 41.1767
1298880637 -8.61152 41.1767
1298880638 -8.61141 41.1768
1298880639 -8.61128 41.1768
1298880640 -8.61114 41.1769
1298880641 -8.61097 41.1769
1298880642 -8.61082 41.1769
1298880643 -8.61066 41.177
1298880644 -8.61051 41.177
1298880645 -8.61035 41.177
1298880646 -8.6102 41.1771
1298880647 -8.61006 41.1771
1298880648 -8.60991 41.1771
1298880649 -8.60979 41.1772
1298880650 -8.60969 41.1772
1298880651 -8.60961 41.1772
1298880652 -8.60955 41.1772
1298880653 -8.60952 41.1772
1298880654 -8.60949 41.1772
1298880655 -8.60947 41.1772
1298880656 -8.60945 41.1773
1298880657 -8.60942 41.1773
1298880658 -8.60937 41.1773
1298880659 -8.6093 41.1773
1298880660 -8.60922 41.1773
1298880661 -8.60912 41.1773
1298880662 -8.60902 41.1773
1298880663 -8.60892 41.1773
1298880664 -8.60882 41.1772
1298880665 -8.60872 41.1772
1298880666 -8.6086 41.1772
1298880667 -8.60848 41.1771
1298880668 -8.60837 41.1771
1298880669 -8.60825 41.177
1298880670 -8.60816 41.177
1298880671 -8.6081 41.177
1298880672 -8.60805 41.1769
1298880673 -8.60803 41.1769
1298880674 -8.60804 41.1769
1298880675 -8.60804 41.1769
1298880676 -8.60804 41.1769
1298880677 -8.60804 41.1769
1298880678 -8.60804 41.1769
1298880679 -8.60804 41.1769
1298880680 -8.60805 41.1769
1298880681 -8.60804 41.1769
1298880682 -8.60803 41.1769
1298880683 -8.60801 41.1769
1298880684 -8.60798 41.1769
1298880685 -8.60793 41.1769
1298880686 -8.60786 41.1769
1298880687 -8.60779 41.1769
1298880688 -8.60773 41.177
1298880689 -8.60767 41.1771
1298880690 -8.60761 41.1771
1298880691 -8.60754 41.1772
1298880692 -8.60745 41.1773
1298880693 -8.60735 41.1774
1298880694 -8.60724 41.1775
1298880695 -8.60713 41.1776
1298880696 -8.60702 41.1777
1298880697 -8.60691 41.1779
1298880698 -8.60679 41.178
1298880699 -8.60667 41.1781
1298880700 -8.60656 41.1782
1298880701 -8.60647 41.1783
1298880702 -8.60639 41.1783
1298880703 -8.60631 41.1784
1298880704 -8.60625 41.1784
1298880705 -8.60619 41.1783
1298880706 -8.60612 41.1783
1298880707 -8.60604 41.1782
1298880708 -8.60595 41.1782
1298880709 -8.60586 41.1781
1298880710 -8.60576 41.178
1298880711 -8.60564 41.1779
1298880712 -8.60551 41.1779
1298880713 -8.60538 41.1778
1298880714 -8.60523 41.1777
1298880715 -8.6051 41.1776
1298880716 -8.60495 41.1775
1298880717 -8.60481 41.1773
1298880718 -8.60467 41.1773
1298880719 -8.60451 41.1771
1298880720 -8.60438 41.177
1298880721 -8.60424 41.1769
1298880722 -8.60412 41.1768
1298880723 -8.60402 41.1768
1298880724 -8.60395 41.1767
1298880725 -8.6039 41.1766
1298880726 -8.60387 41.1765
1298880727 -8.60383 41.1765
1298880728 -8.60378 41.1764
1298880729 -8.6037 41.1764
1298880730 -8.60361 41.1764
1298880731 -8.60351 41.1764
1298880732 -8.60341 41.1765
1298880733 -8.60329 41.1765
1298880734 -8.60315 41.1766
1298880735 -8.60301 41.1766
1298880736 -8.60287 41.1767
1298880737 -8.60272 41.1767
1298880738 -8.60258 41.1768
1298880739 -8.60243 41.1768
1298880740 -8.60229 41.1769
1298880741 -8.60215 41.1769
1298880742 -8.602 41.1768
1298880743 -8.60187 41.1768
1298880744 -8.60175 41.1767
1298880745 -8.60162 41.1766
1298880746 -8.60151 41.1765
1298880747 -8.6014 41.1765
1298880748 -8.60131 41.1764
1298880749 -8.60123 41.1763
1298880750 -8.60117 41.1763
1298880751 -8.60112 41.1763
1298880752 -8.60109 41.1762
1298880753 -8.60107 41.1762
1298880754 -8.60107 41.1762
1298880755 -8.60107 41.1762
1298880756 -8.60107 41.1762
1298880757 -8.60107 41.1762
1298880758 -8.60107 41.1762
1298880759 -8.60107 41.1762
1298880760 -8.60107 41.1762
1298880761 -8.60107 41.1762
1298880762 -8.60107 41.1762
1298880763 -8.60106 41.1762
1298880764 -8.60105 41.1762
1298880765 -8.60102 41.1762
1298880766 -8.601 41.1762
1298880767 -8.60098 41.1761
1298880768 -8.60096 41.1761
1298880769 -8.60095 41.1761
1298880770 -8.60093 41.1761
1298880771 -8.60092 41.1761
1298880772 -8.60089 41.1761
1298880773 -8.60087 41.1761
1298880774 -8.60083 41.176
1298880775 -8.6008 41.176
1298880776 -8.60076 41.176
1298880777 -8.60073 41.176
1298880778 -8.60072 41.176
1298880779 -8.60072 41.176
1298880780 -8.60072 41.176
1298880781 -8.60072 41.176
1298880782 -8.60072 41.176
1298880783 -8.60071 41.176
1298880784 -8.6007 41.1759
1298880785 -8.60069 41.1759
1298880786 -8.60069 41.1759
1298880787 -8.60069 41.1759
1298880788 -8.6007 41.1759
1298880789 -8.6007 41.1759
1298880790 -8.6007 41.1759
1298880791 -8.6007 41.1759
1298880792 -8.6007 41.1759
1298880793 -8.6007 41.1759
1298880794 -8.60069 41.1759
1298880795 -8.60068 41.1759
1298880796 -8.60068 41.1759
1298880797 -8.60067 41.1759
1298880798 -8.60067 41.1759
1298880799 -8.60066 41.1759
1298880800 -8.60066 41.1759
1298880801 -8.60066 41.1759
1298880802 -8.60065 41.1759
1298880803 -8.60065 41.1759
1298880804 -8.60065 41.1759
1298880805 -8.60065 41.1759
1298880806 -8.60065 41.1759
1298880807 -8.60065 41.1759
1298880808 -8.60064 41.1759
1298880809 -8.60064 41.1759
1298880810 -8.60063 41.1759
1298880811 -8.60063 41.1759
1298880812 -8.60061 41.1759
1298880813 -8.60057 41.1759
1298880814 -8.60053 41.1759
1298880815 -8.60049 41.1759
1298880816 -8.60047 41.1759
1298880817 -8.60045 41.1759
1298880818 -8.60045 41.1759
1298880819 -8.60045 41.1759
1298880820 -8.60045 41.1759
1298880821 -8.60045 41.1759
1298880822 -8.60045 41.1759
1298880823 -8.60042 41.1759
1298880824 -8.6004 41.1759
1298880825 -8.60038 41.1758
1298880826 -8.60037 41.1758
1298880827 -8.60038 41.1758
1298880828 -8.60038 41.1758
1298880829 -8.60038 41.1758
1298880830 -8.60038 41.1758
1298880831 -8.60038 41.1758
1298880832 -8.60039 41.1758
1298880833 -8.60039 41.1758
1298880834 -8.60038 41.1758
1298880835 -8.60036 41.1758
1298880836 -8.60033 41.1758
1298880837 -8.60028 41.1759
1298880838 -8.60024 41.1759
1298880839 -8.60019 41.1759
1298880840 -8.60017 41.176
1298880841 -8.60014 41.176
1298880842 -8.60011 41.1761
1298880843 -8.60008 41.1762
1298880844 -8.60006 41.1763
1298880845 -8.60001 41.1764
1298880846 -8.59996 41.1765
1298880847 -8.5999 41.1766
1298880848 -8.59985 41.1767
1298880849 -8.59979 41.1768
1298880850 -8.59974 41.1769
1298880851 -8.59969 41.177
1298880852 -8.59964 41.1771
1298880853 -8.59958 41.1772
1298880854 -8.59953 41.1773
1298880855 -8.59947 41.1774
1298880856 -8.59942 41.1776
1298880857 -8.59937 41.1777
1298880858 -8.59932 41.1778
1298880859 -8.59927 41.1779
1298880860 -8.59921 41.178
1298880861 -8.59917 41.1781
1298880862 -8.59912 41.1782
1298880863 -8.59908 41.1783
1298880864 -8.59905 41.1783
1298880865 -8.59904 41.1784
1298880866 -8.59906 41.1784
1298880867 -8.59909 41.1785
1298880868 -8.59913 41.1785
1298880869 -8.5992 41.1786
1298880870 -8.59929 41.1786
1298880871 -8.5994 41.1786
1298880872 -8.59952 41.1786
1298880873 -8.59965 41.1787
1298880874 -8.5998 41.1787
1298880875 -8.59993 41.1788
1298880876 -8.60008 41.1788
1298880877 -8.60022 41.1788
1298880878 -8.60036 41.1789
1298880879 -8.6005 41.1789
1298880880 -8.60063 41.1789
1298880881 -8.60074 41.179
1298880882 -8.60085 41.179
1298880883 -8.60096 41.179
1298880884 -8.60107 41.1791
1298880885 -8.60116 41.1791
1298880886 -8.60125 41.1791
1298880887 -8.60134 41.1791
1298880888 -8.60142 41.1792
1298880889 -8.60151 41.1792
1298880890 -8.60161 41.1792
1298880891 -8.60171 41.1793
1298880892 -8.60182 41.1793
1298880893 -8.60193 41.1793
1298880894 -8.60206 41.1794
1298880895 -8.60218 41.1794
1298880896 -8.60231 41.1794
1298880897 -8.60243 41.1795
1298880898 -8.60256 41.1795
1298880899 -8.60268 41.1796
1298880900 -8.60279 41.1796
1298880901 -8.60291 41.1796
1298880902 -8.60301 41.1797
1298880903 -8.6031 41.1797
1298880904 -8.60316 41.1797
1298880905 -8.60322 41.1798
1298880906 -8.60327 41.1798
1298880907 -8.60332 41.1798
1298880908 -8.60337 41.1798
1298880909 -8.60342 41.1798
1298880910 -8.60345 41.1799
1298880911 -8.60348 41.1799
1298880912 -8.60348 41.1799
1298880913 -8.60348 41.1799
1298880914 -8.60346 41.18
1298880915 -8.60343 41.18
1298880916 -8.60338 41.18
1298880917 -8.60332 41.18
1298880918 -8.60324 41.1799
1298880919 -8.60317 41.1799
1298880920 -8.6031 41.1799
1298880921 -8.60303 41.1799
1298880922 -8.60294 41.1799
1298880923 -8.60288 41.1799
1298880924 -8.60282 41.1799
1298880925 -8.60279 41.1799
1298880926 -8.60275 41.1799
1298880927 -8.60273 41.1798
1298880928 -8.60273 41.1798
1298880929 -8.60273 41.1798
1298880930 -8.60273 41.1798
1298880931 -8.60273 41.1798
1298880932 -8.60273 41.1798
1298880933 -8.60273 41.1798
1298880934 -8.60273 41.1798
1298880935 -8.60274 41.1798
1298880936 -8.60274 41.1798
1298880937 -8.60274 41.1798
1298880938 -8.60274 41.1798
1298880939 -8.60274 41.1798
1298880940 -8.60274 41.1798
1298880941 -8.60274 41.1798
1298880942 -8.60273 41.1798
1298880943 -8.60273 41.1798
1298880944 -8.60273 41.1798
1298880945 -8.60273 41.1798
1298880946 -8.60273 41.1798
1298880947 -8.60273 41.1798
1298880948 -8.60273 41.1798
1298880949 -8.60273 41.1798
1298880950 -8.60273 41.1798
1298880951 -8.60273 41.1798
1298880952 -8.60273 41.1798
1298880953 -8.60273 41.1798
1298880954 -8.60273 41.1798
1298880955 -8.60273 41.1798
1298880956 -8.60273 41.1798
1298880957 -8.60273 41.1798
1298880958 -8.60273 41.1798
1298880959 -8.60273 41.1798
1298880960 -8.60273 41.1798
1298880961 -8.60273 41.1798
1298880962 -8.60273 41.1798
1298880963 -8.60273 41.1798
1298880964 -8.60273 41.1798
1298880965 -8.60273 41.1798
1298880966 -8.60273 41.1798
1298880967 -8.60274 41.1798
1298880968 -8.60274 41.1798
1298880969 -8.60274 41.1798
1298880970 -8.60274 41.1798
1298880971 -8.60274 41.1798
1298880972 -8.60274 41.1798
1298880973 -8.60274 41.1798
1298880974 -8.60274 41.1798
1298880975 -8.60274 41.1798
1298880976 -8.60274 41.1798
1298880977 -8.60273 41.1798
1298880978 -8.60273 41.1798
1298880979 -8.60273 41.1798
1298880980 -8.60273 41.1798
1298880981 -8.60273 41.1798
1298880982 -8.60273 41.1798
1298880983 -8.60273 41.1798
1298880984 -8.60273 41.1798
1298880985 -8.60273 41.1798
1298880986 -8.60273 41.1798
1298880987 -8.60273 41.1798
1298880988 -8.60273 41.1798
1298880989 -8.60273 41.1798
1298880990 -8.60273 41.1798
1298880991 -8.60273 41.1798
1298880992 -8.60273 41.1798
1298880993 -8.60273 41.1798
1298880994 -8.60273 41.1798
1298880995 -8.60273 41.1798
1298880996 -8.60273 41.1798
1298880997 -8.60272 41.1798
1298880998 -8.60272 41.1798
1298880999 -8.60272 41.1798
1298881000 -8.60272 41.1798
1298881001 -8.60272 41.1798
1298881002 -8.60272 41.1798
1298881003 -8.60271 41.1798
1298881004 -8.60271 41.1798
1298881005 -8.60271 41.1798
1298881006 -8.60271 41.1798
1298881007 -8.60271 41.1798
1298881008 -8.60271 41.1798
1298881009 -8.60271 41.1798
1298881010 -8.60271 41.1798
1298881011 -8.60271 41.1798
1298881012 -8.60271 41.1798
1298881013 -8.6027 41.1798
1298881014 -8.60268 41.1798
1298881015 -8.60266 41.1798
1298881016 -8.60264 41.1798
1298881017 -8.60262 41.1798
1298881018 -8.60261 41.1798
1298881019 -8.60258 41.1798
1298881020 -8.60255 41.1798
1298881021 -8.60252 41.1798
1298881022 -8.60249 41.1798
1298881023 -8.60246 41.1798
1298881024 -8.60244 41.1798
1298881025 -8.60243 41.1798
1298881026 -8.60243 41.1797
1298881027 -8.60242 41.1797
1298881028 -8.60242 41.1797
1298881029 -8.60242 41.1797
1298881030 -8.60242 41.1797
1298881031 -8.60242 41.1797
1298881032 -8.60242 41.1797
1298881033 -8.60243 41.1797
1298881034 -8.60243 41.1797
1298881035 -8.60243 41.1797
1298881036 -8.60243 41.1797
1298881037 -8.60243 41.1797
1298881038 -8.60243 41.1797
1298881039 -8.60243 41.1797
1298881040 -8.60243 41.1797
1298881041 -8.60243 41.1797
1298881042 -8.60243 41.1797
1298881043 -8.60243 41.1797
1298881044 -8.60243 41.1797
1298881045 -8.60243 41.1797
1298881046 -8.60243 41.1797
1298881047 -8.60243 41.1797
1298881048 -8.60243 41.1797
1298881049 -8.60243 41.1797
1298881050 -8.60243 41.1797
1298881051 -8.60243 41.1797
1298881052 -8.60243 41.1797
1298881053 -8.60243 41.1797
1298881054 -8.60244 41.1797
1298881055 -8.60243 41.1797
1298881056 -8.60243 41.1797
1298881057 -8.6024 41.1797
1298881058 -8.60237 41.1797
1298881059 -8.60234 41.1797
1298881060 -8.60232 41.1797
1298881061 -8.60231 41.1797
1298881062 -8.60229 41.1797
1298881063 -8.60228 41.1797
1298881064 -8.60227 41.1797
1298881065 -8.60227 41.1797
1298881066 -8.60227 41.1797
1298881067 -8.60227 41.1797
1298881068 -8.60227 41.1797
1298881069 -8.60227 41.1797
1298881070 -8.60226 41.1797
1298881071 -8.60226 41.1797
1298881072 -8.60226 41.1797
1298881073 -8.60225 41.1797
1298881074 -8.60224 41.1797
1298881075 -8.60221 41.1797
1298881076 -8.60218 41.1797
1298881077 -8.60216 41.1797
1298881078 -8.60215 41.1797
1298881079 -8.60213 41.1797
1298881080 -8.60211 41.1796
1298881081 -8.6021 41.1796
1298881082 -8.60209 41.1796
1298881083 -8.60208 41.1796
1298881084 -8.60207 41.1796
1298881085 -8.60207 41.1796
1298881086 -8.60207 41.1796
1298881087 -8.60207 41.1796
1298881088 -8.60207 41.1796
1298881089 -8.60206 41.1796
1298881090 -8.60206 41.1796
1298881091 -8.60206 41.1796
1298881092 -8.60206 41.1796
1298881093 -8.60206 41.1796
1298881094 -8.60206 41.1796
1298881095 -8.60206 41.1796
1298881096 -8.60206 41.1796
1298881097 -8.60206 41.1796
1298881098 -8.60206 41.1796
1298881099 -8.60206 41.1796
1298881100 -8.60206 41.1796
1298881101 -8.60206 41.1796
1298881102 -8.60206 41.1796
1298881103 -8.60206 41.1796
1298881104 -8.60206 41.1796
1298881105 -8.60206 41.1796
1298881106 -8.60206 41.1796
1298881107 -8.60206 41.1796
1298881108 -8.60206 41.1796
1298881109 -8.60206 41.1796
1298881110 -8.60206 41.1796
1298881111 -8.60206 41.1796
1298881112 -8.60206 41.1796
1298881113 -8.60206 41.1796
1298881114 -8.60206 41.1796
1298881115 -8.60206 41.1797
1298881116 -8.60206 41.1797
1298881117 -8.60205 41.1797
1298881118 -8.60205 41.1797
1298881119 -8.60205 41.1797
1298881120 -8.60205 41.1797
1298881121 -8.60205 41.1797
1298881122 -8.60205 41.1797
1298881123 -8.60205 41.1797
1298881124 -8.60205 41.1797
1298881125 -8.60205 41.1797
1298881126 -8.60205 41.1797
1298881127 -8.60205 41.1797
1298881128 -8.60205 41.1797
1298881129 -8.60205 41.1797
1298881130 -8.60205 41.1797
1298881131 -8.60205 41.1797
1298881132 -8.60204 41.1797
1298881133 -8.60204 41.1797
1298881134 -8.60204 41.1797
1298881135 -8.60204 41.1797
1298881136 -8.60204 41.1797
1298881137 -8.60204 41.1797
1298881138 -8.60203 41.1797
1298881139 -8.60203 41.1797
1298881140 -8.60203 41.1797
1298881141 -8.60203 41.1797
1298881142 -8.60203 41.1797
1298881143 -8.60203 41.1797
1298881144 -8.60203 41.1797
1298881145 -8.60202 41.1797
1298881146 -8.60203 41.1797
1298881147 -8.60203 41.1797
1298881148 -8.60203 41.1797
1298881149 -8.60203 41.1797
1298881150 -8.60203 41.1797
1298881151 -8.60203 41.1797
1298881152 -8.60203 41.1797
1298881153 -8.60203 41.1797
1298881154 -8.60203 41.1797
1298881155 -8.60204 41.1797
1298881156 -8.60204 41.1797
1298881157 -8.60204 41.1797
1298881158 -8.60205 41.1797
1298881159 -8.60205 41.1797
1298881160 -8.60205 41.1797
1298881161 -8.60206 41.1797
1298881162 -8.60206 41.1797
1298881163 -8.60206 41.1797
1298881164 -8.60206 41.1797
1298881165 -8.60206 41.1797
1298881166 -8.60206 41.1797
1298881167 -8.60206 41.1797
1298881168 -8.60206 41.1797
1298881169 -8.60206 41.1797
1298881170 -8.60206 41.1797
1298881171 -8.60206 41.1797
1298881172 -8.60206 41.1797
1298881173 -8.60206 41.1797
1298881174 -8.60206 41.1797
1298881175 -8.60205 41.1797
1298881176 -8.60204 41.1797
1298881177 -8.60203 41.1797
1298881178 -8.602 41.1796
1298881179 -8.60197 41.1796
1298881180 -8.60193 41.1796
1298881181 -8.60188 41.1796
1298881182 -8.60184 41.1796
1298881183 -8.6018 41.1796
1298881184 -8.60175 41.1796
1298881185 -8.60171 41.1796
1298881186 -8.60167 41.1796
1298881187 -8.60162 41.1795
1298881188 -8.60156 41.1795
1298881189 -8.60151 41.1795
1298881190 -8.60144 41.1795
1298881191 -8.60139 41.1795
1298881192 -8.60134 41.1794
1298881193 -8.60128 41.1794
1298881194 -8.60125 41.1794
1298881195 -8.6012 41.1794
1298881196 -8.60116 41.1794
1298881197 -8.60112 41.1794
1298881198 -8.60109 41.1794
1298881199 -8.60107 41.1793
1298881200 -8.60105 41.1793
