:break:
1298880039 -8.61009 41.1521
1298880040 -8.61008 41.1521
1298880041 -8.61008 41.1521
1298880042 -8.61007 41.1521
1298880043 -8.61006 41.1521
1298880044 -8.61003 41.1521
1298880045 -8.61002 41.1521
1298880046 -8.61001 41.1521
1298880047 -8.61 41.1521
1298880048 -8.60999 41.1521
1298880049 -8.60998 41.1521
1298880050 -8.60998 41.1521
1298880051 -8.60998 41.1521
1298880052 -8.60998 41.1521
1298880053 -8.60998 41.1521
1298880054 -8.60998 41.152
1298880055 -8.60998 41.152
1298880056 -8.60997 41.152
1298880057 -8.60999 41.152
1298880058 -8.61001 41.152
1298880059 -8.61005 41.1519
1298880060 -8.61008 41.1519
1298880061 -8.61014 41.1518
1298880062 -8.61021 41.1517
1298880063 -8.6103 41.1516
1298880064 -8.6104 41.1515
1298880065 -8.61051 41.1514
1298880066 -8.6106 41.1512
1298880067 -8.61069 41.1511
1298880068 -8.61076 41.151
1298880069 -8.61081 41.1509
1298880070 -8.61084 41.1508
1298880071 -8.61086 41.1507
1298880072 -8.61091 41.1507
1298880073 -8.61094 41.1506
1298880074 -8.61096 41.1506
1298880075 -8.61099 41.1506
1298880076 -8.61105 41.1506
1298880077 -8.61114 41.1506
1298880078 -8.61123 41.1505
1298880079 -8.61131 41.1505
1298880080 -8.61143 41.1505
1298880081 -8.61153 41.1505
1298880082 -8.61165 41.1505
1298880083 -8.61175 41.1505
1298880084 -8.61185 41.1504
1298880085 -8.61192 41.1504
1298880086 -8.61201 41.1504
1298880087 -8.61209 41.1503
1298880088 -8.61216 41.1503
1298880089 -8.61224 41.1503
1298880090 -8.61233 41.1503
1298880091 -8.61242 41.1503
1298880092 -8.61252 41.1502
1298880093 -8.61262 41.1502
1298880094 -8.61271 41.1502
1298880095 -8.61281 41.1502
1298880096 -8.61288 41.1501
1298880097 -8.61295 41.1501
1298880098 -8.61303 41.15
1298880099 -8.61311 41.15
1298880100 -8.61321 41.15
1298880101 -8.61332 41.15
1298880102 -8.61341 41.15
1298880103 -8.6135 41.15
1298880104 -8.61359 41.15
1298880105 -8.61366 41.15
1298880106 -8.61373 41.15
1298880107 -8.61378 41.15
1298880108 -8.61383 41.15
1298880109 -8.61389 41.1499
1298880110 -8.61397 41.15
1298880111 -8.61401 41.1499
1298880112 -8.61403 41.1499
1298880113 -8.61405 41.1499
1298880114 -8.61407 41.1498
1298880115 -8.61409 41.1497
1298880116 -8.61411 41.1497
1298880117 -8.61412 41.1496
1298880118 -8.61414 41.1495
1298880119 -8.61416 41.1494
1298880120 -8.61418 41.1493
1298880121 -8.61419 41.1493
1298880122 -8.61419 41.1492
1298880123 -8.6142 41.1491
1298880124 -8.61424 41.149
1298880125 -8.61425 41.149
1298880126 -8.61427 41.1489
1298880127 -8.6143 41.1488
1298880128 -8.61431 41.1488
1298880129 -8.6143 41.1488
1298880130 -8.6143 41.1487
1298880131 -8.6143 41.1487
1298880132 -8.6143 41.1487
1298880133 -8.6143 41.1487
1298880134 -8.6143 41.1486
1298880135 -8.6143 41.1486
1298880136 -8.61431 41.1485
1298880137 -8.61433 41.1485
1298880138 -8.61433 41.1484
1298880139 -8.61437 41.1483
1298880140 -8.6144 41.1482
1298880141 -8.61441 41.1482
1298880142 -8.61444 41.1481
1298880143 -8.61449 41.148
1298880144 -8.61453 41.148
1298880145 -8.61453 41.1479
1298880146 -8.61453 41.1479
1298880147 -8.61453 41.1479
1298880148 -8.61455 41.1478
1298880149 -8.61457 41.1478
1298880150 -8.61458 41.1478
1298880151 -8.6146 41.1477
1298880152 -8.61463 41.1477
1298880153 -8.61464 41.1477
1298880154 -8.61464 41.1476
1298880155 -8.61466 41.1476
1298880156 -8.61468 41.1475
1298880157 -8.6147 41.1475
1298880158 -8.61471 41.1475
1298880159 -8.61471 41.1475
1298880160 -8.61472 41.1475
1298880161 -8.61472 41.1475
1298880162 -8.61474 41.1475
1298880163 -8.61475 41.1475
1298880164 -8.61475 41.1475
1298880165 -8.61476 41.1474
1298880166 -8.61477 41.1474
1298880167 -8.61479 41.1474
1298880168 -8.6148 41.1474
1298880169 -8.61481 41.1474
1298880170 -8.61481 41.1474
1298880171 -8.61483 41.1474
1298880172 -8.61485 41.1474
1298880173 -8.61486 41.1473
1298880174 -8.61489 41.1473
1298880175 -8.61492 41.1473
1298880176 -8.615 41.1472
1298880177 -8.61508 41.1472
1298880178 -8.61515 41.1472
1298880179 -8.61524 41.1472
1298880180 -8.61533 41.1472
1298880181 -8.61544 41.1472
1298880182 -8.61555 41.1473
1298880183 -8.61564 41.1473
1298880184 -8.61573 41.1473
1298880185 -8.61582 41.1473
1298880186 -8.61593 41.1473
1298880187 -8.61603 41.1473
1298880188 -8.61614 41.1472
1298880189 -8.61626 41.1472
1298880190 -8.61637 41.1472
1298880191 -8.61647 41.1472
1298880192 -8.61657 41.1472
1298880193 -8.61666 41.1473
1298880194 -8.61676 41.1473
1298880195 -8.61687 41.1473
1298880196 -8.61697 41.1473
1298880197 -8.61707 41.1473
1298880198 -8.61717 41.1473
1298880199 -8.61727 41.1473
1298880200 -8.61737 41.1473
1298880201 -8.61747 41.1472
1298880202 -8.61757 41.1472
1298880203 -8.61765 41.1472
1298880204 -8.61773 41.1472
1298880205 -8.6178 41.1472
1298880206 -8.61785 41.1473
1298880207 -8.6179 41.1473
1298880208 -8.61791 41.1473
1298880209 -8.61793 41.1473
1298880210 -8.61794 41.1473
1298880211 -8.61794 41.1473
1298880212 -8.61793 41.1473
1298880213 -8.61793 41.1473
1298880214 -8.61793 41.1473
1298880215 -8.61793 41.1473
1298880216 -8.61794 41.1473
1298880217 -8.61794 41.1473
1298880218 -8.61794 41.1473
1298880219 -8.61794 41.1473
1298880220 -8.61794 41.1473
1298880221 -8.61794 41.1473
1298880222 -8.61794 41.1472
1298880223 -8.61794 41.1472
1298880224 -8.61794 41.1472
1298880225 -8.61794 41.1472
1298880226 -8.61794 41.1472
1298880227 -8.61794 41.1472
1298880228 -8.61794 41.1472
1298880229 -8.61793 41.1472
1298880230 -8.61793 41.1472
1298880231 -8.61794 41.1472
1298880232 -8.61794 41.1472
1298880233 -8.61794 41.1472
1298880234 -8.61794 41.1472
1298880235 -8.61793 41.1472
1298880236 -8.61793 41.1472
1298880237 -8.61793 41.1472
1298880238 -8.61793 41.1472
1298880239 -8.61793 41.1472
1298880240 -8.61793 41.1472
1298880241 -8.61793 41.1472
1298880242 -8.61793 41.1472
1298880243 -8.61792 41.1472
1298880244 -8.61792 41.1472
1298880245 -8.61792 41.1472
1298880246 -8.61792 41.1472
1298880247 -8.61792 41.1472
1298880248 -8.61792 41.1472
1298880249 -8.61792 41.1472
1298880250 -8.61792 41.1472
1298880251 -8.61792 41.1472
1298880252 -8.61792 41.1472
1298880253 -8.61791 41.1472
1298880254 -8.61791 41.1472
1298880255 -8.61791 41.1473
1298880256 -8.61791 41.1472
1298880257 -8.61791 41.1472
1298880258 -8.61791 41.1472
1298880259 -8.61791 41.1472
1298880260 -8.61791 41.1472
1298880261 -8.61791 41.1473
1298880262 -8.61792 41.1473
1298880263 -8.61793 41.1473
1298880264 -8.61796 41.1474
1298880265 -8.61798 41.1475
1298880266 -8.618 41.1475
1298880267 -8.61801 41.1476
1298880268 -8.61804 41.1477
1298880269 -8.61807 41.1477
1298880270 -8.61809 41.1478
1298880271 -8.61813 41.1479
1298880272 -8.61815 41.148
1298880273 -8.61816 41.1481
1298880274 -8.61817 41.1481
1298880275 -8.61818 41.1482
1298880276 -8.61818 41.1482
1298880277 -8.61819 41.1483
1298880278 -8.61821 41.1483
1298880279 -8.61824 41.1484
1298880280 -8.61827 41.1484
1298880281 -8.61833 41.1485
1298880282 -8.61839 41.1485
1298880283 -8.61844 41.1485
1298880284 -8.61849 41.1485
1298880285 -8.61855 41.1485
1298880286 -8.6186 41.1486
1298880287 -8.61865 41.1486
1298880288 -8.6187 41.1486
1298880289 -8.61874 41.1486
1298880290 -8.61879 41.1486
1298880291 -8.61882 41.1486
1298880292 -8.61887 41.1486
1298880293 -8.6189 41.1486
1298880294 -8.61895 41.1487
1298880295 -8.61899 41.1487
1298880296 -8.61903 41.1487
1298880297 -8.61908 41.1487
1298880298 -8.61912 41.1487
1298880299 -8.61915 41.1487
1298880300 -8.61917 41.1487
1298880301 -8.6192 41.1487
1298880302 -8.61922 41.1487
1298880303 -8.61925 41.1487
1298880304 -8.61926 41.1487
1298880305 -8.61927 41.1487
1298880306 -8.61928 41.1487
1298880307 -8.61929 41.1487
1298880308 -8.61929 41.1487
1298880309 -8.6193 41.1487
1298880310 -8.6193 41.1487
1298880311 -8.6193 41.1487
1298880312 -8.6193 41.1487
1298880313 -8.61931 41.1487
1298880314 -8.61931 41.1487
1298880315 -8.61931 41.1487
1298880316 -8.61932 41.1487
1298880317 -8.61932 41.1487
1298880318 -8.61932 41.1487
1298880319 -8.61933 41.1487
1298880320 -8.61934 41.1487
1298880321 -8.61935 41.1487
1298880322 -8.61937 41.1486
1298880323 -8.61939 41.1486
1298880324 -8.61941 41.1486
1298880325 -8.61942 41.1486
1298880326 -8.61943 41.1486
1298880327 -8.61944 41.1485
1298880328 -8.61946 41.1485
1298880329 -8.61947 41.1485
1298880330 -8.61949 41.1485
1298880331 -8.61951 41.1485
1298880332 -8.61952 41.1484
1298880333 -8.61961 41.1484
1298880334 -8.61965 41.1484
1298880335 -8.61971 41.1484
1298880336 -8.61974 41.1485
1298880337 -8.61979 41.1485
1298880338 -8.61989 41.1485
1298880339 -8.61998 41.1485
1298880340 -8.62006 41.1485
1298880341 -8.62014 41.1485
1298880342 -8.62023 41.1486
1298880343 -8.62033 41.1486
1298880344 -8.62042 41.1486
1298880345 -8.62049 41.1486
1298880346 -8.62055 41.1487
1298880347 -8.6206 41.1487
1298880348 -8.62063 41.1487
1298880349 -8.62067 41.1487
1298880350 -8.62071 41.1487
1298880351 -8.62073 41.1488
1298880352 -8.62074 41.1488
1298880353 -8.62074 41.1489
1298880354 -8.62077 41.1489
1298880355 -8.62078 41.149
1298880356 -8.62079 41.149
1298880357 -8.62081 41.1491
1298880358 -8.62081 41.1491
1298880359 -8.62081 41.1491
1298880360 -8.62081 41.1491
1298880361 -8.62081 41.1491
1298880362 -8.62081 41.1491
1298880363 -8.6208 41.1491
1298880364 -8.6208 41.1491
1298880365 -8.6208 41.1491
1298880366 -8.62079 41.1491
1298880367 -8.62078 41.1492
1298880368 -8.62078 41.1492
1298880369 -8.62078 41.1492
1298880370 -8.62077 41.1492
1298880371 -8.62076 41.1492
1298880372 -8.62076 41.1492
1298880373 -8.62075 41.1492
1298880374 -8.62075 41.1492
1298880375 -8.62074 41.1492
1298880376 -8.62074 41.1492
1298880377 -8.62075 41.1492
1298880378 -8.62075 41.1492
1298880379 -8.62076 41.1492
1298880380 -8.62077 41.1493
1298880381 -8.62078 41.1493
1298880382 -8.62078 41.1493
1298880383 -8.62078 41.1493
1298880384 -8.62079 41.1493
1298880385 -8.62081 41.1494
1298880386 -8.62083 41.1494
1298880387 -8.62085 41.1494
1298880388 -8.62087 41.1494
1298880389 -8.62088 41.1494
1298880390 -8.62088 41.1495
1298880391 -8.62088 41.1495
1298880392 -8.62089 41.1495
1298880393 -8.6209 41.1496
1298880394 -8.6209 41.1496
1298880395 -8.62089 41.1497
1298880396 -8.6209 41.1498
1298880397 -8.62091 41.1498
1298880398 -8.62093 41.1499
1298880399 -8.62094 41.15
1298880400 -8.62096 41.1501
1298880401 -8.62097 41.1502
1298880402 -8.62099 41.1504
1298880403 -8.62099 41.1506
1298880404 -8.62103 41.1508
1298880405 -8.62106 41.1509
1298880406 -8.6211 41.151
1298880407 -8.62115 41.1511
1298880408 -8.62116 41.1512
1298880409 -8.62123 41.1512
1298880410 -8.62124 41.1512
1298880411 -8.62127 41.1513
1298880412 -8.62128 41.1514
1298880413 -8.62129 41.1514
1298880414 -8.62132 41.1515
1298880415 -8.62132 41.1516
1298880416 -8.62131 41.1517
1298880417 -8.62124 41.1518
1298880418 -8.6212 41.1519
1298880419 -8.62115 41.152
1298880420 -8.62109 41.1521
1298880421 -8.62105 41.1521
1298880422 -8.62099 41.1522
1298880423 -8.62094 41.1523
1298880424 -8.62088 41.1524
1298880425 -8.62084 41.1524
1298880426 -8.62078 41.1525
1298880427 -8.62077 41.1526
1298880428 -8.62078 41.1527
1298880429 -8.62083 41.1528
1298880430 -8.62087 41.1529
1298880431 -8.6209 41.153
1298880432 -8.62094 41.1531
1298880433 -8.62097 41.1532
1298880434 -8.62101 41.1533
1298880435 -8.62104 41.1534
1298880436 -8.62104 41.1535
1298880437 -8.62104 41.1536
1298880438 -8.62103 41.1537
1298880439 -8.62103 41.1539
1298880440 -8.62101 41.154
1298880441 -8.62099 41.1541
1298880442 -8.62096 41.1542
1298880443 -8.62095 41.1544
1298880444 -8.62094 41.1545
1298880445 -8.62094 41.1546
1298880446 -8.62094 41.1547
1298880447 -8.62094 41.1548
1298880448 -8.62095 41.1549
1298880449 -8.62094 41.155
1298880450 -8.62092 41.1551
1298880451 -8.6209 41.1552
1298880452 -8.6209 41.1553
1298880453 -8.62089 41.1553
1298880454 -8.62088 41.1553
1298880455 -8.62088 41.1554
1298880456 -8.62087 41.1554
1298880457 -8.62087 41.1554
1298880458 -8.62088 41.1554
1298880459 -8.62089 41.1554
1298880460 -8.6209 41.1554
1298880461 -8.62091 41.1554
1298880462 -8.62092 41.1554
1298880463 -8.62093 41.1554
1298880464 -8.62093 41.1554
1298880465 -8.62093 41.1554
1298880466 -8.62094 41.1553
1298880467 -8.62095 41.1553
1298880468 -8.62095 41.1553
1298880469 -8.62095 41.1553
1298880470 -8.62095 41.1553
1298880471 -8.62095 41.1553
1298880472 -8.62095 41.1553
1298880473 -8.62096 41.1553
1298880474 -8.62096 41.1553
1298880475 -8.62097 41.1553
1298880476 -8.62097 41.1553
1298880477 -8.62098 41.1553
1298880478 -8.62099 41.1554
1298880479 -8.62097 41.1554
1298880480 -8.62097 41.1554
1298880481 -8.62096 41.1555
1298880482 -8.62095 41.1555
1298880483 -8.6209 41.1555
1298880484 -8.62084 41.1555
1298880485 -8.62077 41.1555
1298880486 -8.62067 41.1555
1298880487 -8.62056 41.1554
1298880488 -8.62044 41.1554
1298880489 -8.62033 41.1554
1298880490 -8.62021 41.1554
1298880491 -8.6201 41.1554
1298880492 -8.62001 41.1553
1298880493 -8.61993 41.1553
1298880494 -8.61984 41.1553
1298880495 -8.61976 41.1553
1298880496 -8.61969 41.1553
1298880497 -8.61963 41.1553
1298880498 -8.61959 41.1553
1298880499 -8.61955 41.1553
1298880500 -8.61952 41.1553
1298880501 -8.61952 41.1553
1298880502 -8.61951 41.1553
1298880503 -8.6195 41.1553
1298880504 -8.61949 41.1553
1298880505 -8.61948 41.1553
1298880506 -8.61947 41.1553
1298880507 -8.61947 41.1553
1298880508 -8.61946 41.1553
1298880509 -8.61944 41.1553
1298880510 -8.61941 41.1553
1298880511 -8.61936 41.1553
1298880512 -8.6193 41.1553
1298880513 -8.61922 41.1553
1298880514 -8.61917 41.1553
1298880515 -8.61912 41.1553
1298880516 -8.61907 41.1552
1298880517 -8.61899 41.1552
1298880518 -8.61891 41.1552
1298880519 -8.61881 41.1552
1298880520 -8.61872 41.1552
1298880521 -8.61862 41.1552
1298880522 -8.61853 41.1552
1298880523 -8.61844 41.1552
1298880524 -8.61836 41.1552
1298880525 -8.61828 41.1551
1298880526 -8.6182 41.1551
1298880527 -8.6181 41.1551
1298880528 -8.618 41.1551
1298880529 -8.61791 41.1551
1298880530 -8.61782 41.155
1298880531 -8.61773 41.155
1298880532 -8.61762 41.155
1298880533 -8.61748 41.1549
1298880534 -8.61736 41.1549
1298880535 -8.61715 41.1549
1298880536 -8.61693 41.1549
1298880537 -8.61676 41.1548
1298880538 -8.61659 41.1548
1298880539 -8.61643 41.1548
1298880540 -8.61627 41.1547
1298880541 -8.61611 41.1547
1298880542 -8.61593 41.1547
1298880543 -8.61577 41.1547
1298880544 -8.6156 41.1546
1298880545 -8.61543 41.1546
1298880546 -8.61525 41.1546
1298880547 -8.61507 41.1545
1298880548 -8.6149 41.1545
1298880549 -8.61472 41.1544
1298880550 -8.61456 41.1544
1298880551 -8.6144 41.1544
1298880552 -8.61425 41.1544
1298880553 -8.61411 41.1544
1298880554 -8.61399 41.1543
1298880555 -8.61387 41.1543
1298880556 -8.61377 41.1543
1298880557 -8.61369 41.1542
1298880558 -8.61365 41.1542
1298880559 -8.61362 41.1542
1298880560 -8.61361 41.1542
1298880561 -8.61361 41.1542
1298880562 -8.61361 41.1542
1298880563 -8.6136 41.1542
1298880564 -8.6136 41.1542
1298880565 -8.6136 41.1542
1298880566 -8.61359 41.1542
1298880567 -8.61358 41.1542
1298880568 -8.61354 41.1542
1298880569 -8.61351 41.1542
1298880570 -8.61348 41.1542
1298880571 -8.61342 41.1542
1298880572 -8.61337 41.1541
1298880573 -8.61334 41.1541
1298880574 -8.61332 41.154
1298880575 -8.61332 41.154
1298880576 -8.61332 41.1539
1298880577 -8.61332 41.1539
1298880578 -8.61332 41.1539
1298880579 -8.61332 41.1539
1298880580 -8.61334 41.1539
1298880581 -8.61335 41.1539
1298880582 -8.61334 41.1539
1298880583 -8.61335 41.1539
1298880584 -8.61335 41.1539
1298880585 -8.61335 41.1539
1298880586 -8.61335 41.1539
1298880587 -8.61335 41.1539
1298880588 -8.61335 41.1539
1298880589 -8.61336 41.1539
1298880590 -8.61336 41.1539
1298880591 -8.61336 41.1539
1298880592 -8.61336 41.1539
1298880593 -8.61336 41.1539
1298880594 -8.61336 41.1539
1298880595 -8.61336 41.1539
1298880596 -8.61335 41.1539
1298880597 -8.61335 41.1539
1298880598 -8.61333 41.1538
1298880599 -8.6133 41.1538
1298880600 -8.61325 41.1538
1298880601 -8.61317 41.1537
1298880602 -8.61307 41.1537
1298880603 -8.61295 41.1537
1298880604 -8.6128 41.1537
1298880605 -8.61267 41.1537
1298880606 -8.61253 41.1537
1298880607 -8.61239 41.1537
1298880608 -8.61224 41.1537
1298880609 -8.61211 41.1536
1298880610 -8.61197 41.1536
1298880611 -8.61185 41.1536
1298880612 -8.6117 41.1536
1298880613 -8.61156 41.1536
1298880614 -8.61141 41.1536
1298880615 -8.61125 41.1536
1298880616 -8.61111 41.1535
1298880617 -8.61095 41.1535
1298880618 -8.6108 41.1535
1298880619 -8.61066 41.1535
1298880620 -8.61051 41.1535
1298880621 -8.61035 41.1535
1298880622 -8.6102 41.1535
1298880623 -8.61006 41.1535
1298880624 -8.6099 41.1535
1298880625 -8.60975 41.1535
1298880626 -8.60959 41.1535
1298880627 -8.60944 41.1535
1298880628 -8.60929 41.1535
1298880629 -8.60915 41.1535
1298880630 -8.609 41.1535
1298880631 -8.60886 41.1535
1298880632 -8.60871 41.1535
1298880633 -8.60855 41.1535
1298880634 -8.60842 41.1535
1298880635 -8.6083 41.1535
1298880636 -8.60819 41.1534
1298880637 -8.6081 41.1534
1298880638 -8.60802 41.1534
1298880639 -8.60798 41.1534
1298880640 -8.60794 41.1534
1298880641 -8.60792 41.1534
1298880642 -8.60792 41.1534
1298880643 -8.60793 41.1534
1298880644 -8.60793 41.1534
1298880645 -8.60793 41.1535
1298880646 -8.60793 41.1535
1298880647 -8.60793 41.1535
1298880648 -8.60793 41.1535
1298880649 -8.60793 41.1535
1298880650 -8.60793 41.1535
1298880651 -8.60793 41.1535
1298880652 -8.60793 41.1535
1298880653 -8.60793 41.1535
1298880654 -8.60793 41.1535
1298880655 -8.60793 41.1535
1298880656 -8.60793 41.1535
1298880657 -8.60793 41.1535
1298880658 -8.60793 41.1535
1298880659 -8.60793 41.1535
1298880660 -8.60793 41.1535
1298880661 -8.60792 41.1535
1298880662 -8.60792 41.1535
1298880663 -8.60792 41.1535
1298880664 -8.6079 41.1535
1298880665 -8.60786 41.1535
1298880666 -8.60781 41.1535
1298880667 -8.60773 41.1535
1298880668 -8.60764 41.1535
1298880669 -8.60755 41.1535
1298880670 -8.60746 41.1535
1298880671 -8.60736 41.1535
1298880672 -8.60724 41.1535
1298880673 -8.60712 41.1535
1298880674 -8.60699 41.1535
1298880675 -8.60684 41.1535
1298880676 -8.6067 41.1535
1298880677 -8.60656 41.1535
1298880678 -8.60641 41.1535
1298880679 -8.60626 41.1535
1298880680 -8.60612 41.1535
1298880681 -8.60597 41.1535
1298880682 -8.60583 41.1535
1298880683 -8.60567 41.1535
1298880684 -8.60553 41.1535
1298880685 -8.60539 41.1535
1298880686 -8.60527 41.1534
1298880687 -8.60513 41.1534
1298880688 -8.60502 41.1534
1298880689 -8.60492 41.1534
1298880690 -8.60486 41.1534
1298880691 -8.6048 41.1535
1298880692 -8.60477 41.1535
1298880693 -8.60476 41.1535
1298880694 -8.60477 41.1535
1298880695 -8.60477 41.1536
1298880696 -8.60476 41.1537
1298880697 -8.60474 41.1537
1298880698 -8.60471 41.1538
1298880699 -8.6047 41.1539
1298880700 -8.60469 41.154
1298880701 -8.60469 41.1541
1298880702 -8.60472 41.1542
1298880703 -8.60471 41.1543
1298880704 -8.60474 41.1543
1298880705 -8.60475 41.1543
1298880706 -8.60474 41.1544
1298880707 -8.60474 41.1544
1298880708 -8.60473 41.1545
1298880709 -8.60473 41.1546
1298880710 -8.6047 41.1546
1298880711 -8.60468 41.1547
1298880712 -8.60467 41.1548
1298880713 -8.60468 41.1549
1298880714 -8.60466 41.155
1298880715 -8.60466 41.1551
1298880716 -8.60467 41.1553
1298880717 -8.60468 41.1554
1298880718 -8.60468 41.1555
1298880719 -8.60469 41.1556
1298880720 -8.60469 41.1558
1298880721 -8.60468 41.1559
1298880722 -8.60468 41.1561
1298880723 -8.60466 41.1562
1298880724 -8.60463 41.1563
1298880725 -8.60458 41.1565
1298880726 -8.60454 41.1566
1298880727 -8.60451 41.1567
1298880728 -8.60449 41.1568
1298880729 -8.60446 41.157
1298880730 -8.60446 41.1571
1298880731 -8.60446 41.1572
1298880732 -8.60447 41.1573
1298880733 -8.60446 41.1574
1298880734 -8.60449 41.1575
1298880735 -8.6045 41.1576
1298880736 -8.60455 41.1577
1298880737 -8.60456 41.1577
1298880738 -8.60457 41.1578
1298880739 -8.60457 41.1579
1298880740 -8.60455 41.1579
1298880741 -8.60453 41.1579
1298880742 -8.60448 41.158
1298880743 -8.60438 41.1581
1298880744 -8.60438 41.1581
1298880745 -8.60437 41.1582
1298880746 -8.60439 41.1582
1298880747 -8.6044 41.1582
1298880748 -8.60441 41.1582
1298880749 -8.60444 41.1582
1298880750 -8.60444 41.1583
1298880751 -8.60443 41.1583
1298880752 -8.60443 41.1583
1298880753 -8.60443 41.1584
1298880754 -8.60445 41.1584
1298880755 -8.60446 41.1585
1298880756 -8.60448 41.1585
1298880757 -8.60449 41.1585
1298880758 -8.60449 41.1586
1298880759 -8.60449 41.1586
1298880760 -8.6045 41.1587
1298880761 -8.6045 41.1588
1298880762 -8.60449 41.1588
1298880763 -8.60449 41.1589
1298880764 -8.60449 41.159
1298880765 -8.6045 41.1591
1298880766 -8.6045 41.1592
1298880767 -8.6045 41.1593
1298880768 -8.60449 41.1594
1298880769 -8.60449 41.1595
1298880770 -8.60448 41.1596
1298880771 -8.60448 41.1596
1298880772 -8.60448 41.1596
1298880773 -8.60449 41.1597
1298880774 -8.6045 41.1597
1298880775 -8.6045 41.1597
1298880776 -8.6045 41.1597
1298880777 -8.6045 41.1597
1298880778 -8.6045 41.1597
1298880779 -8.6045 41.1597
1298880780 -8.6045 41.1597
1298880781 -8.6045 41.1597
1298880782 -8.6045 41.1597
1298880783 -8.6045 41.1597
1298880784 -8.6045 41.1597
1298880785 -8.6045 41.1597
1298880786 -8.6045 41.1597
1298880787 -8.6045 41.1597
1298880788 -8.6045 41.1597
1298880789 -8.6045 41.1597
1298880790 -8.60451 41.1597
1298880791 -8.60451 41.1597
1298880792 -8.60451 41.1597
1298880793 -8.60451 41.1597
1298880794 -8.60451 41.1597
1298880795 -8.60452 41.1597
1298880796 -8.60452 41.1598
1298880797 -8.60452 41.1598
1298880798 -8.60452 41.1598
1298880799 -8.60453 41.1599
1298880800 -8.60453 41.1599
1298880801 -8.60452 41.16
1298880802 -8.60452 41.16
1298880803 -8.60451 41.1601
1298880804 -8.6045 41.1602
1298880805 -8.6045 41.1602
1298880806 -8.60449 41.1602
1298880807 -8.60448 41.1603
1298880808 -8.60448 41.1603
1298880809 -8.60447 41.1604
1298880810 -8.60446 41.1604
1298880811 -8.60445 41.1604
1298880812 -8.60443 41.1605
1298880813 -8.60442 41.1605
1298880814 -8.6044 41.1606
1298880815 -8.6044 41.1606
1298880816 -8.60439 41.1607
1298880817 -8.60439 41.1607
1298880818 -8.60437 41.1607
1298880819 -8.60435 41.1608
1298880820 -8.60434 41.1608
1298880821 -8.60433 41.1608
1298880822 -8.60433 41.1609
1298880823 -8.60431 41.1609
1298880824 -8.60431 41.1609
1298880825 -8.6043 41.161
1298880826 -8.6043 41.161
1298880827 -8.6043 41.161
1298880828 -8.60428 41.161
1298880829 -8.60427 41.1611
1298880830 -8.60426 41.1611
1298880831 -8.60425 41.1611
1298880832 -8.60423 41.1611
1298880833 -8.60422 41.1611
1298880834 -8.60421 41.1612
1298880835 -8.6042 41.1612
1298880836 -8.60418 41.1612
1298880837 -8.60416 41.1612
1298880838 -8.60415 41.1612
1298880839 -8.60415 41.1612
1298880840 -8.60413 41.1613
1298880841 -8.60413 41.1613
1298880842 -8.60412 41.1613
1298880843 -8.60411 41.1613
1298880844 -8.60411 41.1613
1298880845 -8.60411 41.1613
1298880846 -8.60411 41.1613
1298880847 -8.60411 41.1613
1298880848 -8.60411 41.1613
1298880849 -8.6041 41.1613
1298880850 -8.6041 41.1613
1298880851 -8.6041 41.1613
1298880852 -8.6041 41.1613
1298880853 -8.6041 41.1613
1298880854 -8.60409 41.1613
1298880855 -8.60409 41.1613
1298880856 -8.60409 41.1613
1298880857 -8.60409 41.1613
1298880858 -8.60408 41.1613
1298880859 -8.60408 41.1613
1298880860 -8.60408 41.1613
1298880861 -8.60407 41.1613
1298880862 -8.60407 41.1613
1298880863 -8.60406 41.1613
1298880864 -8.60406 41.1613
1298880865 -8.60406 41.1613
1298880866 -8.60405 41.1613
1298880867 -8.60405 41.1613
1298880868 -8.60405 41.1613
1298880869 -8.60404 41.1613
1298880870 -8.60404 41.1613
1298880871 -8.60403 41.1613
1298880872 -8.60402 41.1613
1298880873 -8.60402 41.1613
1298880874 -8.60401 41.1613
1298880875 -8.60401 41.1614
1298880876 -8.604 41.1614
1298880877 -8.604 41.1614
1298880878 -8.604 41.1614
1298880879 -8.604 41.1614
1298880880 -8.604 41.1614
1298880881 -8.60399 41.1614
1298880882 -8.604 41.1614
1298880883 -8.60399 41.1614
1298880884 -8.60399 41.1614
1298880885 -8.60399 41.1614
1298880886 -8.60399 41.1614
1298880887 -8.604 41.1614
1298880888 -8.604 41.1614
1298880889 -8.604 41.1614
1298880890 -8.60401 41.1615
1298880891 -8.60403 41.1615
1298880892 -8.60405 41.1616
1298880893 -8.60408 41.1616
1298880894 -8.60413 41.1616
1298880895 -8.60416 41.1617
1298880896 -8.60419 41.1617
1298880897 -8.60419 41.1617
1298880898 -8.60418 41.1617
1298880899 -8.60418 41.1617
1298880900 -8.60419 41.1617
1298880901 -8.6042 41.1617
1298880902 -8.60422 41.1617
1298880903 -8.60423 41.1617
1298880904 -8.60425 41.1618
1298880905 -8.60429 41.1618
1298880906 -8.60432 41.1617
1298880907 -8.60436 41.1617
1298880908 -8.60439 41.1617
1298880909 -8.60445 41.1616
1298880910 -8.6045 41.1615
1298880911 -8.60455 41.1614
1298880912 -8.60459 41.1613
1298880913 -8.60462 41.1613
1298880914 -8.60465 41.1612
1298880915 -8.60468 41.1612
1298880916 -8.6047 41.1612
1298880917 -8.60471 41.1612
1298880918 -8.6047 41.1612
1298880919 -8.6047 41.1612
1298880920 -8.6047 41.1612
1298880921 -8.6047 41.1612
1298880922 -8.6047 41.1612
1298880923 -8.6047 41.1612
1298880924 -8.6047 41.1612
1298880925 -8.6047 41.1612
1298880926 -8.6047 41.1612
1298880927 -8.6047 41.1612
1298880928 -8.6047 41.1612
1298880929 -8.6047 41.1612
1298880930 -8.6047 41.1612
1298880931 -8.6047 41.1612
1298880932 -8.6047 41.1612
1298880933 -8.6047 41.1612
1298880934 -8.6047 41.1612
1298880935 -8.60471 41.1612
1298880936 -8.60471 41.1612
1298880937 -8.60471 41.1612
1298880938 -8.60471 41.1612
1298880939 -8.60471 41.1612
1298880940 -8.60472 41.1612
1298880941 -8.60472 41.1612
1298880942 -8.60472 41.1612
1298880943 -8.60472 41.1612
1298880944 -8.60473 41.1612
1298880945 -8.60473 41.1612
1298880946 -8.60473 41.1612
1298880947 -8.60474 41.1612
1298880948 -8.60474 41.1612
1298880949 -8.60474 41.1612
1298880950 -8.60474 41.1612
1298880951 -8.60474 41.1612
1298880952 -8.60474 41.1612
1298880953 -8.60475 41.1612
1298880954 -8.60475 41.1612
1298880955 -8.60475 41.1612
1298880956 -8.60476 41.1612
1298880957 -8.60477 41.1612
1298880958 -8.60477 41.1612
1298880959 -8.60477 41.1612
1298880960 -8.60477 41.1612
1298880961 -8.60477 41.1612
1298880962 -8.60477 41.1612
1298880963 -8.60477 41.1612
1298880964 -8.60477 41.1612
1298880965 -8.60477 41.1612
1298880966 -8.60477 41.1612
1298880967 -8.60477 41.1612
1298880968 -8.60477 41.1612
1298880969 -8.60476 41.1612
1298880970 -8.60476 41.1612
1298880971 -8.60476 41.1612
1298880972 -8.60475 41.1612
1298880973 -8.60475 41.1612
1298880974 -8.60475 41.1612
1298880975 -8.60475 41.1612
1298880976 -8.60475 41.1612
1298880977 -8.60475 41.1612
1298880978 -8.60475 41.1612
1298880979 -8.60475 41.1612
1298880980 -8.60475 41.1612
1298880981 -8.60475 41.1612
1298880982 -8.60475 41.1612
1298880983 -8.60475 41.1612
1298880984 -8.60475 41.1612
1298880985 -8.60475 41.1612
1298880986 -8.60475 41.1612
1298880987 -8.60475 41.1612
1298880988 -8.60475 41.1612
1298880989 -8.60475 41.1612
1298880990 -8.60475 41.1612
1298880991 -8.60475 41.1612
1298880992 -8.60475 41.1612
1298880993 -8.60476 41.1612
1298880994 -8.60476 41.1612
1298880995 -8.60476 41.1612
1298880996 -8.60476 41.1612
1298880997 -8.60476 41.1612
1298880998 -8.60476 41.1612
1298880999 -8.60477 41.1612
1298881000 -8.60477 41.1612
1298881001 -8.60477 41.1612
1298881002 -8.60477 41.1612
1298881003 -8.60477 41.1612
1298881004 -8.60477 41.1612
1298881005 -8.60477 41.1612
1298881006 -8.60477 41.1612
1298881007 -8.60477 41.1612
1298881008 -8.60477 41.1612
1298881009 -8.60477 41.1612
1298881010 -8.60478 41.1612
1298881011 -8.60478 41.1612
1298881012 -8.60478 41.1612
1298881013 -8.60478 41.1612
1298881014 -8.60478 41.1612
1298881015 -8.60478 41.1612
1298881016 -8.60477 41.1612
1298881017 -8.60477 41.1612
1298881018 -8.60477 41.1612
1298881019 -8.60477 41.1612
1298881020 -8.60477 41.1612
1298881021 -8.60477 41.1612
1298881022 -8.60477 41.1612
1298881023 -8.60477 41.1612
1298881024 -8.60477 41.1612
1298881025 -8.60477 41.1612
1298881026 -8.60477 41.1612
1298881027 -8.60477 41.1612
1298881028 -8.60476 41.1612
1298881029 -8.60476 41.1612
1298881030 -8.60476 41.1612
1298881031 -8.60476 41.1612
1298881032 -8.60475 41.1612
1298881033 -8.60475 41.1612
1298881034 -8.60475 41.1612
1298881035 -8.60475 41.1612
1298881036 -8.60475 41.1612
1298881037 -8.60475 41.1612
1298881038 -8.60474 41.1612
1298881039 -8.60474 41.1612
1298881040 -8.60474 41.1612
1298881041 -8.60474 41.1612
1298881042 -8.60474 41.1612
1298881043 -8.60474 41.1612
1298881044 -8.60474 41.1612
1298881045 -8.60474 41.1612
1298881046 -8.60474 41.1612
1298881047 -8.60474 41.1612
1298881048 -8.60474 41.1612
1298881049 -8.60475 41.1612
1298881050 -8.60474 41.1612
1298881051 -8.60474 41.1612
1298881052 -8.60474 41.1612
1298881053 -8.60474 41.1612
1298881054 -8.60473 41.1612
1298881055 -8.60473 41.1612
1298881056 -8.60472 41.1612
1298881057 -8.60472 41.1612
1298881058 -8.60472 41.1612
1298881059 -8.60472 41.1612
1298881060 -8.60471 41.1612
1298881061 -8.60471 41.1612
1298881062 -8.60471 41.1612
1298881063 -8.60471 41.1612
1298881064 -8.60471 41.1612
1298881065 -8.60471 41.1612
1298881066 -8.60471 41.1612
1298881067 -8.60471 41.1612
1298881068 -8.60471 41.1612
1298881069 -8.60471 41.1612
1298881070 -8.60471 41.1612
1298881071 -8.60471 41.1612
1298881072 -8.6047 41.1612
1298881073 -8.6047 41.1612
1298881074 -8.6047 41.1612
1298881075 -8.6047 41.1612
1298881076 -8.6047 41.1612
1298881077 -8.60471 41.1612
1298881078 -8.60471 41.1612
1298881079 -8.60471 41.1612
1298881080 -8.60471 41.1612
1298881081 -8.60472 41.1612
1298881082 -8.60472 41.1612
1298881083 -8.60473 41.1612
1298881084 -8.60474 41.1612
1298881085 -8.60474 41.1612
1298881086 -8.60475 41.1612
1298881087 -8.60475 41.1612
1298881088 -8.60475 41.1612
1298881089 -8.60476 41.1612
1298881090 -8.60476 41.1612
1298881091 -8.60477 41.1612
1298881092 -8.60477 41.1612
1298881093 -8.60477 41.1612
1298881094 -8.60477 41.1612
1298881095 -8.60477 41.1612
1298881096 -8.60477 41.1612
1298881097 -8.60478 41.1612
1298881098 -8.60479 41.1612
1298881099 -8.60479 41.1612
1298881100 -8.60479 41.1612
1298881101 -8.6048 41.1612
1298881102 -8.60481 41.1612
1298881103 -8.60481 41.1612
1298881104 -8.60482 41.1612
1298881105 -8.60483 41.1612
1298881106 -8.60483 41.1612
1298881107 -8.60484 41.1612
1298881108 -8.60484 41.1612
1298881109 -8.60485 41.1612
1298881110 -8.60485 41.1612
1298881111 -8.60486 41.1611
1298881112 -8.60486 41.1611
1298881113 -8.60486 41.1611
1298881114 -8.60486 41.1611
1298881115 -8.60486 41.1611
1298881116 -8.60486 41.1611
1298881117 -8.60486 41.1611
1298881118 -8.60486 41.1611
1298881119 -8.60486 41.1611
1298881120 -8.60486 41.1611
1298881121 -8.60486 41.1611
1298881122 -8.60486 41.1611
1298881123 -8.60486 41.1611
1298881124 -8.60486 41.1611
1298881125 -8.60486 41.1612
1298881126 -8.60486 41.1612
1298881127 -8.60486 41.1612
1298881128 -8.60486 41.1612
1298881129 -8.60486 41.1612
1298881130 -8.60486 41.1612
1298881131 -8.60486 41.1612
1298881132 -8.60486 41.1612
1298881133 -8.60486 41.1612
1298881134 -8.60486 41.1612
1298881135 -8.60486 41.1612
1298881136 -8.60486 41.1612
1298881137 -8.60486 41.1612
1298881138 -8.60486 41.1612
1298881139 -8.60485 41.1612
1298881140 -8.60485 41.1612
1298881141 -8.60485 41.1612
1298881142 -8.60484 41.1612
1298881143 -8.60484 41.1612
1298881144 -8.60483 41.1612
1298881145 -8.60483 41.1612
1298881146 -8.60483 41.1612
1298881147 -8.60483 41.1612
1298881148 -8.60483 41.1612
1298881149 -8.60484 41.1612
1298881150 -8.60483 41.1612
1298881151 -8.60483 41.1612
1298881152 -8.60483 41.1612
1298881153 -8.60483 41.1612
1298881154 -8.60483 41.1612
1298881155 -8.60483 41.1612
1298881156 -8.60482 41.1612
1298881157 -8.60482 41.1612
1298881158 -8.60482 41.1612
1298881159 -8.60482 41.1612
1298881160 -8.60481 41.1612
1298881161 -8.60481 41.1612
1298881162 -8.60481 41.1612
1298881163 -8.60481 41.1612
1298881164 -8.60481 41.1612
1298881165 -8.60481 41.1612
1298881166 -8.60481 41.1612
1298881167 -8.60481 41.1612
1298881168 -8.60481 41.1612
1298881169 -8.60481 41.1612
1298881170 -8.60481 41.1612
1298881171 -8.60481 41.1612
1298881172 -8.60481 41.1612
1298881173 -8.60481 41.1612
1298881174 -8.60481 41.1612
1298881175 -8.60481 41.1612
1298881176 -8.60481 41.1612
1298881177 -8.60481 41.1612
1298881178 -8.60482 41.1612
1298881179 -8.60482 41.1612
1298881180 -8.60482 41.1612
1298881181 -8.60482 41.1612
1298881182 -8.60482 41.1612
1298881183 -8.60482 41.1612
1298881184 -8.60483 41.1612
1298881185 -8.60483 41.1612
1298881186 -8.60483 41.1612
1298881187 -8.60484 41.1612
1298881188 -8.60484 41.1612
1298881189 -8.60484 41.1612
1298881190 -8.60484 41.1612
1298881191 -8.60484 41.1612
1298881192 -8.60484 41.1612
1298881193 -8.60484 41.1612
1298881194 -8.60484 41.1612
1298881195 -8.60485 41.1612
1298881196 -8.60485 41.1612
1298881197 -8.60485 41.1612
1298881198 -8.60485 41.1612
1298881199 -8.60485 41.1612
1298881200 -8.60484 41.1612
