:break:
1298880772 -8.53965 41.1506
1298880773 -8.53977 41.1508
1298880774 -8.53985 41.1509
1298880775 -8.53991 41.151
1298880776 -8.53998 41.1512
1298880777 -8.54006 41.1513
:break:
1298880772 -8.53779 41.1518
1298880773 -8.53817 41.1519
1298880774 -8.53824 41.1521
1298880775 -8.53829 41.1522
1298880776 -8.53834 41.1524
1298880777 -8.53837 41.1526
1298880778 -8.5384 41.1527
1298880779 -8.53843 41.1529
1298880780 -8.53845 41.153
1298880781 -8.53847 41.1532
1298880782 -8.53849 41.1533
1298880783 -8.53851 41.1535
1298880784 -8.53852 41.1536
1298880785 -8.53854 41.1537
1298880786 -8.53856 41.1538
1298880787 -8.53857 41.1539
1298880788 -8.53858 41.154
1298880789 -8.5386 41.154
1298880790 -8.53861 41.1541
1298880791 -8.53861 41.1542
1298880792 -8.53862 41.1542
1298880793 -8.53862 41.1542
1298880794 -8.53862 41.1543
1298880795 -8.53862 41.1543
1298880796 -8.53862 41.1543
1298880797 -8.53863 41.1543
1298880798 -8.53863 41.1543
1298880799 -8.53863 41.1543
1298880800 -8.53863 41.1543
1298880801 -8.53863 41.1543
1298880802 -8.53863 41.1543
1298880803 -8.53863 41.1543
1298880804 -8.53863 41.1543
1298880805 -8.53863 41.1543
1298880806 -8.53863 41.1543
1298880807 -8.53864 41.1544
1298880808 -8.53864 41.1544
1298880809 -8.53864 41.1544
1298880810 -8.53864 41.1544
1298880811 -8.53864 41.1544
1298880812 -8.53864 41.1544
1298880813 -8.53864 41.1544
1298880814 -8.53864 41.1544
1298880815 -8.53864 41.1544
1298880816 -8.53864 41.1544
1298880817 -8.53864 41.1544
1298880818 -8.53865 41.1545
1298880819 -8.53865 41.1545
1298880820 -8.53865 41.1545
1298880821 -8.53866 41.1545
1298880822 -8.53866 41.1545
1298880823 -8.53866 41.1545
1298880824 -8.53867 41.1546
1298880825 -8.53867 41.1546
1298880826 -8.53867 41.1546
1298880827 -8.53867 41.1546
1298880828 -8.53867 41.1546
1298880829 -8.53867 41.1546
1298880830 -8.53867 41.1546
1298880831 -8.53867 41.1546
1298880832 -8.53867 41.1546
1298880833 -8.53868 41.1546
1298880834 -8.53868 41.1546
1298880835 -8.53868 41.1547
1298880836 -8.53869 41.1547
1298880837 -8.5387 41.1547
1298880838 -8.53871 41.1547
1298880839 -8.53876 41.1547
1298880840 -8.53881 41.1547
1298880841 -8.53887 41.1547
1298880842 -8.53893 41.1547
1298880843 -8.53899 41.1547
1298880844 -8.53907 41.1547
1298880845 -8.53913 41.1546
1298880846 -8.53916 41.1546
1298880847 -8.53917 41.1545
1298880848 -8.53918 41.1545
1298880849 -8.53919 41.1544
1298880850 -8.53923 41.1544
1298880851 -8.53927 41.1544
1298880852 -8.53934 41.1543
1298880853 -8.53942 41.1543
1298880854 -8.53951 41.1543
1298880855 -8.5396 41.1543
1298880856 -8.5397 41.1543
1298880857 -8.5398 41.1543
1298880858 -8.5399 41.1543
1298880859 -8.53998 41.1542
1298880860 -8.54005 41.1542
1298880861 -8.54008 41.1542
1298880862 -8.5401 41.1542
1298880863 -8.5401 41.1542
1298880864 -8.5401 41.1542
1298880865 -8.5401 41.1542
1298880866 -8.5401 41.1542
1298880867 -8.5401 41.1542
1298880868 -8.54012 41.1542
1298880869 -8.54014 41.1542
1298880870 -8.54015 41.1542
1298880871 -8.54016 41.1542
1298880872 -8.54018 41.1542
1298880873 -8.54021 41.1542
1298880874 -8.54023 41.1542
1298880875 -8.54024 41.1542
1298880876 -8.54028 41.1542
1298880877 -8.54034 41.1541
1298880878 -8.54041 41.1541
1298880879 -8.54047 41.1541
1298880880 -8.54054 41.154
:break:
1298880887 -8.54062 41.154
1298880888 -8.5407 41.1539
1298880889 -8.54078 41.1539
1298880890 -8.54083 41.1538
1298880891 -8.54086 41.1538
1298880892 -8.54087 41.1537
1298880893 -8.54085 41.1536
1298880894 -8.54081 41.1535
1298880895 -8.54078 41.1535
1298880896 -8.54074 41.1534
1298880897 -8.5407 41.1533
1298880898 -8.54068 41.1532
1298880899 -8.54066 41.1531
1298880900 -8.54063 41.153
1298880901 -8.5406 41.1529
1298880902 -8.54059 41.1528
1298880903 -8.54057 41.1527
1298880904 -8.54054 41.1526
1298880905 -8.54052 41.1526
1298880906 -8.5405 41.1525
1298880907 -8.54049 41.1524
1298880908 -8.54047 41.1523
1298880909 -8.54047 41.1522
1298880910 -8.5405 41.1521
1298880911 -8.54052 41.1521
1298880912 -8.54054 41.152
1298880913 -8.54055 41.152
1298880914 -8.54056 41.152
1298880915 -8.54057 41.152
1298880916 -8.54057 41.1519
1298880917 -8.54059 41.1519
1298880918 -8.54061 41.1518
1298880919 -8.54063 41.1518
1298880920 -8.54065 41.1517
1298880921 -8.54066 41.1517
1298880922 -8.54068 41.1517
1298880923 -8.5407 41.1517
1298880924 -8.54075 41.1517
1298880925 -8.5408 41.1517
1298880926 -8.54087 41.1517
1298880927 -8.54096 41.1517
1298880928 -8.54106 41.1517
1298880929 -8.54119 41.1517
1298880930 -8.54132 41.1517
1298880931 -8.54145 41.1517
1298880932 -8.5416 41.1517
1298880933 -8.54176 41.1517
1298880934 -8.54192 41.1517
1298880935 -8.54208 41.1516
1298880936 -8.54224 41.1516
1298880937 -8.5424 41.1516
1298880938 -8.54256 41.1516
1298880939 -8.54273 41.1516
1298880940 -8.54291 41.1516
1298880941 -8.54309 41.1516
1298880942 -8.54328 41.1516
1298880943 -8.54346 41.1516
1298880944 -8.54364 41.1516
1298880945 -8.54383 41.1516
1298880946 -8.54401 41.1516
1298880947 -8.5442 41.1516
1298880948 -8.54438 41.1516
1298880949 -8.54455 41.1516
1298880950 -8.5447 41.1516
1298880951 -8.54484 41.1516
1298880952 -8.54496 41.1517
1298880953 -8.54505 41.1517
1298880954 -8.54512 41.1517
1298880955 -8.54519 41.1518
1298880956 -8.54526 41.1518
1298880957 -8.54534 41.1518
1298880958 -8.54542 41.1518
1298880959 -8.54548 41.1518
1298880960 -8.54552 41.1517
1298880961 -8.54551 41.1517
1298880962 -8.54548 41.1516
1298880963 -8.54546 41.1515
1298880964 -8.54547 41.1514
1298880965 -8.5455 41.1513
1298880966 -8.54553 41.1512
1298880967 -8.54557 41.1511
1298880968 -8.54562 41.1509
1298880969 -8.54568 41.1508
1298880970 -8.54575 41.1507
1298880971 -8.54584 41.1505
1298880972 -8.54594 41.1504
1298880973 -8.54606 41.1502
1298880974 -8.54616 41.1501
1298880975 -8.54626 41.15
1298880976 -8.54633 41.1498
1298880977 -8.54638 41.1496
1298880978 -8.54642 41.1495
1298880979 -8.54645 41.1493
1298880980 -8.54646 41.1492
1298880981 -8.54647 41.149
1298880982 -8.54649 41.1489
1298880983 -8.5465 41.1487
1298880984 -8.54653 41.1486
1298880985 -8.54658 41.1485
1298880986 -8.54667 41.1484
1298880987 -8.54677 41.1483
1298880988 -8.54687 41.1482
1298880989 -8.54695 41.1482
1298880990 -8.54699 41.1482
1298880991 -8.54702 41.1482
1298880992 -8.54705 41.1482
1298880993 -8.54707 41.1482
1298880994 -8.54712 41.1483
1298880995 -8.54717 41.1483
1298880996 -8.54723 41.1483
1298880997 -8.54729 41.1484
1298880998 -8.54736 41.1484
1298880999 -8.54745 41.1485
1298881000 -8.54753 41.1486
1298881001 -8.54759 41.1487
1298881002 -8.54763 41.1488
1298881003 -8.54767 41.1489
1298881004 -8.5477 41.1491
1298881005 -8.54773 41.1492
1298881006 -8.54776 41.1494
1298881007 -8.5478 41.1495
1298881008 -8.54783 41.1497
1298881009 -8.54788 41.1498
1298881010 -8.54792 41.1499
1298881011 -8.54797 41.1501
1298881012 -8.54802 41.1502
1298881013 -8.54807 41.1504
1298881014 -8.54813 41.1506
1298881015 -8.54818 41.1507
1298881016 -8.54824 41.1509
1298881017 -8.54831 41.1511
1298881018 -8.54838 41.1513
1298881019 -8.54846 41.1514
1298881020 -8.54855 41.1516
1298881021 -8.54865 41.1518
1298881022 -8.54875 41.152
1298881023 -8.54887 41.1522
1298881024 -8.54899 41.1524
1298881025 -8.54915 41.1526
1298881026 -8.54931 41.1527
1298881027 -8.54948 41.1529
1298881028 -8.54965 41.1531
1298881029 -8.54984 41.1533
1298881030 -8.55004 41.1534
1298881031 -8.55024 41.1536
1298881032 -8.55045 41.1538
1298881033 -8.55068 41.1539
1298881034 -8.55091 41.154
1298881035 -8.55115 41.1542
1298881036 -8.55139 41.1543
1298881037 -8.55166 41.1544
1298881038 -8.55192 41.1546
1298881039 -8.55219 41.1547
1298881040 -8.55247 41.1547
1298881041 -8.55274 41.1548
1298881042 -8.55303 41.1549
1298881043 -8.55332 41.155
1298881044 -8.5536 41.1551
1298881045 -8.55389 41.1551
1298881046 -8.55417 41.1552
1298881047 -8.55446 41.1552
1298881048 -8.55474 41.1553
1298881049 -8.55502 41.1553
1298881050 -8.55531 41.1554
1298881051 -8.55559 41.1554
1298881052 -8.55587 41.1555
1298881053 -8.55614 41.1555
1298881054 -8.55642 41.1556
1298881055 -8.55669 41.1556
1298881056 -8.55697 41.1557
1298881057 -8.55723 41.1557
1298881058 -8.55749 41.1558
1298881059 -8.55775 41.1559
1298881060 -8.558 41.156
1298881061 -8.55824 41.1561
1298881062 -8.55849 41.1562
1298881063 -8.55872 41.1563
1298881064 -8.55895 41.1564
1298881065 -8.55916 41.1566
1298881066 -8.55938 41.1567
1298881067 -8.55959 41.1569
1298881068 -8.5598 41.157
1298881069 -8.56001 41.1571
1298881070 -8.56021 41.1573
1298881071 -8.56041 41.1574
1298881072 -8.56062 41.1575
1298881073 -8.56082 41.1577
1298881074 -8.56103 41.1578
1298881075 -8.56122 41.1579
1298881076 -8.56142 41.1581
1298881077 -8.56162 41.1582
1298881078 -8.56181 41.1583
1298881079 -8.56202 41.1585
1298881080 -8.56222 41.1586
1298881081 -8.56245 41.1587
1298881082 -8.56268 41.1587
1298881083 -8.56292 41.1588
1298881084 -8.56316 41.1588
1298881085 -8.5634 41.1588
1298881086 -8.56364 41.1588
1298881087 -8.5639 41.1588
1298881088 -8.56414 41.1588
1298881089 -8.56439 41.1587
1298881090 -8.56464 41.1587
1298881091 -8.56489 41.1586
1298881092 -8.56516 41.1586
1298881093 -8.56543 41.1585
1298881094 -8.5657 41.1585
1298881095 -8.56597 41.1584
1298881096 -8.56625 41.1584
1298881097 -8.56654 41.1583
1298881098 -8.56682 41.1584
1298881099 -8.5671 41.1584
1298881100 -8.56741 41.1584
1298881101 -8.56772 41.1584
1298881102 -8.56804 41.1584
1298881103 -8.56827 41.1585
1298881104 -8.56853 41.1585
1298881105 -8.5688 41.1585
1298881106 -8.56905 41.1585
1298881107 -8.5693 41.1584
1298881108 -8.56954 41.1583
1298881109 -8.56976 41.1582
1298881110 -8.56994 41.1581
1298881111 -8.57011 41.1579
1298881112 -8.57027 41.1578
1298881113 -8.57042 41.1577
1298881114 -8.57056 41.1576
1298881115 -8.57069 41.1575
1298881116 -8.57081 41.1574
1298881117 -8.57092 41.1573
1298881118 -8.57102 41.1573
1298881119 -8.57113 41.1572
1298881120 -8.57125 41.1571
1298881121 -8.57137 41.1571
1298881122 -8.57149 41.1571
1298881123 -8.57162 41.1571
1298881124 -8.57174 41.1572
1298881125 -8.57184 41.1572
1298881126 -8.57193 41.1573
1298881127 -8.57199 41.1574
1298881128 -8.57202 41.1575
1298881129 -8.57204 41.1576
1298881130 -8.57205 41.1577
1298881131 -8.57206 41.1578
1298881132 -8.57206 41.1579
1298881133 -8.57205 41.1581
1298881134 -8.57203 41.1582
1298881135 -8.57201 41.1583
1298881136 -8.57197 41.1584
1298881137 -8.57193 41.1585
1298881138 -8.57189 41.1586
1298881139 -8.57184 41.1587
1298881140 -8.5718 41.1588
1298881141 -8.57175 41.1589
1298881142 -8.57172 41.159
1298881143 -8.57168 41.1591
1298881144 -8.57163 41.1591
1298881145 -8.57158 41.1592
1298881146 -8.57156 41.1593
1298881147 -8.57156 41.1593
1298881148 -8.5716 41.1594
1298881149 -8.57167 41.1594
1298881150 -8.57178 41.1595
1298881151 -8.57189 41.1595
1298881152 -8.57201 41.1596
1298881153 -8.57213 41.1597
1298881154 -8.57227 41.1597
1298881155 -8.5724 41.1598
1298881156 -8.57254 41.1599
1298881157 -8.57271 41.16
1298881158 -8.57288 41.16
1298881159 -8.57305 41.1601
1298881160 -8.57321 41.1602
1298881161 -8.57336 41.1603
1298881162 -8.57353 41.1605
1298881163 -8.57367 41.1606
1298881164 -8.57381 41.1607
1298881165 -8.57394 41.1609
1298881166 -8.57406 41.1611
1298881167 -8.57416 41.1612
1298881168 -8.57425 41.1614
1298881169 -8.57434 41.1616
1298881170 -8.57443 41.1618
1298881171 -8.57452 41.1619
1298881172 -8.57463 41.1621
1298881173 -8.57474 41.1623
1298881174 -8.57486 41.1625
1298881175 -8.575 41.1626
1298881176 -8.57516 41.1628
1298881177 -8.5753 41.1629
1298881178 -8.57543 41.1631
1298881179 -8.57556 41.1632
1298881180 -8.57568 41.1634
1298881181 -8.57578 41.1635
1298881182 -8.57587 41.1636
1298881183 -8.57593 41.1637
1298881184 -8.57599 41.1637
1298881185 -8.57605 41.1637
1298881186 -8.57609 41.1637
1298881187 -8.57611 41.1636
1298881188 -8.5761 41.1636
1298881189 -8.57606 41.1635
1298881190 -8.576 41.1634
1298881191 -8.57594 41.1633
1298881192 -8.57587 41.1633
1298881193 -8.57581 41.1632
1298881194 -8.57576 41.1631
1298881195 -8.57571 41.163
1298881196 -8.57567 41.163
1298881197 -8.57563 41.1629
1298881198 -8.5756 41.1629
1298881199 -8.57558 41.1629
1298881200 -8.57554 41.1628
