:break:
1298880005 -8.61207 41.1728
1298880006 -8.61207 41.1728
1298880007 -8.61207 41.1728
1298880008 -8.61207 41.1728
1298880009 -8.61207 41.1728
1298880010 -8.61207 41.1728
1298880011 -8.61207 41.1728
1298880012 -8.61207 41.1728
1298880013 -8.61207 41.1728
1298880014 -8.61207 41.1728
1298880015 -8.61207 41.1728
1298880016 -8.61207 41.1728
1298880017 -8.61206 41.1728
1298880018 -8.61206 41.1728
1298880019 -8.61206 41.1728
1298880020 -8.61206 41.1728
1298880021 -8.61206 41.1728
1298880022 -8.61206 41.1728
1298880023 -8.61206 41.1728
1298880024 -8.61206 41.1728
1298880025 -8.61206 41.1728
1298880026 -8.61205 41.1728
1298880027 -8.61205 41.1728
1298880028 -8.61205 41.1728
1298880029 -8.61205 41.1728
1298880030 -8.61205 41.1728
1298880031 -8.61205 41.1728
1298880032 -8.61205 41.1728
1298880033 -8.61205 41.1728
1298880034 -8.61205 41.1728
1298880035 -8.61205 41.1728
1298880036 -8.61204 41.1728
1298880037 -8.61204 41.1728
1298880038 -8.61204 41.1728
1298880039 -8.61204 41.1728
1298880040 -8.61203 41.1728
1298880041 -8.61203 41.1728
1298880042 -8.61203 41.1728
1298880043 -8.61203 41.1728
1298880044 -8.61203 41.1728
1298880045 -8.61203 41.1728
1298880046 -8.61203 41.1728
1298880047 -8.61202 41.1728
1298880048 -8.61202 41.1728
1298880049 -8.61202 41.1728
1298880050 -8.61202 41.1728
1298880051 -8.61202 41.1728
1298880052 -8.61202 41.1728
1298880053 -8.61201 41.1728
1298880054 -8.61201 41.1728
1298880055 -8.61201 41.1728
1298880056 -8.61201 41.1728
1298880057 -8.61201 41.1728
1298880058 -8.61201 41.1728
1298880059 -8.61201 41.1728
1298880060 -8.612 41.1728
1298880061 -8.612 41.1728
1298880062 -8.612 41.1728
1298880063 -8.612 41.1728
1298880064 -8.612 41.1728
1298880065 -8.61199 41.1728
1298880066 -8.61199 41.1728
1298880067 -8.61199 41.1728
1298880068 -8.61199 41.1728
1298880069 -8.61199 41.1728
1298880070 -8.61199 41.1728
1298880071 -8.61199 41.1728
1298880072 -8.61199 41.1728
1298880073 -8.61199 41.1728
1298880074 -8.61199 41.1728
1298880075 -8.61199 41.1728
1298880076 -8.61199 41.1728
1298880077 -8.612 41.1728
1298880078 -8.612 41.1728
1298880079 -8.612 41.1728
1298880080 -8.61201 41.1728
1298880081 -8.61201 41.1728
1298880082 -8.61201 41.1728
1298880083 -8.61202 41.1728
1298880084 -8.61202 41.1728
1298880085 -8.61203 41.1728
1298880086 -8.61203 41.1728
1298880087 -8.61203 41.1728
1298880088 -8.61203 41.1728
1298880089 -8.61203 41.1728
1298880090 -8.61204 41.1728
1298880091 -8.61204 41.1728
1298880092 -8.61204 41.1728
1298880093 -8.61204 41.1728
1298880094 -8.61204 41.1728
1298880095 -8.61205 41.1728
1298880096 -8.61204 41.1728
1298880097 -8.61204 41.1728
1298880098 -8.61204 41.1728
1298880099 -8.61204 41.1728
1298880100 -8.61203 41.1728
1298880101 -8.61203 41.1728
1298880102 -8.61203 41.1728
1298880103 -8.61203 41.1728
1298880104 -8.61203 41.1728
1298880105 -8.61203 41.1728
1298880106 -8.61203 41.1728
1298880107 -8.61204 41.1728
1298880108 -8.61204 41.1728
1298880109 -8.61204 41.1728
1298880110 -8.61205 41.1728
1298880111 -8.61205 41.1728
1298880112 -8.61205 41.1728
1298880113 -8.61205 41.1728
1298880114 -8.61205 41.1728
1298880115 -8.61205 41.1728
1298880116 -8.61206 41.1728
1298880117 -8.61206 41.1728
1298880118 -8.61206 41.1728
1298880119 -8.61206 41.1728
1298880120 -8.61206 41.1728
1298880121 -8.61207 41.1728
1298880122 -8.61207 41.1728
1298880123 -8.61207 41.1728
1298880124 -8.61207 41.1728
1298880125 -8.61207 41.1728
1298880126 -8.61208 41.1728
1298880127 -8.61208 41.1728
1298880128 -8.61208 41.1728
1298880129 -8.61208 41.1728
1298880130 -8.61208 41.1728
1298880131 -8.61208 41.1728
1298880132 -8.61208 41.1728
1298880133 -8.61208 41.1728
1298880134 -8.61209 41.1728
1298880135 -8.61209 41.1728
1298880136 -8.61209 41.1728
1298880137 -8.61209 41.1728
1298880138 -8.6121 41.1727
1298880139 -8.6121 41.1727
1298880140 -8.6121 41.1727
1298880141 -8.6121 41.1727
1298880142 -8.6121 41.1727
1298880143 -8.6121 41.1727
1298880144 -8.61211 41.1727
1298880145 -8.61211 41.1727
1298880146 -8.61211 41.1727
1298880147 -8.61211 41.1727
1298880148 -8.61211 41.1727
1298880149 -8.61211 41.1727
1298880150 -8.61211 41.1727
1298880151 -8.61211 41.1727
1298880152 -8.61211 41.1727
1298880153 -8.61211 41.1727
1298880154 -8.61211 41.1727
1298880155 -8.61211 41.1727
1298880156 -8.61211 41.1727
1298880157 -8.61211 41.1727
1298880158 -8.61211 41.1727
1298880159 -8.61211 41.1727
1298880160 -8.61211 41.1727
1298880161 -8.61211 41.1727
1298880162 -8.61211 41.1727
1298880163 -8.61211 41.1727
1298880164 -8.61211 41.1727
1298880165 -8.61211 41.1727
1298880166 -8.61211 41.1727
1298880167 -8.61211 41.1727
1298880168 -8.61211 41.1727
1298880169 -8.61211 41.1727
1298880170 -8.61211 41.1727
1298880171 -8.61212 41.1727
1298880172 -8.61212 41.1727
1298880173 -8.61212 41.1727
1298880174 -8.61212 41.1727
1298880175 -8.61213 41.1727
1298880176 -8.61213 41.1727
1298880177 -8.61213 41.1727
1298880178 -8.61213 41.1727
1298880179 -8.61214 41.1727
1298880180 -8.61214 41.1727
1298880181 -8.61214 41.1727
1298880182 -8.61214 41.1727
1298880183 -8.61214 41.1727
1298880184 -8.61214 41.1727
1298880185 -8.61214 41.1727
1298880186 -8.61214 41.1727
1298880187 -8.61214 41.1727
1298880188 -8.61214 41.1727
1298880189 -8.61214 41.1727
1298880190 -8.61214 41.1727
1298880191 -8.61214 41.1727
1298880192 -8.61214 41.1727
1298880193 -8.61214 41.1727
1298880194 -8.61214 41.1727
1298880195 -8.61214 41.1727
1298880196 -8.61214 41.1727
1298880197 -8.61214 41.1727
1298880198 -8.61214 41.1727
1298880199 -8.61215 41.1727
1298880200 -8.61215 41.1727
1298880201 -8.61216 41.1727
1298880202 -8.61216 41.1727
1298880203 -8.61217 41.1727
1298880204 -8.61217 41.1727
1298880205 -8.61217 41.1727
1298880206 -8.61217 41.1727
1298880207 -8.61217 41.1727
1298880208 -8.61217 41.1727
1298880209 -8.61216 41.1727
1298880210 -8.61216 41.1727
1298880211 -8.61215 41.1727
1298880212 -8.61215 41.1727
1298880213 -8.61215 41.1727
1298880214 -8.61215 41.1727
1298880215 -8.61215 41.1727
1298880216 -8.61215 41.1727
1298880217 -8.61215 41.1727
1298880218 -8.61216 41.1727
1298880219 -8.61216 41.1727
1298880220 -8.61216 41.1727
1298880221 -8.61216 41.1727
1298880222 -8.61216 41.1727
1298880223 -8.61216 41.1727
1298880224 -8.61217 41.1727
1298880225 -8.61217 41.1727
1298880226 -8.61217 41.1727
1298880227 -8.61217 41.1727
1298880228 -8.61217 41.1727
1298880229 -8.61217 41.1727
1298880230 -8.61217 41.1727
1298880231 -8.61217 41.1727
1298880232 -8.61217 41.1727
1298880233 -8.61217 41.1727
1298880234 -8.61218 41.1727
1298880235 -8.61218 41.1727
1298880236 -8.61218 41.1727
1298880237 -8.61218 41.1727
1298880238 -8.61219 41.1727
1298880239 -8.61219 41.1727
1298880240 -8.61219 41.1727
1298880241 -8.6122 41.1727
1298880242 -8.6122 41.1727
1298880243 -8.6122 41.1727
1298880244 -8.61221 41.1727
1298880245 -8.61221 41.1727
1298880246 -8.61221 41.1727
1298880247 -8.61221 41.1727
1298880248 -8.61221 41.1727
1298880249 -8.61221 41.1727
1298880250 -8.61221 41.1727
1298880251 -8.61221 41.1727
1298880252 -8.61221 41.1727
1298880253 -8.6122 41.1727
1298880254 -8.6122 41.1727
1298880255 -8.6122 41.1727
1298880256 -8.6122 41.1727
1298880257 -8.6122 41.1727
1298880258 -8.6122 41.1727
1298880259 -8.6122 41.1727
1298880260 -8.6122 41.1727
1298880261 -8.61219 41.1727
1298880262 -8.61219 41.1727
1298880263 -8.61218 41.1727
1298880264 -8.61218 41.1727
1298880265 -8.61217 41.1727
1298880266 -8.61216 41.1727
1298880267 -8.61215 41.1727
1298880268 -8.61214 41.1727
1298880269 -8.61214 41.1727
1298880270 -8.61214 41.1727
1298880271 -8.61214 41.1727
1298880272 -8.61213 41.1727
1298880273 -8.61213 41.1727
1298880274 -8.61212 41.1727
1298880275 -8.61212 41.1727
1298880276 -8.61211 41.1727
1298880277 -8.61211 41.1727
1298880278 -8.6121 41.1727
1298880279 -8.6121 41.1727
1298880280 -8.61209 41.1727
1298880281 -8.61209 41.1727
1298880282 -8.61209 41.1727
1298880283 -8.61208 41.1727
1298880284 -8.61208 41.1727
1298880285 -8.61207 41.1727
1298880286 -8.61207 41.1727
1298880287 -8.61207 41.1727
1298880288 -8.61207 41.1727
1298880289 -8.61207 41.1727
1298880290 -8.61207 41.1727
1298880291 -8.61207 41.1727
1298880292 -8.61207 41.1727
1298880293 -8.61207 41.1727
1298880294 -8.61207 41.1727
1298880295 -8.61208 41.1727
1298880296 -8.61208 41.1727
1298880297 -8.61208 41.1727
1298880298 -8.61208 41.1727
1298880299 -8.61208 41.1727
1298880300 -8.61208 41.1727
1298880301 -8.61208 41.1727
1298880302 -8.61208 41.1727
1298880303 -8.61208 41.1727
1298880304 -8.61208 41.1727
1298880305 -8.61208 41.1727
1298880306 -8.61207 41.1727
1298880307 -8.61207 41.1727
1298880308 -8.61206 41.1727
1298880309 -8.61206 41.1727
1298880310 -8.61205 41.1727
1298880311 -8.61205 41.1727
1298880312 -8.61205 41.1727
1298880313 -8.61204 41.1727
1298880314 -8.61204 41.1727
1298880315 -8.61204 41.1727
1298880316 -8.61204 41.1727
1298880317 -8.61204 41.1727
1298880318 -8.61204 41.1727
1298880319 -8.61205 41.1727
1298880320 -8.61205 41.1727
1298880321 -8.61205 41.1727
1298880322 -8.61205 41.1727
1298880323 -8.61205 41.1727
1298880324 -8.61206 41.1727
1298880325 -8.61208 41.1727
1298880326 -8.61209 41.1727
1298880327 -8.6121 41.1727
1298880328 -8.61211 41.1727
1298880329 -8.61212 41.1727
1298880330 -8.61212 41.1727
1298880331 -8.61212 41.1728
1298880332 -8.61212 41.1728
1298880333 -8.61213 41.1728
1298880334 -8.61213 41.1728
1298880335 -8.61214 41.1728
1298880336 -8.61214 41.1728
1298880337 -8.61214 41.1728
1298880338 -8.61214 41.1728
1298880339 -8.61214 41.1728
1298880340 -8.61215 41.1727
1298880341 -8.61215 41.1727
1298880342 -8.61215 41.1727
1298880343 -8.61215 41.1727
1298880344 -8.61216 41.1727
1298880345 -8.61216 41.1727
1298880346 -8.61216 41.1727
1298880347 -8.61216 41.1727
1298880348 -8.61216 41.1727
1298880349 -8.61216 41.1727
1298880350 -8.61216 41.1727
1298880351 -8.61216 41.1727
1298880352 -8.61216 41.1727
1298880353 -8.61216 41.1727
1298880354 -8.61216 41.1727
1298880355 -8.61216 41.1727
1298880356 -8.61216 41.1727
1298880357 -8.61216 41.1727
1298880358 -8.61216 41.1727
1298880359 -8.61216 41.1727
1298880360 -8.61216 41.1727
1298880361 -8.61217 41.1727
1298880362 -8.61217 41.1727
1298880363 -8.61217 41.1727
1298880364 -8.61218 41.1727
1298880365 -8.61218 41.1727
1298880366 -8.61218 41.1727
1298880367 -8.61219 41.1727
1298880368 -8.61219 41.1727
1298880369 -8.61219 41.1727
1298880370 -8.61219 41.1727
1298880371 -8.6122 41.1727
1298880372 -8.6122 41.1727
1298880373 -8.6122 41.1727
1298880374 -8.6122 41.1727
1298880375 -8.61221 41.1727
1298880376 -8.61221 41.1727
1298880377 -8.6122 41.1727
1298880378 -8.6122 41.1727
1298880379 -8.61221 41.1727
1298880380 -8.61221 41.1727
1298880381 -8.61221 41.1727
1298880382 -8.61221 41.1727
1298880383 -8.61221 41.1727
1298880384 -8.61221 41.1727
1298880385 -8.61221 41.1727
1298880386 -8.61221 41.1727
1298880387 -8.61222 41.1727
1298880388 -8.61221 41.1727
1298880389 -8.61222 41.1727
1298880390 -8.61222 41.1727
1298880391 -8.61221 41.1727
1298880392 -8.61221 41.1727
1298880393 -8.61221 41.1727
1298880394 -8.61221 41.1727
1298880395 -8.61221 41.1727
1298880396 -8.61221 41.1727
1298880397 -8.61222 41.1727
1298880398 -8.61222 41.1727
1298880399 -8.61223 41.1727
1298880400 -8.61224 41.1727
1298880401 -8.61225 41.1727
1298880402 -8.61226 41.1727
1298880403 -8.61227 41.1727
1298880404 -8.61228 41.1727
1298880405 -8.61229 41.1727
1298880406 -8.6123 41.1727
1298880407 -8.6123 41.1726
1298880408 -8.61231 41.1726
1298880409 -8.61232 41.1726
1298880410 -8.61232 41.1726
1298880411 -8.61232 41.1726
1298880412 -8.61233 41.1726
1298880413 -8.61233 41.1726
1298880414 -8.61233 41.1726
1298880415 -8.61233 41.1726
1298880416 -8.61233 41.1726
1298880417 -8.61232 41.1726
1298880418 -8.61232 41.1726
1298880419 -8.61232 41.1726
1298880420 -8.61231 41.1726
1298880421 -8.61231 41.1726
1298880422 -8.61231 41.1726
1298880423 -8.6123 41.1726
1298880424 -8.6123 41.1726
1298880425 -8.61229 41.1726
1298880426 -8.61229 41.1726
1298880427 -8.61229 41.1726
1298880428 -8.61229 41.1726
1298880429 -8.61229 41.1726
1298880430 -8.61228 41.1726
1298880431 -8.61228 41.1726
1298880432 -8.61228 41.1726
1298880433 -8.61226 41.1727
1298880434 -8.61225 41.1727
1298880435 -8.61224 41.1727
1298880436 -8.61224 41.1727
1298880437 -8.61224 41.1727
1298880438 -8.61223 41.1727
1298880439 -8.61222 41.1727
1298880440 -8.6122 41.1727
1298880441 -8.61219 41.1727
1298880442 -8.61219 41.1727
1298880443 -8.61218 41.1727
1298880444 -8.61218 41.1727
1298880445 -8.61218 41.1727
1298880446 -8.61217 41.1727
1298880447 -8.61217 41.1727
1298880448 -8.61217 41.1727
1298880449 -8.61219 41.1727
1298880450 -8.61221 41.1727
1298880451 -8.61224 41.1727
1298880452 -8.61226 41.1727
1298880453 -8.61229 41.1727
1298880454 -8.61233 41.1727
1298880455 -8.61235 41.1727
1298880456 -8.61239 41.1727
1298880457 -8.61242 41.1727
1298880458 -8.61246 41.1727
1298880459 -8.61248 41.1727
1298880460 -8.6125 41.1727
1298880461 -8.61251 41.1727
1298880462 -8.61251 41.1727
1298880463 -8.61252 41.1727
1298880464 -8.61253 41.1727
1298880465 -8.61253 41.1727
1298880466 -8.61253 41.1727
1298880467 -8.61252 41.1727
1298880468 -8.61252 41.1727
1298880469 -8.61252 41.1727
1298880470 -8.61252 41.1727
1298880471 -8.61252 41.1727
1298880472 -8.61252 41.1727
1298880473 -8.61252 41.1727
1298880474 -8.61252 41.1727
1298880475 -8.61252 41.1727
1298880476 -8.61252 41.1727
1298880477 -8.61252 41.1727
1298880478 -8.61252 41.1727
1298880479 -8.61252 41.1727
1298880480 -8.61252 41.1727
1298880481 -8.61252 41.1727
1298880482 -8.61252 41.1727
1298880483 -8.61252 41.1727
1298880484 -8.61252 41.1727
1298880485 -8.61252 41.1727
1298880486 -8.61252 41.1727
1298880487 -8.61252 41.1727
1298880488 -8.61252 41.1727
1298880489 -8.61252 41.1727
1298880490 -8.61253 41.1727
1298880491 -8.61253 41.1727
1298880492 -8.61253 41.1727
1298880493 -8.61253 41.1727
1298880494 -8.61253 41.1727
1298880495 -8.61253 41.1727
1298880496 -8.61253 41.1727
1298880497 -8.61253 41.1727
1298880498 -8.61253 41.1727
1298880499 -8.61255 41.1727
1298880500 -8.6126 41.1728
1298880501 -8.61266 41.1728
1298880502 -8.61269 41.1728
1298880503 -8.61272 41.1727
1298880504 -8.61275 41.1727
1298880505 -8.61274 41.1726
1298880506 -8.61273 41.1726
1298880507 -8.61271 41.1725
1298880508 -8.61269 41.1724
1298880509 -8.61269 41.1724
1298880510 -8.61269 41.1723
1298880511 -8.61269 41.1722
1298880512 -8.61269 41.1722
1298880513 -8.61269 41.1721
1298880514 -8.61269 41.1721
1298880515 -8.6127 41.1721
1298880516 -8.61269 41.1721
1298880517 -8.6127 41.1721
1298880518 -8.6127 41.1721
1298880519 -8.6127 41.1721
1298880520 -8.6127 41.1721
1298880521 -8.6127 41.1721
1298880522 -8.6127 41.1721
1298880523 -8.6127 41.1721
1298880524 -8.6127 41.172
1298880525 -8.6127 41.172
1298880526 -8.6127 41.172
1298880527 -8.6127 41.172
1298880528 -8.6127 41.172
1298880529 -8.6127 41.172
1298880530 -8.6127 41.1721
1298880531 -8.6127 41.1721
1298880532 -8.6127 41.1721
1298880533 -8.6127 41.172
1298880534 -8.6127 41.172
1298880535 -8.6127 41.172
1298880536 -8.61271 41.172
1298880537 -8.61272 41.1719
1298880538 -8.61273 41.1718
1298880539 -8.61274 41.1718
1298880540 -8.61275 41.1717
1298880541 -8.61276 41.1716
1298880542 -8.61278 41.1715
1298880543 -8.61279 41.1715
1298880544 -8.6128 41.1714
1298880545 -8.61282 41.1713
1298880546 -8.61286 41.1712
1298880547 -8.61285 41.171
1298880548 -8.61287 41.1709
1298880549 -8.6129 41.1708
1298880550 -8.61295 41.1707
1298880551 -8.61295 41.1705
1298880552 -8.61295 41.1704
1298880553 -8.61295 41.1703
1298880554 -8.61295 41.1701
1298880555 -8.61294 41.17
1298880556 -8.61292 41.1699
1298880557 -8.61289 41.1698
1298880558 -8.61287 41.1697
1298880559 -8.61282 41.1696
1298880560 -8.61278 41.1694
1298880561 -8.61273 41.1693
1298880562 -8.61268 41.1692
1298880563 -8.61263 41.1691
1298880564 -8.61259 41.169
1298880565 -8.61254 41.1689
1298880566 -8.6125 41.1688
1298880567 -8.61246 41.1687
1298880568 -8.61243 41.1686
1298880569 -8.61242 41.1686
1298880570 -8.61241 41.1685
1298880571 -8.61239 41.1685
1298880572 -8.61238 41.1685
1298880573 -8.61236 41.1685
1298880574 -8.61233 41.1685
1298880575 -8.61229 41.1685
1298880576 -8.61224 41.1685
1298880577 -8.61219 41.1685
1298880578 -8.61215 41.1686
1298880579 -8.61211 41.1686
1298880580 -8.61205 41.1686
1298880581 -8.61201 41.1687
1298880582 -8.61197 41.1687
1298880583 -8.61194 41.1687
1298880584 -8.61189 41.1688
1298880585 -8.61187 41.1687
1298880586 -8.61183 41.1687
1298880587 -8.6118 41.1687
1298880588 -8.61178 41.1687
1298880589 -8.61176 41.1687
1298880590 -8.61174 41.1687
1298880591 -8.61173 41.1688
1298880592 -8.61171 41.1688
1298880593 -8.6117 41.1688
1298880594 -8.6117 41.1688
1298880595 -8.6117 41.1688
1298880596 -8.6117 41.1688
1298880597 -8.6117 41.1688
1298880598 -8.6117 41.1688
1298880599 -8.6117 41.1688
1298880600 -8.6117 41.1688
1298880601 -8.61171 41.1688
1298880602 -8.61171 41.1688
1298880603 -8.61171 41.1688
1298880604 -8.61171 41.1688
1298880605 -8.6117 41.1688
1298880606 -8.6117 41.1688
1298880607 -8.6117 41.1688
1298880608 -8.6117 41.1688
1298880609 -8.61171 41.1688
1298880610 -8.6117 41.1689
1298880611 -8.6117 41.1689
1298880612 -8.6117 41.1689
1298880613 -8.6117 41.1689
1298880614 -8.6117 41.1689
1298880615 -8.61171 41.169
1298880616 -8.61172 41.169
1298880617 -8.61175 41.1689
1298880618 -8.61178 41.1689
1298880619 -8.61182 41.1689
1298880620 -8.61187 41.1689
1298880621 -8.61192 41.1688
1298880622 -8.61198 41.1688
1298880623 -8.61205 41.1687
1298880624 -8.61212 41.1686
1298880625 -8.61219 41.1686
1298880626 -8.61224 41.1685
1298880627 -8.61228 41.1685
1298880628 -8.61231 41.1685
1298880629 -8.61231 41.1685
1298880630 -8.61231 41.1685
1298880631 -8.61231 41.1685
1298880632 -8.61231 41.1685
1298880633 -8.6123 41.1685
1298880634 -8.6123 41.1685
1298880635 -8.6123 41.1685
1298880636 -8.6123 41.1685
1298880637 -8.6123 41.1685
1298880638 -8.61229 41.1685
1298880639 -8.61229 41.1685
1298880640 -8.61229 41.1685
1298880641 -8.61229 41.1685
1298880642 -8.61229 41.1685
1298880643 -8.61229 41.1685
1298880644 -8.61229 41.1685
1298880645 -8.6123 41.1685
1298880646 -8.6123 41.1685
1298880647 -8.61231 41.1685
1298880648 -8.61232 41.1685
1298880649 -8.61233 41.1685
1298880650 -8.61234 41.1684
1298880651 -8.61235 41.1684
1298880652 -8.61235 41.1684
1298880653 -8.61234 41.1683
1298880654 -8.61233 41.1683
1298880655 -8.61231 41.1683
1298880656 -8.61229 41.1682
1298880657 -8.61226 41.1682
1298880658 -8.61224 41.1681
1298880659 -8.61221 41.168
1298880660 -8.61219 41.168
1298880661 -8.61216 41.1679
1298880662 -8.61214 41.1679
1298880663 -8.61213 41.1678
1298880664 -8.61212 41.1678
1298880665 -8.61211 41.1678
1298880666 -8.61211 41.1678
1298880667 -8.6121 41.1678
1298880668 -8.6121 41.1678
1298880669 -8.61208 41.1677
1298880670 -8.61206 41.1677
1298880671 -8.61205 41.1677
1298880672 -8.61202 41.1676
1298880673 -8.61199 41.1676
1298880674 -8.61197 41.1676
1298880675 -8.61195 41.1675
1298880676 -8.61191 41.1674
1298880677 -8.6119 41.1673
1298880678 -8.61186 41.1673
1298880679 -8.61182 41.1672
1298880680 -8.61178 41.1671
1298880681 -8.61177 41.167
1298880682 -8.61175 41.167
1298880683 -8.61172 41.1669
1298880684 -8.61169 41.1668
1298880685 -8.61167 41.1667
1298880686 -8.61166 41.1667
1298880687 -8.61166 41.1666
1298880688 -8.61164 41.1666
1298880689 -8.61169 41.1666
1298880690 -8.61176 41.1665
1298880691 -8.61185 41.1665
1298880692 -8.61195 41.1665
1298880693 -8.61205 41.1665
1298880694 -8.61213 41.1665
1298880695 -8.61219 41.1665
1298880696 -8.61225 41.1665
1298880697 -8.61233 41.1665
1298880698 -8.61243 41.1665
1298880699 -8.61255 41.1665
1298880700 -8.61268 41.1665
1298880701 -8.61281 41.1666
1298880702 -8.61295 41.1666
1298880703 -8.61309 41.1666
1298880704 -8.61322 41.1667
1298880705 -8.61335 41.1667
1298880706 -8.61348 41.1667
1298880707 -8.61361 41.1668
1298880708 -8.61374 41.1668
1298880709 -8.61386 41.1669
1298880710 -8.61398 41.1669
1298880711 -8.61409 41.167
1298880712 -8.61417 41.167
1298880713 -8.61423 41.167
1298880714 -8.61428 41.167
1298880715 -8.61432 41.167
1298880716 -8.61435 41.167
1298880717 -8.61438 41.1669
1298880718 -8.6144 41.1669
1298880719 -8.61441 41.1668
1298880720 -8.61443 41.1667
1298880721 -8.61445 41.1666
1298880722 -8.61447 41.1666
1298880723 -8.61449 41.1665
1298880724 -8.6145 41.1664
1298880725 -8.61453 41.1663
1298880726 -8.61455 41.1662
1298880727 -8.61458 41.1661
1298880728 -8.6146 41.166
1298880729 -8.61462 41.1659
1298880730 -8.61465 41.1659
1298880731 -8.61467 41.1658
1298880732 -8.61469 41.1657
1298880733 -8.61472 41.1656
1298880734 -8.61474 41.1655
1298880735 -8.61476 41.1654
1298880736 -8.61478 41.1653
1298880737 -8.61481 41.1652
1298880738 -8.61484 41.1651
1298880739 -8.61486 41.1649
1298880740 -8.6149 41.1648
1298880741 -8.61493 41.1647
1298880742 -8.61496 41.1646
1298880743 -8.61501 41.1645
1298880744 -8.61504 41.1643
1298880745 -8.61508 41.1642
1298880746 -8.61512 41.1641
1298880747 -8.61515 41.1639
1298880748 -8.61519 41.1638
1298880749 -8.61521 41.1637
1298880750 -8.61525 41.1636
1298880751 -8.61527 41.1635
1298880752 -8.61529 41.1634
1298880753 -8.61531 41.1634
1298880754 -8.61532 41.1633
1298880755 -8.61533 41.1633
1298880756 -8.61535 41.1633
1298880757 -8.61538 41.1633
1298880758 -8.61543 41.1633
1298880759 -8.61548 41.1633
1298880760 -8.61556 41.1633
1298880761 -8.61564 41.1633
1298880762 -8.61574 41.1633
1298880763 -8.61583 41.1633
1298880764 -8.6159 41.1633
1298880765 -8.61596 41.1633
1298880766 -8.61602 41.1634
1298880767 -8.61606 41.1634
1298880768 -8.61611 41.1634
1298880769 -8.61616 41.1634
1298880770 -8.61622 41.1634
1298880771 -8.61631 41.1634
1298880772 -8.61642 41.1634
1298880773 -8.61653 41.1634
1298880774 -8.61665 41.1635
1298880775 -8.61679 41.1635
1298880776 -8.61694 41.1635
1298880777 -8.6171 41.1635
1298880778 -8.61726 41.1635
1298880779 -8.61741 41.1636
1298880780 -8.61756 41.1636
1298880781 -8.61771 41.1636
1298880782 -8.61784 41.1636
1298880783 -8.61798 41.1636
1298880784 -8.61811 41.1636
1298880785 -8.61825 41.1637
1298880786 -8.61839 41.1637
1298880787 -8.61853 41.1637
1298880788 -8.61867 41.1637
1298880789 -8.61881 41.1637
1298880790 -8.61894 41.1637
1298880791 -8.61906 41.1638
1298880792 -8.61917 41.1638
1298880793 -8.61927 41.1638
1298880794 -8.61937 41.1638
1298880795 -8.61948 41.1638
1298880796 -8.61959 41.1638
1298880797 -8.6197 41.1638
1298880798 -8.61981 41.1638
1298880799 -8.61993 41.1639
1298880800 -8.62005 41.1639
1298880801 -8.62017 41.1639
1298880802 -8.6203 41.1639
1298880803 -8.62042 41.1639
1298880804 -8.62054 41.1639
1298880805 -8.62067 41.164
1298880806 -8.62081 41.164
1298880807 -8.62096 41.164
1298880808 -8.62112 41.164
1298880809 -8.62128 41.164
1298880810 -8.62145 41.1641
1298880811 -8.62162 41.1641
1298880812 -8.62179 41.1641
1298880813 -8.62196 41.1641
1298880814 -8.62214 41.1641
1298880815 -8.6223 41.1642
1298880816 -8.62246 41.1642
1298880817 -8.62263 41.1642
1298880818 -8.6228 41.1642
1298880819 -8.62297 41.1643
1298880820 -8.62312 41.1643
1298880821 -8.62327 41.1643
1298880822 -8.62343 41.1643
1298880823 -8.62358 41.1644
1298880824 -8.62376 41.1644
1298880825 -8.62393 41.1644
1298880826 -8.62411 41.1644
1298880827 -8.62429 41.1645
1298880828 -8.62447 41.1645
1298880829 -8.62466 41.1645
1298880830 -8.62484 41.1645
1298880831 -8.62503 41.1645
1298880832 -8.62521 41.1646
1298880833 -8.62539 41.1646
1298880834 -8.62557 41.1646
1298880835 -8.62575 41.1646
1298880836 -8.62593 41.1647
1298880837 -8.62611 41.1647
1298880838 -8.62628 41.1647
1298880839 -8.62645 41.1647
1298880840 -8.62663 41.1647
1298880841 -8.62681 41.1647
1298880842 -8.62697 41.1648
1298880843 -8.62714 41.1648
1298880844 -8.6273 41.1648
1298880845 -8.62748 41.1648
1298880846 -8.62766 41.1648
1298880847 -8.62785 41.1649
1298880848 -8.62804 41.1649
1298880849 -8.62823 41.1649
1298880850 -8.62842 41.1649
1298880851 -8.62861 41.165
1298880852 -8.62881 41.165
1298880853 -8.629 41.165
1298880854 -8.6292 41.165
1298880855 -8.62939 41.165
1298880856 -8.62958 41.1651
1298880857 -8.62976 41.1651
1298880858 -8.62993 41.1651
1298880859 -8.6301 41.1651
1298880860 -8.63027 41.1652
1298880861 -8.63043 41.1652
1298880862 -8.63059 41.1651
1298880863 -8.63071 41.1651
1298880864 -8.63083 41.1651
1298880865 -8.63092 41.1651
1298880866 -8.63098 41.165
1298880867 -8.63102 41.165
1298880868 -8.63105 41.165
1298880869 -8.63107 41.165
1298880870 -8.63108 41.165
1298880871 -8.63109 41.165
1298880872 -8.63111 41.165
1298880873 -8.63112 41.165
1298880874 -8.63114 41.165
1298880875 -8.63114 41.165
1298880876 -8.63114 41.165
1298880877 -8.63114 41.165
1298880878 -8.63114 41.165
1298880879 -8.63114 41.165
1298880880 -8.63114 41.165
1298880881 -8.63114 41.165
1298880882 -8.63114 41.165
1298880883 -8.63114 41.165
1298880884 -8.63114 41.165
1298880885 -8.63114 41.1649
1298880886 -8.63115 41.1649
1298880887 -8.63118 41.1649
1298880888 -8.6312 41.1649
1298880889 -8.63122 41.1649
1298880890 -8.63123 41.1649
1298880891 -8.63123 41.1649
1298880892 -8.63123 41.1649
1298880893 -8.63123 41.1649
1298880894 -8.63123 41.1649
1298880895 -8.63123 41.1649
1298880896 -8.63123 41.1649
1298880897 -8.63123 41.1649
1298880898 -8.63123 41.1649
1298880899 -8.63122 41.1649
1298880900 -8.63122 41.1649
1298880901 -8.63122 41.1649
1298880902 -8.63122 41.1649
1298880903 -8.63122 41.1649
1298880904 -8.63122 41.1649
1298880905 -8.63122 41.1649
1298880906 -8.63122 41.1649
1298880907 -8.63122 41.1649
1298880908 -8.63122 41.1649
1298880909 -8.63123 41.1649
1298880910 -8.63124 41.1649
1298880911 -8.63125 41.1649
1298880912 -8.63127 41.1649
1298880913 -8.63129 41.1649
1298880914 -8.6313 41.1649
1298880915 -8.63132 41.1649
1298880916 -8.63132 41.1649
1298880917 -8.63132 41.1649
1298880918 -8.63133 41.1649
1298880919 -8.63132 41.1649
1298880920 -8.63133 41.1649
1298880921 -8.63135 41.1649
1298880922 -8.6314 41.1648
1298880923 -8.63144 41.1648
1298880924 -8.6315 41.1648
1298880925 -8.63155 41.1648
1298880926 -8.63161 41.1647
1298880927 -8.63168 41.1647
1298880928 -8.63176 41.1647
1298880929 -8.63184 41.1646
1298880930 -8.6319 41.1646
1298880931 -8.63196 41.1646
1298880932 -8.63201 41.1646
1298880933 -8.63203 41.1646
1298880934 -8.63204 41.1646
1298880935 -8.63204 41.1646
1298880936 -8.63204 41.1646
1298880937 -8.63204 41.1646
1298880938 -8.63204 41.1646
1298880939 -8.63204 41.1646
1298880940 -8.63204 41.1646
1298880941 -8.63204 41.1646
1298880942 -8.63204 41.1646
1298880943 -8.63203 41.1646
1298880944 -8.63203 41.1646
1298880945 -8.63203 41.1646
1298880946 -8.63203 41.1646
1298880947 -8.63203 41.1646
1298880948 -8.63203 41.1645
1298880949 -8.63203 41.1645
1298880950 -8.63203 41.1645
1298880951 -8.63203 41.1645
1298880952 -8.63203 41.1645
1298880953 -8.63203 41.1645
1298880954 -8.63203 41.1645
1298880955 -8.63203 41.1645
1298880956 -8.63203 41.1645
1298880957 -8.63203 41.1645
1298880958 -8.63203 41.1645
1298880959 -8.63203 41.1645
1298880960 -8.63203 41.1645
1298880961 -8.63203 41.1645
1298880962 -8.63203 41.1645
1298880963 -8.63203 41.1645
1298880964 -8.63203 41.1645
1298880965 -8.63203 41.1645
1298880966 -8.63203 41.1645
1298880967 -8.63203 41.1645
1298880968 -8.63203 41.1645
1298880969 -8.63203 41.1645
1298880970 -8.63203 41.1645
1298880971 -8.63203 41.1645
1298880972 -8.63203 41.1645
1298880973 -8.63203 41.1645
1298880974 -8.63203 41.1645
1298880975 -8.63203 41.1645
1298880976 -8.63203 41.1645
1298880977 -8.63203 41.1645
1298880978 -8.63203 41.1645
1298880979 -8.63203 41.1645
1298880980 -8.63203 41.1645
1298880981 -8.63203 41.1645
1298880982 -8.63203 41.1645
1298880983 -8.63203 41.1645
1298880984 -8.63203 41.1645
1298880985 -8.63203 41.1645
1298880986 -8.63203 41.1645
1298880987 -8.63203 41.1645
1298880988 -8.63204 41.1645
1298880989 -8.63204 41.1645
1298880990 -8.63205 41.1645
1298880991 -8.63208 41.1645
1298880992 -8.63212 41.1645
1298880993 -8.63216 41.1644
1298880994 -8.63222 41.1644
1298880995 -8.6323 41.1644
1298880996 -8.63239 41.1643
1298880997 -8.63248 41.1643
1298880998 -8.63258 41.1642
1298880999 -8.63268 41.1642
1298881000 -8.63279 41.1641
1298881001 -8.63291 41.1641
1298881002 -8.63303 41.164
1298881003 -8.63316 41.164
1298881004 -8.63328 41.1639
1298881005 -8.6334 41.1639
1298881006 -8.63352 41.1638
1298881007 -8.63363 41.1638
1298881008 -8.63373 41.1638
1298881009 -8.63382 41.1637
1298881010 -8.6339 41.1637
1298881011 -8.63398 41.1637
1298881012 -8.63406 41.1637
1298881013 -8.63413 41.1637
1298881014 -8.6342 41.1637
1298881015 -8.63427 41.1637
1298881016 -8.63432 41.1638
1298881017 -8.63436 41.1638
1298881018 -8.63439 41.1638
1298881019 -8.63442 41.1638
1298881020 -8.63446 41.1638
1298881021 -8.63448 41.1638
1298881022 -8.63453 41.1638
1298881023 -8.63457 41.1638
1298881024 -8.63463 41.1638
1298881025 -8.63468 41.1638
1298881026 -8.63475 41.1639
1298881027 -8.63483 41.1639
1298881028 -8.63491 41.1639
1298881029 -8.635 41.1639
1298881030 -8.63509 41.1639
1298881031 -8.63518 41.164
1298881032 -8.63528 41.164
1298881033 -8.63537 41.164
1298881034 -8.63545 41.1641
1298881035 -8.63554 41.1641
1298881036 -8.63563 41.1641
1298881037 -8.63572 41.1641
1298881038 -8.63579 41.1642
1298881039 -8.63588 41.1642
1298881040 -8.63597 41.1643
1298881041 -8.63604 41.1643
1298881042 -8.63614 41.1643
1298881043 -8.63624 41.1643
1298881044 -8.63634 41.1644
1298881045 -8.63645 41.1644
1298881046 -8.63655 41.1644
1298881047 -8.63667 41.1645
1298881048 -8.63681 41.1645
1298881049 -8.63696 41.1645
1298881050 -8.6371 41.1646
1298881051 -8.63725 41.1646
1298881052 -8.6374 41.1646
1298881053 -8.63755 41.1647
1298881054 -8.6377 41.1647
1298881055 -8.63784 41.1647
1298881056 -8.63798 41.1647
1298881057 -8.63812 41.1647
1298881058 -8.63825 41.1648
1298881059 -8.63836 41.1648
1298881060 -8.63845 41.1648
1298881061 -8.63854 41.1648
1298881062 -8.63862 41.1648
1298881063 -8.6387 41.1649
1298881064 -8.63875 41.1649
1298881065 -8.63878 41.1649
1298881066 -8.63879 41.1649
1298881067 -8.63879 41.1649
1298881068 -8.63881 41.1649
1298881069 -8.63883 41.1649
1298881070 -8.63887 41.165
1298881071 -8.63891 41.165
1298881072 -8.63896 41.1651
1298881073 -8.639 41.1651
1298881074 -8.63905 41.1652
1298881075 -8.63912 41.1653
1298881076 -8.63921 41.1653
1298881077 -8.63932 41.1654
1298881078 -8.63945 41.1654
1298881079 -8.63959 41.1655
1298881080 -8.63973 41.1655
1298881081 -8.63986 41.1655
1298881082 -8.63997 41.1656
1298881083 -8.64007 41.1657
1298881084 -8.64016 41.1657
1298881085 -8.64023 41.1658
1298881086 -8.64028 41.1659
1298881087 -8.64028 41.1659
1298881088 -8.64025 41.166
1298881089 -8.64021 41.166
1298881090 -8.64015 41.166
1298881091 -8.64008 41.1661
1298881092 -8.64 41.1661
1298881093 -8.63992 41.1661
1298881094 -8.63982 41.1661
1298881095 -8.63971 41.1661
1298881096 -8.63959 41.1661
1298881097 -8.63947 41.1661
1298881098 -8.63933 41.166
1298881099 -8.63919 41.166
1298881100 -8.63906 41.166
1298881101 -8.63892 41.166
1298881102 -8.63879 41.166
1298881103 -8.6387 41.1661
1298881104 -8.63861 41.1661
1298881105 -8.63853 41.1662
1298881106 -8.6385 41.1663
1298881107 -8.63848 41.1664
1298881108 -8.63846 41.1665
1298881109 -8.63844 41.1666
1298881110 -8.63843 41.1667
1298881111 -8.63842 41.1668
1298881112 -8.63842 41.1669
1298881113 -8.6384 41.1671
1298881114 -8.63838 41.1672
1298881115 -8.63835 41.1673
1298881116 -8.63832 41.1674
1298881117 -8.63827 41.1676
:break:
1298881119 -8.63808 41.1679
1298881120 -8.63796 41.1679
1298881121 -8.6378 41.168
1298881122 -8.63766 41.168
1298881123 -8.63755 41.1681
1298881124 -8.63747 41.1681
1298881125 -8.6374 41.1682
1298881126 -8.63736 41.1682
1298881127 -8.63735 41.1682
1298881128 -8.63735 41.1682
1298881129 -8.63736 41.1682
1298881130 -8.63737 41.1682
1298881131 -8.63737 41.1682
1298881132 -8.63737 41.1682
1298881133 -8.63738 41.1682
1298881134 -8.63738 41.1682
1298881135 -8.63738 41.1682
1298881136 -8.63738 41.1682
1298881137 -8.63738 41.1682
1298881138 -8.63739 41.1682
1298881139 -8.63739 41.1682
1298881140 -8.63739 41.1682
1298881141 -8.63739 41.1682
1298881142 -8.63739 41.1682
1298881143 -8.63739 41.1682
1298881144 -8.63739 41.1682
1298881145 -8.63739 41.1682
1298881146 -8.63739 41.1682
1298881147 -8.63738 41.1682
1298881148 -8.63738 41.1682
1298881149 -8.63738 41.1682
1298881150 -8.63738 41.1682
1298881151 -8.63738 41.1682
1298881152 -8.63738 41.1682
1298881153 -8.63738 41.1682
1298881154 -8.63738 41.1682
1298881155 -8.63738 41.1682
1298881156 -8.63738 41.1682
1298881157 -8.63738 41.1682
1298881158 -8.63736 41.1682
1298881159 -8.63734 41.1682
1298881160 -8.63732 41.1682
1298881161 -8.63728 41.1682
1298881162 -8.63725 41.1683
1298881163 -8.63723 41.1683
1298881164 -8.63721 41.1683
1298881165 -8.6372 41.1683
1298881166 -8.63719 41.1683
1298881167 -8.63719 41.1683
1298881168 -8.63719 41.1683
1298881169 -8.63719 41.1683
1298881170 -8.6372 41.1683
1298881171 -8.6372 41.1683
1298881172 -8.6372 41.1683
1298881173 -8.6372 41.1683
1298881174 -8.6372 41.1683
1298881175 -8.6372 41.1683
1298881176 -8.6372 41.1683
1298881177 -8.6372 41.1683
1298881178 -8.6372 41.1683
1298881179 -8.6372 41.1683
1298881180 -8.63718 41.1683
1298881181 -8.63714 41.1683
1298881182 -8.63709 41.1683
1298881183 -8.63704 41.1684
1298881184 -8.63699 41.1684
1298881185 -8.63693 41.1684
1298881186 -8.63689 41.1684
1298881187 -8.63685 41.1685
1298881188 -8.63682 41.1685
1298881189 -8.63681 41.1685
1298881190 -8.63681 41.1685
1298881191 -8.63681 41.1685
1298881192 -8.63681 41.1685
1298881193 -8.6368 41.1685
1298881194 -8.63678 41.1685
1298881195 -8.63674 41.1685
1298881196 -8.63671 41.1685
1298881197 -8.63667 41.1685
1298881198 -8.63663 41.1686
1298881199 -8.63659 41.1686
1298881200 -8.63656 41.1686
