:break:
1298880364 -8.56103 41.2148
1298880365 -8.56103 41.2148
1298880366 -8.56101 41.2148
1298880367 -8.56101 41.2148
1298880368 -8.56099 41.2148
1298880369 -8.56098 41.2148
1298880370 -8.56097 41.2148
1298880371 -8.56095 41.2148
1298880372 -8.56094 41.2149
1298880373 -8.56094 41.2148
1298880374 -8.56094 41.2149
1298880375 -8.56094 41.2149
1298880376 -8.56094 41.2149
1298880377 -8.56094 41.2149
1298880378 -8.56094 41.2149
1298880379 -8.56094 41.2149
1298880380 -8.56094 41.2149
1298880381 -8.56094 41.2149
1298880382 -8.56094 41.2149
1298880383 -8.56094 41.2149
1298880384 -8.56094 41.2149
1298880385 -8.56094 41.2149
1298880386 -8.56093 41.2149
1298880387 -8.56092 41.2149
1298880388 -8.56092 41.2149
1298880389 -8.56091 41.2149
1298880390 -8.56092 41.2149
1298880391 -8.56092 41.2149
1298880392 -8.56093 41.2149
1298880393 -8.56094 41.2149
1298880394 -8.56108 41.2148
1298880395 -8.56109 41.2148
1298880396 -8.56109 41.2148
1298880397 -8.5611 41.2148
1298880398 -8.5611 41.2148
1298880399 -8.5611 41.2148
1298880400 -8.5611 41.2148
1298880401 -8.56111 41.2148
1298880402 -8.56111 41.2148
1298880403 -8.56111 41.2148
1298880404 -8.56111 41.2148
1298880405 -8.56111 41.2148
1298880406 -8.56111 41.2148
1298880407 -8.56111 41.2148
1298880408 -8.56111 41.2148
1298880409 -8.56111 41.2148
1298880410 -8.56111 41.2148
1298880411 -8.56111 41.2148
1298880412 -8.56111 41.2148
1298880413 -8.56111 41.2148
1298880414 -8.56111 41.2148
1298880415 -8.56111 41.2148
1298880416 -8.56111 41.2148
1298880417 -8.56111 41.2148
1298880418 -8.56111 41.2148
1298880419 -8.56111 41.2148
1298880420 -8.56111 41.2148
1298880421 -8.56111 41.2148
1298880422 -8.56111 41.2148
1298880423 -8.5611 41.2148
1298880424 -8.5611 41.2148
1298880425 -8.5611 41.2148
1298880426 -8.5611 41.2149
1298880427 -8.5611 41.2149
1298880428 -8.5611 41.2149
1298880429 -8.5611 41.2149
1298880430 -8.5611 41.2149
1298880431 -8.5611 41.2149
1298880432 -8.5611 41.2149
1298880433 -8.5611 41.2149
1298880434 -8.5611 41.2149
1298880435 -8.5611 41.2149
1298880436 -8.5611 41.2149
1298880437 -8.5611 41.2149
1298880438 -8.5611 41.2149
1298880439 -8.5611 41.2149
1298880440 -8.5611 41.2149
1298880441 -8.5611 41.2149
1298880442 -8.5611 41.2149
1298880443 -8.5611 41.2149
1298880444 -8.5611 41.2149
1298880445 -8.5611 41.2149
1298880446 -8.5611 41.2149
1298880447 -8.5611 41.2149
1298880448 -8.5611 41.2149
1298880449 -8.5611 41.2149
1298880450 -8.5611 41.2149
1298880451 -8.5611 41.2149
1298880452 -8.5611 41.2149
1298880453 -8.5611 41.2149
1298880454 -8.5611 41.2149
1298880455 -8.5611 41.2149
1298880456 -8.5611 41.2149
1298880457 -8.5611 41.2149
1298880458 -8.5611 41.2149
1298880459 -8.56111 41.2149
1298880460 -8.56111 41.2149
1298880461 -8.5611 41.2149
1298880462 -8.5611 41.2149
1298880463 -8.5611 41.2149
1298880464 -8.56111 41.2149
1298880465 -8.56111 41.2149
1298880466 -8.56111 41.2149
1298880467 -8.56111 41.2149
1298880468 -8.56111 41.2149
1298880469 -8.56111 41.2149
1298880470 -8.56111 41.2149
1298880471 -8.56111 41.2148
1298880472 -8.56111 41.2148
1298880473 -8.56111 41.2148
1298880474 -8.56112 41.2148
1298880475 -8.56112 41.2148
1298880476 -8.56112 41.2148
1298880477 -8.56112 41.2148
1298880478 -8.56112 41.2148
1298880479 -8.56112 41.2148
1298880480 -8.56112 41.2148
1298880481 -8.56112 41.2148
1298880482 -8.56112 41.2148
1298880483 -8.56112 41.2148
1298880484 -8.56112 41.2148
1298880485 -8.56112 41.2148
1298880486 -8.56112 41.2148
1298880487 -8.56112 41.2148
1298880488 -8.56112 41.2148
1298880489 -8.56112 41.2148
1298880490 -8.56112 41.2148
1298880491 -8.56112 41.2148
1298880492 -8.56112 41.2148
1298880493 -8.56112 41.2148
1298880494 -8.56112 41.2148
1298880495 -8.56112 41.2148
1298880496 -8.56112 41.2148
1298880497 -8.56112 41.2148
1298880498 -8.56112 41.2148
1298880499 -8.56112 41.2148
1298880500 -8.56113 41.2148
1298880501 -8.56113 41.2148
1298880502 -8.56113 41.2148
1298880503 -8.56113 41.2148
1298880504 -8.56113 41.2148
1298880505 -8.56113 41.2148
1298880506 -8.56113 41.2148
1298880507 -8.56113 41.2148
1298880508 -8.56113 41.2148
1298880509 -8.56113 41.2148
1298880510 -8.56113 41.2148
1298880511 -8.56113 41.2148
1298880512 -8.56113 41.2148
1298880513 -8.56113 41.2148
1298880514 -8.56112 41.2148
1298880515 -8.56112 41.2148
1298880516 -8.56112 41.2148
1298880517 -8.56112 41.2148
1298880518 -8.56112 41.2148
1298880519 -8.56112 41.2148
1298880520 -8.56112 41.2148
1298880521 -8.56112 41.2148
1298880522 -8.56112 41.2148
1298880523 -8.56112 41.2148
1298880524 -8.56112 41.2148
1298880525 -8.56112 41.2148
1298880526 -8.56112 41.2148
1298880527 -8.56112 41.2148
1298880528 -8.56112 41.2148
1298880529 -8.56112 41.2148
1298880530 -8.56112 41.2148
1298880531 -8.56112 41.2148
1298880532 -8.56111 41.2148
1298880533 -8.56106 41.2148
1298880534 -8.56099 41.2148
1298880535 -8.56091 41.2148
1298880536 -8.56082 41.2148
1298880537 -8.56076 41.2147
1298880538 -8.56069 41.2146
1298880539 -8.56067 41.2146
1298880540 -8.56064 41.2145
1298880541 -8.56065 41.2145
1298880542 -8.56068 41.2145
1298880543 -8.56071 41.2145
1298880544 -8.56076 41.2144
1298880545 -8.56081 41.2144
1298880546 -8.56087 41.2144
1298880547 -8.56096 41.2143
1298880548 -8.56107 41.2143
1298880549 -8.56119 41.2142
1298880550 -8.56129 41.2142
1298880551 -8.56142 41.2141
1298880552 -8.56156 41.214
1298880553 -8.56164 41.214
1298880554 -8.56176 41.2139
1298880555 -8.56189 41.2139
1298880556 -8.56202 41.2138
1298880557 -8.56215 41.2138
1298880558 -8.56229 41.2137
1298880559 -8.56242 41.2137
1298880560 -8.56257 41.2136
1298880561 -8.56273 41.2135
1298880562 -8.56288 41.2135
1298880563 -8.56302 41.2134
1298880564 -8.56316 41.2134
1298880565 -8.56328 41.2133
1298880566 -8.56339 41.2133
1298880567 -8.5635 41.2132
1298880568 -8.56361 41.2132
1298880569 -8.56371 41.2131
1298880570 -8.5638 41.2131
1298880571 -8.56389 41.213
1298880572 -8.56397 41.2129
1298880573 -8.56402 41.2129
1298880574 -8.56408 41.2128
1298880575 -8.56414 41.2127
1298880576 -8.56421 41.2126
1298880577 -8.56428 41.2126
1298880578 -8.56436 41.2125
1298880579 -8.56444 41.2124
1298880580 -8.56453 41.2123
1298880581 -8.56462 41.2122
1298880582 -8.5647 41.212
1298880583 -8.56479 41.2119
1298880584 -8.56487 41.2118
1298880585 -8.56495 41.2117
1298880586 -8.56504 41.2116
1298880587 -8.56512 41.2115
1298880588 -8.5652 41.2114
1298880589 -8.56528 41.2113
1298880590 -8.56536 41.2112
1298880591 -8.56545 41.2111
1298880592 -8.56555 41.211
1298880593 -8.56564 41.2109
1298880594 -8.56573 41.2108
1298880595 -8.56583 41.2107
1298880596 -8.56592 41.2105
1298880597 -8.56601 41.2104
1298880598 -8.5661 41.2103
1298880599 -8.56618 41.2102
1298880600 -8.56628 41.2101
1298880601 -8.56637 41.21
1298880602 -8.56647 41.2098
1298880603 -8.56657 41.2097
1298880604 -8.56665 41.2096
1298880605 -8.56674 41.2095
1298880606 -8.56683 41.2094
1298880607 -8.56691 41.2093
1298880608 -8.56698 41.2092
1298880609 -8.56706 41.2091
1298880610 -8.56707 41.209
1298880611 -8.5671 41.2088
1298880612 -8.56712 41.2087
1298880613 -8.56712 41.2086
1298880614 -8.56713 41.2085
1298880615 -8.56713 41.2084
1298880616 -8.56713 41.2083
1298880617 -8.56713 41.2081
1298880618 -8.56713 41.208
1298880619 -8.56713 41.2079
1298880620 -8.56714 41.2078
1298880621 -8.56714 41.2077
1298880622 -8.56714 41.2076
1298880623 -8.56714 41.2076
1298880624 -8.56713 41.2075
1298880625 -8.56713 41.2075
1298880626 -8.56714 41.2074
1298880627 -8.56715 41.2074
1298880628 -8.56715 41.2074
1298880629 -8.56715 41.2074
1298880630 -8.56715 41.2073
1298880631 -8.56715 41.2073
1298880632 -8.56715 41.2073
1298880633 -8.56715 41.2073
1298880634 -8.56715 41.2073
1298880635 -8.56716 41.2073
1298880636 -8.56716 41.2073
1298880637 -8.56716 41.2073
1298880638 -8.56716 41.2073
1298880639 -8.56716 41.2073
1298880640 -8.56716 41.2073
1298880641 -8.56717 41.2073
1298880642 -8.56717 41.2073
1298880643 -8.56717 41.2073
1298880644 -8.56717 41.2073
1298880645 -8.56718 41.2073
1298880646 -8.56717 41.2073
1298880647 -8.56718 41.2073
1298880648 -8.56717 41.2072
1298880649 -8.56719 41.2072
1298880650 -8.5672 41.2071
1298880651 -8.5672 41.2071
1298880652 -8.56721 41.207
1298880653 -8.56722 41.2069
1298880654 -8.56723 41.2069
1298880655 -8.56724 41.2068
1298880656 -8.56726 41.2068
1298880657 -8.56727 41.2067
1298880658 -8.56732 41.2066
1298880659 -8.56735 41.2065
1298880660 -8.56739 41.2064
1298880661 -8.56742 41.2064
1298880662 -8.56746 41.2063
1298880663 -8.56751 41.2062
1298880664 -8.56757 41.2061
1298880665 -8.56764 41.206
1298880666 -8.56771 41.2059
1298880667 -8.56778 41.2058
1298880668 -8.56786 41.2057
1298880669 -8.56794 41.2057
1298880670 -8.56802 41.2056
1298880671 -8.5681 41.2055
1298880672 -8.56813 41.2055
1298880673 -8.56815 41.2055
1298880674 -8.56818 41.2054
1298880675 -8.56822 41.2054
1298880676 -8.56824 41.2054
1298880677 -8.56827 41.2053
1298880678 -8.56831 41.2053
1298880679 -8.56834 41.2053
1298880680 -8.56839 41.2053
1298880681 -8.56843 41.2052
1298880682 -8.56849 41.2052
1298880683 -8.56855 41.2052
1298880684 -8.5686 41.2051
1298880685 -8.56866 41.2051
1298880686 -8.56871 41.205
1298880687 -8.56877 41.205
1298880688 -8.56884 41.205
1298880689 -8.5689 41.2049
1298880690 -8.56897 41.2049
1298880691 -8.56903 41.2048
1298880692 -8.56912 41.2048
1298880693 -8.56921 41.2047
1298880694 -8.56928 41.2047
1298880695 -8.56935 41.2046
1298880696 -8.56942 41.2046
1298880697 -8.5695 41.2045
1298880698 -8.56958 41.2045
1298880699 -8.56964 41.2044
1298880700 -8.5697 41.2044
1298880701 -8.56976 41.2044
1298880702 -8.56982 41.2043
1298880703 -8.56986 41.2043
1298880704 -8.56991 41.2043
1298880705 -8.56994 41.2043
1298880706 -8.56999 41.2042
1298880707 -8.57002 41.2042
1298880708 -8.57005 41.2042
1298880709 -8.57008 41.2042
1298880710 -8.57009 41.2042
1298880711 -8.5701 41.2042
1298880712 -8.5701 41.2042
1298880713 -8.5701 41.2042
1298880714 -8.5701 41.2042
1298880715 -8.5701 41.2042
1298880716 -8.5701 41.2042
1298880717 -8.5701 41.2042
1298880718 -8.5701 41.2042
1298880719 -8.5701 41.2042
1298880720 -8.5701 41.2042
1298880721 -8.5701 41.2042
1298880722 -8.5701 41.2042
1298880723 -8.5701 41.2042
1298880724 -8.5701 41.2042
1298880725 -8.5701 41.2042
1298880726 -8.5701 41.2042
1298880727 -8.5701 41.2042
1298880728 -8.5701 41.2042
1298880729 -8.5701 41.2042
1298880730 -8.5701 41.2042
1298880731 -8.5701 41.2042
1298880732 -8.5701 41.2042
1298880733 -8.5701 41.2042
1298880734 -8.5701 41.2042
1298880735 -8.5701 41.2042
1298880736 -8.5701 41.2042
1298880737 -8.5701 41.2042
1298880738 -8.5701 41.2042
1298880739 -8.5701 41.2042
1298880740 -8.5701 41.2042
1298880741 -8.57011 41.2042
1298880742 -8.57011 41.2042
1298880743 -8.57011 41.2042
1298880744 -8.57011 41.2042
1298880745 -8.57011 41.2042
1298880746 -8.57011 41.2042
1298880747 -8.57011 41.2042
1298880748 -8.57011 41.2042
1298880749 -8.57011 41.2042
1298880750 -8.57011 41.2042
1298880751 -8.57011 41.2042
1298880752 -8.57011 41.2042
1298880753 -8.57011 41.2042
1298880754 -8.57011 41.2042
1298880755 -8.57011 41.2042
1298880756 -8.57011 41.2042
1298880757 -8.57011 41.2042
1298880758 -8.57011 41.2042
1298880759 -8.57011 41.2042
1298880760 -8.57011 41.2042
1298880761 -8.57011 41.2042
1298880762 -8.57011 41.2042
1298880763 -8.57011 41.2042
1298880764 -8.57011 41.2042
1298880765 -8.57011 41.2042
1298880766 -8.57011 41.2042
1298880767 -8.57011 41.2042
1298880768 -8.57011 41.2042
1298880769 -8.57011 41.2042
1298880770 -8.57011 41.2042
1298880771 -8.57011 41.2042
1298880772 -8.57011 41.2042
1298880773 -8.57012 41.2042
1298880774 -8.57015 41.2041
1298880775 -8.57018 41.2041
1298880776 -8.57022 41.2041
1298880777 -8.57027 41.2041
1298880778 -8.57032 41.204
1298880779 -8.57038 41.204
1298880780 -8.57046 41.204
1298880781 -8.57053 41.2039
1298880782 -8.57061 41.2039
1298880783 -8.57068 41.2038
1298880784 -8.57075 41.2038
1298880785 -8.57084 41.2037
1298880786 -8.57091 41.2037
1298880787 -8.571 41.2036
1298880788 -8.57109 41.2035
1298880789 -8.57118 41.2035
1298880790 -8.57128 41.2034
1298880791 -8.57137 41.2034
1298880792 -8.57146 41.2033
1298880793 -8.57156 41.2032
1298880794 -8.57165 41.2032
1298880795 -8.57175 41.2031
1298880796 -8.57184 41.203
1298880797 -8.57193 41.2029
1298880798 -8.57201 41.2029
1298880799 -8.5721 41.2028
1298880800 -8.57219 41.2027
1298880801 -8.57227 41.2026
1298880802 -8.57235 41.2026
1298880803 -8.57242 41.2025
1298880804 -8.5725 41.2024
1298880805 -8.57258 41.2023
1298880806 -8.57266 41.2023
1298880807 -8.57274 41.2022
1298880808 -8.57282 41.2021
1298880809 -8.57291 41.202
1298880810 -8.57301 41.202
1298880811 -8.57311 41.2019
1298880812 -8.57322 41.2018
1298880813 -8.57332 41.2017
1298880814 -8.57343 41.2016
1298880815 -8.57353 41.2016
1298880816 -8.57364 41.2015
1298880817 -8.57375 41.2014
1298880818 -8.57386 41.2013
1298880819 -8.57394 41.2012
1298880820 -8.57401 41.2012
1298880821 -8.57404 41.2011
1298880822 -8.57404 41.2011
1298880823 -8.57404 41.2011
1298880824 -8.57404 41.2011
1298880825 -8.57406 41.2011
1298880826 -8.57408 41.2011
1298880827 -8.57412 41.201
1298880828 -8.57416 41.201
1298880829 -8.57421 41.2009
1298880830 -8.57426 41.2009
1298880831 -8.57431 41.2008
1298880832 -8.57437 41.2007
1298880833 -8.57443 41.2007
1298880834 -8.57449 41.2006
1298880835 -8.57454 41.2005
1298880836 -8.5746 41.2005
1298880837 -8.57464 41.2004
1298880838 -8.57469 41.2004
1298880839 -8.57473 41.2003
1298880840 -8.57479 41.2002
1298880841 -8.57485 41.2002
1298880842 -8.5749 41.2001
1298880843 -8.57496 41.2
1298880844 -8.575 41.2
1298880845 -8.57506 41.1999
1298880846 -8.5751 41.1998
1298880847 -8.57516 41.1998
1298880848 -8.5752 41.1997
1298880849 -8.57525 41.1996
1298880850 -8.5753 41.1996
1298880851 -8.57534 41.1995
1298880852 -8.57538 41.1995
1298880853 -8.57542 41.1994
1298880854 -8.57544 41.1994
1298880855 -8.57548 41.1993
1298880856 -8.57551 41.1992
1298880857 -8.57555 41.1992
1298880858 -8.57558 41.1991
1298880859 -8.5756 41.1991
1298880860 -8.57562 41.199
1298880861 -8.57564 41.1989
1298880862 -8.57567 41.1989
1298880863 -8.57568 41.1988
1298880864 -8.57569 41.1988
1298880865 -8.5757 41.1988
1298880866 -8.57571 41.1987
1298880867 -8.57572 41.1987
1298880868 -8.57573 41.1987
1298880869 -8.57574 41.1987
1298880870 -8.57575 41.1986
1298880871 -8.57577 41.1986
1298880872 -8.57578 41.1985
1298880873 -8.57579 41.1985
1298880874 -8.5758 41.1984
1298880875 -8.57581 41.1984
1298880876 -8.57582 41.1984
1298880877 -8.57583 41.1983
1298880878 -8.57584 41.1983
1298880879 -8.57586 41.1982
1298880880 -8.57589 41.1981
1298880881 -8.57591 41.198
1298880882 -8.57593 41.1979
1298880883 -8.57594 41.1979
1298880884 -8.57596 41.1978
1298880885 -8.57597 41.1977
1298880886 -8.57599 41.1976
1298880887 -8.576 41.1976
1298880888 -8.57602 41.1975
1298880889 -8.57604 41.1974
1298880890 -8.57606 41.1973
1298880891 -8.57608 41.1973
1298880892 -8.5761 41.1972
1298880893 -8.57612 41.1971
1298880894 -8.57615 41.1971
1298880895 -8.57617 41.197
1298880896 -8.5762 41.1969
1298880897 -8.57624 41.1968
1298880898 -8.57627 41.1968
1298880899 -8.5763 41.1967
1298880900 -8.57633 41.1966
1298880901 -8.57636 41.1965
1298880902 -8.5764 41.1965
1298880903 -8.57643 41.1964
1298880904 -8.57646 41.1963
1298880905 -8.57649 41.1963
1298880906 -8.57651 41.1962
1298880907 -8.57654 41.1962
1298880908 -8.57657 41.1961
1298880909 -8.57659 41.1961
1298880910 -8.57661 41.1961
1298880911 -8.57663 41.196
1298880912 -8.57665 41.196
1298880913 -8.57668 41.196
1298880914 -8.57669 41.196
1298880915 -8.57671 41.1959
1298880916 -8.57673 41.1959
1298880917 -8.57675 41.1959
1298880918 -8.57677 41.1959
1298880919 -8.57679 41.1959
1298880920 -8.57682 41.1958
1298880921 -8.57685 41.1958
1298880922 -8.57687 41.1958
1298880923 -8.57689 41.1957
1298880924 -8.57692 41.1957
1298880925 -8.57694 41.1957
1298880926 -8.57695 41.1956
1298880927 -8.57697 41.1956
1298880928 -8.577 41.1956
1298880929 -8.57702 41.1955
1298880930 -8.57705 41.1955
1298880931 -8.57707 41.1955
1298880932 -8.5771 41.1954
1298880933 -8.57714 41.1954
1298880934 -8.57717 41.1954
1298880935 -8.5772 41.1953
1298880936 -8.57723 41.1953
1298880937 -8.57726 41.1952
1298880938 -8.57729 41.1952
1298880939 -8.57732 41.1952
1298880940 -8.57733 41.1951
1298880941 -8.57736 41.1951
1298880942 -8.57737 41.1951
1298880943 -8.57737 41.1951
1298880944 -8.57737 41.1951
1298880945 -8.57736 41.1951
1298880946 -8.57736 41.1951
1298880947 -8.57735 41.1951
1298880948 -8.57734 41.1951
1298880949 -8.57734 41.1951
1298880950 -8.57734 41.1951
1298880951 -8.57734 41.195
1298880952 -8.57734 41.195
1298880953 -8.57733 41.195
1298880954 -8.57734 41.195
1298880955 -8.57738 41.195
1298880956 -8.5774 41.195
1298880957 -8.57743 41.1949
1298880958 -8.57745 41.1949
1298880959 -8.57748 41.1949
1298880960 -8.57753 41.1948
1298880961 -8.57759 41.1947
1298880962 -8.57766 41.1947
1298880963 -8.57771 41.1946
1298880964 -8.57776 41.1946
1298880965 -8.57782 41.1945
1298880966 -8.57788 41.1944
1298880967 -8.57794 41.1944
1298880968 -8.57802 41.1943
1298880969 -8.57809 41.1942
1298880970 -8.57816 41.1941
1298880971 -8.57823 41.1941
1298880972 -8.57831 41.194
1298880973 -8.57839 41.1939
1298880974 -8.57846 41.1939
1298880975 -8.57854 41.1938
1298880976 -8.57861 41.1937
1298880977 -8.57869 41.1937
1298880978 -8.57877 41.1936
1298880979 -8.57887 41.1935
1298880980 -8.57896 41.1935
1298880981 -8.57905 41.1934
1298880982 -8.57914 41.1933
1298880983 -8.57922 41.1933
1298880984 -8.5793 41.1932
1298880985 -8.57937 41.1931
1298880986 -8.57942 41.193
1298880987 -8.57947 41.193
1298880988 -8.57951 41.1929
1298880989 -8.57956 41.1928
1298880990 -8.57959 41.1927
1298880991 -8.57964 41.1926
1298880992 -8.57967 41.1926
1298880993 -8.57972 41.1925
1298880994 -8.57976 41.1924
1298880995 -8.5798 41.1923
1298880996 -8.57984 41.1922
1298880997 -8.57987 41.1922
1298880998 -8.5799 41.1921
1298880999 -8.57992 41.1921
1298881000 -8.57995 41.192
1298881001 -8.57998 41.192
1298881002 -8.58 41.1919
1298881003 -8.58001 41.1919
1298881004 -8.58001 41.1919
1298881005 -8.58002 41.1919
1298881006 -8.58004 41.1918
1298881007 -8.58006 41.1918
1298881008 -8.58008 41.1917
1298881009 -8.5801 41.1917
1298881010 -8.58012 41.1916
1298881011 -8.58014 41.1916
1298881012 -8.58017 41.1915
1298881013 -8.58018 41.1914
1298881014 -8.5802 41.1914
1298881015 -8.58021 41.1913
1298881016 -8.58022 41.1912
1298881017 -8.58023 41.1912
1298881018 -8.58028 41.1911
1298881019 -8.58031 41.191
1298881020 -8.58032 41.191
1298881021 -8.58033 41.1909
1298881022 -8.58031 41.1908
1298881023 -8.58032 41.1908
1298881024 -8.58034 41.1907
1298881025 -8.58039 41.1906
1298881026 -8.58041 41.1906
1298881027 -8.58042 41.1905
1298881028 -8.58044 41.1904
1298881029 -8.58046 41.1904
1298881030 -8.58047 41.1903
1298881031 -8.58049 41.1902
1298881032 -8.58053 41.1901
1298881033 -8.58054 41.19
1298881034 -8.58055 41.19
1298881035 -8.58056 41.1899
1298881036 -8.58057 41.1898
1298881037 -8.58059 41.1897
1298881038 -8.58061 41.1896
1298881039 -8.58063 41.1895
1298881040 -8.58065 41.1894
1298881041 -8.58067 41.1893
1298881042 -8.58068 41.1892
1298881043 -8.58068 41.1891
1298881044 -8.58069 41.189
1298881045 -8.58071 41.1889
1298881046 -8.58071 41.1888
1298881047 -8.58071 41.1887
1298881048 -8.5807 41.1886
1298881049 -8.58068 41.1885
1298881050 -8.58066 41.1884
1298881051 -8.58063 41.1883
1298881052 -8.5806 41.1882
1298881053 -8.58058 41.1881
1298881054 -8.58056 41.188
1298881055 -8.58054 41.1879
1298881056 -8.58053 41.1878
1298881057 -8.58053 41.1877
1298881058 -8.58054 41.1876
1298881059 -8.58055 41.1875
1298881060 -8.58056 41.1874
1298881061 -8.58057 41.1873
1298881062 -8.58059 41.1873
1298881063 -8.58061 41.1872
1298881064 -8.58063 41.1871
1298881065 -8.58065 41.1871
1298881066 -8.58066 41.187
1298881067 -8.58068 41.1869
1298881068 -8.5807 41.1869
1298881069 -8.58072 41.1868
1298881070 -8.58074 41.1868
1298881071 -8.58075 41.1867
1298881072 -8.58077 41.1867
1298881073 -8.58078 41.1867
1298881074 -8.58079 41.1866
1298881075 -8.58081 41.1866
1298881076 -8.58082 41.1866
1298881077 -8.58083 41.1866
1298881078 -8.58083 41.1865
1298881079 -8.58084 41.1865
1298881080 -8.58085 41.1865
1298881081 -8.58086 41.1865
1298881082 -8.58088 41.1864
1298881083 -8.58089 41.1864
1298881084 -8.58091 41.1864
1298881085 -8.58092 41.1863
1298881086 -8.58095 41.1863
1298881087 -8.58098 41.1863
1298881088 -8.581 41.1862
1298881089 -8.58101 41.1862
1298881090 -8.58103 41.1862
1298881091 -8.58105 41.1862
1298881092 -8.58106 41.1862
1298881093 -8.58108 41.1861
1298881094 -8.58108 41.1861
1298881095 -8.58109 41.1861
1298881096 -8.58109 41.1861
1298881097 -8.58109 41.1861
1298881098 -8.5811 41.1861
1298881099 -8.58112 41.1861
1298881100 -8.58114 41.186
1298881101 -8.58117 41.186
1298881102 -8.58118 41.186
1298881103 -8.58124 41.1859
1298881104 -8.58131 41.1859
1298881105 -8.58137 41.1858
1298881106 -8.58146 41.1857
1298881107 -8.58155 41.1856
1298881108 -8.58161 41.1856
1298881109 -8.58165 41.1855
1298881110 -8.58171 41.1854
1298881111 -8.58173 41.1853
1298881112 -8.58177 41.1853
1298881113 -8.58181 41.1852
1298881114 -8.58185 41.1851
1298881115 -8.58191 41.185
1298881116 -8.58194 41.1849
1298881117 -8.58197 41.1848
1298881118 -8.58198 41.1848
1298881119 -8.582 41.1847
1298881120 -8.58205 41.1846
1298881121 -8.5821 41.1845
1298881122 -8.58215 41.1844
1298881123 -8.5822 41.1844
1298881124 -8.58225 41.1843
1298881125 -8.58228 41.1843
1298881126 -8.58231 41.1842
1298881127 -8.58232 41.1842
1298881128 -8.58232 41.1841
1298881129 -8.58234 41.1841
1298881130 -8.58235 41.184
1298881131 -8.58236 41.184
1298881132 -8.5824 41.1839
1298881133 -8.58241 41.1839
1298881134 -8.58244 41.1839
1298881135 -8.58246 41.1838
1298881136 -8.58248 41.1838
1298881137 -8.58252 41.1837
1298881138 -8.58257 41.1836
1298881139 -8.58259 41.1836
1298881140 -8.5826 41.1835
1298881141 -8.58258 41.1835
1298881142 -8.58257 41.1835
1298881143 -8.58251 41.1836
1298881144 -8.58242 41.1836
1298881145 -8.58238 41.1836
1298881146 -8.58237 41.1836
1298881147 -8.58239 41.1836
1298881148 -8.5824 41.1835
1298881149 -8.58241 41.1835
1298881150 -8.58243 41.1834
1298881151 -8.58245 41.1834
1298881152 -8.58248 41.1833
1298881153 -8.5825 41.1833
1298881154 -8.58251 41.1833
1298881155 -8.58251 41.1833
1298881156 -8.58251 41.1833
1298881157 -8.58251 41.1833
1298881158 -8.58251 41.1833
1298881159 -8.58251 41.1832
1298881160 -8.58252 41.1832
1298881161 -8.58252 41.1832
1298881162 -8.58252 41.1832
1298881163 -8.58251 41.1832
1298881164 -8.5825 41.1832
1298881165 -8.5825 41.1832
1298881166 -8.58249 41.1832
1298881167 -8.58249 41.1832
1298881168 -8.58249 41.1832
1298881169 -8.58249 41.1832
1298881170 -8.58248 41.1832
1298881171 -8.58248 41.1832
1298881172 -8.58248 41.1832
1298881173 -8.58248 41.1832
1298881174 -8.58247 41.1832
1298881175 -8.58247 41.1832
1298881176 -8.58247 41.1832
1298881177 -8.58247 41.1832
1298881178 -8.58247 41.1832
1298881179 -8.58247 41.1832
1298881180 -8.58248 41.1832
1298881181 -8.58248 41.1832
1298881182 -8.58248 41.1832
1298881183 -8.58249 41.1832
1298881184 -8.58249 41.1832
1298881185 -8.58253 41.1832
1298881186 -8.58255 41.1831
1298881187 -8.58261 41.183
1298881188 -8.58262 41.183
1298881189 -8.58263 41.183
1298881190 -8.58264 41.1829
1298881191 -8.58265 41.1829
1298881192 -8.58266 41.1829
1298881193 -8.58267 41.1829
1298881194 -8.58267 41.1829
1298881195 -8.58267 41.1829
1298881196 -8.58267 41.1829
1298881197 -8.58267 41.1829
1298881198 -8.58268 41.1829
1298881199 -8.58269 41.1829
1298881200 -8.58269 41.1829
