:break:
1298880273 -8.61407 41.1861
1298880274 -8.61408 41.1861
1298880275 -8.61408 41.1861
1298880276 -8.61408 41.1861
1298880277 -8.6141 41.186
1298880278 -8.61411 41.186
1298880279 -8.61411 41.186
1298880280 -8.61412 41.186
1298880281 -8.61412 41.186
1298880282 -8.61412 41.186
1298880283 -8.61412 41.186
1298880284 -8.61413 41.186
1298880285 -8.61414 41.1859
1298880286 -8.61415 41.1859
1298880287 -8.61415 41.1859
1298880288 -8.61416 41.1859
1298880289 -8.61417 41.1859
1298880290 -8.61418 41.1859
1298880291 -8.61419 41.1859
1298880292 -8.61419 41.1859
1298880293 -8.6142 41.1859
1298880294 -8.6142 41.1859
1298880295 -8.61421 41.1858
1298880296 -8.61422 41.1858
1298880297 -8.61423 41.1858
1298880298 -8.61423 41.1858
1298880299 -8.61423 41.1858
1298880300 -8.61422 41.1858
1298880301 -8.61423 41.1858
1298880302 -8.61423 41.1858
1298880303 -8.61424 41.1858
1298880304 -8.61414 41.186
1298880305 -8.61412 41.1861
1298880306 -8.61412 41.1861
1298880307 -8.61412 41.1861
1298880308 -8.61412 41.1861
1298880309 -8.61412 41.1861
1298880310 -8.61412 41.1861
1298880311 -8.61412 41.1861
1298880312 -8.61412 41.1861
1298880313 -8.61411 41.1861
1298880314 -8.61411 41.1861
1298880315 -8.61411 41.1861
1298880316 -8.6141 41.1861
1298880317 -8.61411 41.1861
1298880318 -8.61411 41.1861
1298880319 -8.6141 41.1861
1298880320 -8.6141 41.1861
1298880321 -8.61409 41.1861
1298880322 -8.61409 41.1861
1298880323 -8.61409 41.1861
1298880324 -8.61409 41.1861
1298880325 -8.61409 41.1861
1298880326 -8.61409 41.1861
1298880327 -8.61409 41.1861
1298880328 -8.61408 41.1861
1298880329 -8.61408 41.1861
1298880330 -8.61407 41.1861
1298880331 -8.61407 41.1861
1298880332 -8.61406 41.1861
1298880333 -8.61406 41.1861
1298880334 -8.61406 41.1861
1298880335 -8.61406 41.1861
1298880336 -8.61406 41.1861
1298880337 -8.61406 41.1861
1298880338 -8.61406 41.1861
1298880339 -8.61405 41.1861
1298880340 -8.61405 41.1861
1298880341 -8.61405 41.1861
1298880342 -8.61405 41.1861
1298880343 -8.61405 41.1861
1298880344 -8.61405 41.1861
1298880345 -8.61405 41.1861
1298880346 -8.61405 41.1861
1298880347 -8.61406 41.1861
1298880348 -8.61406 41.1861
1298880349 -8.61406 41.1861
1298880350 -8.61406 41.1861
1298880351 -8.61406 41.1861
1298880352 -8.61406 41.1861
1298880353 -8.61407 41.1861
1298880354 -8.61407 41.1861
1298880355 -8.61407 41.1861
1298880356 -8.61407 41.1861
1298880357 -8.61407 41.1861
1298880358 -8.61408 41.1861
1298880359 -8.61408 41.1861
1298880360 -8.61408 41.1861
1298880361 -8.61408 41.1861
1298880362 -8.61408 41.1861
1298880363 -8.61408 41.1861
1298880364 -8.61409 41.1861
1298880365 -8.61409 41.1861
1298880366 -8.61409 41.1861
1298880367 -8.61409 41.1861
1298880368 -8.61408 41.1861
1298880369 -8.61408 41.1861
1298880370 -8.61408 41.1861
1298880371 -8.61408 41.1861
1298880372 -8.61409 41.1861
1298880373 -8.61408 41.1861
1298880374 -8.61408 41.1861
1298880375 -8.61408 41.1861
1298880376 -8.61408 41.1861
1298880377 -8.61408 41.1861
1298880378 -8.61407 41.1861
1298880379 -8.61408 41.1861
1298880380 -8.61407 41.1861
1298880381 -8.61408 41.1861
1298880382 -8.61408 41.1861
1298880383 -8.61408 41.1861
1298880384 -8.61408 41.1861
1298880385 -8.61409 41.1861
1298880386 -8.61409 41.1861
1298880387 -8.61409 41.1861
1298880388 -8.61408 41.1861
1298880389 -8.61409 41.1861
1298880390 -8.61409 41.1861
1298880391 -8.61409 41.1861
1298880392 -8.61408 41.1861
1298880393 -8.61408 41.1861
1298880394 -8.61408 41.1861
1298880395 -8.61408 41.1861
1298880396 -8.61408 41.1861
1298880397 -8.61409 41.1861
1298880398 -8.61409 41.1861
1298880399 -8.61409 41.1861
1298880400 -8.61409 41.1861
1298880401 -8.61409 41.1861
1298880402 -8.61409 41.1861
1298880403 -8.61409 41.1861
1298880404 -8.61409 41.1861
1298880405 -8.61409 41.1861
1298880406 -8.61409 41.1861
1298880407 -8.61409 41.1861
1298880408 -8.61409 41.1861
1298880409 -8.61409 41.1861
1298880410 -8.6141 41.1861
1298880411 -8.6141 41.1861
1298880412 -8.6141 41.1861
1298880413 -8.6141 41.1861
1298880414 -8.6141 41.1861
1298880415 -8.6141 41.1861
1298880416 -8.6141 41.1861
1298880417 -8.6141 41.1861
1298880418 -8.6141 41.1861
1298880419 -8.6141 41.1861
1298880420 -8.6141 41.1861
1298880421 -8.6141 41.1861
1298880422 -8.6141 41.1861
1298880423 -8.61409 41.1861
1298880424 -8.6141 41.1861
1298880425 -8.6141 41.1861
1298880426 -8.6141 41.1861
1298880427 -8.6141 41.1861
1298880428 -8.6141 41.1861
1298880429 -8.6141 41.1861
1298880430 -8.6141 41.1861
1298880431 -8.6141 41.1861
1298880432 -8.61409 41.1861
1298880433 -8.61409 41.1861
1298880434 -8.61409 41.1861
1298880435 -8.61409 41.1861
1298880436 -8.61409 41.1861
1298880437 -8.61409 41.1861
1298880438 -8.61409 41.1861
1298880439 -8.61409 41.1861
1298880440 -8.61409 41.1861
1298880441 -8.61409 41.1861
1298880442 -8.61409 41.1861
1298880443 -8.6141 41.1861
1298880444 -8.61409 41.1861
1298880445 -8.61409 41.1861
1298880446 -8.61409 41.1861
1298880447 -8.61409 41.1861
1298880448 -8.61408 41.1861
1298880449 -8.61408 41.1861
1298880450 -8.61408 41.1861
1298880451 -8.61408 41.1861
1298880452 -8.61408 41.1861
1298880453 -8.61408 41.1861
1298880454 -8.61408 41.1861
1298880455 -8.61407 41.1861
1298880456 -8.61406 41.1861
1298880457 -8.61404 41.1862
1298880458 -8.61403 41.1862
1298880459 -8.61402 41.1862
1298880460 -8.614 41.1862
1298880461 -8.61398 41.1862
1298880462 -8.61396 41.1862
1298880463 -8.61394 41.1862
1298880464 -8.61391 41.1862
1298880465 -8.61387 41.1862
1298880466 -8.61384 41.1862
1298880467 -8.61381 41.1862
1298880468 -8.61377 41.1862
1298880469 -8.61374 41.1863
1298880470 -8.6137 41.1863
1298880471 -8.61366 41.1863
1298880472 -8.61362 41.1863
1298880473 -8.61359 41.1863
1298880474 -8.61358 41.1863
1298880475 -8.61356 41.1863
1298880476 -8.61354 41.1863
1298880477 -8.61351 41.1863
1298880478 -8.61348 41.1862
1298880479 -8.61343 41.1862
1298880480 -8.61339 41.1862
1298880481 -8.61333 41.1861
1298880482 -8.61329 41.1861
1298880483 -8.61324 41.1861
1298880484 -8.61321 41.1861
1298880485 -8.61316 41.186
1298880486 -8.61314 41.186
1298880487 -8.61312 41.186
1298880488 -8.6131 41.186
1298880489 -8.61309 41.186
1298880490 -8.61306 41.1859
1298880491 -8.61305 41.1859
1298880492 -8.61305 41.1859
1298880493 -8.61306 41.1858
1298880494 -8.61306 41.1858
1298880495 -8.61306 41.1858
1298880496 -8.61306 41.1858
1298880497 -8.61305 41.1857
1298880498 -8.61308 41.1857
1298880499 -8.61309 41.1856
1298880500 -8.61308 41.1856
1298880501 -8.61309 41.1856
1298880502 -8.6131 41.1855
1298880503 -8.61312 41.1854
1298880504 -8.61311 41.1854
1298880505 -8.61311 41.1853
1298880506 -8.61313 41.1852
1298880507 -8.61315 41.1852
1298880508 -8.61317 41.1851
1298880509 -8.61319 41.185
1298880510 -8.61321 41.185
1298880511 -8.61322 41.1849
1298880512 -8.61322 41.1848
1298880513 -8.61323 41.1848
1298880514 -8.61323 41.1848
1298880515 -8.61324 41.1848
1298880516 -8.61325 41.1847
1298880517 -8.61323 41.1847
1298880518 -8.61323 41.1847
1298880519 -8.61323 41.1847
1298880520 -8.61322 41.1847
1298880521 -8.61322 41.1847
1298880522 -8.61322 41.1847
1298880523 -8.61322 41.1847
1298880524 -8.61322 41.1847
1298880525 -8.61322 41.1847
1298880526 -8.61323 41.1847
1298880527 -8.61323 41.1847
1298880528 -8.61323 41.1847
1298880529 -8.61323 41.1847
1298880530 -8.61323 41.1847
1298880531 -8.61323 41.1847
1298880532 -8.61324 41.1847
1298880533 -8.61325 41.1847
1298880534 -8.61325 41.1847
1298880535 -8.61326 41.1846
1298880536 -8.61327 41.1846
1298880537 -8.61327 41.1846
1298880538 -8.61328 41.1845
1298880539 -8.61329 41.1845
1298880540 -8.61329 41.1844
1298880541 -8.6133 41.1844
1298880542 -8.61331 41.1844
1298880543 -8.61331 41.1843
1298880544 -8.61331 41.1843
1298880545 -8.61331 41.1843
1298880546 -8.61332 41.1843
1298880547 -8.61332 41.1843
1298880548 -8.61332 41.1843
1298880549 -8.61332 41.1843
1298880550 -8.61332 41.1843
1298880551 -8.61332 41.1842
1298880552 -8.61332 41.1842
1298880553 -8.61332 41.1843
1298880554 -8.61332 41.1843
1298880555 -8.61332 41.1843
1298880556 -8.61332 41.1842
1298880557 -8.61332 41.1842
1298880558 -8.61332 41.1842
1298880559 -8.61332 41.1842
1298880560 -8.61333 41.1841
1298880561 -8.61333 41.1841
1298880562 -8.61333 41.1841
1298880563 -8.61334 41.1841
1298880564 -8.61334 41.184
1298880565 -8.61334 41.184
1298880566 -8.61335 41.184
1298880567 -8.61335 41.184
1298880568 -8.61336 41.184
1298880569 -8.61336 41.184
1298880570 -8.61336 41.184
1298880571 -8.61336 41.184
1298880572 -8.61336 41.184
1298880573 -8.61338 41.184
1298880574 -8.61338 41.1839
1298880575 -8.61339 41.1839
1298880576 -8.61339 41.1839
1298880577 -8.61339 41.1839
1298880578 -8.61339 41.1839
1298880579 -8.61339 41.1839
1298880580 -8.61338 41.1839
1298880581 -8.61338 41.1839
1298880582 -8.61338 41.1839
1298880583 -8.61338 41.1839
1298880584 -8.61339 41.1839
1298880585 -8.61339 41.1839
1298880586 -8.61339 41.1839
1298880587 -8.61339 41.1839
1298880588 -8.61339 41.1839
1298880589 -8.6134 41.1839
1298880590 -8.61339 41.1839
1298880591 -8.61339 41.1839
1298880592 -8.6134 41.1839
1298880593 -8.6134 41.1839
1298880594 -8.61341 41.1839
1298880595 -8.61341 41.1839
1298880596 -8.61341 41.1839
1298880597 -8.61341 41.1839
1298880598 -8.6134 41.1839
1298880599 -8.6134 41.1839
1298880600 -8.6134 41.1839
1298880601 -8.61341 41.1839
1298880602 -8.61341 41.1839
1298880603 -8.61341 41.1839
1298880604 -8.61341 41.1839
1298880605 -8.61341 41.1839
1298880606 -8.61341 41.1839
1298880607 -8.61341 41.1839
1298880608 -8.61341 41.1839
1298880609 -8.61341 41.1839
1298880610 -8.61341 41.1839
1298880611 -8.61341 41.1839
1298880612 -8.61341 41.1839
1298880613 -8.6134 41.1839
1298880614 -8.6134 41.1839
1298880615 -8.61341 41.1839
1298880616 -8.61341 41.1839
1298880617 -8.61341 41.1839
1298880618 -8.61341 41.1839
1298880619 -8.61341 41.1839
1298880620 -8.61341 41.1839
1298880621 -8.61341 41.1839
1298880622 -8.61341 41.1839
1298880623 -8.61341 41.1839
1298880624 -8.61341 41.1839
1298880625 -8.61341 41.1839
1298880626 -8.61341 41.1839
1298880627 -8.61341 41.1839
1298880628 -8.61341 41.1839
1298880629 -8.61341 41.1839
1298880630 -8.61341 41.1838
1298880631 -8.61342 41.1838
1298880632 -8.61342 41.1838
1298880633 -8.61343 41.1838
1298880634 -8.61343 41.1837
1298880635 -8.61342 41.1837
1298880636 -8.61343 41.1837
1298880637 -8.61343 41.1837
1298880638 -8.61342 41.1836
1298880639 -8.61341 41.1836
1298880640 -8.61342 41.1836
1298880641 -8.61342 41.1835
1298880642 -8.61342 41.1835
1298880643 -8.61342 41.1834
1298880644 -8.61344 41.1834
1298880645 -8.61343 41.1833
1298880646 -8.61341 41.1833
1298880647 -8.61337 41.1832
1298880648 -8.61332 41.1832
1298880649 -8.61326 41.1832
1298880650 -8.61319 41.1832
1298880651 -8.61312 41.1832
1298880652 -8.61304 41.1832
1298880653 -8.61294 41.1832
1298880654 -8.61284 41.1832
1298880655 -8.61275 41.1832
1298880656 -8.61266 41.1833
1298880657 -8.61257 41.1833
1298880658 -8.61247 41.1833
1298880659 -8.61237 41.1834
1298880660 -8.61227 41.1834
1298880661 -8.61215 41.1835
1298880662 -8.61205 41.1835
1298880663 -8.61195 41.1836
1298880664 -8.61186 41.1836
1298880665 -8.61176 41.1836
1298880666 -8.61167 41.1837
1298880667 -8.61156 41.1837
1298880668 -8.61146 41.1837
1298880669 -8.61134 41.1838
1298880670 -8.61124 41.1838
1298880671 -8.61112 41.1839
1298880672 -8.611 41.1839
1298880673 -8.61089 41.1839
1298880674 -8.61078 41.184
1298880675 -8.61067 41.184
1298880676 -8.61057 41.1841
1298880677 -8.61046 41.1841
1298880678 -8.61036 41.1842
1298880679 -8.61027 41.1842
1298880680 -8.61018 41.1842
1298880681 -8.6101 41.1843
1298880682 -8.61005 41.1843
1298880683 -8.61 41.1843
1298880684 -8.60998 41.1843
1298880685 -8.60998 41.1843
1298880686 -8.60998 41.1843
1298880687 -8.60998 41.1843
1298880688 -8.60998 41.1843
1298880689 -8.60998 41.1843
1298880690 -8.60998 41.1843
1298880691 -8.60999 41.1843
1298880692 -8.60999 41.1843
1298880693 -8.60999 41.1843
1298880694 -8.60999 41.1843
1298880695 -8.60999 41.1843
1298880696 -8.61 41.1843
1298880697 -8.61 41.1843
1298880698 -8.61 41.1843
1298880699 -8.61 41.1843
1298880700 -8.61 41.1843
1298880701 -8.61 41.1843
1298880702 -8.61 41.1843
1298880703 -8.61 41.1843
1298880704 -8.61 41.1843
1298880705 -8.61 41.1843
1298880706 -8.61 41.1843
1298880707 -8.60999 41.1843
1298880708 -8.60998 41.1843
1298880709 -8.60993 41.1843
1298880710 -8.60989 41.1843
1298880711 -8.60983 41.1844
1298880712 -8.60978 41.1844
1298880713 -8.60971 41.1844
1298880714 -8.60964 41.1844
1298880715 -8.60959 41.1844
1298880716 -8.60956 41.1843
1298880717 -8.60955 41.1843
1298880718 -8.60956 41.1842
1298880719 -8.60956 41.1841
1298880720 -8.60955 41.1841
1298880721 -8.60954 41.184
1298880722 -8.60954 41.1839
1298880723 -8.60954 41.1838
1298880724 -8.60953 41.1838
1298880725 -8.60953 41.1837
1298880726 -8.60952 41.1836
1298880727 -8.6095 41.1835
1298880728 -8.60949 41.1834
1298880729 -8.60948 41.1833
1298880730 -8.60948 41.1832
1298880731 -8.60947 41.1831
1298880732 -8.60946 41.183
1298880733 -8.60945 41.1829
1298880734 -8.60945 41.1828
1298880735 -8.60945 41.1827
1298880736 -8.60945 41.1826
1298880737 -8.60945 41.1825
1298880738 -8.60944 41.1824
1298880739 -8.60944 41.1823
1298880740 -8.60944 41.1822
1298880741 -8.60944 41.1821
1298880742 -8.60943 41.182
1298880743 -8.60943 41.1819
1298880744 -8.60943 41.1818
1298880745 -8.60943 41.1816
1298880746 -8.60942 41.1815
1298880747 -8.60942 41.1814
1298880748 -8.60941 41.1813
1298880749 -8.60941 41.1812
1298880750 -8.6094 41.1811
1298880751 -8.6094 41.181
1298880752 -8.60939 41.1809
1298880753 -8.60938 41.1808
1298880754 -8.60937 41.1807
1298880755 -8.60937 41.1805
1298880756 -8.60937 41.1804
1298880757 -8.60936 41.1803
1298880758 -8.60936 41.1802
1298880759 -8.60936 41.1801
1298880760 -8.60935 41.1799
1298880761 -8.60935 41.1798
1298880762 -8.60934 41.1797
1298880763 -8.60933 41.1796
1298880764 -8.60933 41.1795
1298880765 -8.60933 41.1794
1298880766 -8.60932 41.1793
1298880767 -8.60932 41.1792
1298880768 -8.60931 41.1791
1298880769 -8.6093 41.179
1298880770 -8.60929 41.1789
1298880771 -8.60929 41.1787
1298880772 -8.60929 41.1786
1298880773 -8.60928 41.1785
1298880774 -8.60928 41.1784
1298880775 -8.60928 41.1783
1298880776 -8.60928 41.1782
1298880777 -8.60927 41.178
1298880778 -8.60927 41.1779
1298880779 -8.60927 41.1778
1298880780 -8.60927 41.1777
1298880781 -8.60927 41.1776
1298880782 -8.60927 41.1775
1298880783 -8.60926 41.1774
1298880784 -8.60927 41.1774
1298880785 -8.60928 41.1773
1298880786 -8.60931 41.1773
1298880787 -8.60936 41.1773
1298880788 -8.60941 41.1773
1298880789 -8.60947 41.1773
1298880790 -8.60954 41.1772
1298880791 -8.6096 41.1772
1298880792 -8.60967 41.1772
1298880793 -8.60974 41.1772
1298880794 -8.60981 41.1772
1298880795 -8.60989 41.1772
1298880796 -8.60996 41.1772
1298880797 -8.61004 41.1771
1298880798 -8.61012 41.1771
1298880799 -8.6102 41.1771
1298880800 -8.61028 41.1771
1298880801 -8.61035 41.1771
1298880802 -8.61042 41.1771
1298880803 -8.61048 41.1771
1298880804 -8.61054 41.177
1298880805 -8.6106 41.177
1298880806 -8.61065 41.177
1298880807 -8.6107 41.177
1298880808 -8.61076 41.177
1298880809 -8.61083 41.177
1298880810 -8.61091 41.177
1298880811 -8.611 41.1769
1298880812 -8.61109 41.1769
1298880813 -8.61119 41.1769
1298880814 -8.61127 41.1769
1298880815 -8.61136 41.1768
1298880816 -8.61144 41.1768
1298880817 -8.61152 41.1768
1298880818 -8.6116 41.1768
1298880819 -8.61165 41.1768
1298880820 -8.6117 41.1768
1298880821 -8.61173 41.1767
1298880822 -8.61174 41.1767
1298880823 -8.61176 41.1767
1298880824 -8.61177 41.1767
1298880825 -8.61178 41.1767
1298880826 -8.61178 41.1767
1298880827 -8.61179 41.1767
1298880828 -8.6118 41.1767
1298880829 -8.6118 41.1767
1298880830 -8.61178 41.1767
1298880831 -8.61175 41.1766
1298880832 -8.61171 41.1767
1298880833 -8.61169 41.1767
1298880834 -8.61167 41.1767
1298880835 -8.61164 41.1767
1298880836 -8.61161 41.1767
1298880837 -8.61157 41.1767
1298880838 -8.61152 41.1767
1298880839 -8.61146 41.1768
1298880840 -8.61139 41.1768
1298880841 -8.6113 41.1768
1298880842 -8.6112 41.1768
1298880843 -8.61109 41.1768
1298880844 -8.61098 41.1769
1298880845 -8.61088 41.1769
1298880846 -8.61077 41.1769
1298880847 -8.61067 41.177
1298880848 -8.61056 41.177
1298880849 -8.61045 41.177
1298880850 -8.61035 41.177
1298880851 -8.61025 41.1771
1298880852 -8.61016 41.1771
1298880853 -8.61007 41.1771
1298880854 -8.60999 41.1771
1298880855 -8.60994 41.1771
1298880856 -8.60989 41.1771
1298880857 -8.60985 41.1771
1298880858 -8.60982 41.1771
1298880859 -8.60979 41.1771
1298880860 -8.60977 41.1771
1298880861 -8.60975 41.1771
1298880862 -8.60975 41.1771
1298880863 -8.60975 41.1771
1298880864 -8.60975 41.1771
1298880865 -8.60975 41.1772
1298880866 -8.60976 41.1772
1298880867 -8.60976 41.1772
1298880868 -8.60976 41.1772
1298880869 -8.60976 41.1772
1298880870 -8.60976 41.1772
1298880871 -8.60976 41.1771
1298880872 -8.60976 41.1771
1298880873 -8.60976 41.1771
1298880874 -8.60976 41.1771
1298880875 -8.60976 41.1771
1298880876 -8.60976 41.1771
1298880877 -8.60976 41.1771
1298880878 -8.60976 41.1771
1298880879 -8.60976 41.1771
1298880880 -8.60976 41.1771
1298880881 -8.60976 41.1771
1298880882 -8.60976 41.1771
1298880883 -8.60976 41.1771
1298880884 -8.60976 41.1771
1298880885 -8.60976 41.1771
1298880886 -8.60976 41.1771
1298880887 -8.60976 41.1771
1298880888 -8.60976 41.1771
1298880889 -8.60976 41.1771
1298880890 -8.60976 41.1771
1298880891 -8.60976 41.1771
1298880892 -8.60976 41.1771
1298880893 -8.60977 41.1771
1298880894 -8.60977 41.1771
1298880895 -8.60977 41.1771
1298880896 -8.60977 41.1771
1298880897 -8.60977 41.1771
1298880898 -8.60977 41.1771
1298880899 -8.60977 41.1771
1298880900 -8.60977 41.1771
1298880901 -8.60977 41.1771
1298880902 -8.60977 41.1771
1298880903 -8.60976 41.1771
1298880904 -8.60976 41.1772
1298880905 -8.60976 41.1772
1298880906 -8.60976 41.1772
1298880907 -8.60976 41.1772
1298880908 -8.60976 41.1772
1298880909 -8.60976 41.1772
1298880910 -8.60976 41.1772
1298880911 -8.60976 41.1772
1298880912 -8.60976 41.1772
1298880913 -8.60976 41.1772
1298880914 -8.60976 41.1772
1298880915 -8.60975 41.1772
1298880916 -8.60975 41.1772
1298880917 -8.60975 41.1772
1298880918 -8.60975 41.1772
1298880919 -8.60975 41.1772
1298880920 -8.60975 41.1772
1298880921 -8.60975 41.1772
1298880922 -8.60975 41.1772
1298880923 -8.60975 41.1772
1298880924 -8.60975 41.1772
1298880925 -8.60975 41.1772
1298880926 -8.60975 41.1772
1298880927 -8.60975 41.1772
1298880928 -8.60975 41.1772
1298880929 -8.60975 41.1772
1298880930 -8.60975 41.1772
1298880931 -8.60975 41.1772
1298880932 -8.60975 41.1772
1298880933 -8.60975 41.1772
1298880934 -8.60975 41.1772
1298880935 -8.60975 41.1772
1298880936 -8.60975 41.1772
1298880937 -8.60975 41.1772
1298880938 -8.60975 41.1772
1298880939 -8.60975 41.1772
1298880940 -8.60975 41.1772
1298880941 -8.60975 41.1772
1298880942 -8.60975 41.1772
1298880943 -8.60975 41.1772
1298880944 -8.60975 41.1772
1298880945 -8.60975 41.1772
1298880946 -8.60975 41.1772
1298880947 -8.60975 41.1772
1298880948 -8.60975 41.1772
1298880949 -8.60975 41.1772
1298880950 -8.60975 41.1772
1298880951 -8.60975 41.1772
1298880952 -8.60976 41.1772
1298880953 -8.60976 41.1772
1298880954 -8.60976 41.1771
1298880955 -8.60976 41.1771
1298880956 -8.60976 41.1771
1298880957 -8.60976 41.1771
1298880958 -8.60976 41.1771
1298880959 -8.60976 41.1771
1298880960 -8.60976 41.1771
1298880961 -8.60976 41.1771
1298880962 -8.60976 41.1771
1298880963 -8.60976 41.1771
1298880964 -8.60976 41.1771
1298880965 -8.60977 41.1771
1298880966 -8.60977 41.1771
1298880967 -8.60977 41.1771
1298880968 -8.60977 41.1771
1298880969 -8.60977 41.1771
1298880970 -8.60977 41.1771
1298880971 -8.60977 41.1771
1298880972 -8.60977 41.1771
1298880973 -8.60977 41.1771
1298880974 -8.60977 41.1771
1298880975 -8.60977 41.1771
1298880976 -8.60978 41.1771
1298880977 -8.60977 41.1771
1298880978 -8.60977 41.1771
1298880979 -8.60977 41.1771
1298880980 -8.60977 41.1771
1298880981 -8.60977 41.1771
1298880982 -8.60977 41.1771
1298880983 -8.60977 41.1771
1298880984 -8.60977 41.1771
1298880985 -8.60977 41.1771
1298880986 -8.60977 41.1771
1298880987 -8.60977 41.1772
1298880988 -8.60976 41.1772
1298880989 -8.60976 41.1772
1298880990 -8.60976 41.1772
1298880991 -8.60976 41.1772
1298880992 -8.60976 41.1772
1298880993 -8.60975 41.1772
1298880994 -8.60975 41.1772
1298880995 -8.60975 41.1772
1298880996 -8.60975 41.1772
1298880997 -8.60975 41.1772
1298880998 -8.60974 41.1772
1298880999 -8.60974 41.1772
1298881000 -8.60974 41.1772
1298881001 -8.60974 41.1772
1298881002 -8.60973 41.1772
1298881003 -8.60973 41.1772
1298881004 -8.60973 41.1772
1298881005 -8.60973 41.1772
1298881006 -8.60973 41.1772
1298881007 -8.60973 41.1772
1298881008 -8.60973 41.1772
1298881009 -8.60972 41.1772
1298881010 -8.60972 41.1772
1298881011 -8.60972 41.1772
1298881012 -8.60972 41.1772
1298881013 -8.60972 41.1772
1298881014 -8.60972 41.1772
1298881015 -8.60972 41.1772
1298881016 -8.60972 41.1772
1298881017 -8.60972 41.1772
1298881018 -8.60972 41.1772
1298881019 -8.60972 41.1772
1298881020 -8.60972 41.1772
1298881021 -8.60972 41.1772
1298881022 -8.60972 41.1772
1298881023 -8.60972 41.1772
1298881024 -8.60972 41.1772
1298881025 -8.60973 41.1772
1298881026 -8.60972 41.1771
1298881027 -8.60972 41.1771
1298881028 -8.60972 41.1771
1298881029 -8.60972 41.1771
1298881030 -8.60972 41.1771
1298881031 -8.60972 41.1771
1298881032 -8.60973 41.1771
1298881033 -8.60973 41.1771
1298881034 -8.60973 41.1771
1298881035 -8.60973 41.1771
1298881036 -8.60973 41.1771
1298881037 -8.60973 41.1771
1298881038 -8.60973 41.1771
1298881039 -8.60974 41.1771
1298881040 -8.60974 41.1771
1298881041 -8.60974 41.1771
1298881042 -8.60974 41.1771
1298881043 -8.60974 41.1771
1298881044 -8.60974 41.1771
1298881045 -8.60974 41.1771
1298881046 -8.60975 41.1771
1298881047 -8.60975 41.1771
1298881048 -8.60975 41.1771
1298881049 -8.60975 41.1771
1298881050 -8.60975 41.1771
1298881051 -8.60975 41.1771
1298881052 -8.60975 41.1771
1298881053 -8.60975 41.1771
1298881054 -8.60975 41.1771
1298881055 -8.60975 41.1771
1298881056 -8.60975 41.1771
1298881057 -8.60975 41.1771
1298881058 -8.60975 41.1771
1298881059 -8.60974 41.1771
1298881060 -8.60974 41.1771
1298881061 -8.60974 41.1771
1298881062 -8.60974 41.1771
1298881063 -8.60974 41.1771
1298881064 -8.60974 41.1771
1298881065 -8.60974 41.1771
1298881066 -8.60974 41.1771
1298881067 -8.60974 41.1771
1298881068 -8.60974 41.1771
1298881069 -8.60974 41.1771
1298881070 -8.60974 41.1771
1298881071 -8.60974 41.1771
1298881072 -8.60974 41.1771
1298881073 -8.60974 41.1771
1298881074 -8.60974 41.1771
1298881075 -8.60974 41.1771
1298881076 -8.60974 41.1771
1298881077 -8.60974 41.1771
1298881078 -8.60974 41.1771
1298881079 -8.60974 41.1771
1298881080 -8.60974 41.1771
1298881081 -8.60974 41.1771
1298881082 -8.60974 41.1771
1298881083 -8.60974 41.1771
1298881084 -8.60974 41.1771
1298881085 -8.60974 41.1771
1298881086 -8.60974 41.1771
1298881087 -8.60975 41.1771
1298881088 -8.60974 41.1771
1298881089 -8.60974 41.1771
1298881090 -8.60974 41.1771
1298881091 -8.60974 41.1771
1298881092 -8.60974 41.1771
1298881093 -8.60974 41.1771
1298881094 -8.60974 41.1771
1298881095 -8.60974 41.1771
1298881096 -8.60974 41.1771
1298881097 -8.60974 41.1771
1298881098 -8.60974 41.1771
1298881099 -8.60974 41.1771
1298881100 -8.60974 41.1771
1298881101 -8.60974 41.1771
1298881102 -8.60974 41.1771
1298881103 -8.60975 41.1771
1298881104 -8.60975 41.1771
1298881105 -8.60975 41.1771
1298881106 -8.60975 41.1771
1298881107 -8.60975 41.1771
1298881108 -8.60975 41.1771
1298881109 -8.60975 41.1771
1298881110 -8.60975 41.1771
1298881111 -8.60976 41.1771
1298881112 -8.60976 41.1771
1298881113 -8.60976 41.1771
1298881114 -8.60976 41.1771
1298881115 -8.60976 41.1771
1298881116 -8.60976 41.1771
1298881117 -8.60976 41.1771
1298881118 -8.60977 41.1771
1298881119 -8.60977 41.1771
1298881120 -8.60977 41.1771
1298881121 -8.60977 41.1771
1298881122 -8.60977 41.1771
1298881123 -8.60977 41.1771
1298881124 -8.60977 41.1771
1298881125 -8.60978 41.1771
1298881126 -8.60978 41.1771
1298881127 -8.60978 41.1771
1298881128 -8.60978 41.1771
1298881129 -8.60978 41.1771
1298881130 -8.60979 41.1771
1298881131 -8.60979 41.1771
1298881132 -8.60979 41.1771
1298881133 -8.60979 41.1771
1298881134 -8.60979 41.1771
1298881135 -8.60979 41.1771
1298881136 -8.60979 41.1771
1298881137 -8.60979 41.1771
1298881138 -8.60979 41.1771
1298881139 -8.60979 41.1771
1298881140 -8.60979 41.1771
1298881141 -8.60979 41.1771
1298881142 -8.60979 41.1771
1298881143 -8.60979 41.1771
1298881144 -8.60979 41.1771
1298881145 -8.60979 41.1771
1298881146 -8.60979 41.1771
1298881147 -8.60978 41.1771
1298881148 -8.60978 41.1771
1298881149 -8.60978 41.1771
1298881150 -8.60978 41.1771
1298881151 -8.60978 41.1771
1298881152 -8.60978 41.1771
1298881153 -8.60978 41.1771
1298881154 -8.60978 41.1771
1298881155 -8.60978 41.1771
1298881156 -8.60978 41.1771
1298881157 -8.60978 41.1771
1298881158 -8.60977 41.1771
1298881159 -8.60977 41.1771
1298881160 -8.60977 41.1771
1298881161 -8.60977 41.1771
1298881162 -8.60977 41.1771
1298881163 -8.60977 41.1771
1298881164 -8.60977 41.1771
1298881165 -8.60977 41.1771
1298881166 -8.60977 41.1771
1298881167 -8.60977 41.1771
1298881168 -8.60977 41.1771
1298881169 -8.60977 41.1771
1298881170 -8.60977 41.1771
1298881171 -8.60977 41.1771
1298881172 -8.60977 41.1771
1298881173 -8.60977 41.1771
1298881174 -8.60977 41.1771
1298881175 -8.60977 41.1771
1298881176 -8.60977 41.1771
1298881177 -8.60977 41.1771
1298881178 -8.60978 41.1771
1298881179 -8.60978 41.1771
1298881180 -8.60978 41.1771
1298881181 -8.60978 41.1771
1298881182 -8.60978 41.1771
1298881183 -8.60978 41.1771
1298881184 -8.60978 41.1771
1298881185 -8.60979 41.1771
1298881186 -8.60979 41.1771
1298881187 -8.60979 41.1771
1298881188 -8.60979 41.1771
1298881189 -8.60979 41.1771
1298881190 -8.60979 41.1771
1298881191 -8.60979 41.1771
1298881192 -8.6098 41.1771
1298881193 -8.6098 41.1771
1298881194 -8.6098 41.1771
1298881195 -8.6098 41.1771
1298881196 -8.60979 41.1771
1298881197 -8.60979 41.1771
1298881198 -8.60979 41.1771
1298881199 -8.60979 41.1771
1298881200 -8.60979 41.1771
