:break:
1298880036 -8.60193 41.1797
1298880037 -8.60192 41.1797
1298880038 -8.60192 41.1797
1298880039 -8.60191 41.1797
1298880040 -8.60191 41.1797
1298880041 -8.60191 41.1796
1298880042 -8.60191 41.1796
1298880043 -8.6019 41.1796
1298880044 -8.60189 41.1796
1298880045 -8.60189 41.1796
1298880046 -8.60188 41.1796
1298880047 -8.60188 41.1796
1298880048 -8.60187 41.1796
1298880049 -8.60187 41.1796
1298880050 -8.60187 41.1796
1298880051 -8.60186 41.1796
1298880052 -8.60186 41.1796
1298880053 -8.60186 41.1796
1298880054 -8.60186 41.1796
1298880055 -8.60186 41.1796
1298880056 -8.60186 41.1796
1298880057 -8.60186 41.1796
1298880058 -8.60185 41.1796
1298880059 -8.60185 41.1796
1298880060 -8.60184 41.1796
1298880061 -8.60183 41.1796
1298880062 -8.60183 41.1796
1298880063 -8.60182 41.1796
1298880064 -8.6018 41.1796
1298880065 -8.60178 41.1796
1298880066 -8.60175 41.1796
1298880067 -8.60171 41.1796
1298880068 -8.60165 41.1796
1298880069 -8.60158 41.1795
1298880070 -8.6015 41.1795
1298880071 -8.6014 41.1795
1298880072 -8.6013 41.1794
1298880073 -8.60121 41.1794
1298880074 -8.60113 41.1794
1298880075 -8.60107 41.1793
1298880076 -8.60106 41.1793
1298880077 -8.60105 41.1793
1298880078 -8.60107 41.1792
1298880079 -8.60108 41.1792
1298880080 -8.60111 41.1792
1298880081 -8.60112 41.1792
1298880082 -8.60114 41.1792
1298880083 -8.60115 41.1792
1298880084 -8.60115 41.1792
1298880085 -8.60115 41.1792
1298880086 -8.60115 41.1791
1298880087 -8.60115 41.1791
1298880088 -8.60115 41.1791
1298880089 -8.60115 41.1791
1298880090 -8.60115 41.1791
1298880091 -8.60115 41.1791
1298880092 -8.60115 41.1791
1298880093 -8.60115 41.1791
1298880094 -8.60116 41.1791
1298880095 -8.60116 41.1791
1298880096 -8.60119 41.1791
1298880097 -8.60124 41.1791
1298880098 -8.60128 41.1791
1298880099 -8.60134 41.1792
1298880100 -8.60141 41.1792
1298880101 -8.6015 41.1792
1298880102 -8.60162 41.1792
1298880103 -8.60174 41.1793
1298880104 -8.60188 41.1793
1298880105 -8.60201 41.1794
1298880106 -8.60213 41.1794
1298880107 -8.60224 41.1794
1298880108 -8.60234 41.1794
1298880109 -8.60243 41.1795
1298880110 -8.60252 41.1795
1298880111 -8.6026 41.1795
1298880112 -8.60267 41.1795
1298880113 -8.60274 41.1796
1298880114 -8.6028 41.1796
1298880115 -8.60288 41.1796
1298880116 -8.60295 41.1796
1298880117 -8.60303 41.1797
1298880118 -8.60311 41.1797
1298880119 -8.60319 41.1797
1298880120 -8.60327 41.1797
1298880121 -8.60335 41.1797
1298880122 -8.60344 41.1798
1298880123 -8.60354 41.1798
1298880124 -8.60365 41.1798
1298880125 -8.60377 41.1799
1298880126 -8.60389 41.1799
1298880127 -8.60402 41.1799
1298880128 -8.60414 41.18
1298880129 -8.60427 41.18
1298880130 -8.6044 41.1801
1298880131 -8.60452 41.1801
1298880132 -8.60463 41.1802
1298880133 -8.60475 41.1802
1298880134 -8.60484 41.1802
1298880135 -8.60491 41.1802
1298880136 -8.60498 41.1802
1298880137 -8.60504 41.1802
1298880138 -8.6051 41.1802
1298880139 -8.60513 41.1802
1298880140 -8.60516 41.1802
1298880141 -8.60519 41.1801
1298880142 -8.60522 41.1801
1298880143 -8.60526 41.18
1298880144 -8.60531 41.1799
1298880145 -8.60536 41.1798
1298880146 -8.60541 41.1797
1298880147 -8.60547 41.1796
1298880148 -8.60553 41.1795
1298880149 -8.6056 41.1794
1298880150 -8.60567 41.1793
1298880151 -8.60576 41.1792
1298880152 -8.60584 41.1791
1298880153 -8.60593 41.179
1298880154 -8.60603 41.1789
1298880155 -8.60612 41.1788
1298880156 -8.60621 41.1787
1298880157 -8.60629 41.1786
1298880158 -8.60636 41.1785
1298880159 -8.60642 41.1785
1298880160 -8.60647 41.1784
1298880161 -8.60655 41.1784
1298880162 -8.60661 41.1783
1298880163 -8.60668 41.1782
1298880164 -8.60675 41.1781
1298880165 -8.60684 41.178
1298880166 -8.60693 41.178
1298880167 -8.60702 41.1779
1298880168 -8.60711 41.1778
1298880169 -8.60722 41.1777
1298880170 -8.60734 41.1776
1298880171 -8.60744 41.1774
1298880172 -8.60754 41.1774
1298880173 -8.60763 41.1773
1298880174 -8.60771 41.1772
1298880175 -8.60779 41.1771
1298880176 -8.60787 41.1771
1298880177 -8.60796 41.177
1298880178 -8.60805 41.177
1298880179 -8.60814 41.177
1298880180 -8.60823 41.177
1298880181 -8.60831 41.177
1298880182 -8.6084 41.1771
1298880183 -8.60849 41.1771
1298880184 -8.60858 41.1771
1298880185 -8.60866 41.1772
1298880186 -8.60875 41.1772
1298880187 -8.60882 41.1772
1298880188 -8.60891 41.1772
1298880189 -8.60899 41.1772
1298880190 -8.60906 41.1773
1298880191 -8.60914 41.1773
1298880192 -8.60922 41.1773
1298880193 -8.60927 41.1773
1298880194 -8.60927 41.1773
1298880195 -8.60929 41.1773
1298880196 -8.6093 41.1773
1298880197 -8.60931 41.1773
1298880198 -8.60933 41.1773
1298880199 -8.60936 41.1773
1298880200 -8.60941 41.1772
1298880201 -8.60947 41.1772
1298880202 -8.60954 41.1772
1298880203 -8.6096 41.1772
1298880204 -8.60968 41.1772
1298880205 -8.60978 41.1772
1298880206 -8.6099 41.1772
1298880207 -8.61003 41.1771
1298880208 -8.61017 41.1771
1298880209 -8.61031 41.1771
1298880210 -8.61044 41.1771
1298880211 -8.61057 41.177
1298880212 -8.61072 41.177
1298880213 -8.61088 41.1769
1298880214 -8.61105 41.1769
1298880215 -8.61121 41.1769
1298880216 -8.61135 41.1768
1298880217 -8.6115 41.1768
1298880218 -8.61161 41.1767
1298880219 -8.6117 41.1767
1298880220 -8.61177 41.1767
1298880221 -8.6118 41.1767
1298880222 -8.61182 41.1767
1298880223 -8.61184 41.1767
1298880224 -8.61186 41.1767
1298880225 -8.61185 41.1766
1298880226 -8.6118 41.1766
1298880227 -8.61176 41.1765
1298880228 -8.61169 41.1765
1298880229 -8.61161 41.1765
1298880230 -8.61152 41.1764
1298880231 -8.61142 41.1763
1298880232 -8.61131 41.1763
1298880233 -8.61119 41.1762
1298880234 -8.61108 41.1762
1298880235 -8.61097 41.1761
1298880236 -8.61087 41.176
1298880237 -8.61076 41.1759
1298880238 -8.61064 41.1759
1298880239 -8.61054 41.1758
1298880240 -8.61047 41.1757
1298880241 -8.61043 41.1757
1298880242 -8.61041 41.1757
1298880243 -8.61043 41.1756
1298880244 -8.61045 41.1756
1298880245 -8.6105 41.1755
1298880246 -8.61053 41.1754
1298880247 -8.61057 41.1753
1298880248 -8.61061 41.1753
1298880249 -8.61062 41.1752
1298880250 -8.61065 41.1751
1298880251 -8.61067 41.175
1298880252 -8.61068 41.1749
1298880253 -8.61069 41.1748
1298880254 -8.61065 41.1748
1298880255 -8.6106 41.1748
1298880256 -8.61053 41.1748
1298880257 -8.61046 41.1748
1298880258 -8.61037 41.1748
1298880259 -8.61028 41.1748
1298880260 -8.61017 41.1748
1298880261 -8.61007 41.1747
1298880262 -8.60997 41.1747
1298880263 -8.60987 41.1747
1298880264 -8.6098 41.1747
1298880265 -8.60976 41.1747
1298880266 -8.60974 41.1747
1298880267 -8.60972 41.1747
1298880268 -8.60972 41.1747
1298880269 -8.60974 41.1747
1298880270 -8.60978 41.1746
1298880271 -8.60981 41.1746
1298880272 -8.60985 41.1745
1298880273 -8.6099 41.1745
1298880274 -8.60996 41.1744
1298880275 -8.61001 41.1744
1298880276 -8.61008 41.1743
1298880277 -8.61016 41.1742
1298880278 -8.61022 41.1741
1298880279 -8.61028 41.174
1298880280 -8.61034 41.174
1298880281 -8.61036 41.1739
1298880282 -8.61039 41.1738
1298880283 -8.6104 41.1737
1298880284 -8.61041 41.1736
1298880285 -8.61041 41.1735
1298880286 -8.6104 41.1734
1298880287 -8.61039 41.1734
1298880288 -8.61039 41.1733
1298880289 -8.61039 41.1732
1298880290 -8.6104 41.1731
1298880291 -8.6104 41.173
1298880292 -8.6104 41.1729
1298880293 -8.6104 41.1729
1298880294 -8.6104 41.1728
1298880295 -8.61043 41.1728
1298880296 -8.61046 41.1728
1298880297 -8.61053 41.1727
1298880298 -8.61061 41.1727
1298880299 -8.6107 41.1727
1298880300 -8.6108 41.1727
1298880301 -8.61089 41.1727
1298880302 -8.61097 41.1727
1298880303 -8.61102 41.1727
1298880304 -8.61107 41.1727
1298880305 -8.61112 41.1727
1298880306 -8.61116 41.1727
1298880307 -8.61121 41.1727
1298880308 -8.61125 41.1727
1298880309 -8.6113 41.1727
1298880310 -8.61134 41.1727
1298880311 -8.61137 41.1727
1298880312 -8.61141 41.1727
1298880313 -8.61144 41.1727
1298880314 -8.61149 41.1727
1298880315 -8.61152 41.1727
1298880316 -8.61155 41.1727
1298880317 -8.61159 41.1727
1298880318 -8.61162 41.1727
1298880319 -8.61165 41.1728
1298880320 -8.61168 41.1728
1298880321 -8.61171 41.1728
1298880322 -8.61176 41.1728
1298880323 -8.61179 41.1728
1298880324 -8.61184 41.1728
1298880325 -8.61189 41.1728
1298880326 -8.61196 41.1728
1298880327 -8.61204 41.1728
1298880328 -8.61211 41.1728
1298880329 -8.6122 41.1728
1298880330 -8.61228 41.1728
1298880331 -8.61235 41.1728
1298880332 -8.6124 41.1728
1298880333 -8.61242 41.1728
1298880334 -8.61244 41.1728
1298880335 -8.61245 41.1728
1298880336 -8.61246 41.1728
1298880337 -8.61246 41.1728
1298880338 -8.61247 41.1728
1298880339 -8.61247 41.1728
1298880340 -8.61248 41.1728
1298880341 -8.61249 41.1728
1298880342 -8.61249 41.1728
1298880343 -8.61251 41.1728
1298880344 -8.61251 41.1728
1298880345 -8.61253 41.1728
1298880346 -8.61255 41.1728
1298880347 -8.61256 41.1728
1298880348 -8.61256 41.1728
1298880349 -8.61257 41.1728
1298880350 -8.61258 41.1728
1298880351 -8.6126 41.1728
1298880352 -8.6126 41.1728
1298880353 -8.6126 41.1728
1298880354 -8.6126 41.1728
1298880355 -8.61261 41.1728
1298880356 -8.61262 41.1727
1298880357 -8.61264 41.1727
1298880358 -8.61263 41.1727
1298880359 -8.61264 41.1727
1298880360 -8.61264 41.1727
1298880361 -8.61265 41.1727
1298880362 -8.61266 41.1727
1298880363 -8.61267 41.1727
1298880364 -8.61269 41.1727
1298880365 -8.6127 41.1727
1298880366 -8.61271 41.1727
1298880367 -8.61272 41.1727
1298880368 -8.61273 41.1727
1298880369 -8.61273 41.1727
1298880370 -8.61274 41.1727
1298880371 -8.61274 41.1727
1298880372 -8.61274 41.1727
1298880373 -8.61274 41.1727
1298880374 -8.61274 41.1727
1298880375 -8.61274 41.1727
1298880376 -8.61274 41.1727
1298880377 -8.61275 41.1727
1298880378 -8.61275 41.1727
1298880379 -8.61275 41.1727
1298880380 -8.61275 41.1727
1298880381 -8.61275 41.1727
1298880382 -8.61275 41.1727
1298880383 -8.61276 41.1727
1298880384 -8.61276 41.1727
1298880385 -8.61276 41.1727
1298880386 -8.61277 41.1727
1298880387 -8.61277 41.1727
1298880388 -8.61277 41.1727
1298880389 -8.61277 41.1727
1298880390 -8.61277 41.1727
1298880391 -8.61277 41.1727
1298880392 -8.61277 41.1727
1298880393 -8.61277 41.1727
1298880394 -8.61276 41.1727
1298880395 -8.61276 41.1727
1298880396 -8.61275 41.1727
1298880397 -8.61276 41.1727
1298880398 -8.61277 41.1727
1298880399 -8.61278 41.1727
1298880400 -8.61282 41.1727
1298880401 -8.61283 41.1727
1298880402 -8.61283 41.1726
1298880403 -8.61282 41.1726
1298880404 -8.6128 41.1725
1298880405 -8.61277 41.1725
1298880406 -8.61273 41.1724
1298880407 -8.6127 41.1723
1298880408 -8.61269 41.1722
1298880409 -8.61268 41.1722
1298880410 -8.6127 41.1721
1298880411 -8.61271 41.1721
1298880412 -8.61272 41.1721
1298880413 -8.61272 41.172
1298880414 -8.61273 41.172
1298880415 -8.61272 41.172
1298880416 -8.61272 41.172
1298880417 -8.61272 41.172
1298880418 -8.61272 41.172
1298880419 -8.61272 41.172
1298880420 -8.61273 41.172
1298880421 -8.61273 41.172
1298880422 -8.61273 41.172
1298880423 -8.61273 41.172
1298880424 -8.61273 41.172
1298880425 -8.61273 41.172
1298880426 -8.61274 41.172
1298880427 -8.61274 41.172
1298880428 -8.61274 41.172
1298880429 -8.61274 41.172
1298880430 -8.61274 41.172
1298880431 -8.61274 41.172
1298880432 -8.61274 41.172
1298880433 -8.61273 41.172
1298880434 -8.61272 41.172
1298880435 -8.61272 41.172
1298880436 -8.61272 41.172
1298880437 -8.61272 41.172
1298880438 -8.61272 41.1719
1298880439 -8.61273 41.1719
1298880440 -8.61273 41.1719
1298880441 -8.61276 41.1719
1298880442 -8.61281 41.1719
1298880443 -8.61289 41.1719
1298880444 -8.61301 41.1719
1298880445 -8.61312 41.1719
1298880446 -8.61323 41.1719
1298880447 -8.61337 41.1719
1298880448 -8.6135 41.1719
1298880449 -8.61363 41.1719
1298880450 -8.61377 41.1719
1298880451 -8.61393 41.1719
1298880452 -8.61409 41.1719
1298880453 -8.61425 41.1719
1298880454 -8.61443 41.1719
1298880455 -8.61461 41.1719
1298880456 -8.61479 41.1719
1298880457 -8.61496 41.1719
1298880458 -8.61513 41.1719
1298880459 -8.6153 41.1719
1298880460 -8.61547 41.1719
1298880461 -8.61564 41.1719
1298880462 -8.6158 41.1719
1298880463 -8.61595 41.1719
1298880464 -8.61609 41.1719
1298880465 -8.61621 41.1719
1298880466 -8.61633 41.1719
1298880467 -8.61642 41.1719
1298880468 -8.61651 41.1719
1298880469 -8.61661 41.1719
1298880470 -8.61671 41.1719
1298880471 -8.61681 41.1719
1298880472 -8.61692 41.1719
1298880473 -8.61701 41.1719
1298880474 -8.61712 41.1719
1298880475 -8.61723 41.1719
1298880476 -8.61735 41.1719
1298880477 -8.61745 41.1719
1298880478 -8.61757 41.1719
1298880479 -8.61769 41.1719
1298880480 -8.61782 41.1718
1298880481 -8.61794 41.1718
1298880482 -8.61807 41.1718
1298880483 -8.61818 41.1718
1298880484 -8.61831 41.1718
1298880485 -8.61844 41.1717
1298880486 -8.61857 41.1717
1298880487 -8.61869 41.1717
1298880488 -8.61881 41.1717
1298880489 -8.6189 41.1717
1298880490 -8.619 41.1716
1298880491 -8.6191 41.1716
1298880492 -8.61919 41.1715
1298880493 -8.61925 41.1714
1298880494 -8.6193 41.1714
1298880495 -8.61935 41.1713
1298880496 -8.61937 41.1713
1298880497 -8.6194 41.1713
1298880498 -8.61944 41.1713
1298880499 -8.61948 41.1712
1298880500 -8.61952 41.1712
1298880501 -8.61958 41.1712
1298880502 -8.61964 41.1711
1298880503 -8.6197 41.171
1298880504 -8.61979 41.171
1298880505 -8.61988 41.1709
1298880506 -8.61998 41.1709
1298880507 -8.62008 41.1708
1298880508 -8.62018 41.1708
1298880509 -8.62029 41.1707
1298880510 -8.6204 41.1707
1298880511 -8.62051 41.1706
1298880512 -8.62062 41.1705
1298880513 -8.62073 41.1705
1298880514 -8.62084 41.1704
1298880515 -8.62095 41.1703
1298880516 -8.62106 41.1703
1298880517 -8.62116 41.1702
1298880518 -8.62126 41.1701
1298880519 -8.62135 41.1701
1298880520 -8.62143 41.17
1298880521 -8.62151 41.17
1298880522 -8.62158 41.1699
1298880523 -8.62164 41.1699
1298880524 -8.62169 41.1698
1298880525 -8.62174 41.1697
1298880526 -8.62177 41.1696
1298880527 -8.62178 41.1696
1298880528 -8.6218 41.1695
1298880529 -8.62181 41.1695
1298880530 -8.62182 41.1695
1298880531 -8.62183 41.1695
1298880532 -8.62184 41.1694
1298880533 -8.62185 41.1694
1298880534 -8.62185 41.1694
1298880535 -8.62186 41.1694
1298880536 -8.62186 41.1694
1298880537 -8.62186 41.1694
1298880538 -8.62187 41.1694
1298880539 -8.62188 41.1694
1298880540 -8.62189 41.1694
1298880541 -8.62189 41.1694
1298880542 -8.62191 41.1694
1298880543 -8.62193 41.1693
1298880544 -8.62194 41.1693
1298880545 -8.62195 41.1692
1298880546 -8.62196 41.1692
1298880547 -8.62198 41.1691
1298880548 -8.622 41.1691
1298880549 -8.62203 41.169
1298880550 -8.62205 41.169
1298880551 -8.62208 41.1689
1298880552 -8.62211 41.1689
1298880553 -8.62215 41.1688
1298880554 -8.6222 41.1688
1298880555 -8.62226 41.1687
1298880556 -8.62231 41.1686
1298880557 -8.62235 41.1686
1298880558 -8.62238 41.1685
1298880559 -8.6224 41.1684
1298880560 -8.6224 41.1684
1298880561 -8.62239 41.1683
1298880562 -8.62238 41.1683
1298880563 -8.62237 41.1682
1298880564 -8.62237 41.1681
1298880565 -8.62236 41.1681
1298880566 -8.62235 41.168
1298880567 -8.62235 41.168
1298880568 -8.62235 41.1679
1298880569 -8.62237 41.1679
1298880570 -8.62241 41.1679
1298880571 -8.62243 41.1678
1298880572 -8.62248 41.1678
1298880573 -8.62251 41.1678
1298880574 -8.62257 41.1678
1298880575 -8.62262 41.1678
1298880576 -8.62268 41.1678
1298880577 -8.62273 41.1678
1298880578 -8.62276 41.1678
1298880579 -8.6228 41.1678
1298880580 -8.62283 41.1679
1298880581 -8.62287 41.1679
1298880582 -8.62292 41.1679
1298880583 -8.62296 41.1678
1298880584 -8.62302 41.1678
1298880585 -8.62308 41.1677
1298880586 -8.62311 41.1677
1298880587 -8.62312 41.1677
1298880588 -8.62312 41.1677
1298880589 -8.62314 41.1676
1298880590 -8.62318 41.1676
1298880591 -8.62322 41.1676
1298880592 -8.62326 41.1676
1298880593 -8.62331 41.1675
1298880594 -8.62336 41.1675
1298880595 -8.62344 41.1675
1298880596 -8.62354 41.1675
1298880597 -8.62365 41.1675
1298880598 -8.62376 41.1674
1298880599 -8.62385 41.1674
1298880600 -8.62397 41.1674
1298880601 -8.62408 41.1673
1298880602 -8.62418 41.1673
1298880603 -8.62429 41.1673
1298880604 -8.62439 41.1673
1298880605 -8.62448 41.1673
1298880606 -8.62457 41.1672
1298880607 -8.62464 41.1672
1298880608 -8.62468 41.1672
1298880609 -8.62473 41.1672
1298880610 -8.62476 41.1672
1298880611 -8.62478 41.1672
1298880612 -8.62478 41.1672
1298880613 -8.62478 41.1672
1298880614 -8.62478 41.1672
1298880615 -8.62478 41.1672
1298880616 -8.62479 41.1672
1298880617 -8.62479 41.1672
1298880618 -8.62479 41.1672
1298880619 -8.62479 41.1672
1298880620 -8.62479 41.1672
1298880621 -8.62479 41.1672
1298880622 -8.62479 41.1672
1298880623 -8.62479 41.1672
1298880624 -8.62479 41.1672
1298880625 -8.6248 41.1672
1298880626 -8.6248 41.1672
1298880627 -8.6248 41.1672
1298880628 -8.6248 41.1672
1298880629 -8.6248 41.1672
1298880630 -8.62481 41.1672
1298880631 -8.62481 41.1672
1298880632 -8.62481 41.1672
1298880633 -8.62482 41.1672
1298880634 -8.62482 41.1672
1298880635 -8.62482 41.1672
1298880636 -8.62482 41.1672
1298880637 -8.62483 41.1672
1298880638 -8.62483 41.1672
1298880639 -8.62483 41.1672
1298880640 -8.62483 41.1672
1298880641 -8.62483 41.1672
1298880642 -8.62484 41.1672
1298880643 -8.62484 41.1672
1298880644 -8.62483 41.1672
1298880645 -8.62484 41.1672
1298880646 -8.62484 41.1672
1298880647 -8.62484 41.1672
1298880648 -8.62484 41.1672
1298880649 -8.62484 41.1672
1298880650 -8.62484 41.1672
1298880651 -8.62484 41.1672
1298880652 -8.62485 41.1672
1298880653 -8.62485 41.1672
1298880654 -8.62485 41.1672
1298880655 -8.62485 41.1672
1298880656 -8.62485 41.1672
1298880657 -8.62484 41.1672
1298880658 -8.62484 41.1672
1298880659 -8.62484 41.1672
1298880660 -8.62484 41.1672
1298880661 -8.62484 41.1672
1298880662 -8.62484 41.1672
1298880663 -8.62484 41.1672
1298880664 -8.62484 41.1672
1298880665 -8.62483 41.1672
1298880666 -8.62483 41.1672
1298880667 -8.62483 41.1672
1298880668 -8.62483 41.1672
1298880669 -8.62483 41.1672
1298880670 -8.62483 41.1672
1298880671 -8.62483 41.1672
1298880672 -8.62483 41.1672
1298880673 -8.62484 41.1672
1298880674 -8.62484 41.1672
1298880675 -8.62484 41.1672
1298880676 -8.62484 41.1672
1298880677 -8.62484 41.1672
1298880678 -8.62484 41.1672
1298880679 -8.62484 41.1672
1298880680 -8.62484 41.1672
1298880681 -8.62484 41.1672
1298880682 -8.62484 41.1672
1298880683 -8.62484 41.1672
1298880684 -8.62485 41.1672
1298880685 -8.62484 41.1672
1298880686 -8.62484 41.1672
1298880687 -8.62484 41.1672
1298880688 -8.62485 41.1672
1298880689 -8.62485 41.1672
1298880690 -8.62485 41.1672
1298880691 -8.62486 41.1672
1298880692 -8.62486 41.1672
1298880693 -8.62486 41.1672
1298880694 -8.62486 41.1672
1298880695 -8.62486 41.1672
1298880696 -8.62486 41.1672
1298880697 -8.62486 41.1672
1298880698 -8.62487 41.1672
1298880699 -8.62488 41.1672
1298880700 -8.62488 41.1672
1298880701 -8.62489 41.1672
1298880702 -8.62489 41.1672
1298880703 -8.62489 41.1672
1298880704 -8.62489 41.1672
1298880705 -8.62489 41.1672
1298880706 -8.62489 41.1672
1298880707 -8.62488 41.1672
1298880708 -8.62488 41.1672
1298880709 -8.62488 41.1672
1298880710 -8.62487 41.1672
1298880711 -8.62487 41.1672
1298880712 -8.62487 41.1672
1298880713 -8.62487 41.1672
1298880714 -8.62487 41.1672
1298880715 -8.62487 41.1672
1298880716 -8.62487 41.1672
1298880717 -8.62486 41.1672
1298880718 -8.62486 41.1672
1298880719 -8.62486 41.1672
1298880720 -8.62486 41.1672
1298880721 -8.62485 41.1672
1298880722 -8.62485 41.1672
1298880723 -8.62485 41.1672
1298880724 -8.62485 41.1672
1298880725 -8.62484 41.1672
1298880726 -8.62484 41.1672
1298880727 -8.62484 41.1672
1298880728 -8.62484 41.1672
1298880729 -8.62485 41.1672
1298880730 -8.62485 41.1672
1298880731 -8.62486 41.1672
1298880732 -8.62486 41.1672
1298880733 -8.62486 41.1672
1298880734 -8.62487 41.1672
1298880735 -8.62487 41.1672
1298880736 -8.62487 41.1672
1298880737 -8.62488 41.1672
1298880738 -8.62488 41.1672
1298880739 -8.62488 41.1672
1298880740 -8.62488 41.1672
1298880741 -8.62488 41.1672
1298880742 -8.62489 41.1672
1298880743 -8.62489 41.1672
1298880744 -8.62492 41.1672
1298880745 -8.62495 41.1672
1298880746 -8.62501 41.1671
1298880747 -8.62508 41.1671
1298880748 -8.62513 41.1671
1298880749 -8.6252 41.167
1298880750 -8.6253 41.167
1298880751 -8.62542 41.167
1298880752 -8.62553 41.167
1298880753 -8.62564 41.167
1298880754 -8.62574 41.1669
1298880755 -8.62583 41.1669
1298880756 -8.62594 41.1669
1298880757 -8.62604 41.1669
1298880758 -8.62613 41.1669
1298880759 -8.62621 41.1669
1298880760 -8.62628 41.1669
1298880761 -8.62635 41.1669
1298880762 -8.62639 41.1669
1298880763 -8.62644 41.1668
1298880764 -8.62646 41.1668
1298880765 -8.62649 41.1667
1298880766 -8.62655 41.1667
1298880767 -8.6266 41.1666
1298880768 -8.62666 41.1666
1298880769 -8.62674 41.1666
1298880770 -8.62683 41.1666
1298880771 -8.62691 41.1665
1298880772 -8.627 41.1665
1298880773 -8.62709 41.1665
1298880774 -8.62719 41.1665
1298880775 -8.62729 41.1664
1298880776 -8.62738 41.1664
1298880777 -8.62748 41.1664
1298880778 -8.62756 41.1663
1298880779 -8.62765 41.1663
1298880780 -8.62773 41.1663
1298880781 -8.62782 41.1663
1298880782 -8.62792 41.1662
1298880783 -8.62803 41.1662
1298880784 -8.62814 41.1662
1298880785 -8.62825 41.1661
1298880786 -8.62836 41.1661
1298880787 -8.62847 41.1661
1298880788 -8.62858 41.166
1298880789 -8.62869 41.166
1298880790 -8.6288 41.1659
1298880791 -8.62889 41.1659
1298880792 -8.62901 41.1658
1298880793 -8.62912 41.1658
1298880794 -8.62922 41.1657
1298880795 -8.62933 41.1657
1298880796 -8.62942 41.1657
1298880797 -8.62951 41.1656
1298880798 -8.6296 41.1656
1298880799 -8.62969 41.1655
1298880800 -8.62978 41.1655
1298880801 -8.62987 41.1654
1298880802 -8.62994 41.1654
1298880803 -8.63002 41.1654
1298880804 -8.63012 41.1653
1298880805 -8.63021 41.1653
1298880806 -8.63029 41.1653
1298880807 -8.63038 41.1652
1298880808 -8.63046 41.1652
1298880809 -8.63053 41.1652
1298880810 -8.63059 41.1651
1298880811 -8.63065 41.1651
1298880812 -8.63069 41.1651
1298880813 -8.63071 41.1651
1298880814 -8.63077 41.1651
1298880815 -8.63081 41.1651
1298880816 -8.63085 41.165
1298880817 -8.63087 41.165
1298880818 -8.63091 41.165
1298880819 -8.63093 41.165
1298880820 -8.63095 41.165
1298880821 -8.63096 41.165
1298880822 -8.63096 41.165
1298880823 -8.63098 41.165
1298880824 -8.63101 41.165
1298880825 -8.63104 41.165
1298880826 -8.63105 41.165
1298880827 -8.63107 41.1649
1298880828 -8.63109 41.1649
1298880829 -8.63111 41.1649
1298880830 -8.63111 41.1649
1298880831 -8.63112 41.1649
1298880832 -8.63113 41.1649
1298880833 -8.63113 41.1649
1298880834 -8.63114 41.1649
1298880835 -8.63114 41.1649
1298880836 -8.63116 41.1649
1298880837 -8.63119 41.1649
1298880838 -8.63122 41.1649
1298880839 -8.63124 41.1649
1298880840 -8.63127 41.1649
1298880841 -8.6313 41.1648
1298880842 -8.63132 41.1648
1298880843 -8.63135 41.1648
1298880844 -8.63139 41.1648
1298880845 -8.63143 41.1648
1298880846 -8.6315 41.1647
1298880847 -8.63158 41.1647
1298880848 -8.63167 41.1647
1298880849 -8.63176 41.1646
1298880850 -8.63185 41.1646
1298880851 -8.63194 41.1646
1298880852 -8.63202 41.1645
1298880853 -8.63209 41.1645
1298880854 -8.63214 41.1645
1298880855 -8.6322 41.1644
1298880856 -8.63223 41.1644
1298880857 -8.63227 41.1644
1298880858 -8.6323 41.1644
1298880859 -8.63231 41.1644
1298880860 -8.63232 41.1644
1298880861 -8.63234 41.1644
1298880862 -8.63235 41.1644
1298880863 -8.63235 41.1644
1298880864 -8.63236 41.1644
1298880865 -8.63236 41.1644
1298880866 -8.63237 41.1644
1298880867 -8.63237 41.1644
1298880868 -8.63237 41.1644
1298880869 -8.63236 41.1644
1298880870 -8.63235 41.1644
1298880871 -8.63234 41.1644
1298880872 -8.63233 41.1644
1298880873 -8.63232 41.1644
1298880874 -8.63232 41.1644
1298880875 -8.63231 41.1644
1298880876 -8.63231 41.1644
1298880877 -8.63231 41.1644
1298880878 -8.63231 41.1645
1298880879 -8.63231 41.1645
1298880880 -8.63231 41.1645
1298880881 -8.63231 41.1645
1298880882 -8.63231 41.1645
1298880883 -8.63231 41.1645
1298880884 -8.63231 41.1645
1298880885 -8.63231 41.1645
1298880886 -8.63231 41.1645
1298880887 -8.63231 41.1645
1298880888 -8.63231 41.1645
1298880889 -8.63231 41.1645
1298880890 -8.63231 41.1645
1298880891 -8.63231 41.1645
1298880892 -8.63231 41.1645
1298880893 -8.63231 41.1645
1298880894 -8.63231 41.1645
1298880895 -8.63231 41.1645
1298880896 -8.63231 41.1645
1298880897 -8.63231 41.1645
1298880898 -8.63231 41.1645
1298880899 -8.63231 41.1645
1298880900 -8.63231 41.1645
1298880901 -8.63231 41.1645
1298880902 -8.63231 41.1645
1298880903 -8.63231 41.1645
1298880904 -8.63231 41.1645
1298880905 -8.63231 41.1645
1298880906 -8.63231 41.1645
1298880907 -8.63231 41.1645
1298880908 -8.63231 41.1645
1298880909 -8.63231 41.1645
1298880910 -8.63231 41.1645
1298880911 -8.63231 41.1645
1298880912 -8.63231 41.1645
1298880913 -8.63231 41.1645
1298880914 -8.63231 41.1645
1298880915 -8.63231 41.1645
1298880916 -8.63231 41.1645
1298880917 -8.63231 41.1645
1298880918 -8.63231 41.1645
1298880919 -8.63231 41.1645
1298880920 -8.63231 41.1645
1298880921 -8.6323 41.1645
1298880922 -8.6323 41.1645
1298880923 -8.6323 41.1645
1298880924 -8.6323 41.1645
1298880925 -8.6323 41.1645
1298880926 -8.6323 41.1645
1298880927 -8.6323 41.1645
1298880928 -8.6323 41.1645
1298880929 -8.6323 41.1645
1298880930 -8.63229 41.1645
1298880931 -8.63229 41.1645
1298880932 -8.63229 41.1645
1298880933 -8.63229 41.1645
1298880934 -8.63229 41.1645
1298880935 -8.63229 41.1645
1298880936 -8.63229 41.1645
1298880937 -8.63229 41.1645
1298880938 -8.63229 41.1645
1298880939 -8.63229 41.1645
1298880940 -8.63229 41.1645
1298880941 -8.63229 41.1645
1298880942 -8.63229 41.1645
1298880943 -8.63229 41.1645
1298880944 -8.63229 41.1645
1298880945 -8.63229 41.1645
1298880946 -8.63229 41.1645
1298880947 -8.6323 41.1645
1298880948 -8.6323 41.1645
1298880949 -8.6323 41.1645
1298880950 -8.6323 41.1645
1298880951 -8.6323 41.1645
1298880952 -8.6323 41.1645
1298880953 -8.6323 41.1645
1298880954 -8.6323 41.1645
1298880955 -8.6323 41.1645
1298880956 -8.6323 41.1645
1298880957 -8.6323 41.1645
1298880958 -8.6323 41.1645
1298880959 -8.63229 41.1645
1298880960 -8.63229 41.1645
1298880961 -8.63229 41.1645
1298880962 -8.63229 41.1645
1298880963 -8.63229 41.1645
1298880964 -8.63229 41.1645
1298880965 -8.63229 41.1645
1298880966 -8.63229 41.1645
1298880967 -8.63228 41.1645
1298880968 -8.63228 41.1645
1298880969 -8.63228 41.1645
1298880970 -8.63228 41.1645
1298880971 -8.63228 41.1645
1298880972 -8.63228 41.1645
1298880973 -8.63228 41.1645
1298880974 -8.63228 41.1645
1298880975 -8.63228 41.1645
1298880976 -8.63228 41.1645
1298880977 -8.63228 41.1645
1298880978 -8.63228 41.1645
1298880979 -8.63228 41.1645
1298880980 -8.63228 41.1645
1298880981 -8.63228 41.1645
1298880982 -8.63228 41.1645
1298880983 -8.63228 41.1645
1298880984 -8.63229 41.1645
1298880985 -8.63229 41.1645
1298880986 -8.63229 41.1645
1298880987 -8.63229 41.1645
1298880988 -8.63228 41.1645
1298880989 -8.63228 41.1645
1298880990 -8.63228 41.1645
1298880991 -8.63228 41.1645
1298880992 -8.63228 41.1645
1298880993 -8.63228 41.1645
1298880994 -8.63228 41.1645
1298880995 -8.63228 41.1645
1298880996 -8.63228 41.1645
1298880997 -8.63228 41.1645
1298880998 -8.63228 41.1645
1298880999 -8.63228 41.1645
1298881000 -8.63228 41.1645
1298881001 -8.63228 41.1645
1298881002 -8.63228 41.1645
1298881003 -8.63228 41.1645
1298881004 -8.63228 41.1645
1298881005 -8.63228 41.1645
1298881006 -8.63228 41.1645
1298881007 -8.63228 41.1645
1298881008 -8.63228 41.1645
1298881009 -8.63227 41.1645
1298881010 -8.63227 41.1645
1298881011 -8.63227 41.1645
1298881012 -8.63227 41.1645
1298881013 -8.63227 41.1645
1298881014 -8.63227 41.1645
1298881015 -8.63227 41.1645
1298881016 -8.63227 41.1645
1298881017 -8.63227 41.1645
1298881018 -8.63227 41.1645
1298881019 -8.63227 41.1645
1298881020 -8.63227 41.1645
1298881021 -8.63228 41.1645
1298881022 -8.63228 41.1645
1298881023 -8.63228 41.1645
1298881024 -8.63228 41.1645
1298881025 -8.63228 41.1645
1298881026 -8.63228 41.1645
1298881027 -8.63228 41.1645
1298881028 -8.63228 41.1645
1298881029 -8.63229 41.1645
1298881030 -8.63229 41.1645
1298881031 -8.63229 41.1645
1298881032 -8.63229 41.1645
1298881033 -8.63229 41.1645
1298881034 -8.63229 41.1645
1298881035 -8.63229 41.1645
1298881036 -8.6323 41.1645
1298881037 -8.6323 41.1645
1298881038 -8.6323 41.1645
1298881039 -8.6323 41.1645
1298881040 -8.6323 41.1645
1298881041 -8.6323 41.1645
1298881042 -8.6323 41.1645
1298881043 -8.6323 41.1645
1298881044 -8.6323 41.1645
1298881045 -8.6323 41.1645
1298881046 -8.6323 41.1645
1298881047 -8.6323 41.1645
1298881048 -8.6323 41.1645
1298881049 -8.6323 41.1645
1298881050 -8.6323 41.1645
1298881051 -8.6323 41.1645
1298881052 -8.6323 41.1645
1298881053 -8.6323 41.1645
1298881054 -8.6323 41.1645
1298881055 -8.6323 41.1645
1298881056 -8.63231 41.1645
1298881057 -8.63231 41.1645
1298881058 -8.63231 41.1645
1298881059 -8.63231 41.1645
1298881060 -8.63231 41.1645
1298881061 -8.63231 41.1645
1298881062 -8.63231 41.1645
1298881063 -8.63231 41.1645
1298881064 -8.63231 41.1645
1298881065 -8.6323 41.1645
1298881066 -8.6323 41.1645
1298881067 -8.6323 41.1645
1298881068 -8.6323 41.1645
1298881069 -8.6323 41.1645
1298881070 -8.6323 41.1645
1298881071 -8.6323 41.1645
1298881072 -8.6323 41.1645
1298881073 -8.63229 41.1645
1298881074 -8.63229 41.1645
1298881075 -8.63229 41.1645
1298881076 -8.63229 41.1645
1298881077 -8.63228 41.1645
1298881078 -8.63228 41.1645
1298881079 -8.63228 41.1645
1298881080 -8.63228 41.1645
1298881081 -8.63228 41.1645
1298881082 -8.63228 41.1645
1298881083 -8.63228 41.1645
1298881084 -8.63227 41.1645
1298881085 -8.63227 41.1645
1298881086 -8.63227 41.1645
1298881087 -8.63227 41.1645
1298881088 -8.63228 41.1645
1298881089 -8.63228 41.1645
1298881090 -8.63228 41.1645
1298881091 -8.63228 41.1645
1298881092 -8.63228 41.1645
1298881093 -8.63228 41.1645
1298881094 -8.63228 41.1645
1298881095 -8.63228 41.1645
1298881096 -8.63228 41.1645
1298881097 -8.63228 41.1645
1298881098 -8.63228 41.1645
1298881099 -8.63228 41.1645
1298881100 -8.63228 41.1645
1298881101 -8.63228 41.1645
1298881102 -8.63228 41.1645
1298881103 -8.63229 41.1645
1298881104 -8.63229 41.1645
1298881105 -8.63229 41.1645
1298881106 -8.63229 41.1645
1298881107 -8.63229 41.1645
1298881108 -8.63229 41.1645
1298881109 -8.63229 41.1645
1298881110 -8.63229 41.1645
1298881111 -8.63229 41.1645
1298881112 -8.63229 41.1645
1298881113 -8.63229 41.1645
1298881114 -8.63229 41.1645
1298881115 -8.6323 41.1645
1298881116 -8.6323 41.1645
1298881117 -8.6323 41.1645
1298881118 -8.6323 41.1645
1298881119 -8.6323 41.1645
1298881120 -8.63231 41.1645
1298881121 -8.63231 41.1645
1298881122 -8.63231 41.1645
1298881123 -8.63231 41.1645
1298881124 -8.63231 41.1645
1298881125 -8.63231 41.1645
1298881126 -8.63231 41.1645
1298881127 -8.63231 41.1645
1298881128 -8.63231 41.1645
1298881129 -8.63232 41.1645
1298881130 -8.63232 41.1645
1298881131 -8.63232 41.1645
1298881132 -8.63232 41.1645
1298881133 -8.63232 41.1645
1298881134 -8.63232 41.1645
1298881135 -8.63232 41.1645
1298881136 -8.63233 41.1645
1298881137 -8.63233 41.1645
1298881138 -8.63233 41.1645
1298881139 -8.63232 41.1645
1298881140 -8.63232 41.1645
1298881141 -8.63232 41.1645
1298881142 -8.63232 41.1645
1298881143 -8.63232 41.1645
1298881144 -8.63232 41.1645
1298881145 -8.63232 41.1645
1298881146 -8.63232 41.1645
1298881147 -8.63232 41.1645
1298881148 -8.63232 41.1645
1298881149 -8.63231 41.1645
1298881150 -8.63231 41.1645
1298881151 -8.63231 41.1645
1298881152 -8.63231 41.1645
1298881153 -8.63231 41.1645
1298881154 -8.63231 41.1645
1298881155 -8.63231 41.1645
1298881156 -8.63231 41.1645
1298881157 -8.63231 41.1644
1298881158 -8.63231 41.1644
1298881159 -8.63231 41.1644
1298881160 -8.63231 41.1644
1298881161 -8.63231 41.1644
1298881162 -8.63231 41.1644
1298881163 -8.63231 41.1644
1298881164 -8.63231 41.1644
1298881165 -8.63231 41.1644
1298881166 -8.63231 41.1644
1298881167 -8.63231 41.1644
1298881168 -8.63231 41.1644
1298881169 -8.63231 41.1644
1298881170 -8.6323 41.1644
1298881171 -8.6323 41.1644
1298881172 -8.6323 41.1644
1298881173 -8.6323 41.1644
1298881174 -8.6323 41.1644
1298881175 -8.6323 41.1644
1298881176 -8.6323 41.1644
1298881177 -8.6323 41.1644
1298881178 -8.6323 41.1644
1298881179 -8.6323 41.1644
1298881180 -8.6323 41.1644
1298881181 -8.6323 41.1644
1298881182 -8.6323 41.1644
1298881183 -8.6323 41.1644
1298881184 -8.63231 41.1644
1298881185 -8.63231 41.1644
1298881186 -8.63231 41.1644
1298881187 -8.63231 41.1644
1298881188 -8.63231 41.1644
1298881189 -8.63231 41.1644
1298881190 -8.63231 41.1644
1298881191 -8.63231 41.1644
1298881192 -8.63231 41.1644
1298881193 -8.63231 41.1644
1298881194 -8.63231 41.1644
1298881195 -8.63231 41.1644
1298881196 -8.63231 41.1644
1298881197 -8.63231 41.1644
1298881198 -8.63232 41.1644
1298881199 -8.63232 41.1644
1298881200 -8.63232 41.1644
