:break:
1298880142 -8.59129 41.1562
1298880143 -8.59129 41.1562
1298880144 -8.59129 41.1562
1298880145 -8.59129 41.1562
1298880146 -8.59129 41.1562
1298880147 -8.59128 41.1562
1298880148 -8.59128 41.1562
1298880149 -8.59128 41.1562
1298880150 -8.59128 41.1562
1298880151 -8.59128 41.1562
1298880152 -8.59128 41.1562
1298880153 -8.59129 41.1562
1298880154 -8.59129 41.1562
1298880155 -8.59129 41.1562
1298880156 -8.59129 41.1562
1298880157 -8.59129 41.1562
1298880158 -8.59129 41.1562
1298880159 -8.59129 41.1562
1298880160 -8.59128 41.1562
1298880161 -8.59128 41.1562
1298880162 -8.59129 41.1562
1298880163 -8.59129 41.1562
1298880164 -8.59129 41.1562
1298880165 -8.59129 41.1562
1298880166 -8.59129 41.1562
1298880167 -8.59129 41.1562
1298880168 -8.5913 41.1562
1298880169 -8.5913 41.1562
1298880170 -8.59131 41.1562
1298880171 -8.59134 41.1562
1298880172 -8.59138 41.1562
1298880173 -8.59145 41.1562
1298880174 -8.59149 41.1562
1298880175 -8.59152 41.1561
1298880176 -8.59154 41.1561
1298880177 -8.59154 41.156
1298880178 -8.59154 41.1559
1298880179 -8.59155 41.1558
1298880180 -8.59155 41.1557
1298880181 -8.59156 41.1557
1298880182 -8.59155 41.1557
1298880183 -8.59155 41.1556
1298880184 -8.59154 41.1556
1298880185 -8.59151 41.1556
1298880186 -8.59145 41.1556
1298880187 -8.59138 41.1555
1298880188 -8.59131 41.1555
1298880189 -8.59124 41.1555
1298880190 -8.59118 41.1555
1298880191 -8.59114 41.1554
1298880192 -8.59112 41.1554
1298880193 -8.59112 41.1553
1298880194 -8.59111 41.1553
1298880195 -8.5911 41.1552
1298880196 -8.5911 41.1551
1298880197 -8.59109 41.155
1298880198 -8.5911 41.1549
1298880199 -8.59111 41.1548
1298880200 -8.59111 41.1547
1298880201 -8.59111 41.1546
1298880202 -8.59112 41.1545
1298880203 -8.59113 41.1544
1298880204 -8.59114 41.1543
1298880205 -8.59116 41.1542
1298880206 -8.59115 41.1541
1298880207 -8.59114 41.1539
1298880208 -8.59115 41.1538
1298880209 -8.59117 41.1537
1298880210 -8.59118 41.1536
1298880211 -8.59121 41.1535
1298880212 -8.59125 41.1534
1298880213 -8.5913 41.1533
1298880214 -8.59138 41.1532
1298880215 -8.59148 41.1531
1298880216 -8.59158 41.153
1298880217 -8.59168 41.1529
1298880218 -8.59178 41.1528
1298880219 -8.59187 41.1527
1298880220 -8.59196 41.1526
1298880221 -8.59203 41.1525
1298880222 -8.59208 41.1524
1298880223 -8.59213 41.1523
1298880224 -8.59217 41.1523
1298880225 -8.59222 41.1522
1298880226 -8.59225 41.1521
1298880227 -8.59228 41.1521
1298880228 -8.59231 41.152
1298880229 -8.59234 41.1519
1298880230 -8.59237 41.1519
1298880231 -8.5924 41.1518
1298880232 -8.59244 41.1517
1298880233 -8.59248 41.1517
1298880234 -8.59252 41.1516
1298880235 -8.59256 41.1515
1298880236 -8.59261 41.1515
1298880237 -8.59264 41.1514
1298880238 -8.59268 41.1514
1298880239 -8.59271 41.1514
1298880240 -8.59273 41.1513
1298880241 -8.59276 41.1513
1298880242 -8.59279 41.1513
1298880243 -8.59282 41.1512
1298880244 -8.59287 41.1512
1298880245 -8.59291 41.1512
1298880246 -8.59298 41.1512
1298880247 -8.59305 41.1511
1298880248 -8.59312 41.1511
1298880249 -8.5932 41.1511
1298880250 -8.59328 41.1511
1298880251 -8.59337 41.1511
1298880252 -8.59347 41.151
1298880253 -8.59356 41.151
1298880254 -8.59366 41.151
1298880255 -8.59375 41.151
1298880256 -8.59383 41.151
1298880257 -8.59392 41.1509
1298880258 -8.59401 41.1509
1298880259 -8.59411 41.1509
1298880260 -8.5942 41.1508
1298880261 -8.59429 41.1508
1298880262 -8.59438 41.1507
1298880263 -8.59446 41.1507
1298880264 -8.59452 41.1507
1298880265 -8.59457 41.1506
1298880266 -8.5946 41.1506
1298880267 -8.59461 41.1506
1298880268 -8.59461 41.1506
1298880269 -8.59461 41.1506
1298880270 -8.59461 41.1506
1298880271 -8.59461 41.1506
1298880272 -8.59461 41.1506
1298880273 -8.59461 41.1506
1298880274 -8.59461 41.1506
1298880275 -8.59461 41.1506
1298880276 -8.59461 41.1506
1298880277 -8.59461 41.1506
1298880278 -8.59461 41.1506
1298880279 -8.59461 41.1506
1298880280 -8.59461 41.1506
1298880281 -8.59461 41.1506
1298880282 -8.59462 41.1506
1298880283 -8.59462 41.1506
1298880284 -8.59463 41.1506
1298880285 -8.59466 41.1506
1298880286 -8.59469 41.1506
1298880287 -8.59473 41.1506
1298880288 -8.59478 41.1505
1298880289 -8.59483 41.1505
1298880290 -8.59488 41.1505
1298880291 -8.59493 41.1504
1298880292 -8.59498 41.1504
1298880293 -8.59503 41.1504
1298880294 -8.59508 41.1503
1298880295 -8.59513 41.1503
1298880296 -8.59517 41.1503
1298880297 -8.5952 41.1503
1298880298 -8.59522 41.1502
1298880299 -8.59523 41.1502
1298880300 -8.59524 41.1502
1298880301 -8.59525 41.1502
1298880302 -8.59526 41.1502
1298880303 -8.59525 41.1502
1298880304 -8.59525 41.1502
1298880305 -8.59525 41.1502
1298880306 -8.59525 41.1502
1298880307 -8.59525 41.1502
1298880308 -8.59526 41.1502
1298880309 -8.59528 41.1502
1298880310 -8.59531 41.1502
1298880311 -8.59536 41.1502
1298880312 -8.5954 41.1501
1298880313 -8.59544 41.1501
1298880314 -8.5955 41.1501
1298880315 -8.59557 41.15
1298880316 -8.59564 41.15
1298880317 -8.59571 41.15
1298880318 -8.59579 41.1499
1298880319 -8.5959 41.1499
1298880320 -8.59604 41.1498
1298880321 -8.59616 41.1497
1298880322 -8.59628 41.1496
1298880323 -8.59639 41.1496
1298880324 -8.59651 41.1495
1298880325 -8.59662 41.1494
1298880326 -8.59674 41.1493
1298880327 -8.59686 41.1493
1298880328 -8.59699 41.1492
1298880329 -8.59709 41.1492
1298880330 -8.59719 41.1491
1298880331 -8.59729 41.149
1298880332 -8.59736 41.149
1298880333 -8.59742 41.1489
1298880334 -8.59747 41.1489
1298880335 -8.5975 41.1489
1298880336 -8.59752 41.1489
1298880337 -8.59753 41.1489
1298880338 -8.59753 41.1489
1298880339 -8.59754 41.1489
1298880340 -8.59754 41.1489
1298880341 -8.59754 41.1489
1298880342 -8.59754 41.1489
1298880343 -8.59754 41.1489
1298880344 -8.59754 41.1489
1298880345 -8.59754 41.1489
1298880346 -8.59754 41.1489
1298880347 -8.59754 41.1489
1298880348 -8.59754 41.1489
1298880349 -8.59753 41.1489
1298880350 -8.59753 41.1489
1298880351 -8.59753 41.1489
1298880352 -8.59752 41.1489
1298880353 -8.59752 41.1489
1298880354 -8.59752 41.1489
1298880355 -8.59753 41.1489
1298880356 -8.59756 41.1488
1298880357 -8.59759 41.1488
1298880358 -8.59763 41.1488
1298880359 -8.59767 41.1488
1298880360 -8.59773 41.1487
1298880361 -8.59777 41.1487
1298880362 -8.59781 41.1487
1298880363 -8.59783 41.1486
1298880364 -8.59787 41.1486
1298880365 -8.5979 41.1486
1298880366 -8.59794 41.1485
1298880367 -8.59798 41.1485
1298880368 -8.59804 41.1485
1298880369 -8.59815 41.1485
1298880370 -8.59823 41.1485
1298880371 -8.59829 41.1484
1298880372 -8.59835 41.1484
1298880373 -8.59842 41.1484
1298880374 -8.59851 41.1484
1298880375 -8.5986 41.1483
1298880376 -8.5987 41.1483
1298880377 -8.59879 41.1483
1298880378 -8.5989 41.1484
1298880379 -8.599 41.1484
1298880380 -8.5991 41.1484
1298880381 -8.59921 41.1484
1298880382 -8.59931 41.1485
1298880383 -8.59942 41.1485
1298880384 -8.59952 41.1485
1298880385 -8.59961 41.1485
1298880386 -8.59971 41.1486
1298880387 -8.5998 41.1486
1298880388 -8.59987 41.1486
1298880389 -8.59994 41.1486
1298880390 -8.6 41.1486
1298880391 -8.60005 41.1486
1298880392 -8.60008 41.1486
1298880393 -8.60008 41.1486
1298880394 -8.60009 41.1486
1298880395 -8.60009 41.1486
1298880396 -8.60009 41.1486
1298880397 -8.60009 41.1487
1298880398 -8.6001 41.1487
1298880399 -8.60012 41.1487
1298880400 -8.60014 41.1487
1298880401 -8.60016 41.1487
1298880402 -8.60017 41.1487
1298880403 -8.6002 41.1487
1298880404 -8.60025 41.1487
1298880405 -8.6003 41.1487
1298880406 -8.60036 41.1487
1298880407 -8.60044 41.1487
1298880408 -8.60052 41.1487
1298880409 -8.60062 41.1487
1298880410 -8.60072 41.1488
1298880411 -8.60082 41.1488
1298880412 -8.60093 41.1488
1298880413 -8.60103 41.1488
1298880414 -8.60113 41.1489
1298880415 -8.60122 41.1489
1298880416 -8.60129 41.1489
1298880417 -8.60136 41.1489
1298880418 -8.60143 41.149
1298880419 -8.60147 41.149
1298880420 -8.60151 41.149
1298880421 -8.60154 41.149
1298880422 -8.60159 41.149
1298880423 -8.60165 41.149
1298880424 -8.60173 41.149
1298880425 -8.60181 41.1491
1298880426 -8.60191 41.1491
1298880427 -8.60203 41.1491
1298880428 -8.60215 41.1491
1298880429 -8.60226 41.1491
1298880430 -8.6024 41.1491
1298880431 -8.60254 41.1492
1298880432 -8.60269 41.1492
1298880433 -8.60279 41.1492
1298880434 -8.60288 41.1493
1298880435 -8.60299 41.1493
1298880436 -8.60311 41.1494
1298880437 -8.60323 41.1495
1298880438 -8.60337 41.1495
1298880439 -8.60351 41.1496
1298880440 -8.60366 41.1496
1298880441 -8.6038 41.1496
1298880442 -8.60395 41.1497
1298880443 -8.60408 41.1497
1298880444 -8.6042 41.1498
1298880445 -8.60434 41.1498
1298880446 -8.6045 41.1498
1298880447 -8.60464 41.1498
1298880448 -8.60478 41.1498
1298880449 -8.60493 41.1499
1298880450 -8.60507 41.1499
1298880451 -8.60521 41.15
1298880452 -8.60534 41.15
1298880453 -8.60548 41.15
1298880454 -8.60558 41.15
1298880455 -8.60567 41.15
1298880456 -8.60576 41.15
1298880457 -8.60585 41.1501
1298880458 -8.60595 41.1501
1298880459 -8.60606 41.1501
1298880460 -8.60617 41.1501
1298880461 -8.60629 41.1501
1298880462 -8.60642 41.15
1298880463 -8.60655 41.15
1298880464 -8.60666 41.1501
1298880465 -8.60678 41.1501
1298880466 -8.6069 41.1501
1298880467 -8.60702 41.1501
1298880468 -8.60714 41.1501
1298880469 -8.60728 41.1502
1298880470 -8.60741 41.1502
1298880471 -8.60755 41.1502
1298880472 -8.60767 41.1503
1298880473 -8.60781 41.1503
1298880474 -8.60794 41.1504
1298880475 -8.60809 41.1504
1298880476 -8.60823 41.1505
1298880477 -8.60837 41.1505
1298880478 -8.60851 41.1505
1298880479 -8.60863 41.1505
1298880480 -8.60872 41.1505
1298880481 -8.60879 41.1506
1298880482 -8.60884 41.1506
1298880483 -8.60889 41.1506
1298880484 -8.60894 41.1506
1298880485 -8.60902 41.1506
1298880486 -8.60911 41.1506
1298880487 -8.60921 41.1507
1298880488 -8.60932 41.1507
1298880489 -8.60943 41.1507
1298880490 -8.60954 41.1507
1298880491 -8.60963 41.1508
1298880492 -8.60971 41.1508
1298880493 -8.60976 41.1508
1298880494 -8.6098 41.1508
1298880495 -8.60983 41.1508
1298880496 -8.60984 41.1508
1298880497 -8.60985 41.1508
1298880498 -8.60986 41.1508
1298880499 -8.60987 41.1508
1298880500 -8.60988 41.1508
1298880501 -8.60988 41.1508
1298880502 -8.60989 41.1508
1298880503 -8.60989 41.1508
1298880504 -8.60989 41.1508
1298880505 -8.60989 41.1508
1298880506 -8.60989 41.1508
1298880507 -8.60989 41.1508
1298880508 -8.6099 41.1508
1298880509 -8.6099 41.1508
1298880510 -8.6099 41.1508
1298880511 -8.6099 41.1508
1298880512 -8.6099 41.1508
1298880513 -8.6099 41.1508
1298880514 -8.6099 41.1508
1298880515 -8.6099 41.1508
1298880516 -8.60992 41.1508
1298880517 -8.60993 41.1509
1298880518 -8.60995 41.1509
1298880519 -8.60997 41.1509
1298880520 -8.60996 41.151
1298880521 -8.60992 41.151
1298880522 -8.60987 41.1511
1298880523 -8.6098 41.1511
1298880524 -8.60974 41.1512
1298880525 -8.60968 41.1512
1298880526 -8.60962 41.1513
1298880527 -8.60957 41.1514
1298880528 -8.60954 41.1515
1298880529 -8.60953 41.1515
1298880530 -8.60956 41.1516
1298880531 -8.60963 41.1517
1298880532 -8.60971 41.1517
1298880533 -8.60979 41.1518
1298880534 -8.60986 41.1518
1298880535 -8.60991 41.1518
1298880536 -8.60995 41.1518
1298880537 -8.60998 41.1519
1298880538 -8.61 41.1519
1298880539 -8.61006 41.1519
1298880540 -8.61012 41.1518
1298880541 -8.61017 41.1518
1298880542 -8.61024 41.1517
1298880543 -8.6103 41.1517
1298880544 -8.61037 41.1516
1298880545 -8.61044 41.1515
1298880546 -8.61052 41.1514
1298880547 -8.61059 41.1513
1298880548 -8.61067 41.1512
1298880549 -8.61074 41.1511
1298880550 -8.6108 41.151
1298880551 -8.61086 41.1509
1298880552 -8.61089 41.1508
1298880553 -8.61092 41.1508
1298880554 -8.61094 41.1507
1298880555 -8.61094 41.1506
1298880556 -8.61094 41.1506
1298880557 -8.61093 41.1506
1298880558 -8.61093 41.1505
1298880559 -8.61093 41.1505
1298880560 -8.61093 41.1505
1298880561 -8.61093 41.1505
1298880562 -8.61093 41.1505
1298880563 -8.61093 41.1505
1298880564 -8.61092 41.1505
1298880565 -8.61092 41.1505
1298880566 -8.61092 41.1505
1298880567 -8.61092 41.1505
1298880568 -8.61091 41.1505
1298880569 -8.61091 41.1505
1298880570 -8.61091 41.1505
1298880571 -8.61091 41.1505
1298880572 -8.61091 41.1505
1298880573 -8.61091 41.1505
1298880574 -8.61091 41.1505
1298880575 -8.61091 41.1505
1298880576 -8.61091 41.1505
1298880577 -8.61091 41.1505
1298880578 -8.61091 41.1505
1298880579 -8.61091 41.1505
1298880580 -8.6109 41.1505
1298880581 -8.6109 41.1504
1298880582 -8.61092 41.1504
1298880583 -8.61095 41.1503
1298880584 -8.61098 41.1503
1298880585 -8.61102 41.1502
1298880586 -8.61106 41.1502
1298880587 -8.6111 41.1501
1298880588 -8.61113 41.1501
1298880589 -8.61116 41.15
1298880590 -8.61117 41.15
1298880591 -8.61119 41.15
1298880592 -8.61123 41.1499
1298880593 -8.61125 41.1499
1298880594 -8.61127 41.1498
1298880595 -8.61128 41.1498
1298880596 -8.61129 41.1497
1298880597 -8.61129 41.1497
1298880598 -8.61128 41.1496
1298880599 -8.61128 41.1495
1298880600 -8.61128 41.1495
1298880601 -8.61128 41.1494
1298880602 -8.61126 41.1494
1298880603 -8.61125 41.1493
1298880604 -8.61125 41.1493
1298880605 -8.61124 41.1492
1298880606 -8.61123 41.1492
1298880607 -8.61123 41.1491
1298880608 -8.61123 41.149
1298880609 -8.61123 41.149
1298880610 -8.61124 41.149
1298880611 -8.61124 41.1489
1298880612 -8.61124 41.1489
1298880613 -8.61125 41.1489
1298880614 -8.61125 41.1489
1298880615 -8.61125 41.1489
1298880616 -8.61125 41.1489
1298880617 -8.61125 41.1489
1298880618 -8.61125 41.1489
1298880619 -8.61125 41.1489
1298880620 -8.61125 41.1489
1298880621 -8.61125 41.1489
1298880622 -8.61125 41.1489
1298880623 -8.61125 41.1489
1298880624 -8.61125 41.1489
1298880625 -8.61125 41.1489
1298880626 -8.61125 41.1489
1298880627 -8.61125 41.1489
1298880628 -8.61125 41.1489
1298880629 -8.61125 41.1489
1298880630 -8.61125 41.1489
1298880631 -8.61125 41.1489
1298880632 -8.61125 41.1489
1298880633 -8.61125 41.1489
1298880634 -8.61125 41.1489
1298880635 -8.61125 41.1489
1298880636 -8.61125 41.1489
1298880637 -8.61125 41.1489
1298880638 -8.61125 41.1489
1298880639 -8.61125 41.1489
1298880640 -8.61125 41.1489
1298880641 -8.61125 41.1489
1298880642 -8.61125 41.1489
1298880643 -8.61125 41.1489
1298880644 -8.61125 41.1489
1298880645 -8.61125 41.1489
1298880646 -8.61125 41.1489
1298880647 -8.61125 41.1489
1298880648 -8.61125 41.1489
1298880649 -8.61125 41.1489
1298880650 -8.61125 41.1489
1298880651 -8.61125 41.1489
1298880652 -8.61125 41.1489
1298880653 -8.61125 41.1489
1298880654 -8.61125 41.1489
1298880655 -8.61126 41.1489
1298880656 -8.61126 41.1489
1298880657 -8.61126 41.1489
1298880658 -8.61126 41.1489
1298880659 -8.61126 41.1489
1298880660 -8.61126 41.1489
1298880661 -8.61127 41.1489
1298880662 -8.61127 41.1489
1298880663 -8.61127 41.1489
1298880664 -8.61127 41.1489
1298880665 -8.61127 41.1489
1298880666 -8.61127 41.1489
1298880667 -8.61128 41.1489
1298880668 -8.61128 41.1489
1298880669 -8.61128 41.1488
1298880670 -8.61128 41.1488
1298880671 -8.61128 41.1488
1298880672 -8.61128 41.1488
1298880673 -8.61129 41.1488
1298880674 -8.61129 41.1488
1298880675 -8.61129 41.1488
1298880676 -8.61129 41.1488
1298880677 -8.61129 41.1488
1298880678 -8.61129 41.1488
1298880679 -8.61129 41.1488
1298880680 -8.61129 41.1488
1298880681 -8.61129 41.1488
1298880682 -8.61129 41.1488
1298880683 -8.61129 41.1488
1298880684 -8.61129 41.1488
1298880685 -8.6113 41.1488
1298880686 -8.6113 41.1488
1298880687 -8.6113 41.1488
1298880688 -8.6113 41.1488
1298880689 -8.6113 41.1488
1298880690 -8.61129 41.1488
1298880691 -8.61129 41.1488
1298880692 -8.61129 41.1488
1298880693 -8.61129 41.1488
1298880694 -8.61129 41.1488
1298880695 -8.61129 41.1488
1298880696 -8.61128 41.1488
1298880697 -8.61128 41.1488
1298880698 -8.61128 41.1488
1298880699 -8.61128 41.1488
1298880700 -8.61127 41.1488
1298880701 -8.61127 41.1488
1298880702 -8.61127 41.1488
1298880703 -8.61127 41.1488
1298880704 -8.61127 41.1487
1298880705 -8.61126 41.1487
1298880706 -8.61125 41.1487
1298880707 -8.61125 41.1487
1298880708 -8.61124 41.1487
1298880709 -8.61124 41.1486
1298880710 -8.61123 41.1486
1298880711 -8.61122 41.1486
1298880712 -8.61122 41.1485
1298880713 -8.61121 41.1485
1298880714 -8.61121 41.1484
1298880715 -8.61121 41.1483
1298880716 -8.61121 41.1482
1298880717 -8.61122 41.1481
1298880718 -8.61123 41.148
1298880719 -8.61125 41.148
1298880720 -8.61126 41.1479
1298880721 -8.61127 41.1478
1298880722 -8.61129 41.1477
1298880723 -8.61131 41.1476
1298880724 -8.61133 41.1475
1298880725 -8.61134 41.1474
1298880726 -8.61135 41.1473
1298880727 -8.61137 41.1472
1298880728 -8.61139 41.1472
1298880729 -8.6114 41.1471
1298880730 -8.61141 41.1471
1298880731 -8.61142 41.147
1298880732 -8.61141 41.147
1298880733 -8.6114 41.147
1298880734 -8.61137 41.1469
1298880735 -8.61134 41.1469
1298880736 -8.61128 41.1469
1298880737 -8.61124 41.1469
1298880738 -8.61118 41.1469
1298880739 -8.61114 41.147
1298880740 -8.61111 41.147
1298880741 -8.61108 41.1471
1298880742 -8.61107 41.1472
1298880743 -8.61106 41.1472
1298880744 -8.61105 41.1473
1298880745 -8.61104 41.1474
1298880746 -8.61102 41.1474
1298880747 -8.611 41.1475
1298880748 -8.61099 41.1476
1298880749 -8.61098 41.1476
1298880750 -8.61098 41.1476
1298880751 -8.61098 41.1476
1298880752 -8.61098 41.1476
1298880753 -8.61098 41.1476
1298880754 -8.61098 41.1476
1298880755 -8.61098 41.1476
1298880756 -8.61097 41.1476
1298880757 -8.61097 41.1476
1298880758 -8.61097 41.1476
1298880759 -8.61097 41.1477
1298880760 -8.61097 41.1477
1298880761 -8.61097 41.1478
1298880762 -8.61096 41.1478
1298880763 -8.61095 41.1479
1298880764 -8.61094 41.1479
1298880765 -8.61092 41.148
1298880766 -8.61091 41.1481
1298880767 -8.61088 41.1481
1298880768 -8.61086 41.1482
1298880769 -8.61083 41.1483
1298880770 -8.6108 41.1484
1298880771 -8.61078 41.1485
1298880772 -8.61075 41.1486
1298880773 -8.61072 41.1486
1298880774 -8.6107 41.1487
1298880775 -8.61066 41.1488
1298880776 -8.61062 41.1489
1298880777 -8.61057 41.149
1298880778 -8.61053 41.149
1298880779 -8.61046 41.1491
1298880780 -8.61038 41.1491
1298880781 -8.61028 41.1492
1298880782 -8.61018 41.1492
1298880783 -8.61007 41.1492
1298880784 -8.60996 41.1492
1298880785 -8.60984 41.1492
1298880786 -8.60973 41.1492
1298880787 -8.60963 41.1492
1298880788 -8.60954 41.1491
1298880789 -8.60945 41.1491
1298880790 -8.60936 41.1491
1298880791 -8.60927 41.1491
1298880792 -8.60918 41.149
1298880793 -8.60909 41.149
1298880794 -8.60899 41.1489
1298880795 -8.60888 41.1489
1298880796 -8.60877 41.1489
1298880797 -8.60865 41.1488
1298880798 -8.60854 41.1488
1298880799 -8.60844 41.1488
1298880800 -8.60835 41.1488
1298880801 -8.60829 41.1487
1298880802 -8.60825 41.1487
1298880803 -8.60822 41.1487
1298880804 -8.6082 41.1487
1298880805 -8.6082 41.1487
1298880806 -8.60819 41.1487
1298880807 -8.60819 41.1487
1298880808 -8.60819 41.1487
1298880809 -8.60819 41.1487
1298880810 -8.60819 41.1487
1298880811 -8.60819 41.1487
1298880812 -8.60819 41.1487
1298880813 -8.60819 41.1487
1298880814 -8.60819 41.1487
1298880815 -8.60819 41.1487
1298880816 -8.60819 41.1487
1298880817 -8.60819 41.1487
1298880818 -8.60819 41.1487
1298880819 -8.60819 41.1487
1298880820 -8.60819 41.1488
1298880821 -8.60819 41.1488
1298880822 -8.60819 41.1488
1298880823 -8.60818 41.1488
1298880824 -8.60818 41.1488
1298880825 -8.60818 41.1488
1298880826 -8.60817 41.1488
1298880827 -8.60817 41.1488
1298880828 -8.60817 41.1488
1298880829 -8.60817 41.1488
1298880830 -8.60816 41.1488
1298880831 -8.60816 41.1488
1298880832 -8.60816 41.1488
1298880833 -8.60816 41.1488
1298880834 -8.60815 41.1488
1298880835 -8.60815 41.1488
1298880836 -8.60815 41.1488
1298880837 -8.60815 41.1488
1298880838 -8.60815 41.1488
1298880839 -8.60814 41.1488
1298880840 -8.60814 41.1488
1298880841 -8.60813 41.1488
1298880842 -8.60811 41.1488
1298880843 -8.60808 41.1488
1298880844 -8.60802 41.1488
1298880845 -8.60798 41.1488
1298880846 -8.60792 41.1487
1298880847 -8.60786 41.1487
1298880848 -8.6078 41.1487
1298880849 -8.60775 41.1487
1298880850 -8.60772 41.1487
1298880851 -8.60767 41.1487
1298880852 -8.60762 41.1486
1298880853 -8.60755 41.1486
1298880854 -8.60749 41.1486
1298880855 -8.60742 41.1486
1298880856 -8.60734 41.1486
1298880857 -8.60726 41.1486
1298880858 -8.60716 41.1485
1298880859 -8.60707 41.1485
1298880860 -8.60697 41.1485
1298880861 -8.60687 41.1485
1298880862 -8.60678 41.1484
1298880863 -8.60668 41.1484
1298880864 -8.60658 41.1484
1298880865 -8.60647 41.1483
1298880866 -8.60637 41.1483
1298880867 -8.60624 41.1483
1298880868 -8.60612 41.1482
1298880869 -8.60601 41.1482
1298880870 -8.60588 41.1481
1298880871 -8.60576 41.1481
1298880872 -8.60565 41.148
1298880873 -8.60553 41.148
1298880874 -8.60541 41.148
1298880875 -8.6053 41.148
1298880876 -8.60518 41.1479
1298880877 -8.60507 41.1479
1298880878 -8.60496 41.1478
1298880879 -8.60487 41.1478
1298880880 -8.60478 41.1478
1298880881 -8.60471 41.1478
1298880882 -8.60466 41.1478
1298880883 -8.60461 41.1478
1298880884 -8.60459 41.1478
1298880885 -8.60458 41.1478
1298880886 -8.60457 41.1478
1298880887 -8.60457 41.1478
1298880888 -8.60456 41.1478
1298880889 -8.60455 41.1478
1298880890 -8.60453 41.1478
1298880891 -8.6045 41.1478
1298880892 -8.60447 41.1478
1298880893 -8.60444 41.1478
1298880894 -8.60442 41.1478
1298880895 -8.60439 41.1478
1298880896 -8.60434 41.1478
1298880897 -8.60429 41.1478
1298880898 -8.60423 41.1478
1298880899 -8.60417 41.1477
1298880900 -8.60411 41.1477
1298880901 -8.60405 41.1477
1298880902 -8.60396 41.1476
1298880903 -8.60387 41.1476
1298880904 -8.60377 41.1476
1298880905 -8.60366 41.1476
1298880906 -8.60355 41.1476
1298880907 -8.60343 41.1476
1298880908 -8.60332 41.1475
1298880909 -8.6032 41.1475
1298880910 -8.60309 41.1475
1298880911 -8.60297 41.1474
1298880912 -8.60288 41.1474
1298880913 -8.60278 41.1474
1298880914 -8.60269 41.1474
1298880915 -8.60261 41.1473
1298880916 -8.60252 41.1473
1298880917 -8.60245 41.1473
1298880918 -8.60239 41.1473
1298880919 -8.60234 41.1472
1298880920 -8.60233 41.1472
1298880921 -8.60232 41.1472
1298880922 -8.60232 41.1472
1298880923 -8.60231 41.1472
1298880924 -8.60231 41.1472
1298880925 -8.60231 41.1473
1298880926 -8.6023 41.1473
1298880927 -8.6023 41.1473
1298880928 -8.6023 41.1473
1298880929 -8.6023 41.1473
1298880930 -8.6023 41.1473
1298880931 -8.6023 41.1473
1298880932 -8.6023 41.1473
1298880933 -8.60229 41.1473
1298880934 -8.60229 41.1473
1298880935 -8.60229 41.1473
1298880936 -8.60229 41.1473
1298880937 -8.60228 41.1473
1298880938 -8.60224 41.1472
1298880939 -8.60219 41.1472
1298880940 -8.60213 41.1472
1298880941 -8.60205 41.1472
1298880942 -8.60194 41.1472
1298880943 -8.60184 41.1472
1298880944 -8.60172 41.1472
1298880945 -8.6016 41.1473
1298880946 -8.60147 41.1473
1298880947 -8.60135 41.1473
1298880948 -8.60123 41.1473
1298880949 -8.60111 41.1474
1298880950 -8.601 41.1474
1298880951 -8.60089 41.1474
1298880952 -8.60079 41.1475
1298880953 -8.6007 41.1475
1298880954 -8.60061 41.1475
1298880955 -8.60052 41.1476
1298880956 -8.6004 41.1476
1298880957 -8.60029 41.1476
1298880958 -8.60018 41.1477
1298880959 -8.60006 41.1477
1298880960 -8.59995 41.1478
1298880961 -8.59981 41.1478
1298880962 -8.59967 41.1479
1298880963 -8.59955 41.1479
1298880964 -8.59943 41.148
1298880965 -8.59933 41.148
1298880966 -8.59926 41.148
1298880967 -8.59919 41.148
1298880968 -8.59913 41.148
1298880969 -8.5991 41.148
1298880970 -8.59909 41.148
1298880971 -8.59909 41.148
1298880972 -8.59909 41.148
1298880973 -8.59909 41.148
1298880974 -8.59909 41.148
1298880975 -8.59909 41.148
1298880976 -8.59909 41.148
1298880977 -8.59909 41.148
1298880978 -8.59909 41.1481
1298880979 -8.59909 41.1481
1298880980 -8.59909 41.1481
1298880981 -8.59909 41.1481
1298880982 -8.5991 41.1481
1298880983 -8.5991 41.1481
1298880984 -8.5991 41.1481
1298880985 -8.5991 41.1481
1298880986 -8.5991 41.1481
1298880987 -8.5991 41.1481
1298880988 -8.5991 41.1481
1298880989 -8.5991 41.1481
1298880990 -8.5991 41.1481
1298880991 -8.5991 41.1481
1298880992 -8.59908 41.1481
1298880993 -8.59903 41.1481
1298880994 -8.59899 41.1481
1298880995 -8.59892 41.1481
1298880996 -8.59886 41.1481
1298880997 -8.5988 41.1482
1298880998 -8.59873 41.1482
1298880999 -8.59867 41.1482
1298881000 -8.59861 41.1482
1298881001 -8.59856 41.1483
1298881002 -8.5985 41.1483
1298881003 -8.59846 41.1483
1298881004 -8.5984 41.1483
1298881005 -8.59835 41.1484
1298881006 -8.59829 41.1484
1298881007 -8.59824 41.1484
1298881008 -8.59819 41.1484
1298881009 -8.59814 41.1485
1298881010 -8.5981 41.1485
1298881011 -8.59803 41.1485
1298881012 -8.59797 41.1486
1298881013 -8.59791 41.1486
1298881014 -8.59784 41.1487
1298881015 -8.59777 41.1487
1298881016 -8.5977 41.1488
1298881017 -8.59763 41.1488
1298881018 -8.59756 41.1489
1298881019 -8.59748 41.1489
1298881020 -8.59739 41.149
1298881021 -8.59731 41.1491
1298881022 -8.59723 41.1491
1298881023 -8.59714 41.1492
1298881024 -8.59704 41.1492
1298881025 -8.59695 41.1493
1298881026 -8.59687 41.1493
1298881027 -8.5968 41.1494
1298881028 -8.59673 41.1494
1298881029 -8.59666 41.1495
1298881030 -8.59662 41.1495
1298881031 -8.5966 41.1495
1298881032 -8.59659 41.1495
1298881033 -8.59658 41.1495
1298881034 -8.59658 41.1495
1298881035 -8.59659 41.1495
1298881036 -8.59659 41.1495
1298881037 -8.59659 41.1495
1298881038 -8.59659 41.1495
1298881039 -8.59659 41.1495
1298881040 -8.59659 41.1495
1298881041 -8.59659 41.1495
1298881042 -8.59659 41.1495
1298881043 -8.59658 41.1495
1298881044 -8.59658 41.1495
1298881045 -8.59657 41.1495
1298881046 -8.59654 41.1495
1298881047 -8.59649 41.1496
1298881048 -8.59645 41.1496
1298881049 -8.5964 41.1496
1298881050 -8.59634 41.1497
1298881051 -8.59629 41.1497
1298881052 -8.59622 41.1497
1298881053 -8.59615 41.1498
1298881054 -8.5961 41.1498
1298881055 -8.59605 41.1498
1298881056 -8.59602 41.1499
1298881057 -8.59599 41.1499
1298881058 -8.59596 41.1499
1298881059 -8.59593 41.1499
1298881060 -8.5959 41.1499
1298881061 -8.59586 41.1499
1298881062 -8.59582 41.15
1298881063 -8.59578 41.15
1298881064 -8.59573 41.15
1298881065 -8.59567 41.15
1298881066 -8.59559 41.1501
1298881067 -8.59551 41.1501
1298881068 -8.59543 41.1502
1298881069 -8.59535 41.1502
1298881070 -8.59526 41.1503
1298881071 -8.59517 41.1503
1298881072 -8.59509 41.1503
1298881073 -8.59505 41.1504
1298881074 -8.59502 41.1504
1298881075 -8.59502 41.1504
1298881076 -8.59502 41.1504
1298881077 -8.59502 41.1504
1298881078 -8.59503 41.1504
1298881079 -8.59503 41.1504
1298881080 -8.59503 41.1504
1298881081 -8.59503 41.1504
1298881082 -8.59503 41.1504
1298881083 -8.59503 41.1504
1298881084 -8.59503 41.1504
1298881085 -8.59503 41.1504
1298881086 -8.59503 41.1504
1298881087 -8.59503 41.1504
1298881088 -8.59502 41.1504
1298881089 -8.59502 41.1504
1298881090 -8.59502 41.1504
1298881091 -8.59502 41.1504
1298881092 -8.59502 41.1504
1298881093 -8.59501 41.1504
1298881094 -8.59501 41.1504
1298881095 -8.59501 41.1504
1298881096 -8.59501 41.1504
1298881097 -8.59501 41.1504
1298881098 -8.59501 41.1504
1298881099 -8.59501 41.1504
1298881100 -8.59501 41.1504
1298881101 -8.59501 41.1504
1298881102 -8.595 41.1504
1298881103 -8.595 41.1504
1298881104 -8.595 41.1504
1298881105 -8.595 41.1504
1298881106 -8.595 41.1504
1298881107 -8.59499 41.1504
1298881108 -8.59499 41.1504
1298881109 -8.59499 41.1504
1298881110 -8.59499 41.1504
1298881111 -8.59498 41.1504
1298881112 -8.59498 41.1504
1298881113 -8.59498 41.1504
1298881114 -8.59498 41.1504
1298881115 -8.59497 41.1504
1298881116 -8.59497 41.1504
1298881117 -8.59497 41.1504
1298881118 -8.59496 41.1504
1298881119 -8.59496 41.1504
1298881120 -8.59496 41.1504
1298881121 -8.59496 41.1504
1298881122 -8.59496 41.1504
1298881123 -8.59496 41.1504
1298881124 -8.59496 41.1504
1298881125 -8.59496 41.1504
1298881126 -8.59496 41.1504
1298881127 -8.59494 41.1504
1298881128 -8.59492 41.1504
1298881129 -8.59489 41.1504
1298881130 -8.59486 41.1505
1298881131 -8.59483 41.1505
1298881132 -8.59482 41.1505
1298881133 -8.59481 41.1505
1298881134 -8.5948 41.1505
1298881135 -8.59479 41.1505
1298881136 -8.59478 41.1505
1298881137 -8.59478 41.1505
1298881138 -8.59478 41.1505
1298881139 -8.59478 41.1505
1298881140 -8.59478 41.1505
1298881141 -8.59478 41.1505
1298881142 -8.59477 41.1505
1298881143 -8.59475 41.1505
1298881144 -8.59473 41.1505
1298881145 -8.59469 41.1505
1298881146 -8.59467 41.1506
1298881147 -8.59462 41.1506
1298881148 -8.59459 41.1506
1298881149 -8.59454 41.1506
1298881150 -8.59449 41.1506
1298881151 -8.59444 41.1507
1298881152 -8.59439 41.1507
1298881153 -8.59432 41.1507
1298881154 -8.59424 41.1507
1298881155 -8.59417 41.1508
1298881156 -8.5941 41.1508
1298881157 -8.59403 41.1508
1298881158 -8.59397 41.1509
1298881159 -8.5939 41.1509
1298881160 -8.59385 41.1509
1298881161 -8.59376 41.1509
1298881162 -8.59365 41.1509
1298881163 -8.59353 41.1509
1298881164 -8.59342 41.151
1298881165 -8.59332 41.151
1298881166 -8.59321 41.151
1298881167 -8.59311 41.1511
1298881168 -8.59301 41.1511
1298881169 -8.59292 41.1511
1298881170 -8.59283 41.1512
1298881171 -8.59275 41.1512
1298881172 -8.59269 41.1513
1298881173 -8.59262 41.1514
1298881174 -8.59255 41.1515
1298881175 -8.59249 41.1515
1298881176 -8.59244 41.1516
1298881177 -8.59239 41.1517
1298881178 -8.59235 41.1518
1298881179 -8.59232 41.1518
1298881180 -8.59226 41.1519
1298881181 -8.59221 41.1521
1298881182 -8.59216 41.1521
1298881183 -8.59212 41.1522
1298881184 -8.59207 41.1523
1298881185 -8.59203 41.1524
1298881186 -8.59199 41.1525
1298881187 -8.59194 41.1526
1298881188 -8.59188 41.1527
1298881189 -8.59181 41.1527
1298881190 -8.59174 41.1528
1298881191 -8.59166 41.1529
1298881192 -8.59159 41.153
1298881193 -8.59152 41.153
1298881194 -8.59144 41.1531
1298881195 -8.59136 41.1532
1298881196 -8.59132 41.1533
1298881197 -8.59127 41.1533
1298881198 -8.59125 41.1534
1298881199 -8.59121 41.1534
1298881200 -8.59118 41.1535
