:break:
1298880046 -8.58039 41.1594
1298880047 -8.58043 41.1594
1298880048 -8.58047 41.1594
1298880049 -8.58049 41.1593
1298880050 -8.58048 41.1593
1298880051 -8.58046 41.1593
1298880052 -8.5804 41.1592
1298880053 -8.58034 41.1592
1298880054 -8.58028 41.1591
1298880055 -8.58021 41.1591
1298880056 -8.58015 41.159
1298880057 -8.58008 41.1589
1298880058 -8.58001 41.1588
1298880059 -8.57993 41.1588
1298880060 -8.57986 41.1587
1298880061 -8.5798 41.1587
1298880062 -8.57976 41.1587
1298880063 -8.57977 41.1586
1298880064 -8.57979 41.1585
1298880065 -8.57982 41.1584
1298880066 -8.57983 41.1582
1298880067 -8.57982 41.1581
1298880068 -8.57981 41.158
1298880069 -8.5798 41.1579
1298880070 -8.57979 41.1578
1298880071 -8.57979 41.1577
1298880072 -8.57979 41.1576
1298880073 -8.5798 41.1575
1298880074 -8.5798 41.1574
1298880075 -8.5798 41.1572
1298880076 -8.5798 41.1571
1298880077 -8.5798 41.157
1298880078 -8.57979 41.1569
1298880079 -8.57978 41.1568
1298880080 -8.57978 41.1567
1298880081 -8.57977 41.1566
1298880082 -8.57975 41.1566
1298880083 -8.57974 41.1565
1298880084 -8.57975 41.1564
1298880085 -8.57976 41.1564
1298880086 -8.57982 41.1563
1298880087 -8.57991 41.1563
1298880088 -8.58001 41.1563
1298880089 -8.58014 41.1563
1298880090 -8.58028 41.1563
1298880091 -8.58043 41.1563
1298880092 -8.58057 41.1563
1298880093 -8.58073 41.1563
1298880094 -8.58088 41.1562
1298880095 -8.58104 41.1562
1298880096 -8.58121 41.1562
1298880097 -8.58137 41.1562
1298880098 -8.58155 41.1562
1298880099 -8.58173 41.1562
1298880100 -8.5819 41.1562
1298880101 -8.58208 41.1562
1298880102 -8.58225 41.1562
1298880103 -8.58243 41.1562
1298880104 -8.58261 41.1561
1298880105 -8.58279 41.1561
1298880106 -8.58296 41.1561
1298880107 -8.58314 41.1561
1298880108 -8.58331 41.1561
1298880109 -8.58348 41.1561
1298880110 -8.58364 41.1561
1298880111 -8.5838 41.1561
1298880112 -8.58397 41.1561
1298880113 -8.58412 41.156
1298880114 -8.58427 41.156
1298880115 -8.58442 41.156
1298880116 -8.58455 41.156
1298880117 -8.58468 41.156
1298880118 -8.58478 41.1561
1298880119 -8.58488 41.1561
1298880120 -8.58497 41.1562
1298880121 -8.5851 41.1562
1298880122 -8.58524 41.1562
1298880123 -8.58541 41.1563
1298880124 -8.58559 41.1563
1298880125 -8.58577 41.1563
1298880126 -8.58596 41.1563
1298880127 -8.58615 41.1563
1298880128 -8.58635 41.1563
1298880129 -8.58656 41.1563
1298880130 -8.58677 41.1563
1298880131 -8.58698 41.1563
1298880132 -8.58721 41.1563
1298880133 -8.58743 41.1563
1298880134 -8.58765 41.1563
1298880135 -8.58786 41.1563
1298880136 -8.58807 41.1563
1298880137 -8.58828 41.1563
1298880138 -8.58848 41.1563
1298880139 -8.58866 41.1563
1298880140 -8.58882 41.1563
1298880141 -8.58896 41.1563
1298880142 -8.58909 41.1563
1298880143 -8.5892 41.1563
1298880144 -8.58931 41.1563
1298880145 -8.58943 41.1563
1298880146 -8.58954 41.1563
1298880147 -8.58964 41.1563
1298880148 -8.58974 41.1563
1298880149 -8.58982 41.1563
1298880150 -8.58993 41.1563
1298880151 -8.59004 41.1563
1298880152 -8.59016 41.1563
1298880153 -8.59028 41.1563
1298880154 -8.5904 41.1563
1298880155 -8.59053 41.1563
1298880156 -8.59065 41.1563
1298880157 -8.59078 41.1563
1298880158 -8.5909 41.1563
1298880159 -8.59102 41.1563
1298880160 -8.5911 41.1563
1298880161 -8.59116 41.1563
1298880162 -8.59117 41.1563
1298880163 -8.59118 41.1563
1298880164 -8.59119 41.1563
1298880165 -8.5912 41.1563
1298880166 -8.59123 41.1563
1298880167 -8.59127 41.1563
1298880168 -8.59133 41.1563
1298880169 -8.59138 41.1563
1298880170 -8.59145 41.1563
1298880171 -8.59154 41.1563
1298880172 -8.59163 41.1563
1298880173 -8.59176 41.1563
1298880174 -8.59188 41.1563
1298880175 -8.592 41.1563
1298880176 -8.59213 41.1563
1298880177 -8.59225 41.1563
1298880178 -8.59239 41.1562
1298880179 -8.59254 41.1562
1298880180 -8.5927 41.1562
1298880181 -8.59285 41.1562
1298880182 -8.593 41.1562
1298880183 -8.59315 41.1562
1298880184 -8.59328 41.1561
1298880185 -8.5934 41.1561
1298880186 -8.59352 41.1561
1298880187 -8.59364 41.1561
1298880188 -8.59375 41.1561
1298880189 -8.59385 41.156
1298880190 -8.59394 41.156
1298880191 -8.59405 41.1561
1298880192 -8.59417 41.1561
1298880193 -8.5943 41.1562
1298880194 -8.59442 41.1562
1298880195 -8.59453 41.1562
1298880196 -8.59461 41.1563
1298880197 -8.59467 41.1562
1298880198 -8.59472 41.1562
1298880199 -8.59479 41.1561
1298880200 -8.59486 41.156
1298880201 -8.5949 41.1559
1298880202 -8.59494 41.1559
1298880203 -8.595 41.1558
1298880204 -8.59505 41.1557
1298880205 -8.5951 41.1556
1298880206 -8.59514 41.1555
1298880207 -8.59518 41.1554
1298880208 -8.59522 41.1553
1298880209 -8.59526 41.1553
1298880210 -8.59531 41.1552
1298880211 -8.59538 41.1551
1298880212 -8.59544 41.155
1298880213 -8.59551 41.1549
1298880214 -8.59559 41.1548
1298880215 -8.59565 41.1547
1298880216 -8.59571 41.1546
1298880217 -8.59577 41.1545
1298880218 -8.59583 41.1544
1298880219 -8.59589 41.1543
1298880220 -8.59595 41.1542
1298880221 -8.59601 41.1541
1298880222 -8.59607 41.1539
1298880223 -8.59614 41.1538
1298880224 -8.59622 41.1537
1298880225 -8.59629 41.1536
1298880226 -8.59635 41.1534
1298880227 -8.59642 41.1533
1298880228 -8.59649 41.1532
1298880229 -8.59656 41.1531
1298880230 -8.59663 41.153
1298880231 -8.5967 41.1528
1298880232 -8.59677 41.1527
1298880233 -8.59686 41.1526
1298880234 -8.59694 41.1524
1298880235 -8.59701 41.1523
1298880236 -8.59708 41.1522
1298880237 -8.59716 41.1521
1298880238 -8.59724 41.1519
1298880239 -8.59732 41.1518
1298880240 -8.59739 41.1517
1298880241 -8.59746 41.1516
1298880242 -8.59753 41.1514
1298880243 -8.5976 41.1513
1298880244 -8.59767 41.1512
1298880245 -8.59774 41.151
1298880246 -8.59782 41.1509
1298880247 -8.59789 41.1508
1298880248 -8.59797 41.1507
1298880249 -8.59804 41.1506
1298880250 -8.59811 41.1505
1298880251 -8.5982 41.1503
1298880252 -8.59831 41.1502
1298880253 -8.59842 41.1502
1298880254 -8.59855 41.1501
1298880255 -8.59867 41.15
1298880256 -8.5988 41.1499
1298880257 -8.59893 41.1498
1298880258 -8.59906 41.1497
1298880259 -8.59918 41.1496
1298880260 -8.59928 41.1496
1298880261 -8.59937 41.1495
1298880262 -8.59948 41.1495
1298880263 -8.5996 41.1495
1298880264 -8.59972 41.1494
1298880265 -8.59983 41.1494
1298880266 -8.59993 41.1494
1298880267 -8.60003 41.1494
1298880268 -8.60012 41.1494
1298880269 -8.60019 41.1494
1298880270 -8.60025 41.1494
1298880271 -8.60027 41.1494
1298880272 -8.60027 41.1494
1298880273 -8.60027 41.1494
1298880274 -8.60027 41.1494
1298880275 -8.60026 41.1494
1298880276 -8.60027 41.1494
1298880277 -8.60027 41.1494
1298880278 -8.60027 41.1494
1298880279 -8.60027 41.1494
1298880280 -8.60027 41.1494
1298880281 -8.60026 41.1494
1298880282 -8.60026 41.1494
1298880283 -8.60025 41.1494
1298880284 -8.60025 41.1494
1298880285 -8.60024 41.1494
1298880286 -8.60025 41.1494
1298880287 -8.60025 41.1494
1298880288 -8.60027 41.1494
1298880289 -8.60028 41.1494
1298880290 -8.6003 41.1494
1298880291 -8.60031 41.1494
1298880292 -8.60032 41.1494
1298880293 -8.60033 41.1494
1298880294 -8.60034 41.1494
1298880295 -8.60034 41.1494
1298880296 -8.60034 41.1494
1298880297 -8.60035 41.1494
1298880298 -8.60036 41.1494
1298880299 -8.60036 41.1494
1298880300 -8.60036 41.1494
1298880301 -8.60036 41.1494
1298880302 -8.60037 41.1494
1298880303 -8.60038 41.1494
1298880304 -8.60038 41.1494
1298880305 -8.60039 41.1494
1298880306 -8.60039 41.1494
1298880307 -8.60039 41.1494
1298880308 -8.6004 41.1494
1298880309 -8.6004 41.1494
1298880310 -8.6004 41.1494
1298880311 -8.60041 41.1494
1298880312 -8.60043 41.1494
1298880313 -8.60045 41.1494
1298880314 -8.60047 41.1493
1298880315 -8.60047 41.1493
1298880316 -8.60047 41.1492
1298880317 -8.60049 41.1492
1298880318 -8.60049 41.1491
1298880319 -8.60052 41.149
1298880320 -8.60053 41.149
1298880321 -8.60054 41.1489
1298880322 -8.60054 41.1488
1298880323 -8.60055 41.1488
1298880324 -8.60057 41.1488
1298880325 -8.6006 41.1488
1298880326 -8.60063 41.1488
1298880327 -8.60065 41.1488
1298880328 -8.60069 41.1488
1298880329 -8.60073 41.1488
1298880330 -8.60079 41.1488
1298880331 -8.60084 41.1488
1298880332 -8.60089 41.1488
1298880333 -8.60094 41.1488
1298880334 -8.60101 41.1488
1298880335 -8.60108 41.1489
1298880336 -8.60116 41.1489
1298880337 -8.60123 41.1489
1298880338 -8.60131 41.1489
1298880339 -8.60139 41.1489
1298880340 -8.60144 41.1489
1298880341 -8.60147 41.1489
1298880342 -8.60148 41.1489
1298880343 -8.60148 41.1489
1298880344 -8.60148 41.1489
1298880345 -8.60149 41.1489
1298880346 -8.6015 41.149
1298880347 -8.60151 41.149
1298880348 -8.60153 41.149
1298880349 -8.60156 41.149
1298880350 -8.60162 41.149
1298880351 -8.60168 41.149
1298880352 -8.60174 41.149
1298880353 -8.60182 41.149
1298880354 -8.60192 41.1491
1298880355 -8.60204 41.1491
1298880356 -8.60217 41.1491
1298880357 -8.6023 41.1491
1298880358 -8.60242 41.1491
1298880359 -8.60253 41.1492
1298880360 -8.60264 41.1492
1298880361 -8.6027 41.1493
1298880362 -8.60278 41.1493
1298880363 -8.60286 41.1493
1298880364 -8.60292 41.1494
1298880365 -8.60297 41.1494
1298880366 -8.60304 41.1494
1298880367 -8.6031 41.1494
1298880368 -8.60318 41.1494
1298880369 -8.60326 41.1495
1298880370 -8.60336 41.1495
1298880371 -8.60346 41.1495
1298880372 -8.60356 41.1495
1298880373 -8.60365 41.1495
1298880374 -8.60372 41.1495
1298880375 -8.60378 41.1496
1298880376 -8.60387 41.1496
1298880377 -8.60394 41.1496
1298880378 -8.60403 41.1497
1298880379 -8.60411 41.1497
1298880380 -8.60422 41.1497
1298880381 -8.60434 41.1498
1298880382 -8.60446 41.1498
1298880383 -8.60457 41.1498
1298880384 -8.60468 41.1499
1298880385 -8.6048 41.1498
1298880386 -8.6049 41.1498
1298880387 -8.60502 41.1499
1298880388 -8.60512 41.1499
1298880389 -8.60522 41.1499
1298880390 -8.60531 41.1499
1298880391 -8.60541 41.1499
1298880392 -8.60548 41.1499
1298880393 -8.60555 41.1499
1298880394 -8.60566 41.15
1298880395 -8.60575 41.15
1298880396 -8.60585 41.15
1298880397 -8.60594 41.15
1298880398 -8.60605 41.1501
1298880399 -8.60614 41.1501
1298880400 -8.60623 41.1501
1298880401 -8.60633 41.1501
1298880402 -8.60643 41.1502
1298880403 -8.60653 41.1502
1298880404 -8.60662 41.1502
1298880405 -8.60667 41.1502
1298880406 -8.60672 41.1502
1298880407 -8.60675 41.1502
1298880408 -8.60676 41.1502
1298880409 -8.60678 41.1502
1298880410 -8.6068 41.1502
1298880411 -8.60682 41.1502
1298880412 -8.60684 41.1502
1298880413 -8.60685 41.1502
1298880414 -8.60687 41.1502
1298880415 -8.60688 41.1502
1298880416 -8.60689 41.1502
1298880417 -8.6069 41.1502
1298880418 -8.6069 41.1502
1298880419 -8.60691 41.1502
1298880420 -8.60693 41.1502
1298880421 -8.60693 41.1502
1298880422 -8.60693 41.1502
1298880423 -8.60694 41.1501
1298880424 -8.60694 41.1501
1298880425 -8.60695 41.1501
1298880426 -8.60695 41.1501
1298880427 -8.60695 41.1501
1298880428 -8.60695 41.1502
1298880429 -8.60695 41.1502
1298880430 -8.60695 41.1502
1298880431 -8.60695 41.1502
1298880432 -8.60695 41.1502
1298880433 -8.60696 41.1502
1298880434 -8.60696 41.1502
1298880435 -8.60696 41.1502
1298880436 -8.60697 41.1501
1298880437 -8.60697 41.1501
1298880438 -8.60697 41.1501
1298880439 -8.60697 41.1501
1298880440 -8.60698 41.1501
1298880441 -8.60698 41.1501
1298880442 -8.60698 41.1501
1298880443 -8.60699 41.1501
1298880444 -8.60699 41.1501
1298880445 -8.60699 41.1501
1298880446 -8.60699 41.1501
1298880447 -8.60699 41.1501
1298880448 -8.607 41.1501
1298880449 -8.607 41.1501
1298880450 -8.607 41.1501
1298880451 -8.607 41.1501
1298880452 -8.60701 41.1501
1298880453 -8.60701 41.1501
1298880454 -8.60701 41.1501
1298880455 -8.60702 41.1501
1298880456 -8.60702 41.1501
1298880457 -8.60702 41.1501
1298880458 -8.60704 41.1502
1298880459 -8.60709 41.1502
1298880460 -8.60714 41.1502
1298880461 -8.60721 41.1501
1298880462 -8.60727 41.1501
1298880463 -8.6073 41.15
1298880464 -8.60734 41.1499
1298880465 -8.6074 41.1498
1298880466 -8.60746 41.1497
1298880467 -8.60752 41.1496
1298880468 -8.60758 41.1494
1298880469 -8.60763 41.1493
1298880470 -8.60768 41.1492
1298880471 -8.60773 41.1491
1298880472 -8.60779 41.149
1298880473 -8.60783 41.1489
1298880474 -8.60789 41.1488
1298880475 -8.60796 41.1487
1298880476 -8.60804 41.1487
1298880477 -8.60812 41.1486
1298880478 -8.60818 41.1485
1298880479 -8.60825 41.1483
1298880480 -8.60832 41.1482
1298880481 -8.60841 41.1481
1298880482 -8.60849 41.148
1298880483 -8.60858 41.1478
1298880484 -8.60865 41.1477
1298880485 -8.60868 41.1476
1298880486 -8.60873 41.1476
1298880487 -8.60881 41.1475
1298880488 -8.60887 41.1476
1298880489 -8.60891 41.1476
1298880490 -8.609 41.1476
1298880491 -8.60909 41.1476
1298880492 -8.60918 41.1477
1298880493 -8.60928 41.1477
1298880494 -8.60937 41.1477
1298880495 -8.60946 41.1477
1298880496 -8.60955 41.1477
1298880497 -8.60962 41.1478
1298880498 -8.60971 41.1478
1298880499 -8.6098 41.1479
1298880500 -8.60986 41.1479
1298880501 -8.6099 41.1479
1298880502 -8.60993 41.1479
1298880503 -8.60994 41.1479
1298880504 -8.60994 41.1479
1298880505 -8.60995 41.1479
1298880506 -8.60996 41.1479
1298880507 -8.60998 41.1479
1298880508 -8.61001 41.1479
1298880509 -8.61006 41.1479
1298880510 -8.61011 41.1479
1298880511 -8.61017 41.1479
1298880512 -8.61022 41.1479
1298880513 -8.61028 41.1479
1298880514 -8.61035 41.148
1298880515 -8.61044 41.148
1298880516 -8.61053 41.148
1298880517 -8.61063 41.148
1298880518 -8.61073 41.148
1298880519 -8.61081 41.148
1298880520 -8.61093 41.148
1298880521 -8.61104 41.148
1298880522 -8.61116 41.148
1298880523 -8.61126 41.148
1298880524 -8.61135 41.148
1298880525 -8.61143 41.148
1298880526 -8.61149 41.148
1298880527 -8.61154 41.148
1298880528 -8.61158 41.148
1298880529 -8.61162 41.148
1298880530 -8.61167 41.148
1298880531 -8.61172 41.148
1298880532 -8.61179 41.148
1298880533 -8.61187 41.148
1298880534 -8.61195 41.1481
1298880535 -8.61205 41.1481
1298880536 -8.61214 41.1481
1298880537 -8.61226 41.1481
1298880538 -8.61238 41.1481
1298880539 -8.61251 41.1482
1298880540 -8.61264 41.1482
1298880541 -8.6128 41.1483
1298880542 -8.61299 41.1483
1298880543 -8.61318 41.1484
:break:
1298880582 -8.62121 41.1475
1298880583 -8.6214 41.1475
1298880584 -8.62152 41.1475
1298880585 -8.62166 41.1475
1298880586 -8.62179 41.1475
1298880587 -8.62191 41.1475
1298880588 -8.62204 41.1476
1298880589 -8.62216 41.1476
1298880590 -8.6223 41.1476
1298880591 -8.62244 41.1477
1298880592 -8.62259 41.1477
1298880593 -8.62273 41.1478
1298880594 -8.62287 41.1478
1298880595 -8.62302 41.1479
1298880596 -8.62317 41.1479
1298880597 -8.62333 41.1479
1298880598 -8.62349 41.148
1298880599 -8.62364 41.148
1298880600 -8.62378 41.1481
1298880601 -8.62392 41.1481
1298880602 -8.62404 41.1481
1298880603 -8.62417 41.1482
1298880604 -8.62429 41.1482
1298880605 -8.62441 41.1483
1298880606 -8.62454 41.1483
1298880607 -8.62467 41.1483
1298880608 -8.62479 41.1484
1298880609 -8.62489 41.1484
1298880610 -8.62495 41.1485
1298880611 -8.62501 41.1485
1298880612 -8.62504 41.1485
1298880613 -8.62507 41.1485
1298880614 -8.62509 41.1485
1298880615 -8.62512 41.1485
1298880616 -8.62518 41.1486
1298880617 -8.62525 41.1486
1298880618 -8.62532 41.1486
1298880619 -8.62538 41.1487
1298880620 -8.62543 41.1488
1298880621 -8.62547 41.1489
1298880622 -8.6255 41.149
1298880623 -8.62552 41.1491
1298880624 -8.62554 41.1493
1298880625 -8.62556 41.1494
1298880626 -8.6256 41.1495
1298880627 -8.62565 41.1497
1298880628 -8.62568 41.1498
1298880629 -8.62573 41.15
1298880630 -8.62577 41.1501
1298880631 -8.62582 41.1503
1298880632 -8.62585 41.1505
1298880633 -8.6259 41.1506
1298880634 -8.62592 41.1508
1298880635 -8.62593 41.1509
1298880636 -8.62592 41.1511
1298880637 -8.62589 41.1512
1298880638 -8.62586 41.1513
1298880639 -8.62585 41.1514
1298880640 -8.62587 41.1515
1298880641 -8.6259 41.1517
1298880642 -8.62592 41.1518
1298880643 -8.62595 41.1519
1298880644 -8.626 41.1521
1298880645 -8.62603 41.1522
1298880646 -8.62608 41.1523
1298880647 -8.62612 41.1525
1298880648 -8.62616 41.1526
1298880649 -8.62619 41.1526
1298880650 -8.62625 41.1527
1298880651 -8.62632 41.1527
1298880652 -8.6264 41.1527
1298880653 -8.62648 41.1527
1298880654 -8.62658 41.1527
1298880655 -8.62667 41.1526
1298880656 -8.62674 41.1526
1298880657 -8.62681 41.1526
1298880658 -8.62685 41.1526
1298880659 -8.62688 41.1526
1298880660 -8.62691 41.1526
1298880661 -8.62692 41.1526
1298880662 -8.62694 41.1526
1298880663 -8.62697 41.1525
1298880664 -8.62701 41.1525
1298880665 -8.62706 41.1525
1298880666 -8.62709 41.1525
1298880667 -8.62714 41.1525
1298880668 -8.62722 41.1525
1298880669 -8.62731 41.1525
1298880670 -8.62739 41.1525
1298880671 -8.62747 41.1525
1298880672 -8.62756 41.1525
1298880673 -8.62765 41.1525
1298880674 -8.62774 41.1526
1298880675 -8.62781 41.1526
1298880676 -8.62788 41.1526
1298880677 -8.62794 41.1526
1298880678 -8.62799 41.1526
1298880679 -8.62803 41.1526
1298880680 -8.62807 41.1526
1298880681 -8.62809 41.1526
1298880682 -8.62811 41.1526
1298880683 -8.62812 41.1526
1298880684 -8.62813 41.1526
1298880685 -8.62814 41.1526
1298880686 -8.62814 41.1526
1298880687 -8.62814 41.1526
1298880688 -8.62814 41.1526
1298880689 -8.62815 41.1526
1298880690 -8.62815 41.1526
1298880691 -8.62815 41.1526
1298880692 -8.62815 41.1526
1298880693 -8.62815 41.1526
1298880694 -8.62814 41.1526
1298880695 -8.62814 41.1526
1298880696 -8.62814 41.1526
1298880697 -8.62814 41.1526
1298880698 -8.62814 41.1526
1298880699 -8.62815 41.1526
1298880700 -8.62815 41.1526
1298880701 -8.62815 41.1526
1298880702 -8.62815 41.1526
1298880703 -8.62815 41.1526
1298880704 -8.62814 41.1526
1298880705 -8.62814 41.1526
1298880706 -8.62814 41.1526
1298880707 -8.62814 41.1526
1298880708 -8.62814 41.1526
1298880709 -8.62814 41.1526
1298880710 -8.62814 41.1526
1298880711 -8.62814 41.1526
1298880712 -8.62815 41.1526
1298880713 -8.62815 41.1526
1298880714 -8.62815 41.1526
1298880715 -8.62815 41.1526
1298880716 -8.62815 41.1526
1298880717 -8.62815 41.1526
1298880718 -8.62815 41.1526
1298880719 -8.62815 41.1526
1298880720 -8.62815 41.1526
1298880721 -8.62816 41.1526
1298880722 -8.62816 41.1526
1298880723 -8.62816 41.1526
1298880724 -8.62817 41.1525
1298880725 -8.62817 41.1525
1298880726 -8.62817 41.1525
1298880727 -8.62817 41.1525
1298880728 -8.62817 41.1525
1298880729 -8.62816 41.1526
1298880730 -8.62816 41.1526
1298880731 -8.62816 41.1526
1298880732 -8.62816 41.1526
1298880733 -8.62816 41.1526
1298880734 -8.62817 41.1526
1298880735 -8.62817 41.1526
1298880736 -8.62818 41.1526
1298880737 -8.62818 41.1526
1298880738 -8.62817 41.1526
1298880739 -8.62816 41.1526
1298880740 -8.62814 41.1526
1298880741 -8.6281 41.1526
1298880742 -8.62807 41.1526
1298880743 -8.62803 41.1526
1298880744 -8.628 41.1526
1298880745 -8.62799 41.1527
1298880746 -8.62797 41.1527
1298880747 -8.62794 41.1527
1298880748 -8.6279 41.1528
1298880749 -8.62785 41.1528
1298880750 -8.62781 41.1527
1298880751 -8.62777 41.1527
1298880752 -8.62772 41.1527
1298880753 -8.62765 41.1527
1298880754 -8.6276 41.1527
1298880755 -8.62753 41.1528
1298880756 -8.62749 41.1528
1298880757 -8.62745 41.1528
1298880758 -8.62744 41.1528
1298880759 -8.62744 41.1528
1298880760 -8.62746 41.1529
1298880761 -8.62749 41.1529
1298880762 -8.62751 41.1529
1298880763 -8.62753 41.1528
1298880764 -8.62754 41.1528
1298880765 -8.62754 41.1528
1298880766 -8.62754 41.1528
1298880767 -8.62753 41.1528
1298880768 -8.62752 41.1528
1298880769 -8.62751 41.1528
1298880770 -8.6275 41.1528
1298880771 -8.62749 41.1528
1298880772 -8.62749 41.1528
1298880773 -8.62748 41.1528
1298880774 -8.62749 41.1528
1298880775 -8.62749 41.1529
1298880776 -8.62749 41.1529
1298880777 -8.62749 41.1529
1298880778 -8.62749 41.1529
1298880779 -8.62749 41.1529
1298880780 -8.62749 41.1528
1298880781 -8.6275 41.1528
1298880782 -8.6275 41.1528
1298880783 -8.6275 41.1528
1298880784 -8.6275 41.1528
1298880785 -8.62749 41.1528
1298880786 -8.62749 41.1529
1298880787 -8.62748 41.1529
1298880788 -8.62748 41.1529
1298880789 -8.62748 41.1529
1298880790 -8.62748 41.1529
1298880791 -8.62748 41.1529
1298880792 -8.62749 41.1529
1298880793 -8.62749 41.1529
1298880794 -8.62749 41.1529
1298880795 -8.62749 41.1529
1298880796 -8.62748 41.1529
1298880797 -8.62748 41.1529
1298880798 -8.62748 41.1529
1298880799 -8.62748 41.1529
1298880800 -8.62748 41.1529
1298880801 -8.62748 41.1529
1298880802 -8.62748 41.1529
1298880803 -8.62748 41.1529
1298880804 -8.62748 41.1529
1298880805 -8.62748 41.1529
1298880806 -8.62748 41.1529
1298880807 -8.62748 41.1529
1298880808 -8.62747 41.1529
1298880809 -8.62747 41.1529
1298880810 -8.62747 41.1529
1298880811 -8.62747 41.1529
1298880812 -8.62747 41.1529
1298880813 -8.62747 41.1529
1298880814 -8.62747 41.1529
1298880815 -8.62747 41.1529
1298880816 -8.62747 41.1529
1298880817 -8.62747 41.1529
1298880818 -8.62748 41.1529
1298880819 -8.62748 41.1529
1298880820 -8.62748 41.1529
1298880821 -8.62748 41.1529
1298880822 -8.62748 41.1529
1298880823 -8.62748 41.1529
1298880824 -8.62748 41.1529
1298880825 -8.62748 41.1529
1298880826 -8.62748 41.1529
1298880827 -8.62748 41.1529
1298880828 -8.62748 41.1529
1298880829 -8.62748 41.1529
1298880830 -8.62748 41.1529
1298880831 -8.62749 41.1529
1298880832 -8.62749 41.1529
1298880833 -8.62749 41.1529
1298880834 -8.62749 41.1529
1298880835 -8.62749 41.1529
1298880836 -8.62749 41.1529
1298880837 -8.62749 41.1529
1298880838 -8.62749 41.1529
1298880839 -8.62749 41.1529
1298880840 -8.62749 41.1528
1298880841 -8.62749 41.1528
1298880842 -8.62749 41.1528
1298880843 -8.62749 41.1528
1298880844 -8.62749 41.1529
1298880845 -8.62749 41.1529
1298880846 -8.62749 41.1529
1298880847 -8.62749 41.1529
1298880848 -8.62749 41.1529
1298880849 -8.62749 41.1529
1298880850 -8.62749 41.1529
1298880851 -8.6275 41.1529
1298880852 -8.6275 41.1529
1298880853 -8.6275 41.1529
1298880854 -8.62749 41.1529
1298880855 -8.62749 41.1529
1298880856 -8.6275 41.1529
1298880857 -8.6275 41.1529
1298880858 -8.6275 41.1529
1298880859 -8.6275 41.1529
1298880860 -8.6275 41.1529
1298880861 -8.62749 41.1529
1298880862 -8.62749 41.1529
1298880863 -8.62749 41.1529
1298880864 -8.62749 41.1529
1298880865 -8.62749 41.1529
1298880866 -8.62749 41.1529
1298880867 -8.62749 41.1529
1298880868 -8.62749 41.1529
1298880869 -8.62749 41.1529
1298880870 -8.62749 41.1529
1298880871 -8.62749 41.1529
1298880872 -8.62749 41.1529
1298880873 -8.62749 41.1529
1298880874 -8.62749 41.1529
1298880875 -8.62749 41.1529
1298880876 -8.62749 41.1529
1298880877 -8.62749 41.1529
1298880878 -8.62749 41.1529
1298880879 -8.62749 41.1529
1298880880 -8.62749 41.1529
1298880881 -8.62749 41.1529
1298880882 -8.62749 41.1529
1298880883 -8.62749 41.1529
1298880884 -8.62749 41.1529
1298880885 -8.62749 41.1529
1298880886 -8.62749 41.1528
1298880887 -8.62749 41.1528
1298880888 -8.62749 41.1528
1298880889 -8.62749 41.1528
1298880890 -8.62749 41.1528
1298880891 -8.62749 41.1528
1298880892 -8.62749 41.1528
1298880893 -8.62749 41.1528
1298880894 -8.62749 41.1528
1298880895 -8.6275 41.1528
1298880896 -8.6275 41.1528
1298880897 -8.6275 41.1528
1298880898 -8.6275 41.1528
1298880899 -8.6275 41.1528
1298880900 -8.6275 41.1528
1298880901 -8.6275 41.1528
1298880902 -8.6275 41.1528
1298880903 -8.6275 41.1528
1298880904 -8.6275 41.1528
1298880905 -8.6275 41.1528
1298880906 -8.6275 41.1528
1298880907 -8.6275 41.1528
1298880908 -8.6275 41.1528
1298880909 -8.6275 41.1528
1298880910 -8.6275 41.1528
1298880911 -8.6275 41.1528
1298880912 -8.6275 41.1528
1298880913 -8.6275 41.1528
1298880914 -8.6275 41.1528
1298880915 -8.6275 41.1528
1298880916 -8.6275 41.1528
1298880917 -8.6275 41.1528
1298880918 -8.6275 41.1528
1298880919 -8.62749 41.1528
1298880920 -8.62749 41.1528
1298880921 -8.62749 41.1528
1298880922 -8.62749 41.1528
1298880923 -8.62749 41.1528
1298880924 -8.62749 41.1528
1298880925 -8.62749 41.1528
1298880926 -8.62749 41.1528
1298880927 -8.62749 41.1528
1298880928 -8.62749 41.1528
1298880929 -8.62749 41.1528
1298880930 -8.62749 41.1528
1298880931 -8.62749 41.1528
1298880932 -8.62749 41.1528
1298880933 -8.62749 41.1528
1298880934 -8.62749 41.1528
1298880935 -8.62749 41.1528
1298880936 -8.62749 41.1528
1298880937 -8.62748 41.1528
1298880938 -8.62749 41.1528
1298880939 -8.62749 41.1528
1298880940 -8.62749 41.1528
1298880941 -8.62748 41.1529
1298880942 -8.62748 41.1529
1298880943 -8.62748 41.1529
1298880944 -8.62748 41.1529
1298880945 -8.62748 41.1529
1298880946 -8.62748 41.1529
1298880947 -8.62748 41.1529
1298880948 -8.62748 41.1529
1298880949 -8.62748 41.1529
1298880950 -8.62748 41.1529
1298880951 -8.62748 41.1529
1298880952 -8.62748 41.1529
1298880953 -8.62748 41.1529
1298880954 -8.62748 41.1529
1298880955 -8.62748 41.1529
1298880956 -8.62748 41.1529
1298880957 -8.62747 41.1529
1298880958 -8.62747 41.1529
1298880959 -8.62747 41.1529
1298880960 -8.62747 41.1529
1298880961 -8.62747 41.1529
1298880962 -8.62747 41.1529
1298880963 -8.62747 41.1529
1298880964 -8.62747 41.1529
1298880965 -8.62747 41.1529
1298880966 -8.62747 41.1529
1298880967 -8.62747 41.1529
1298880968 -8.62747 41.1529
1298880969 -8.62747 41.1529
1298880970 -8.62747 41.1529
1298880971 -8.62747 41.1529
1298880972 -8.62747 41.1529
1298880973 -8.62747 41.1529
1298880974 -8.62747 41.1529
1298880975 -8.62747 41.1529
1298880976 -8.62747 41.1529
1298880977 -8.62747 41.1529
1298880978 -8.62747 41.1529
1298880979 -8.62747 41.1528
1298880980 -8.62747 41.1528
1298880981 -8.62747 41.1528
1298880982 -8.62747 41.1528
1298880983 -8.62748 41.1528
1298880984 -8.62748 41.1528
1298880985 -8.62748 41.1528
1298880986 -8.62748 41.1528
1298880987 -8.62748 41.1528
1298880988 -8.62748 41.1528
1298880989 -8.62748 41.1528
1298880990 -8.62748 41.1528
1298880991 -8.62748 41.1528
1298880992 -8.62748 41.1528
1298880993 -8.62748 41.1528
1298880994 -8.62748 41.1528
1298880995 -8.62748 41.1528
1298880996 -8.62748 41.1528
1298880997 -8.62748 41.1528
1298880998 -8.62748 41.1528
1298880999 -8.62748 41.1528
1298881000 -8.62748 41.1528
1298881001 -8.62748 41.1528
1298881002 -8.62748 41.1528
1298881003 -8.62748 41.1528
1298881004 -8.62748 41.1528
1298881005 -8.62748 41.1528
1298881006 -8.62748 41.1528
1298881007 -8.62748 41.1528
1298881008 -8.62748 41.1528
1298881009 -8.62748 41.1528
1298881010 -8.62748 41.1528
1298881011 -8.62748 41.1528
1298881012 -8.62748 41.1528
1298881013 -8.62748 41.1528
1298881014 -8.62748 41.1528
1298881015 -8.62748 41.1528
1298881016 -8.62749 41.1528
1298881017 -8.62749 41.1528
1298881018 -8.62749 41.1528
1298881019 -8.62749 41.1528
1298881020 -8.62749 41.1528
1298881021 -8.62749 41.1528
1298881022 -8.62749 41.1528
1298881023 -8.62749 41.1528
1298881024 -8.62749 41.1528
1298881025 -8.62749 41.1528
1298881026 -8.62749 41.1528
1298881027 -8.62749 41.1528
1298881028 -8.62749 41.1528
1298881029 -8.62749 41.1528
1298881030 -8.62749 41.1528
1298881031 -8.62749 41.1528
1298881032 -8.6275 41.1528
1298881033 -8.6275 41.1528
1298881034 -8.6275 41.1528
1298881035 -8.6275 41.1528
1298881036 -8.6275 41.1528
1298881037 -8.62749 41.1528
1298881038 -8.62749 41.1528
1298881039 -8.62749 41.1528
1298881040 -8.62749 41.1528
1298881041 -8.6275 41.1528
1298881042 -8.6275 41.1528
1298881043 -8.6275 41.1528
1298881044 -8.6275 41.1528
1298881045 -8.6275 41.1528
1298881046 -8.6275 41.1528
1298881047 -8.6275 41.1528
1298881048 -8.6275 41.1528
1298881049 -8.6275 41.1528
1298881050 -8.6275 41.1528
1298881051 -8.6275 41.1528
1298881052 -8.6275 41.1528
1298881053 -8.6275 41.1528
1298881054 -8.6275 41.1528
1298881055 -8.6275 41.1528
1298881056 -8.6275 41.1528
1298881057 -8.6275 41.1528
1298881058 -8.62751 41.1528
1298881059 -8.62751 41.1528
1298881060 -8.62751 41.1528
1298881061 -8.6275 41.1529
1298881062 -8.6275 41.1529
1298881063 -8.62751 41.1529
1298881064 -8.62751 41.1529
1298881065 -8.62751 41.1529
1298881066 -8.62751 41.1529
1298881067 -8.6275 41.1529
1298881068 -8.6275 41.1529
1298881069 -8.6275 41.1529
1298881070 -8.6275 41.1529
1298881071 -8.6275 41.1529
1298881072 -8.6275 41.1529
1298881073 -8.6275 41.1529
1298881074 -8.6275 41.1529
1298881075 -8.6275 41.1529
1298881076 -8.6275 41.1529
1298881077 -8.6275 41.1529
1298881078 -8.6275 41.1529
1298881079 -8.6275 41.1529
1298881080 -8.6275 41.1529
1298881081 -8.6275 41.1529
1298881082 -8.6275 41.1529
1298881083 -8.6275 41.1529
1298881084 -8.6275 41.1529
1298881085 -8.6275 41.1529
1298881086 -8.6275 41.1529
1298881087 -8.6275 41.1529
1298881088 -8.6275 41.1529
1298881089 -8.6275 41.1529
1298881090 -8.6275 41.1529
1298881091 -8.6275 41.1529
1298881092 -8.6275 41.1529
1298881093 -8.6275 41.1529
1298881094 -8.6275 41.1529
1298881095 -8.6275 41.1529
1298881096 -8.6275 41.1529
1298881097 -8.6275 41.1529
1298881098 -8.6275 41.1529
1298881099 -8.6275 41.1529
1298881100 -8.6275 41.1529
1298881101 -8.6275 41.1529
1298881102 -8.6275 41.1529
1298881103 -8.6275 41.1529
1298881104 -8.6275 41.1529
1298881105 -8.6275 41.1529
1298881106 -8.6275 41.1529
1298881107 -8.6275 41.1529
1298881108 -8.6275 41.1529
1298881109 -8.6275 41.1529
1298881110 -8.6275 41.1529
1298881111 -8.6275 41.1529
1298881112 -8.62749 41.1529
1298881113 -8.62749 41.1529
1298881114 -8.62749 41.1529
1298881115 -8.62749 41.1529
1298881116 -8.62749 41.1529
1298881117 -8.62749 41.1529
1298881118 -8.62749 41.1529
1298881119 -8.62748 41.1529
1298881120 -8.62748 41.1529
1298881121 -8.62748 41.1529
1298881122 -8.62748 41.1529
1298881123 -8.62748 41.1529
1298881124 -8.62748 41.1529
1298881125 -8.62747 41.1529
1298881126 -8.62747 41.1529
1298881127 -8.62747 41.1529
1298881128 -8.62747 41.1529
1298881129 -8.62747 41.1529
1298881130 -8.62747 41.1529
1298881131 -8.62746 41.1529
1298881132 -8.62746 41.1529
1298881133 -8.62746 41.1529
1298881134 -8.62746 41.1529
1298881135 -8.62746 41.1528
1298881136 -8.62746 41.1528
1298881137 -8.62746 41.1528
1298881138 -8.62746 41.1528
1298881139 -8.62746 41.1528
1298881140 -8.62746 41.1528
1298881141 -8.62746 41.1528
1298881142 -8.62746 41.1528
1298881143 -8.62746 41.1528
1298881144 -8.62746 41.1528
1298881145 -8.62746 41.1528
1298881146 -8.62746 41.1528
1298881147 -8.62746 41.1528
1298881148 -8.62746 41.1528
1298881149 -8.62746 41.1528
1298881150 -8.62746 41.1528
1298881151 -8.62746 41.1528
1298881152 -8.62746 41.1528
1298881153 -8.62746 41.1528
1298881154 -8.62746 41.1528
1298881155 -8.62746 41.1528
1298881156 -8.62747 41.1528
1298881157 -8.62747 41.1528
1298881158 -8.62747 41.1528
1298881159 -8.62747 41.1528
1298881160 -8.62747 41.1528
1298881161 -8.62747 41.1528
1298881162 -8.62747 41.1528
1298881163 -8.62747 41.1528
1298881164 -8.62747 41.1528
1298881165 -8.62747 41.1528
1298881166 -8.62748 41.1528
1298881167 -8.62748 41.1528
1298881168 -8.62748 41.1528
1298881169 -8.62748 41.1528
1298881170 -8.62748 41.1528
1298881171 -8.62748 41.1528
1298881172 -8.62748 41.1528
1298881173 -8.62748 41.1528
1298881174 -8.62748 41.1528
1298881175 -8.62748 41.1528
1298881176 -8.62748 41.1528
1298881177 -8.62748 41.1528
1298881178 -8.62749 41.1528
1298881179 -8.62749 41.1528
1298881180 -8.62749 41.1528
1298881181 -8.62749 41.1528
1298881182 -8.62749 41.1528
1298881183 -8.62749 41.1528
1298881184 -8.62749 41.1528
1298881185 -8.62749 41.1528
1298881186 -8.62749 41.1528
1298881187 -8.62749 41.1528
1298881188 -8.6275 41.1528
1298881189 -8.6275 41.1528
1298881190 -8.6275 41.1528
1298881191 -8.6275 41.1528
1298881192 -8.6275 41.1528
1298881193 -8.6275 41.1528
1298881194 -8.6275 41.1528
1298881195 -8.62751 41.1528
1298881196 -8.62751 41.1528
1298881197 -8.62751 41.1528
1298881198 -8.62751 41.1528
1298881199 -8.62751 41.1528
1298881200 -8.62751 41.1528
