:break:
1298880012 -8.57876 41.1602
1298880013 -8.57883 41.1602
1298880014 -8.5789 41.1601
1298880015 -8.57897 41.1601
1298880016 -8.57903 41.1601
1298880017 -8.57911 41.16
1298880018 -8.57919 41.1599
1298880019 -8.57926 41.1599
1298880020 -8.57935 41.1598
1298880021 -8.57943 41.1598
1298880022 -8.57951 41.1597
1298880023 -8.57958 41.1597
1298880024 -8.57966 41.1596
1298880025 -8.57973 41.1596
1298880026 -8.5798 41.1596
1298880027 -8.57985 41.1595
1298880028 -8.5799 41.1595
1298880029 -8.57993 41.1595
1298880030 -8.57995 41.1595
1298880031 -8.57997 41.1595
1298880032 -8.58 41.1595
1298880033 -8.58002 41.1595
1298880034 -8.58005 41.1595
1298880035 -8.58009 41.1595
1298880036 -8.58012 41.1594
1298880037 -8.58016 41.1594
1298880038 -8.5802 41.1594
1298880039 -8.58022 41.1594
1298880040 -8.58024 41.1594
1298880041 -8.58024 41.1594
1298880042 -8.58025 41.1594
1298880043 -8.58026 41.1594
1298880044 -8.58026 41.1594
1298880045 -8.58027 41.1594
1298880046 -8.58028 41.1594
1298880047 -8.58029 41.1594
1298880048 -8.58031 41.1594
1298880049 -8.58033 41.1594
1298880050 -8.58035 41.1594
1298880051 -8.58037 41.1594
1298880052 -8.58039 41.1594
1298880053 -8.58043 41.1594
1298880054 -8.58047 41.1594
1298880055 -8.58052 41.1594
1298880056 -8.58058 41.1594
1298880057 -8.58065 41.1594
1298880058 -8.58074 41.1594
1298880059 -8.58083 41.1594
1298880060 -8.58093 41.1594
1298880061 -8.58103 41.1594
1298880062 -8.58114 41.1594
1298880063 -8.58125 41.1594
1298880064 -8.58136 41.1594
1298880065 -8.58147 41.1594
1298880066 -8.58159 41.1594
1298880067 -8.5817 41.1593
1298880068 -8.5818 41.1593
1298880069 -8.58187 41.1592
1298880070 -8.58191 41.1592
1298880071 -8.58195 41.1591
1298880072 -8.58198 41.159
1298880073 -8.582 41.159
1298880074 -8.58202 41.1589
1298880075 -8.58206 41.1589
1298880076 -8.5821 41.1588
1298880077 -8.58215 41.1588
1298880078 -8.58221 41.1588
1298880079 -8.58226 41.1588
1298880080 -8.58233 41.1588
1298880081 -8.58238 41.1588
1298880082 -8.58244 41.1588
:break:
1298880086 -8.58265 41.1589
1298880087 -8.58285 41.1588
1298880088 -8.58296 41.1588
1298880089 -8.58302 41.1588
1298880090 -8.58294 41.1589
1298880091 -8.58292 41.159
1298880092 -8.58291 41.159
1298880093 -8.58289 41.1591
1298880094 -8.58285 41.1591
1298880095 -8.58281 41.1592
1298880096 -8.58279 41.1593
1298880097 -8.58275 41.1593
1298880098 -8.58272 41.1594
1298880099 -8.58269 41.1595
1298880100 -8.58265 41.1596
1298880101 -8.58263 41.1597
1298880102 -8.5826 41.1597
1298880103 -8.58257 41.1598
1298880104 -8.58254 41.1599
1298880105 -8.58252 41.1599
1298880106 -8.58248 41.16
1298880107 -8.58245 41.1601
1298880108 -8.58243 41.1602
1298880109 -8.58239 41.1602
1298880110 -8.58235 41.1603
1298880111 -8.58231 41.1604
1298880112 -8.58226 41.1605
1298880113 -8.58223 41.1607
1298880114 -8.58218 41.1608
1298880115 -8.58215 41.1609
1298880116 -8.58211 41.1609
1298880117 -8.58208 41.161
1298880118 -8.58205 41.1611
1298880119 -8.58202 41.1612
1298880120 -8.582 41.1613
1298880121 -8.58197 41.1614
1298880122 -8.58194 41.1615
1298880123 -8.58191 41.1616
1298880124 -8.5819 41.1617
1298880125 -8.5819 41.1619
1298880126 -8.58191 41.162
1298880127 -8.58194 41.1621
1298880128 -8.58199 41.1622
1298880129 -8.58204 41.1623
1298880130 -8.58211 41.1625
1298880131 -8.5822 41.1626
1298880132 -8.58231 41.1627
1298880133 -8.58243 41.1628
1298880134 -8.58255 41.1629
1298880135 -8.5827 41.1629
1298880136 -8.58283 41.163
1298880137 -8.58297 41.163
1298880138 -8.5831 41.1631
1298880139 -8.58322 41.1631
1298880140 -8.58332 41.1631
1298880141 -8.58339 41.1631
1298880142 -8.58344 41.1631
1298880143 -8.58347 41.1631
1298880144 -8.58349 41.1631
1298880145 -8.58349 41.1631
1298880146 -8.58349 41.1631
1298880147 -8.58348 41.1631
1298880148 -8.58348 41.1631
1298880149 -8.58347 41.1631
1298880150 -8.58346 41.1631
1298880151 -8.58346 41.1631
1298880152 -8.58345 41.1631
1298880153 -8.58345 41.1631
1298880154 -8.58345 41.1631
1298880155 -8.58345 41.1631
1298880156 -8.58345 41.1632
1298880157 -8.58344 41.1632
1298880158 -8.58344 41.1632
1298880159 -8.58344 41.1632
1298880160 -8.58344 41.1632
1298880161 -8.58344 41.1631
1298880162 -8.58344 41.1631
1298880163 -8.58344 41.1631
1298880164 -8.58344 41.1631
1298880165 -8.58344 41.1631
1298880166 -8.58343 41.1631
1298880167 -8.58343 41.1631
1298880168 -8.58343 41.1632
1298880169 -8.58343 41.1632
1298880170 -8.58343 41.1632
1298880171 -8.58343 41.1632
1298880172 -8.58343 41.1632
1298880173 -8.58343 41.1632
1298880174 -8.58343 41.1632
1298880175 -8.58343 41.1632
1298880176 -8.58342 41.1632
1298880177 -8.58342 41.1632
1298880178 -8.58342 41.1632
1298880179 -8.58343 41.1632
1298880180 -8.58343 41.1632
1298880181 -8.58343 41.1632
1298880182 -8.58343 41.1632
1298880183 -8.58343 41.1632
1298880184 -8.58343 41.1632
1298880185 -8.58343 41.1632
1298880186 -8.58343 41.1632
1298880187 -8.58343 41.1632
1298880188 -8.58343 41.1632
1298880189 -8.58343 41.1632
1298880190 -8.58343 41.1632
1298880191 -8.58343 41.1632
1298880192 -8.58343 41.1632
1298880193 -8.58343 41.1632
1298880194 -8.58343 41.1632
1298880195 -8.58343 41.1632
1298880196 -8.58343 41.1632
1298880197 -8.58343 41.1632
1298880198 -8.58343 41.1632
1298880199 -8.58344 41.1632
1298880200 -8.58349 41.1632
1298880201 -8.58357 41.1632
1298880202 -8.58364 41.1632
1298880203 -8.58372 41.1632
1298880204 -8.5838 41.1632
1298880205 -8.58388 41.1632
1298880206 -8.58398 41.1632
1298880207 -8.58407 41.1631
1298880208 -8.58418 41.1631
1298880209 -8.5843 41.1631
1298880210 -8.58442 41.1631
1298880211 -8.58453 41.163
1298880212 -8.58465 41.163
1298880213 -8.58477 41.163
1298880214 -8.58489 41.163
1298880215 -8.58501 41.163
1298880216 -8.58514 41.163
1298880217 -8.58526 41.163
1298880218 -8.58541 41.163
1298880219 -8.58557 41.163
1298880220 -8.58572 41.163
1298880221 -8.58587 41.1631
1298880222 -8.58602 41.1632
1298880223 -8.58617 41.1632
1298880224 -8.58632 41.1633
1298880225 -8.58645 41.1633
1298880226 -8.58658 41.1633
1298880227 -8.58671 41.1634
1298880228 -8.58684 41.1634
1298880229 -8.58695 41.1635
1298880230 -8.58706 41.1635
1298880231 -8.58716 41.1635
1298880232 -8.58727 41.1636
1298880233 -8.58736 41.1636
1298880234 -8.58745 41.1636
1298880235 -8.58752 41.1637
1298880236 -8.58758 41.1637
1298880237 -8.58766 41.1637
1298880238 -8.58772 41.1637
1298880239 -8.58779 41.1638
1298880240 -8.58786 41.1638
1298880241 -8.58793 41.1638
1298880242 -8.58798 41.1638
1298880243 -8.58803 41.1638
1298880244 -8.58807 41.1638
1298880245 -8.58812 41.1639
1298880246 -8.58814 41.1639
1298880247 -8.58818 41.1639
1298880248 -8.58821 41.1639
1298880249 -8.58822 41.1639
1298880250 -8.58823 41.1639
1298880251 -8.58824 41.1639
1298880252 -8.58824 41.1639
1298880253 -8.58824 41.1639
1298880254 -8.58824 41.1639
1298880255 -8.58824 41.1639
1298880256 -8.58824 41.1639
1298880257 -8.58823 41.1639
1298880258 -8.58823 41.1639
1298880259 -8.58823 41.1639
1298880260 -8.58823 41.1639
1298880261 -8.58823 41.1639
1298880262 -8.58823 41.1639
1298880263 -8.58823 41.1639
1298880264 -8.58823 41.1639
1298880265 -8.58825 41.1639
1298880266 -8.58827 41.1639
1298880267 -8.5883 41.1639
1298880268 -8.58832 41.1639
1298880269 -8.58836 41.164
1298880270 -8.5884 41.164
1298880271 -8.58844 41.164
1298880272 -8.58848 41.164
1298880273 -8.58851 41.164
1298880274 -8.58853 41.164
1298880275 -8.58854 41.164
1298880276 -8.58854 41.164
1298880277 -8.58854 41.164
1298880278 -8.58854 41.164
1298880279 -8.58854 41.164
1298880280 -8.58854 41.164
1298880281 -8.58853 41.164
1298880282 -8.58853 41.164
1298880283 -8.58853 41.164
1298880284 -8.58853 41.164
1298880285 -8.58853 41.164
1298880286 -8.58853 41.164
1298880287 -8.58853 41.164
1298880288 -8.58853 41.164
1298880289 -8.58853 41.164
1298880290 -8.58853 41.164
1298880291 -8.58853 41.164
1298880292 -8.58853 41.164
1298880293 -8.58853 41.164
1298880294 -8.58853 41.164
1298880295 -8.58853 41.164
1298880296 -8.58852 41.164
1298880297 -8.58852 41.164
1298880298 -8.58852 41.164
1298880299 -8.58852 41.164
1298880300 -8.58852 41.164
1298880301 -8.58852 41.164
1298880302 -8.58852 41.164
1298880303 -8.58852 41.164
1298880304 -8.58852 41.164
1298880305 -8.58852 41.164
1298880306 -8.58852 41.164
1298880307 -8.58852 41.164
1298880308 -8.58852 41.164
1298880309 -8.58852 41.164
1298880310 -8.58852 41.164
1298880311 -8.58852 41.164
1298880312 -8.58852 41.164
1298880313 -8.58852 41.164
1298880314 -8.58852 41.164
1298880315 -8.58852 41.164
1298880316 -8.58852 41.164
1298880317 -8.58853 41.164
1298880318 -8.58856 41.164
1298880319 -8.58859 41.1641
1298880320 -8.58865 41.1641
1298880321 -8.58871 41.1641
1298880322 -8.58878 41.1641
1298880323 -8.58884 41.1641
1298880324 -8.58892 41.1642
1298880325 -8.58899 41.1642
1298880326 -8.58905 41.1642
1298880327 -8.58912 41.1642
1298880328 -8.5892 41.1643
1298880329 -8.58927 41.1643
1298880330 -8.58935 41.1643
1298880331 -8.58944 41.1643
1298880332 -8.58953 41.1644
1298880333 -8.58962 41.1644
1298880334 -8.58971 41.1644
1298880335 -8.5898 41.1645
1298880336 -8.5899 41.1645
1298880337 -8.58998 41.1645
1298880338 -8.59006 41.1646
1298880339 -8.59014 41.1646
1298880340 -8.59021 41.1646
1298880341 -8.59027 41.1647
1298880342 -8.59031 41.1647
1298880343 -8.59037 41.1647
1298880344 -8.59045 41.1647
1298880345 -8.59053 41.1648
1298880346 -8.59061 41.1648
1298880347 -8.5907 41.1649
1298880348 -8.59079 41.165
1298880349 -8.59087 41.165
1298880350 -8.59095 41.1651
1298880351 -8.59102 41.1651
1298880352 -8.59109 41.1651
1298880353 -8.59117 41.1652
1298880354 -8.59126 41.1652
1298880355 -8.59135 41.1653
1298880356 -8.59144 41.1654
1298880357 -8.59154 41.1654
1298880358 -8.59162 41.1655
1298880359 -8.5917 41.1655
1298880360 -8.59177 41.1656
1298880361 -8.59184 41.1656
1298880362 -8.59192 41.1656
1298880363 -8.592 41.1657
1298880364 -8.59209 41.1658
1298880365 -8.59217 41.1658
1298880366 -8.59225 41.1658
1298880367 -8.59232 41.1659
1298880368 -8.59237 41.1659
1298880369 -8.5924 41.1659
1298880370 -8.59242 41.1659
1298880371 -8.59242 41.1659
1298880372 -8.59242 41.1659
1298880373 -8.59242 41.1659
1298880374 -8.59242 41.1659
1298880375 -8.59242 41.1659
1298880376 -8.59242 41.1659
1298880377 -8.59242 41.166
1298880378 -8.59243 41.166
1298880379 -8.59245 41.166
1298880380 -8.59249 41.166
1298880381 -8.59253 41.166
1298880382 -8.5926 41.1661
1298880383 -8.59265 41.1661
1298880384 -8.59271 41.1661
1298880385 -8.59278 41.1662
1298880386 -8.59285 41.1662
1298880387 -8.59293 41.1663
1298880388 -8.59301 41.1663
1298880389 -8.59309 41.1664
1298880390 -8.59317 41.1664
1298880391 -8.59324 41.1665
1298880392 -8.59332 41.1665
1298880393 -8.5934 41.1666
1298880394 -8.59347 41.1666
1298880395 -8.59355 41.1667
1298880396 -8.59362 41.1667
1298880397 -8.5937 41.1667
1298880398 -8.59379 41.1668
1298880399 -8.59386 41.1668
1298880400 -8.59391 41.1669
1298880401 -8.59396 41.1669
1298880402 -8.594 41.167
1298880403 -8.59405 41.167
1298880404 -8.59407 41.167
1298880405 -8.59409 41.1671
1298880406 -8.5941 41.1671
1298880407 -8.59409 41.1671
1298880408 -8.59407 41.1671
1298880409 -8.59405 41.1671
1298880410 -8.59401 41.1672
1298880411 -8.59399 41.1672
1298880412 -8.594 41.1672
1298880413 -8.59403 41.1673
1298880414 -8.59406 41.1674
1298880415 -8.59409 41.1674
1298880416 -8.59413 41.1675
1298880417 -8.59416 41.1676
1298880418 -8.59421 41.1677
1298880419 -8.59424 41.1678
1298880420 -8.59428 41.1679
1298880421 -8.59432 41.1679
1298880422 -8.59433 41.168
1298880423 -8.59433 41.1681
1298880424 -8.59431 41.1681
1298880425 -8.59426 41.1681
1298880426 -8.5942 41.1682
1298880427 -8.59413 41.1682
1298880428 -8.59405 41.1683
1298880429 -8.59396 41.1683
1298880430 -8.59387 41.1683
1298880431 -8.59379 41.1684
1298880432 -8.59371 41.1684
1298880433 -8.59365 41.1685
1298880434 -8.59361 41.1685
1298880435 -8.59358 41.1685
1298880436 -8.59357 41.1685
1298880437 -8.59358 41.1686
1298880438 -8.59361 41.1686
1298880439 -8.59366 41.1687
1298880440 -8.59372 41.1687
1298880441 -8.59379 41.1688
1298880442 -8.59387 41.1689
1298880443 -8.59394 41.169
1298880444 -8.59401 41.1691
1298880445 -8.59407 41.1691
1298880446 -8.59415 41.1692
1298880447 -8.59421 41.1693
1298880448 -8.59426 41.1693
1298880449 -8.59431 41.1694
1298880450 -8.59435 41.1695
1298880451 -8.59438 41.1695
1298880452 -8.59441 41.1695
1298880453 -8.59445 41.1696
1298880454 -8.5945 41.1696
1298880455 -8.59454 41.1696
1298880456 -8.5946 41.1696
1298880457 -8.59468 41.1696
1298880458 -8.59477 41.1696
1298880459 -8.59486 41.1696
1298880460 -8.59494 41.1696
1298880461 -8.59504 41.1696
1298880462 -8.59514 41.1696
1298880463 -8.59525 41.1696
1298880464 -8.59539 41.1696
1298880465 -8.59552 41.1696
1298880466 -8.59566 41.1696
1298880467 -8.59577 41.1696
1298880468 -8.59588 41.1696
1298880469 -8.59598 41.1696
1298880470 -8.59608 41.1696
1298880471 -8.59617 41.1697
1298880472 -8.59626 41.1697
1298880473 -8.59633 41.1697
1298880474 -8.5964 41.1697
1298880475 -8.59646 41.1697
1298880476 -8.59649 41.1697
1298880477 -8.59651 41.1697
1298880478 -8.59652 41.1697
1298880479 -8.59652 41.1697
1298880480 -8.59652 41.1697
1298880481 -8.59653 41.1697
1298880482 -8.59653 41.1697
1298880483 -8.59653 41.1697
1298880484 -8.59654 41.1697
1298880485 -8.59654 41.1697
1298880486 -8.59654 41.1697
1298880487 -8.59654 41.1697
1298880488 -8.59657 41.1697
1298880489 -8.59659 41.1697
1298880490 -8.59663 41.1697
1298880491 -8.59667 41.1697
1298880492 -8.59675 41.1697
1298880493 -8.59683 41.1697
1298880494 -8.59691 41.1698
1298880495 -8.59698 41.1698
1298880496 -8.59704 41.1698
1298880497 -8.5971 41.1698
1298880498 -8.59713 41.1699
1298880499 -8.59717 41.1699
1298880500 -8.59721 41.17
1298880501 -8.59725 41.1701
1298880502 -8.5973 41.1702
1298880503 -8.59734 41.1703
1298880504 -8.59739 41.1704
1298880505 -8.59743 41.1705
1298880506 -8.59748 41.1706
1298880507 -8.59753 41.1707
1298880508 -8.59757 41.1709
1298880509 -8.59762 41.171
1298880510 -8.59766 41.1711
1298880511 -8.59769 41.1712
1298880512 -8.59774 41.1713
1298880513 -8.59778 41.1715
1298880514 -8.59784 41.1716
1298880515 -8.5979 41.1717
1298880516 -8.59796 41.1718
1298880517 -8.59802 41.1719
1298880518 -8.59806 41.172
1298880519 -8.59811 41.1721
1298880520 -8.59818 41.1722
1298880521 -8.59824 41.1723
1298880522 -8.5983 41.1724
1298880523 -8.59838 41.1725
1298880524 -8.59844 41.1726
1298880525 -8.59851 41.1727
1298880526 -8.59858 41.1728
1298880527 -8.59865 41.1729
1298880528 -8.59873 41.1731
1298880529 -8.5988 41.1732
1298880530 -8.59887 41.1733
1298880531 -8.59893 41.1734
1298880532 -8.59901 41.1735
1298880533 -8.59906 41.1736
1298880534 -8.5991 41.1737
1298880535 -8.59915 41.1738
1298880536 -8.59919 41.1738
1298880537 -8.59921 41.1738
1298880538 -8.59923 41.1739
1298880539 -8.59925 41.1739
1298880540 -8.59926 41.1739
1298880541 -8.59926 41.1739
1298880542 -8.59926 41.1739
1298880543 -8.59926 41.1739
1298880544 -8.59926 41.1739
1298880545 -8.59926 41.1739
1298880546 -8.59926 41.1739
1298880547 -8.59926 41.1739
1298880548 -8.59926 41.1739
1298880549 -8.59926 41.1739
1298880550 -8.59926 41.1739
1298880551 -8.59926 41.1739
1298880552 -8.59925 41.1739
1298880553 -8.59925 41.1739
1298880554 -8.59925 41.1739
1298880555 -8.59925 41.1739
1298880556 -8.59926 41.1739
1298880557 -8.59926 41.1739
1298880558 -8.59927 41.1739
1298880559 -8.59928 41.174
1298880560 -8.5993 41.174
1298880561 -8.59932 41.174
1298880562 -8.59934 41.1741
1298880563 -8.59935 41.1741
1298880564 -8.59936 41.1741
1298880565 -8.59937 41.1741
1298880566 -8.59937 41.1741
1298880567 -8.59938 41.1741
1298880568 -8.5994 41.1742
1298880569 -8.59942 41.1742
1298880570 -8.59944 41.1742
1298880571 -8.59947 41.1743
1298880572 -8.59951 41.1743
1298880573 -8.59954 41.1744
1298880574 -8.59956 41.1744
1298880575 -8.59959 41.1745
1298880576 -8.5996 41.1745
1298880577 -8.59961 41.1745
1298880578 -8.59961 41.1745
1298880579 -8.59961 41.1745
1298880580 -8.59961 41.1745
1298880581 -8.5996 41.1745
1298880582 -8.5996 41.1745
1298880583 -8.5996 41.1745
1298880584 -8.5996 41.1745
1298880585 -8.5996 41.1745
1298880586 -8.5996 41.1745
1298880587 -8.5996 41.1745
1298880588 -8.5996 41.1745
1298880589 -8.5996 41.1745
1298880590 -8.59959 41.1745
1298880591 -8.59959 41.1745
1298880592 -8.59959 41.1745
1298880593 -8.59959 41.1745
1298880594 -8.59959 41.1745
1298880595 -8.59959 41.1745
1298880596 -8.59959 41.1745
1298880597 -8.59959 41.1745
1298880598 -8.59959 41.1745
1298880599 -8.59959 41.1745
1298880600 -8.59959 41.1745
1298880601 -8.59959 41.1745
1298880602 -8.59959 41.1745
1298880603 -8.59959 41.1745
1298880604 -8.59958 41.1745
1298880605 -8.59958 41.1745
1298880606 -8.59959 41.1745
1298880607 -8.59959 41.1745
1298880608 -8.59959 41.1745
1298880609 -8.59959 41.1745
1298880610 -8.59959 41.1745
1298880611 -8.59959 41.1745
1298880612 -8.59959 41.1745
1298880613 -8.5996 41.1745
1298880614 -8.5996 41.1745
1298880615 -8.59959 41.1745
1298880616 -8.59959 41.1745
1298880617 -8.59959 41.1745
1298880618 -8.5996 41.1745
1298880619 -8.5996 41.1745
1298880620 -8.59959 41.1745
1298880621 -8.59959 41.1745
1298880622 -8.59959 41.1745
1298880623 -8.59959 41.1745
1298880624 -8.59959 41.1745
1298880625 -8.59959 41.1745
1298880626 -8.59959 41.1745
1298880627 -8.59959 41.1745
1298880628 -8.59959 41.1745
1298880629 -8.59959 41.1745
1298880630 -8.59959 41.1745
1298880631 -8.59959 41.1745
1298880632 -8.5996 41.1746
1298880633 -8.59963 41.1746
1298880634 -8.59965 41.1746
1298880635 -8.59968 41.1747
1298880636 -8.59972 41.1747
1298880637 -8.59976 41.1748
1298880638 -8.59981 41.1749
1298880639 -8.59987 41.175
1298880640 -8.59992 41.1751
1298880641 -8.59998 41.1752
1298880642 -8.60003 41.1753
1298880643 -8.60008 41.1754
1298880644 -8.60011 41.1755
1298880645 -8.60014 41.1756
1298880646 -8.60016 41.1757
1298880647 -8.60016 41.1758
1298880648 -8.60016 41.1759
1298880649 -8.60015 41.176
1298880650 -8.60013 41.1761
1298880651 -8.6001 41.1761
1298880652 -8.60008 41.1762
1298880653 -8.60006 41.1763
1298880654 -8.60003 41.1764
1298880655 -8.6 41.1764
1298880656 -8.59997 41.1765
1298880657 -8.59993 41.1766
1298880658 -8.59989 41.1766
1298880659 -8.59985 41.1767
1298880660 -8.59981 41.1768
1298880661 -8.59977 41.1769
1298880662 -8.59973 41.177
1298880663 -8.5997 41.1771
1298880664 -8.59965 41.1771
1298880665 -8.59962 41.1772
1298880666 -8.59957 41.1773
1298880667 -8.59953 41.1774
1298880668 -8.59949 41.1774
1298880669 -8.59946 41.1775
1298880670 -8.59942 41.1776
1298880671 -8.59938 41.1777
1298880672 -8.59937 41.1777
1298880673 -8.59935 41.1777
1298880674 -8.59933 41.1778
1298880675 -8.59931 41.1778
1298880676 -8.5993 41.1778
1298880677 -8.59928 41.1778
1298880678 -8.59927 41.1779
1298880679 -8.59925 41.1779
1298880680 -8.59923 41.178
1298880681 -8.59921 41.178
1298880682 -8.59919 41.178
1298880683 -8.59917 41.1781
1298880684 -8.59915 41.1782
1298880685 -8.59912 41.1782
1298880686 -8.5991 41.1783
1298880687 -8.59908 41.1783
1298880688 -8.59909 41.1784
1298880689 -8.5991 41.1784
1298880690 -8.59914 41.1785
1298880691 -8.59919 41.1785
1298880692 -8.59927 41.1785
1298880693 -8.59935 41.1786
1298880694 -8.59944 41.1786
1298880695 -8.59954 41.1786
1298880696 -8.59964 41.1787
1298880697 -8.59974 41.1787
1298880698 -8.59985 41.1787
1298880699 -8.59996 41.1788
1298880700 -8.60006 41.1788
1298880701 -8.60017 41.1788
1298880702 -8.60027 41.1788
1298880703 -8.60037 41.1789
1298880704 -8.60048 41.1789
1298880705 -8.60058 41.1789
1298880706 -8.60068 41.179
1298880707 -8.60078 41.179
1298880708 -8.60087 41.179
1298880709 -8.60094 41.1791
1298880710 -8.60103 41.1791
1298880711 -8.60113 41.1791
1298880712 -8.60124 41.1791
1298880713 -8.60135 41.1792
1298880714 -8.60146 41.1792
1298880715 -8.60158 41.1792
1298880716 -8.6017 41.1793
1298880717 -8.60182 41.1793
1298880718 -8.60194 41.1793
1298880719 -8.60206 41.1794
1298880720 -8.60218 41.1794
1298880721 -8.6023 41.1794
1298880722 -8.60241 41.1795
1298880723 -8.60252 41.1795
1298880724 -8.60261 41.1795
1298880725 -8.60271 41.1796
1298880726 -8.60282 41.1796
1298880727 -8.60292 41.1796
1298880728 -8.60301 41.1797
1298880729 -8.60308 41.1797
1298880730 -8.60314 41.1798
1298880731 -8.60321 41.1798
1298880732 -8.60326 41.1798
1298880733 -8.60331 41.1798
1298880734 -8.60334 41.1799
1298880735 -8.60338 41.1799
1298880736 -8.60341 41.1799
1298880737 -8.60342 41.1799
1298880738 -8.60342 41.18
1298880739 -8.60341 41.18
1298880740 -8.6034 41.18
1298880741 -8.60338 41.18
1298880742 -8.60335 41.18
1298880743 -8.60332 41.18
1298880744 -8.6033 41.18
1298880745 -8.60325 41.18
1298880746 -8.60321 41.1799
1298880747 -8.60315 41.1799
1298880748 -8.6031 41.1799
1298880749 -8.60304 41.1799
1298880750 -8.60298 41.1799
1298880751 -8.60293 41.1799
1298880752 -8.60288 41.1799
1298880753 -8.60282 41.1799
1298880754 -8.60279 41.1799
1298880755 -8.60276 41.1798
1298880756 -8.60274 41.1798
1298880757 -8.60273 41.1798
1298880758 -8.60273 41.1798
1298880759 -8.60273 41.1798
1298880760 -8.60273 41.1798
1298880761 -8.60273 41.1798
1298880762 -8.60273 41.1798
1298880763 -8.60273 41.1798
1298880764 -8.60273 41.1798
1298880765 -8.60273 41.1798
1298880766 -8.60273 41.1798
1298880767 -8.60273 41.1798
1298880768 -8.60273 41.1798
1298880769 -8.60273 41.1798
1298880770 -8.60273 41.1798
1298880771 -8.60273 41.1798
1298880772 -8.60273 41.1798
1298880773 -8.60273 41.1798
1298880774 -8.60273 41.1798
1298880775 -8.60272 41.1798
1298880776 -8.60272 41.1798
1298880777 -8.60272 41.1798
1298880778 -8.60272 41.1798
1298880779 -8.60272 41.1798
1298880780 -8.60272 41.1798
1298880781 -8.60272 41.1798
1298880782 -8.60272 41.1798
1298880783 -8.60272 41.1798
1298880784 -8.60272 41.1798
1298880785 -8.60272 41.1798
1298880786 -8.60272 41.1798
1298880787 -8.60272 41.1798
1298880788 -8.60271 41.1798
1298880789 -8.6027 41.1798
1298880790 -8.60268 41.1798
1298880791 -8.60266 41.1798
1298880792 -8.60265 41.1798
1298880793 -8.60263 41.1798
1298880794 -8.60262 41.1798
1298880795 -8.60262 41.1798
1298880796 -8.60262 41.1798
1298880797 -8.60262 41.1798
1298880798 -8.60261 41.1798
1298880799 -8.60261 41.1798
1298880800 -8.60261 41.1798
1298880801 -8.60261 41.1798
1298880802 -8.60261 41.1798
1298880803 -8.60261 41.1798
1298880804 -8.60261 41.1798
1298880805 -8.60261 41.1798
1298880806 -8.60261 41.1798
1298880807 -8.6026 41.1798
1298880808 -8.60258 41.1798
1298880809 -8.60257 41.1798
1298880810 -8.60255 41.1798
1298880811 -8.60252 41.1798
1298880812 -8.60252 41.1798
1298880813 -8.60251 41.1798
1298880814 -8.6025 41.1798
1298880815 -8.6025 41.1798
1298880816 -8.6025 41.1798
1298880817 -8.6025 41.1798
1298880818 -8.6025 41.1798
1298880819 -8.6025 41.1798
1298880820 -8.6025 41.1798
1298880821 -8.60249 41.1798
1298880822 -8.60249 41.1798
1298880823 -8.60249 41.1798
1298880824 -8.60249 41.1798
1298880825 -8.60249 41.1798
1298880826 -8.60248 41.1798
1298880827 -8.60246 41.1798
1298880828 -8.60243 41.1797
1298880829 -8.60239 41.1797
1298880830 -8.60235 41.1797
1298880831 -8.60233 41.1797
1298880832 -8.60232 41.1797
1298880833 -8.60232 41.1797
1298880834 -8.60232 41.1797
1298880835 -8.60231 41.1797
1298880836 -8.60232 41.1797
1298880837 -8.60232 41.1797
1298880838 -8.60231 41.1797
1298880839 -8.60232 41.1797
1298880840 -8.60232 41.1797
1298880841 -8.60232 41.1797
1298880842 -8.60231 41.1797
1298880843 -8.60231 41.1797
1298880844 -8.60231 41.1797
1298880845 -8.60231 41.1797
1298880846 -8.60231 41.1797
1298880847 -8.60232 41.1797
1298880848 -8.60231 41.1797
1298880849 -8.60231 41.1797
1298880850 -8.60231 41.1797
1298880851 -8.60231 41.1797
1298880852 -8.60231 41.1797
1298880853 -8.60231 41.1797
1298880854 -8.60231 41.1797
1298880855 -8.6023 41.1797
1298880856 -8.6023 41.1797
1298880857 -8.6023 41.1797
1298880858 -8.60229 41.1797
1298880859 -8.60229 41.1797
1298880860 -8.60228 41.1797
1298880861 -8.60228 41.1797
1298880862 -8.60228 41.1797
1298880863 -8.60228 41.1797
1298880864 -8.60228 41.1797
1298880865 -8.60228 41.1797
1298880866 -8.60228 41.1797
1298880867 -8.60228 41.1797
1298880868 -8.60228 41.1797
1298880869 -8.60228 41.1797
1298880870 -8.60228 41.1797
1298880871 -8.60228 41.1797
1298880872 -8.60229 41.1797
1298880873 -8.60229 41.1797
1298880874 -8.60229 41.1797
1298880875 -8.6023 41.1797
1298880876 -8.6023 41.1797
1298880877 -8.60231 41.1797
1298880878 -8.60231 41.1797
1298880879 -8.60231 41.1797
1298880880 -8.60231 41.1797
1298880881 -8.6023 41.1797
1298880882 -8.60228 41.1797
1298880883 -8.60224 41.1797
1298880884 -8.60218 41.1797
1298880885 -8.60214 41.1797
1298880886 -8.6021 41.1797
1298880887 -8.60206 41.1796
1298880888 -8.60205 41.1796
1298880889 -8.60205 41.1796
1298880890 -8.60205 41.1796
1298880891 -8.60205 41.1796
1298880892 -8.60205 41.1796
1298880893 -8.60205 41.1796
1298880894 -8.60205 41.1796
1298880895 -8.60205 41.1796
1298880896 -8.60204 41.1796
1298880897 -8.60205 41.1796
1298880898 -8.60205 41.1796
1298880899 -8.60205 41.1796
1298880900 -8.60205 41.1796
1298880901 -8.60205 41.1796
1298880902 -8.60204 41.1796
1298880903 -8.60205 41.1796
1298880904 -8.60205 41.1796
1298880905 -8.60205 41.1796
1298880906 -8.60205 41.1796
1298880907 -8.60205 41.1796
1298880908 -8.60205 41.1796
1298880909 -8.60206 41.1796
1298880910 -8.60206 41.1796
1298880911 -8.60206 41.1796
1298880912 -8.60206 41.1796
1298880913 -8.60206 41.1796
1298880914 -8.60206 41.1796
1298880915 -8.60206 41.1796
1298880916 -8.60206 41.1796
1298880917 -8.60206 41.1796
1298880918 -8.60206 41.1796
1298880919 -8.60206 41.1796
1298880920 -8.60206 41.1796
1298880921 -8.60206 41.1796
1298880922 -8.60206 41.1796
1298880923 -8.60206 41.1796
1298880924 -8.60206 41.1796
1298880925 -8.60207 41.1796
1298880926 -8.60207 41.1796
1298880927 -8.60207 41.1796
1298880928 -8.60207 41.1796
1298880929 -8.60207 41.1796
1298880930 -8.60207 41.1796
1298880931 -8.60207 41.1796
1298880932 -8.60207 41.1796
1298880933 -8.60207 41.1796
1298880934 -8.60207 41.1796
1298880935 -8.60206 41.1796
1298880936 -8.60206 41.1796
1298880937 -8.60206 41.1796
1298880938 -8.60206 41.1796
1298880939 -8.60206 41.1796
1298880940 -8.60207 41.1796
1298880941 -8.60206 41.1796
1298880942 -8.60206 41.1796
1298880943 -8.60206 41.1796
1298880944 -8.60206 41.1796
1298880945 -8.60206 41.1796
1298880946 -8.60206 41.1796
1298880947 -8.60207 41.1796
1298880948 -8.60207 41.1796
1298880949 -8.60207 41.1796
1298880950 -8.60207 41.1796
1298880951 -8.60207 41.1796
1298880952 -8.60207 41.1796
1298880953 -8.60207 41.1796
1298880954 -8.60208 41.1796
1298880955 -8.60208 41.1796
1298880956 -8.60208 41.1796
1298880957 -8.60208 41.1796
1298880958 -8.60207 41.1796
1298880959 -8.60207 41.1796
1298880960 -8.60207 41.1796
1298880961 -8.60207 41.1796
1298880962 -8.60207 41.1796
1298880963 -8.60206 41.1796
1298880964 -8.60206 41.1796
1298880965 -8.60206 41.1796
1298880966 -8.60206 41.1796
1298880967 -8.60206 41.1796
1298880968 -8.60207 41.1796
1298880969 -8.60207 41.1796
1298880970 -8.60207 41.1796
1298880971 -8.60207 41.1796
1298880972 -8.60207 41.1796
1298880973 -8.60207 41.1796
1298880974 -8.60207 41.1796
1298880975 -8.60207 41.1796
1298880976 -8.60207 41.1796
1298880977 -8.60207 41.1796
1298880978 -8.60207 41.1796
1298880979 -8.60207 41.1796
1298880980 -8.60207 41.1796
1298880981 -8.60207 41.1796
1298880982 -8.60208 41.1796
1298880983 -8.60208 41.1796
1298880984 -8.60207 41.1796
1298880985 -8.60206 41.1796
1298880986 -8.60206 41.1796
1298880987 -8.60206 41.1796
1298880988 -8.60205 41.1796
1298880989 -8.60205 41.1796
1298880990 -8.60204 41.1796
1298880991 -8.60202 41.1796
1298880992 -8.60201 41.1796
1298880993 -8.60199 41.1796
1298880994 -8.60197 41.1796
1298880995 -8.60196 41.1796
1298880996 -8.60194 41.1796
1298880997 -8.60189 41.1796
1298880998 -8.60186 41.1796
1298880999 -8.60182 41.1796
1298881000 -8.60179 41.1796
1298881001 -8.60174 41.1796
1298881002 -8.60168 41.1796
1298881003 -8.60161 41.1795
1298881004 -8.60153 41.1795
1298881005 -8.60145 41.1795
1298881006 -8.60138 41.1795
1298881007 -8.60131 41.1794
1298881008 -8.60124 41.1794
1298881009 -8.60116 41.1794
1298881010 -8.60112 41.1794
1298881011 -8.60108 41.1793
1298881012 -8.60107 41.1793
1298881013 -8.60106 41.1793
1298881014 -8.60106 41.1793
1298881015 -8.60106 41.1792
1298881016 -8.60107 41.1792
1298881017 -8.60107 41.1792
1298881018 -8.60107 41.1792
1298881019 -8.60107 41.1792
1298881020 -8.60107 41.1792
1298881021 -8.60107 41.1792
1298881022 -8.60107 41.1792
1298881023 -8.60108 41.1791
1298881024 -8.60109 41.1791
1298881025 -8.6011 41.1791
1298881026 -8.6011 41.1791
1298881027 -8.60111 41.1791
1298881028 -8.60111 41.1791
1298881029 -8.60112 41.1791
1298881030 -8.60113 41.1791
1298881031 -8.60115 41.1791
1298881032 -8.60118 41.1791
1298881033 -8.60124 41.1791
1298881034 -8.60129 41.1791
1298881035 -8.60136 41.1792
1298881036 -8.60144 41.1792
1298881037 -8.60152 41.1792
1298881038 -8.60162 41.1792
1298881039 -8.60171 41.1793
1298881040 -8.60184 41.1793
1298881041 -8.60196 41.1793
1298881042 -8.60208 41.1794
1298881043 -8.6022 41.1794
1298881044 -8.60232 41.1794
1298881045 -8.60243 41.1795
1298881046 -8.60254 41.1795
1298881047 -8.60266 41.1795
1298881048 -8.60278 41.1796
1298881049 -8.6029 41.1796
1298881050 -8.60304 41.1796
1298881051 -8.60317 41.1797
1298881052 -8.60332 41.1797
1298881053 -8.60346 41.1797
1298881054 -8.60359 41.1798
1298881055 -8.6037 41.1798
1298881056 -8.60382 41.1798
1298881057 -8.60393 41.1799
1298881058 -8.60404 41.1799
1298881059 -8.60413 41.1799
1298881060 -8.60422 41.18
1298881061 -8.6043 41.18
1298881062 -8.60438 41.18
1298881063 -8.60445 41.18
1298881064 -8.6045 41.1801
1298881065 -8.60454 41.1801
1298881066 -8.60456 41.1801
1298881067 -8.60456 41.1801
1298881068 -8.60456 41.1801
1298881069 -8.60456 41.1801
1298881070 -8.60456 41.1801
1298881071 -8.60456 41.1801
1298881072 -8.60457 41.1801
1298881073 -8.60457 41.1801
1298881074 -8.60458 41.1801
1298881075 -8.60459 41.1801
1298881076 -8.60459 41.1801
1298881077 -8.60459 41.1801
1298881078 -8.6046 41.1801
1298881079 -8.60462 41.1801
1298881080 -8.60467 41.1801
1298881081 -8.60471 41.1801
1298881082 -8.60477 41.1801
1298881083 -8.60483 41.1801
1298881084 -8.60489 41.1802
1298881085 -8.60495 41.1802
1298881086 -8.60501 41.1802
1298881087 -8.60506 41.1802
1298881088 -8.60512 41.1802
1298881089 -8.60515 41.1802
1298881090 -8.60517 41.1801
1298881091 -8.6052 41.1801
1298881092 -8.60521 41.18
1298881093 -8.60525 41.18
1298881094 -8.6053 41.1799
1298881095 -8.60534 41.1798
1298881096 -8.60539 41.1797
1298881097 -8.60544 41.1796
1298881098 -8.60548 41.1795
1298881099 -8.60555 41.1794
1298881100 -8.6056 41.1793
1298881101 -8.60567 41.1792
1298881102 -8.60576 41.1791
1298881103 -8.60584 41.179
1298881104 -8.60592 41.1789
1298881105 -8.60599 41.1788
1298881106 -8.60606 41.1788
1298881107 -8.60612 41.1787
1298881108 -8.60619 41.1786
1298881109 -8.60626 41.1786
1298881110 -8.60633 41.1785
1298881111 -8.60641 41.1784
1298881112 -8.6065 41.1783
1298881113 -8.60661 41.1782
1298881114 -8.60672 41.1781
1298881115 -8.60682 41.178
1298881116 -8.60693 41.1779
1298881117 -8.60704 41.1778
1298881118 -8.60715 41.1776
1298881119 -8.60726 41.1775
1298881120 -8.60736 41.1774
1298881121 -8.60746 41.1773
1298881122 -8.60755 41.1772
1298881123 -8.60765 41.1771
1298881124 -8.60773 41.177
1298881125 -8.60783 41.1769
1298881126 -8.60789 41.1768
1298881127 -8.60794 41.1766
1298881128 -8.60798 41.1765
1298881129 -8.60802 41.1764
1298881130 -8.60808 41.1763
1298881131 -8.60812 41.1762
1298881132 -8.60818 41.176
1298881133 -8.60821 41.1759
1298881134 -8.60825 41.1758
1298881135 -8.60828 41.1758
1298881136 -8.60829 41.1757
1298881137 -8.60831 41.1757
1298881138 -8.60833 41.1756
1298881139 -8.60834 41.1756
1298881140 -8.60835 41.1756
1298881141 -8.60837 41.1756
1298881142 -8.60838 41.1755
1298881143 -8.60839 41.1755
1298881144 -8.60841 41.1755
1298881145 -8.60842 41.1755
1298881146 -8.60843 41.1754
1298881147 -8.60843 41.1754
1298881148 -8.60843 41.1754
1298881149 -8.60841 41.1754
1298881150 -8.60838 41.1754
1298881151 -8.60833 41.1754
1298881152 -8.60827 41.1753
1298881153 -8.6082 41.1753
1298881154 -8.60812 41.1753
1298881155 -8.60804 41.1753
1298881156 -8.60795 41.1753
1298881157 -8.60786 41.1753
1298881158 -8.60775 41.1753
1298881159 -8.60764 41.1753
1298881160 -8.60752 41.1753
1298881161 -8.60739 41.1752
1298881162 -8.60728 41.1752
1298881163 -8.60715 41.1752
1298881164 -8.60702 41.1751
1298881165 -8.60691 41.175
1298881166 -8.6068 41.175
1298881167 -8.60672 41.1749
1298881168 -8.60666 41.1748
1298881169 -8.60662 41.1748
1298881170 -8.60659 41.1748
1298881171 -8.60657 41.1748
1298881172 -8.60657 41.1748
1298881173 -8.60657 41.1748
1298881174 -8.60657 41.1748
1298881175 -8.60657 41.1748
1298881176 -8.60657 41.1748
1298881177 -8.60657 41.1748
1298881178 -8.60657 41.1748
1298881179 -8.60657 41.1748
1298881180 -8.60657 41.1748
1298881181 -8.60657 41.1748
1298881182 -8.60658 41.1748
1298881183 -8.60658 41.1748
1298881184 -8.60658 41.1748
1298881185 -8.60658 41.1748
1298881186 -8.60658 41.1748
1298881187 -8.60657 41.1748
1298881188 -8.60657 41.1748
1298881189 -8.60657 41.1748
1298881190 -8.60657 41.1748
1298881191 -8.60657 41.1748
1298881192 -8.60657 41.1748
1298881193 -8.60657 41.1747
1298881194 -8.60656 41.1747
1298881195 -8.60656 41.1747
1298881196 -8.60655 41.1747
1298881197 -8.60652 41.1747
1298881198 -8.60648 41.1747
1298881199 -8.60645 41.1746
1298881200 -8.60638 41.1746
