:break:
1298880023 -8.64368 41.1662
1298880024 -8.64399 41.1661
1298880025 -8.64429 41.1659
1298880026 -8.6446 41.1657
1298880027 -8.64492 41.1656
1298880028 -8.64523 41.1654
1298880029 -8.64554 41.1653
1298880030 -8.64586 41.1652
1298880031 -8.64617 41.165
1298880032 -8.64647 41.1649
1298880033 -8.64675 41.1648
1298880034 -8.64703 41.1647
1298880035 -8.64728 41.1646
1298880036 -8.64751 41.1645
1298880037 -8.64773 41.1643
1298880038 -8.64794 41.1642
1298880039 -8.64814 41.1641
1298880040 -8.64833 41.1639
1298880041 -8.64851 41.1638
1298880042 -8.64868 41.1636
1298880043 -8.64883 41.1635
1298880044 -8.64896 41.1633
1298880045 -8.64909 41.1631
1298880046 -8.64919 41.1629
1298880047 -8.64928 41.1628
1298880048 -8.64934 41.1626
1298880049 -8.6494 41.1624
1298880050 -8.64943 41.1622
1298880051 -8.64946 41.162
1298880052 -8.64948 41.1618
1298880053 -8.64947 41.1616
1298880054 -8.64947 41.1614
1298880055 -8.64949 41.1613
1298880056 -8.64949 41.1611
1298880057 -8.64944 41.1609
1298880058 -8.64937 41.1607
1298880059 -8.6493 41.1606
1298880060 -8.64922 41.1604
1298880061 -8.64916 41.1602
1298880062 -8.64913 41.1601
1298880063 -8.64913 41.1599
1298880064 -8.64918 41.1598
1298880065 -8.64924 41.1596
1298880066 -8.64933 41.1594
1298880067 -8.6494 41.1593
1298880068 -8.64947 41.1591
1298880069 -8.64952 41.1589
1298880070 -8.64956 41.1587
1298880071 -8.64956 41.1586
1298880072 -8.64954 41.1584
1298880073 -8.64949 41.1582
1298880074 -8.64942 41.1581
1298880075 -8.64936 41.158
1298880076 -8.64929 41.1578
1298880077 -8.64923 41.1577
1298880078 -8.64919 41.1577
1298880079 -8.64918 41.1576
1298880080 -8.64921 41.1576
1298880081 -8.64926 41.1575
1298880082 -8.64934 41.1575
1298880083 -8.64943 41.1575
1298880084 -8.64953 41.1574
1298880085 -8.64964 41.1574
1298880086 -8.64977 41.1573
1298880087 -8.64989 41.1573
1298880088 -8.65 41.1573
1298880089 -8.65009 41.1573
1298880090 -8.65018 41.1573
1298880091 -8.65027 41.1574
1298880092 -8.65035 41.1574
1298880093 -8.65045 41.1575
1298880094 -8.65055 41.1575
1298880095 -8.65063 41.1576
1298880096 -8.65068 41.1577
1298880097 -8.65074 41.1577
1298880098 -8.65077 41.1578
1298880099 -8.65082 41.1579
1298880100 -8.65087 41.1579
1298880101 -8.6509 41.158
1298880102 -8.65092 41.158
1298880103 -8.65094 41.158
1298880104 -8.65095 41.158
1298880105 -8.65098 41.158
1298880106 -8.65102 41.158
1298880107 -8.65105 41.158
1298880108 -8.65108 41.158
1298880109 -8.65111 41.158
1298880110 -8.65117 41.158
1298880111 -8.65125 41.158
1298880112 -8.65132 41.1579
1298880113 -8.65139 41.1579
1298880114 -8.65147 41.1579
1298880115 -8.65158 41.1579
1298880116 -8.65165 41.1578
1298880117 -8.6517 41.1578
1298880118 -8.65175 41.1578
1298880119 -8.6518 41.1578
1298880120 -8.65184 41.1577
1298880121 -8.65188 41.1577
1298880122 -8.6519 41.1576
1298880123 -8.65193 41.1576
1298880124 -8.65199 41.1576
1298880125 -8.65203 41.1576
1298880126 -8.65208 41.1576
1298880127 -8.65211 41.1575
1298880128 -8.65212 41.1575
1298880129 -8.65213 41.1575
1298880130 -8.65215 41.1575
1298880131 -8.65217 41.1575
1298880132 -8.65219 41.1575
1298880133 -8.6522 41.1575
1298880134 -8.65224 41.1574
1298880135 -8.65229 41.1574
1298880136 -8.65238 41.1573
1298880137 -8.65245 41.1573
1298880138 -8.65254 41.1572
1298880139 -8.65264 41.1572
1298880140 -8.65273 41.1571
1298880141 -8.65278 41.1571
1298880142 -8.65279 41.157
1298880143 -8.65275 41.157
1298880144 -8.6527 41.1569
1298880145 -8.65263 41.1569
1298880146 -8.65256 41.1568
1298880147 -8.65249 41.1567
1298880148 -8.65243 41.1566
1298880149 -8.65239 41.1565
1298880150 -8.6524 41.1564
1298880151 -8.65245 41.1562
1298880152 -8.65253 41.1561
1298880153 -8.65263 41.156
1298880154 -8.65273 41.1559
1298880155 -8.65285 41.1558
1298880156 -8.65298 41.1557
1298880157 -8.65311 41.1557
1298880158 -8.65327 41.1557
1298880159 -8.65344 41.1557
1298880160 -8.65361 41.1557
1298880161 -8.65381 41.1557
1298880162 -8.65401 41.1557
1298880163 -8.65423 41.1557
1298880164 -8.65445 41.1557
1298880165 -8.65465 41.1557
1298880166 -8.65487 41.1557
1298880167 -8.65507 41.1557
1298880168 -8.65526 41.1556
1298880169 -8.65542 41.1556
1298880170 -8.65557 41.1555
1298880171 -8.6557 41.1554
1298880172 -8.65579 41.1553
1298880173 -8.65587 41.1552
1298880174 -8.65592 41.155
1298880175 -8.65595 41.1549
1298880176 -8.65595 41.1548
1298880177 -8.65594 41.1547
1298880178 -8.65592 41.1546
1298880179 -8.65588 41.1545
1298880180 -8.65582 41.1544
1298880181 -8.65576 41.1543
1298880182 -8.6557 41.1542
1298880183 -8.65562 41.1541
1298880184 -8.65555 41.1541
1298880185 -8.65548 41.154
1298880186 -8.65541 41.1539
1298880187 -8.65535 41.1538
1298880188 -8.6553 41.1537
1298880189 -8.65526 41.1536
1298880190 -8.65522 41.1536
1298880191 -8.65519 41.1535
1298880192 -8.65519 41.1535
1298880193 -8.65521 41.1534
1298880194 -8.65523 41.1534
1298880195 -8.65526 41.1534
1298880196 -8.65526 41.1534
1298880197 -8.65528 41.1534
1298880198 -8.6553 41.1534
1298880199 -8.65532 41.1534
1298880200 -8.65534 41.1534
1298880201 -8.65535 41.1534
1298880202 -8.65535 41.1533
1298880203 -8.65535 41.1533
1298880204 -8.65534 41.1532
1298880205 -8.65532 41.1532
1298880206 -8.65529 41.1531
1298880207 -8.65525 41.153
1298880208 -8.65522 41.153
1298880209 -8.65519 41.1529
1298880210 -8.65517 41.1528
1298880211 -8.65516 41.1528
1298880212 -8.65515 41.1527
1298880213 -8.65517 41.1527
1298880214 -8.65518 41.1527
1298880215 -8.65519 41.1527
1298880216 -8.65521 41.1526
1298880217 -8.65524 41.1526
1298880218 -8.65529 41.1526
1298880219 -8.65536 41.1526
1298880220 -8.65544 41.1526
1298880221 -8.65555 41.1526
1298880222 -8.65566 41.1525
1298880223 -8.65578 41.1525
1298880224 -8.65589 41.1525
1298880225 -8.656 41.1524
1298880226 -8.6561 41.1524
1298880227 -8.65618 41.1524
1298880228 -8.65625 41.1524
1298880229 -8.6563 41.1524
1298880230 -8.65634 41.1524
1298880231 -8.65634 41.1524
1298880232 -8.65634 41.1524
1298880233 -8.65633 41.1524
1298880234 -8.65632 41.1524
1298880235 -8.65631 41.1524
1298880236 -8.6563 41.1524
1298880237 -8.6563 41.1524
1298880238 -8.6563 41.1524
1298880239 -8.6563 41.1524
1298880240 -8.6563 41.1524
1298880241 -8.65631 41.1524
1298880242 -8.65631 41.1524
1298880243 -8.65631 41.1524
1298880244 -8.65631 41.1524
1298880245 -8.65631 41.1524
1298880246 -8.65631 41.1524
1298880247 -8.65632 41.1524
1298880248 -8.65632 41.1524
1298880249 -8.65632 41.1524
1298880250 -8.65632 41.1524
1298880251 -8.65632 41.1524
1298880252 -8.65632 41.1524
1298880253 -8.65632 41.1524
1298880254 -8.65632 41.1524
1298880255 -8.65633 41.1524
1298880256 -8.65633 41.1524
1298880257 -8.65633 41.1524
1298880258 -8.65633 41.1524
1298880259 -8.65633 41.1524
1298880260 -8.65633 41.1524
1298880261 -8.65633 41.1524
1298880262 -8.65634 41.1524
1298880263 -8.65634 41.1524
1298880264 -8.65634 41.1524
1298880265 -8.65634 41.1524
1298880266 -8.65634 41.1524
1298880267 -8.65634 41.1524
1298880268 -8.65634 41.1524
1298880269 -8.65634 41.1524
1298880270 -8.65634 41.1524
1298880271 -8.65634 41.1524
1298880272 -8.65634 41.1524
1298880273 -8.65634 41.1524
1298880274 -8.65634 41.1524
1298880275 -8.65634 41.1524
1298880276 -8.65634 41.1524
1298880277 -8.65634 41.1524
1298880278 -8.65634 41.1524
1298880279 -8.65634 41.1524
1298880280 -8.65634 41.1524
1298880281 -8.65634 41.1524
1298880282 -8.65634 41.1524
1298880283 -8.65634 41.1524
1298880284 -8.65634 41.1524
1298880285 -8.65634 41.1524
1298880286 -8.65634 41.1524
1298880287 -8.65634 41.1524
1298880288 -8.65634 41.1524
1298880289 -8.65634 41.1524
1298880290 -8.65634 41.1524
1298880291 -8.65634 41.1524
1298880292 -8.65634 41.1524
1298880293 -8.65634 41.1524
1298880294 -8.65634 41.1524
1298880295 -8.65634 41.1524
1298880296 -8.65634 41.1524
1298880297 -8.65634 41.1524
1298880298 -8.65634 41.1524
1298880299 -8.65634 41.1524
1298880300 -8.65634 41.1524
1298880301 -8.65634 41.1524
1298880302 -8.65634 41.1524
1298880303 -8.65634 41.1524
1298880304 -8.65634 41.1524
1298880305 -8.65634 41.1524
1298880306 -8.65634 41.1524
1298880307 -8.65634 41.1524
1298880308 -8.65634 41.1524
1298880309 -8.65633 41.1524
1298880310 -8.65633 41.1524
1298880311 -8.65633 41.1524
1298880312 -8.65633 41.1524
1298880313 -8.65633 41.1524
1298880314 -8.65633 41.1524
1298880315 -8.65632 41.1524
1298880316 -8.65632 41.1524
1298880317 -8.65632 41.1524
1298880318 -8.65632 41.1524
1298880319 -8.65632 41.1524
1298880320 -8.65632 41.1524
1298880321 -8.65632 41.1524
1298880322 -8.65632 41.1524
1298880323 -8.65632 41.1524
1298880324 -8.65632 41.1524
1298880325 -8.65632 41.1524
1298880326 -8.65632 41.1524
1298880327 -8.65632 41.1524
1298880328 -8.65632 41.1524
1298880329 -8.65632 41.1524
1298880330 -8.65632 41.1524
1298880331 -8.65632 41.1524
1298880332 -8.65632 41.1524
1298880333 -8.65631 41.1524
1298880334 -8.65631 41.1524
1298880335 -8.65631 41.1524
1298880336 -8.65631 41.1524
1298880337 -8.65631 41.1524
1298880338 -8.65631 41.1525
1298880339 -8.65631 41.1525
1298880340 -8.65631 41.1525
1298880341 -8.65632 41.1525
1298880342 -8.65632 41.1525
1298880343 -8.65632 41.1525
1298880344 -8.65632 41.1525
1298880345 -8.65632 41.1525
1298880346 -8.65632 41.1525
1298880347 -8.65632 41.1525
1298880348 -8.65632 41.1525
1298880349 -8.65632 41.1525
1298880350 -8.65631 41.1524
1298880351 -8.65631 41.1524
1298880352 -8.65631 41.1524
1298880353 -8.65631 41.1524
1298880354 -8.65631 41.1524
1298880355 -8.65631 41.1524
1298880356 -8.65631 41.1524
1298880357 -8.65631 41.1524
1298880358 -8.65631 41.1524
1298880359 -8.65631 41.1524
1298880360 -8.65631 41.1524
1298880361 -8.65631 41.1524
1298880362 -8.65631 41.1524
1298880363 -8.6563 41.1524
1298880364 -8.6563 41.1524
1298880365 -8.6563 41.1524
1298880366 -8.6563 41.1524
1298880367 -8.6563 41.1524
1298880368 -8.6563 41.1524
1298880369 -8.6563 41.1524
1298880370 -8.6563 41.1524
1298880371 -8.6563 41.1524
1298880372 -8.6563 41.1524
1298880373 -8.6563 41.1524
1298880374 -8.6563 41.1524
1298880375 -8.6563 41.1524
1298880376 -8.6563 41.1524
1298880377 -8.6563 41.1524
1298880378 -8.6563 41.1524
1298880379 -8.65631 41.1524
1298880380 -8.65631 41.1524
1298880381 -8.65631 41.1524
1298880382 -8.65631 41.1524
1298880383 -8.65631 41.1524
1298880384 -8.65631 41.1524
1298880385 -8.65631 41.1524
1298880386 -8.65631 41.1524
1298880387 -8.65631 41.1524
1298880388 -8.65631 41.1524
1298880389 -8.65631 41.1524
1298880390 -8.65631 41.1524
1298880391 -8.65631 41.1524
1298880392 -8.65631 41.1524
1298880393 -8.65631 41.1524
1298880394 -8.65631 41.1524
1298880395 -8.65631 41.1524
1298880396 -8.65631 41.1524
1298880397 -8.65631 41.1524
1298880398 -8.65631 41.1524
1298880399 -8.6563 41.1524
1298880400 -8.65629 41.1524
1298880401 -8.65625 41.1524
1298880402 -8.6562 41.1524
1298880403 -8.65615 41.1524
1298880404 -8.65607 41.1524
1298880405 -8.65599 41.1525
1298880406 -8.65588 41.1525
1298880407 -8.65576 41.1525
1298880408 -8.65563 41.1526
1298880409 -8.65552 41.1526
1298880410 -8.65539 41.1526
1298880411 -8.65528 41.1526
1298880412 -8.65519 41.1527
1298880413 -8.65513 41.1527
1298880414 -8.65509 41.1527
1298880415 -8.65507 41.1527
1298880416 -8.65506 41.1527
1298880417 -8.65504 41.1527
1298880418 -8.65501 41.1527
1298880419 -8.65499 41.1527
1298880420 -8.65497 41.1526
1298880421 -8.65494 41.1526
1298880422 -8.65491 41.1525
1298880423 -8.65489 41.1525
1298880424 -8.65486 41.1525
1298880425 -8.65484 41.1524
1298880426 -8.65483 41.1524
1298880427 -8.65483 41.1524
1298880428 -8.65483 41.1524
1298880429 -8.65483 41.1524
1298880430 -8.65483 41.1524
1298880431 -8.65484 41.1524
1298880432 -8.65484 41.1524
1298880433 -8.65485 41.1524
1298880434 -8.65485 41.1524
1298880435 -8.65485 41.1524
1298880436 -8.65486 41.1524
1298880437 -8.65487 41.1524
1298880438 -8.65487 41.1524
1298880439 -8.65488 41.1524
1298880440 -8.65488 41.1524
1298880441 -8.65488 41.1524
1298880442 -8.65488 41.1524
1298880443 -8.65488 41.1524
1298880444 -8.65487 41.1524
1298880445 -8.65487 41.1524
1298880446 -8.65487 41.1524
1298880447 -8.65486 41.1524
1298880448 -8.65486 41.1524
1298880449 -8.65486 41.1524
1298880450 -8.65487 41.1524
1298880451 -8.65487 41.1524
1298880452 -8.65487 41.1524
1298880453 -8.65487 41.1524
1298880454 -8.65487 41.1524
1298880455 -8.65488 41.1524
1298880456 -8.65488 41.1524
1298880457 -8.65488 41.1524
1298880458 -8.65488 41.1524
1298880459 -8.65488 41.1524
1298880460 -8.65488 41.1524
1298880461 -8.65489 41.1524
1298880462 -8.65489 41.1524
1298880463 -8.65489 41.1524
1298880464 -8.65489 41.1524
1298880465 -8.65489 41.1524
1298880466 -8.65489 41.1524
1298880467 -8.65489 41.1524
1298880468 -8.65489 41.1524
1298880469 -8.65489 41.1524
1298880470 -8.65489 41.1524
1298880471 -8.65489 41.1524
1298880472 -8.65489 41.1524
1298880473 -8.65489 41.1524
1298880474 -8.65489 41.1524
1298880475 -8.65489 41.1524
1298880476 -8.65489 41.1524
1298880477 -8.65489 41.1524
1298880478 -8.65489 41.1524
1298880479 -8.65489 41.1524
1298880480 -8.65489 41.1524
1298880481 -8.65489 41.1524
1298880482 -8.65489 41.1524
1298880483 -8.65489 41.1524
1298880484 -8.65489 41.1524
1298880485 -8.65489 41.1524
1298880486 -8.65489 41.1524
1298880487 -8.65486 41.1524
1298880488 -8.65482 41.1523
1298880489 -8.65478 41.1523
1298880490 -8.65471 41.1522
1298880491 -8.65463 41.1522
1298880492 -8.65451 41.1522
1298880493 -8.65436 41.1522
1298880494 -8.65419 41.1521
1298880495 -8.654 41.1521
1298880496 -8.65381 41.1521
1298880497 -8.6536 41.1521
1298880498 -8.65337 41.1521
1298880499 -8.65314 41.1521
1298880500 -8.6529 41.1521
1298880501 -8.65268 41.1521
1298880502 -8.65248 41.1521
1298880503 -8.6523 41.1522
1298880504 -8.65212 41.1522
1298880505 -8.65193 41.1523
1298880506 -8.65175 41.1524
1298880507 -8.65156 41.1525
1298880508 -8.65138 41.1526
1298880509 -8.65122 41.1528
1298880510 -8.65109 41.1529
1298880511 -8.65095 41.1531
1298880512 -8.65083 41.1532
1298880513 -8.65069 41.1534
1298880514 -8.65055 41.1535
1298880515 -8.65038 41.1536
1298880516 -8.65022 41.1537
1298880517 -8.65004 41.1538
1298880518 -8.64986 41.1539
1298880519 -8.64969 41.1539
1298880520 -8.64954 41.154
1298880521 -8.6494 41.154
1298880522 -8.64929 41.154
1298880523 -8.64917 41.1541
1298880524 -8.64905 41.1542
1298880525 -8.64894 41.1542
1298880526 -8.6488 41.1542
1298880527 -8.6486 41.1542
1298880528 -8.64842 41.1542
1298880529 -8.64823 41.1542
1298880530 -8.64807 41.1542
1298880531 -8.64792 41.1542
1298880532 -8.64778 41.1542
1298880533 -8.64764 41.1542
1298880534 -8.64752 41.1542
1298880535 -8.64739 41.1542
1298880536 -8.64726 41.1542
1298880537 -8.64714 41.1542
1298880538 -8.647 41.1542
1298880539 -8.64683 41.1542
1298880540 -8.64665 41.1542
1298880541 -8.64647 41.1542
1298880542 -8.64628 41.1543
1298880543 -8.64608 41.1543
1298880544 -8.64589 41.1543
1298880545 -8.64568 41.1543
1298880546 -8.64547 41.1543
1298880547 -8.64527 41.1544
1298880548 -8.64508 41.1544
1298880549 -8.6449 41.1544
1298880550 -8.64473 41.1544
1298880551 -8.64457 41.1544
1298880552 -8.64445 41.1544
1298880553 -8.64437 41.1544
1298880554 -8.64432 41.1544
1298880555 -8.64428 41.1544
1298880556 -8.64425 41.1544
1298880557 -8.64423 41.1544
1298880558 -8.64421 41.1544
1298880559 -8.64418 41.1544
1298880560 -8.64414 41.1545
1298880561 -8.6441 41.1545
1298880562 -8.64402 41.1545
1298880563 -8.64396 41.1544
1298880564 -8.64389 41.1544
1298880565 -8.64381 41.1544
1298880566 -8.6437 41.1543
1298880567 -8.64356 41.1543
1298880568 -8.64339 41.1542
1298880569 -8.64323 41.1542
1298880570 -8.6431 41.1542
1298880571 -8.64299 41.1541
1298880572 -8.64291 41.1541
1298880573 -8.64285 41.1541
1298880574 -8.64282 41.1541
1298880575 -8.64279 41.1541
1298880576 -8.64278 41.1541
1298880577 -8.64277 41.1541
1298880578 -8.64276 41.1541
1298880579 -8.64275 41.1541
1298880580 -8.64274 41.1541
1298880581 -8.64274 41.1541
1298880582 -8.64274 41.1541
1298880583 -8.64274 41.1541
1298880584 -8.64274 41.1541
1298880585 -8.64274 41.1541
1298880586 -8.64274 41.1541
1298880587 -8.64273 41.1541
1298880588 -8.64273 41.1541
1298880589 -8.64273 41.1541
1298880590 -8.64273 41.1541
1298880591 -8.64273 41.1541
1298880592 -8.64272 41.1541
1298880593 -8.64272 41.1541
1298880594 -8.64272 41.1541
1298880595 -8.64272 41.1541
1298880596 -8.64272 41.1541
1298880597 -8.64272 41.1541
1298880598 -8.64272 41.1541
1298880599 -8.64272 41.1541
1298880600 -8.64272 41.1541
1298880601 -8.64272 41.1541
1298880602 -8.64271 41.1541
1298880603 -8.64268 41.1541
1298880604 -8.64264 41.1541
1298880605 -8.64258 41.1541
1298880606 -8.64252 41.154
1298880607 -8.64244 41.154
1298880608 -8.64234 41.154
1298880609 -8.64223 41.1539
1298880610 -8.64211 41.1539
1298880611 -8.64195 41.1538
1298880612 -8.64177 41.1538
1298880613 -8.64157 41.1537
1298880614 -8.64138 41.1537
1298880615 -8.64117 41.1536
1298880616 -8.64097 41.1536
1298880617 -8.64077 41.1535
1298880618 -8.64057 41.1535
1298880619 -8.64037 41.1534
1298880620 -8.64016 41.1534
1298880621 -8.63996 41.1533
1298880622 -8.63977 41.1533
1298880623 -8.63957 41.1532
1298880624 -8.63939 41.1532
1298880625 -8.63922 41.1532
1298880626 -8.63905 41.1531
1298880627 -8.63888 41.1531
1298880628 -8.63872 41.153
1298880629 -8.63858 41.153
1298880630 -8.63839 41.153
1298880631 -8.63822 41.1529
1298880632 -8.63804 41.1529
1298880633 -8.63785 41.1528
1298880634 -8.6377 41.1528
1298880635 -8.63754 41.1528
1298880636 -8.63739 41.1527
1298880637 -8.63724 41.1527
1298880638 -8.63708 41.1527
1298880639 -8.63696 41.1526
1298880640 -8.63678 41.1526
1298880641 -8.6366 41.1525
1298880642 -8.6364 41.1525
1298880643 -8.63619 41.1524
1298880644 -8.63596 41.1524
1298880645 -8.63573 41.1524
1298880646 -8.63549 41.1524
1298880647 -8.63528 41.1524
1298880648 -8.6351 41.1524
1298880649 -8.6349 41.1524
1298880650 -8.63471 41.1524
1298880651 -8.6345 41.1524
1298880652 -8.6343 41.1524
1298880653 -8.63413 41.1525
1298880654 -8.63395 41.1525
1298880655 -8.63379 41.1525
1298880656 -8.63363 41.1525
1298880657 -8.63349 41.1526
1298880658 -8.63338 41.1526
1298880659 -8.63329 41.1526
1298880660 -8.63322 41.1526
1298880661 -8.63318 41.1526
1298880662 -8.63316 41.1526
1298880663 -8.63315 41.1526
1298880664 -8.63315 41.1526
1298880665 -8.63316 41.1526
1298880666 -8.63316 41.1526
1298880667 -8.63316 41.1526
1298880668 -8.63317 41.1526
1298880669 -8.63317 41.1526
1298880670 -8.63317 41.1526
1298880671 -8.63318 41.1526
1298880672 -8.63318 41.1526
1298880673 -8.63318 41.1526
1298880674 -8.63319 41.1526
1298880675 -8.63319 41.1526
1298880676 -8.63319 41.1526
1298880677 -8.63319 41.1526
1298880678 -8.6332 41.1526
1298880679 -8.6332 41.1526
1298880680 -8.6332 41.1526
1298880681 -8.6332 41.1526
1298880682 -8.6332 41.1526
1298880683 -8.6332 41.1526
1298880684 -8.6332 41.1526
1298880685 -8.6332 41.1526
1298880686 -8.6332 41.1526
1298880687 -8.6332 41.1526
1298880688 -8.6332 41.1526
1298880689 -8.6332 41.1526
1298880690 -8.6332 41.1526
1298880691 -8.6332 41.1526
1298880692 -8.63317 41.1526
1298880693 -8.63314 41.1526
1298880694 -8.6331 41.1526
1298880695 -8.63305 41.1527
1298880696 -8.633 41.1527
1298880697 -8.63294 41.1527
1298880698 -8.63289 41.1527
1298880699 -8.63284 41.1527
1298880700 -8.63281 41.1527
1298880701 -8.63275 41.1527
1298880702 -8.63268 41.1527
1298880703 -8.63264 41.1527
1298880704 -8.63259 41.1527
1298880705 -8.63255 41.1527
1298880706 -8.6325 41.1527
1298880707 -8.63246 41.1527
1298880708 -8.63241 41.1527
1298880709 -8.63237 41.1527
1298880710 -8.63233 41.1527
1298880711 -8.63229 41.1527
1298880712 -8.63225 41.1527
1298880713 -8.63222 41.1527
1298880714 -8.63221 41.1527
1298880715 -8.63217 41.1527
1298880716 -8.63214 41.1526
1298880717 -8.63212 41.1526
1298880718 -8.63208 41.1526
1298880719 -8.63203 41.1526
1298880720 -8.63197 41.1526
1298880721 -8.63192 41.1526
1298880722 -8.63185 41.1526
1298880723 -8.63179 41.1526
1298880724 -8.63173 41.1526
1298880725 -8.63166 41.1526
1298880726 -8.63159 41.1526
1298880727 -8.63156 41.1526
1298880728 -8.63152 41.1526
1298880729 -8.63146 41.1526
1298880730 -8.63141 41.1526
1298880731 -8.63134 41.1526
1298880732 -8.63127 41.1526
1298880733 -8.63122 41.1526
1298880734 -8.63117 41.1526
1298880735 -8.63114 41.1526
1298880736 -8.63111 41.1526
1298880737 -8.63109 41.1526
1298880738 -8.63108 41.1526
1298880739 -8.63108 41.1526
1298880740 -8.63108 41.1526
1298880741 -8.63108 41.1526
1298880742 -8.63107 41.1526
1298880743 -8.63106 41.1526
1298880744 -8.63106 41.1526
1298880745 -8.63105 41.1526
1298880746 -8.63105 41.1526
1298880747 -8.63104 41.1526
1298880748 -8.63103 41.1526
1298880749 -8.63102 41.1526
1298880750 -8.63102 41.1526
1298880751 -8.63101 41.1526
1298880752 -8.631 41.1526
1298880753 -8.631 41.1526
1298880754 -8.63099 41.1526
1298880755 -8.63099 41.1527
1298880756 -8.63098 41.1527
1298880757 -8.63097 41.1527
1298880758 -8.63096 41.1527
1298880759 -8.63096 41.1527
1298880760 -8.63096 41.1527
1298880761 -8.63096 41.1527
1298880762 -8.63095 41.1527
1298880763 -8.63095 41.1527
1298880764 -8.63095 41.1527
1298880765 -8.63095 41.1527
1298880766 -8.63095 41.1527
1298880767 -8.63094 41.1527
1298880768 -8.63094 41.1527
1298880769 -8.63095 41.1527
1298880770 -8.63094 41.1527
1298880771 -8.63093 41.1527
1298880772 -8.6309 41.1527
1298880773 -8.63087 41.1527
1298880774 -8.63085 41.1526
1298880775 -8.63081 41.1526
1298880776 -8.63074 41.1526
1298880777 -8.63066 41.1526
1298880778 -8.63053 41.1526
1298880779 -8.63041 41.1526
1298880780 -8.63026 41.1526
1298880781 -8.63009 41.1526
1298880782 -8.62991 41.1525
1298880783 -8.62973 41.1525
1298880784 -8.62955 41.1525
1298880785 -8.62937 41.1525
1298880786 -8.62919 41.1525
1298880787 -8.62904 41.1525
1298880788 -8.62889 41.1525
1298880789 -8.62876 41.1525
1298880790 -8.62863 41.1525
1298880791 -8.62851 41.1525
1298880792 -8.62842 41.1525
1298880793 -8.62835 41.1525
1298880794 -8.62831 41.1525
1298880795 -8.62829 41.1525
1298880796 -8.62829 41.1525
1298880797 -8.62828 41.1525
1298880798 -8.62828 41.1525
1298880799 -8.62827 41.1525
1298880800 -8.62827 41.1525
1298880801 -8.62826 41.1525
1298880802 -8.62826 41.1525
1298880803 -8.62826 41.1525
1298880804 -8.62825 41.1525
1298880805 -8.62825 41.1525
1298880806 -8.62825 41.1525
1298880807 -8.62825 41.1525
1298880808 -8.62825 41.1525
1298880809 -8.62825 41.1525
1298880810 -8.62825 41.1525
1298880811 -8.62825 41.1525
1298880812 -8.62825 41.1524
1298880813 -8.62825 41.1524
1298880814 -8.62825 41.1524
1298880815 -8.62825 41.1524
1298880816 -8.62825 41.1524
1298880817 -8.62825 41.1524
1298880818 -8.62825 41.1524
1298880819 -8.62825 41.1524
1298880820 -8.62824 41.1524
1298880821 -8.62823 41.1524
1298880822 -8.62822 41.1524
1298880823 -8.62821 41.1525
1298880824 -8.62819 41.1525
1298880825 -8.62817 41.1525
1298880826 -8.62817 41.1525
1298880827 -8.62817 41.1525
1298880828 -8.62816 41.1525
1298880829 -8.62816 41.1525
1298880830 -8.62815 41.1526
1298880831 -8.62813 41.1526
1298880832 -8.6281 41.1526
1298880833 -8.62805 41.1525
1298880834 -8.62801 41.1525
1298880835 -8.62798 41.1526
1298880836 -8.62796 41.1526
1298880837 -8.62795 41.1526
1298880838 -8.62793 41.1527
1298880839 -8.6279 41.1527
1298880840 -8.62787 41.1527
1298880841 -8.62783 41.1527
1298880842 -8.62778 41.1527
1298880843 -8.62773 41.1527
1298880844 -8.6277 41.1527
1298880845 -8.62764 41.1527
1298880846 -8.6276 41.1527
1298880847 -8.62758 41.1527
1298880848 -8.62756 41.1527
1298880849 -8.62754 41.1527
1298880850 -8.62751 41.1528
1298880851 -8.62749 41.1528
1298880852 -8.62749 41.1528
1298880853 -8.62751 41.1528
1298880854 -8.62752 41.1528
1298880855 -8.62751 41.1529
1298880856 -8.6275 41.1529
1298880857 -8.62751 41.1529
1298880858 -8.62751 41.1529
1298880859 -8.6275 41.1529
1298880860 -8.6275 41.1529
1298880861 -8.6275 41.1529
1298880862 -8.62749 41.1529
1298880863 -8.62748 41.1529
1298880864 -8.62748 41.1529
1298880865 -8.62747 41.1528
1298880866 -8.62748 41.1528
1298880867 -8.62749 41.1528
1298880868 -8.62749 41.1528
1298880869 -8.62749 41.1528
1298880870 -8.62748 41.1528
1298880871 -8.62747 41.1528
1298880872 -8.62746 41.1528
1298880873 -8.62746 41.1528
1298880874 -8.62745 41.1528
1298880875 -8.62745 41.1528
1298880876 -8.62745 41.1528
1298880877 -8.62745 41.1528
1298880878 -8.62745 41.1528
1298880879 -8.62745 41.1528
1298880880 -8.62744 41.1528
1298880881 -8.62744 41.1528
1298880882 -8.62744 41.1528
1298880883 -8.62744 41.1528
1298880884 -8.62745 41.1528
1298880885 -8.62745 41.1528
1298880886 -8.62745 41.1528
1298880887 -8.62745 41.1528
1298880888 -8.62745 41.1528
1298880889 -8.62745 41.1528
1298880890 -8.62745 41.1528
1298880891 -8.62745 41.1528
1298880892 -8.62745 41.1528
1298880893 -8.62745 41.1528
1298880894 -8.62744 41.1528
1298880895 -8.62744 41.1528
1298880896 -8.62744 41.1528
1298880897 -8.62744 41.1528
1298880898 -8.62744 41.1528
1298880899 -8.62744 41.1528
1298880900 -8.62744 41.1528
1298880901 -8.62744 41.1528
1298880902 -8.62744 41.1528
1298880903 -8.62744 41.1528
1298880904 -8.62744 41.1528
1298880905 -8.62744 41.1528
1298880906 -8.62744 41.1528
1298880907 -8.62744 41.1528
1298880908 -8.62744 41.1528
1298880909 -8.62744 41.1528
1298880910 -8.62744 41.1528
1298880911 -8.62744 41.1528
1298880912 -8.62744 41.1528
1298880913 -8.62743 41.1528
1298880914 -8.62743 41.1528
1298880915 -8.62743 41.1529
1298880916 -8.62743 41.1529
1298880917 -8.62742 41.1529
1298880918 -8.62742 41.1529
1298880919 -8.62742 41.1529
1298880920 -8.62742 41.1529
1298880921 -8.62742 41.1529
1298880922 -8.62742 41.1529
1298880923 -8.62741 41.1529
1298880924 -8.62741 41.1529
1298880925 -8.62741 41.1529
1298880926 -8.6274 41.1529
1298880927 -8.6274 41.1529
1298880928 -8.6274 41.1529
1298880929 -8.6274 41.1529
1298880930 -8.6274 41.1529
1298880931 -8.62739 41.1529
1298880932 -8.62739 41.1529
1298880933 -8.62739 41.1529
1298880934 -8.62739 41.1529
1298880935 -8.62739 41.1529
1298880936 -8.62739 41.1529
1298880937 -8.62739 41.1529
1298880938 -8.62739 41.1529
1298880939 -8.62739 41.1529
1298880940 -8.62739 41.1529
1298880941 -8.62739 41.1529
1298880942 -8.62739 41.1529
1298880943 -8.62739 41.1529
1298880944 -8.62738 41.1529
1298880945 -8.62738 41.1529
1298880946 -8.62738 41.1529
1298880947 -8.62738 41.1529
1298880948 -8.62738 41.1529
1298880949 -8.62738 41.1529
1298880950 -8.62738 41.1529
1298880951 -8.62738 41.1529
1298880952 -8.62737 41.1529
1298880953 -8.62737 41.1529
1298880954 -8.62737 41.1529
1298880955 -8.62737 41.1529
1298880956 -8.62737 41.1529
1298880957 -8.62737 41.1529
1298880958 -8.62737 41.1529
1298880959 -8.6274 41.1529
1298880960 -8.62742 41.1529
1298880961 -8.62743 41.1529
1298880962 -8.62744 41.1528
1298880963 -8.62744 41.1528
1298880964 -8.62745 41.1528
1298880965 -8.62746 41.1528
1298880966 -8.62747 41.1528
1298880967 -8.62747 41.1528
1298880968 -8.62746 41.1528
1298880969 -8.62747 41.1528
1298880970 -8.62747 41.1528
1298880971 -8.62747 41.1528
1298880972 -8.62746 41.1528
1298880973 -8.62746 41.1528
1298880974 -8.62746 41.1528
1298880975 -8.62746 41.1528
1298880976 -8.62747 41.1528
1298880977 -8.62748 41.1528
1298880978 -8.62748 41.1528
1298880979 -8.62748 41.1528
1298880980 -8.62748 41.1528
1298880981 -8.62748 41.1528
1298880982 -8.62748 41.1528
1298880983 -8.62748 41.1528
1298880984 -8.62748 41.1528
1298880985 -8.62748 41.1528
1298880986 -8.62748 41.1528
1298880987 -8.62748 41.1528
1298880988 -8.62748 41.1528
1298880989 -8.62748 41.1528
1298880990 -8.62748 41.1528
1298880991 -8.62748 41.1528
1298880992 -8.62748 41.1528
1298880993 -8.62748 41.1528
1298880994 -8.62748 41.1528
1298880995 -8.62747 41.1528
1298880996 -8.62747 41.1528
1298880997 -8.62747 41.1528
1298880998 -8.62748 41.1528
1298880999 -8.62748 41.1528
1298881000 -8.62747 41.1528
1298881001 -8.62747 41.1528
1298881002 -8.62747 41.1528
1298881003 -8.62747 41.1528
1298881004 -8.62747 41.1528
1298881005 -8.62746 41.1528
1298881006 -8.62746 41.1528
1298881007 -8.62746 41.1528
1298881008 -8.62745 41.1528
1298881009 -8.62745 41.1528
1298881010 -8.62745 41.1528
1298881011 -8.62744 41.1528
1298881012 -8.62744 41.1528
1298881013 -8.62744 41.1528
1298881014 -8.62744 41.1528
1298881015 -8.62743 41.1528
1298881016 -8.62743 41.1528
1298881017 -8.62743 41.1528
1298881018 -8.62743 41.1528
1298881019 -8.62743 41.1528
1298881020 -8.62745 41.1528
1298881021 -8.62749 41.1528
1298881022 -8.62755 41.1529
1298881023 -8.62763 41.1529
1298881024 -8.62772 41.1529
1298881025 -8.62782 41.1529
1298881026 -8.62791 41.1529
1298881027 -8.62799 41.1529
1298881028 -8.62805 41.153
1298881029 -8.6281 41.153
1298881030 -8.62813 41.153
1298881031 -8.62814 41.153
1298881032 -8.62813 41.153
1298881033 -8.62812 41.153
1298881034 -8.62809 41.153
1298881035 -8.62807 41.153
1298881036 -8.62802 41.153
1298881037 -8.62799 41.153
1298881038 -8.62793 41.153
1298881039 -8.62786 41.1529
1298881040 -8.62778 41.1529
1298881041 -8.62768 41.1529
1298881042 -8.6276 41.1529
1298881043 -8.62754 41.1529
1298881044 -8.62752 41.1529
1298881045 -8.6275 41.1529
1298881046 -8.62748 41.1529
1298881047 -8.62747 41.1529
1298881048 -8.62746 41.1529
1298881049 -8.62744 41.1529
1298881050 -8.62744 41.1529
1298881051 -8.62744 41.1529
1298881052 -8.62744 41.1529
1298881053 -8.62744 41.1529
1298881054 -8.62743 41.1529
1298881055 -8.62743 41.1529
1298881056 -8.62743 41.1529
1298881057 -8.62743 41.1529
1298881058 -8.62743 41.1529
1298881059 -8.62743 41.1529
1298881060 -8.62743 41.1529
1298881061 -8.62743 41.1529
1298881062 -8.62743 41.1529
1298881063 -8.62743 41.1529
1298881064 -8.62743 41.1529
1298881065 -8.62743 41.1529
1298881066 -8.62743 41.1529
1298881067 -8.62743 41.1529
1298881068 -8.62743 41.1529
1298881069 -8.62743 41.1529
1298881070 -8.62743 41.1529
1298881071 -8.62743 41.1529
1298881072 -8.62742 41.1529
1298881073 -8.62742 41.1529
1298881074 -8.62742 41.1529
1298881075 -8.62742 41.1529
1298881076 -8.62742 41.1529
1298881077 -8.62742 41.1529
1298881078 -8.62742 41.1529
1298881079 -8.62742 41.1529
1298881080 -8.62742 41.1529
1298881081 -8.62741 41.1529
1298881082 -8.62741 41.1529
1298881083 -8.62741 41.1529
1298881084 -8.62741 41.1529
1298881085 -8.6274 41.1529
1298881086 -8.6274 41.1529
1298881087 -8.6274 41.1529
1298881088 -8.6274 41.1529
1298881089 -8.6274 41.1529
1298881090 -8.6274 41.1529
1298881091 -8.6274 41.1529
1298881092 -8.6274 41.1529
1298881093 -8.6274 41.1529
1298881094 -8.6274 41.1529
1298881095 -8.6274 41.1529
1298881096 -8.6274 41.1529
1298881097 -8.6274 41.1529
1298881098 -8.62741 41.1529
1298881099 -8.62741 41.1529
1298881100 -8.62741 41.1529
1298881101 -8.62741 41.1529
1298881102 -8.62741 41.1529
1298881103 -8.6274 41.1529
1298881104 -8.6274 41.1529
1298881105 -8.6274 41.1529
1298881106 -8.6274 41.1529
1298881107 -8.62739 41.1529
1298881108 -8.62739 41.1529
1298881109 -8.62739 41.1529
1298881110 -8.62739 41.1529
1298881111 -8.62738 41.1529
1298881112 -8.62738 41.1529
1298881113 -8.62739 41.1529
1298881114 -8.62738 41.1529
1298881115 -8.62738 41.1529
1298881116 -8.62737 41.153
1298881117 -8.62737 41.153
1298881118 -8.62736 41.153
1298881119 -8.62736 41.153
1298881120 -8.62735 41.153
1298881121 -8.62735 41.153
1298881122 -8.62735 41.153
1298881123 -8.62736 41.153
1298881124 -8.62736 41.153
1298881125 -8.62736 41.153
1298881126 -8.62736 41.153
1298881127 -8.62736 41.153
1298881128 -8.62737 41.153
1298881129 -8.62737 41.153
1298881130 -8.62737 41.153
1298881131 -8.62737 41.153
1298881132 -8.62737 41.153
1298881133 -8.62737 41.153
1298881134 -8.62737 41.153
1298881135 -8.62738 41.153
1298881136 -8.62738 41.153
1298881137 -8.62739 41.153
1298881138 -8.62739 41.153
1298881139 -8.6274 41.153
1298881140 -8.6274 41.1529
1298881141 -8.6274 41.1529
1298881142 -8.6274 41.1529
1298881143 -8.62741 41.1529
1298881144 -8.62741 41.1529
1298881145 -8.62741 41.1529
1298881146 -8.62742 41.1529
1298881147 -8.62742 41.1529
1298881148 -8.62742 41.1529
1298881149 -8.62743 41.1529
1298881150 -8.62743 41.1529
1298881151 -8.62743 41.1529
1298881152 -8.62743 41.1529
1298881153 -8.62743 41.1529
1298881154 -8.62743 41.1529
1298881155 -8.62743 41.1529
1298881156 -8.62743 41.1529
1298881157 -8.62743 41.1529
1298881158 -8.62743 41.1529
1298881159 -8.62743 41.1529
1298881160 -8.62743 41.1529
1298881161 -8.62744 41.1529
1298881162 -8.62744 41.1529
1298881163 -8.62743 41.1529
1298881164 -8.62743 41.1529
1298881165 -8.62743 41.1529
1298881166 -8.62743 41.1529
1298881167 -8.62743 41.1529
1298881168 -8.62743 41.1529
1298881169 -8.62743 41.1529
1298881170 -8.62743 41.1529
1298881171 -8.62744 41.1529
1298881172 -8.62744 41.1529
1298881173 -8.62744 41.1529
1298881174 -8.62744 41.1529
1298881175 -8.62744 41.1529
1298881176 -8.62744 41.1529
1298881177 -8.62742 41.1529
1298881178 -8.62738 41.1529
1298881179 -8.62731 41.1529
1298881180 -8.62723 41.1529
1298881181 -8.62714 41.1529
1298881182 -8.62705 41.1529
1298881183 -8.62696 41.1529
1298881184 -8.62685 41.1529
1298881185 -8.62676 41.1528
1298881186 -8.6267 41.1528
1298881187 -8.62665 41.1528
1298881188 -8.62661 41.1528
1298881189 -8.62659 41.1528
1298881190 -8.6266 41.1528
1298881191 -8.62664 41.1528
1298881192 -8.62676 41.1528
1298881193 -8.62686 41.1528
1298881194 -8.62694 41.1528
1298881195 -8.62701 41.1529
1298881196 -8.62707 41.1529
1298881197 -8.6271 41.1529
1298881198 -8.62716 41.1529
1298881199 -8.62717 41.1529
1298881200 -8.62717 41.1529
