:break:
1298880683 -8.68639 41.1804
:break:
1298880716 -8.68541 41.1821
1298880717 -8.68539 41.182
1298880718 -8.6854 41.182
1298880719 -8.68525 41.182
1298880720 -8.68515 41.182
1298880721 -8.68509 41.182
1298880722 -8.68502 41.182
1298880723 -8.68496 41.182
1298880724 -8.68485 41.182
1298880725 -8.68478 41.1821
1298880726 -8.68468 41.1821
:break:
1298880734 -8.68438 41.1822
:break:
1298880737 -8.6843 41.1822
1298880738 -8.68429 41.1822
1298880739 -8.68429 41.1822
1298880740 -8.68425 41.1822
1298880741 -8.6842 41.1822
:break:
1298880747 -8.68375 41.182
:break:
1298880750 -8.68353 41.1819
1298880751 -8.6835 41.1819
1298880752 -8.68349 41.1818
1298880753 -8.68347 41.1818
1298880754 -8.68348 41.1817
1298880755 -8.68349 41.1816
1298880756 -8.68351 41.1816
1298880757 -8.68353 41.1815
:break:
1298880760 -8.68365 41.1814
1298880761 -8.68374 41.1813
1298880762 -8.68401 41.1811
1298880763 -8.68406 41.181
1298880764 -8.68408 41.181
1298880765 -8.68408 41.1809
1298880766 -8.6841 41.1809
1298880767 -8.68412 41.1808
1298880768 -8.6841 41.1808
1298880769 -8.68417 41.1807
1298880770 -8.68417 41.1807
1298880771 -8.68401 41.1808
1298880772 -8.68408 41.1807
1298880773 -8.68406 41.1807
1298880774 -8.68403 41.1807
1298880775 -8.68399 41.1807
1298880776 -8.68398 41.1807
1298880777 -8.68401 41.1807
1298880778 -8.68404 41.1807
:break:
1298880788 -8.68397 41.1806
1298880789 -8.68402 41.1805
1298880790 -8.68397 41.1805
1298880791 -8.68391 41.1804
1298880792 -8.68388 41.1803
1298880793 -8.68389 41.1802
1298880794 -8.68388 41.1801
1298880795 -8.68387 41.1801
1298880796 -8.68381 41.18
1298880797 -8.68375 41.1799
1298880798 -8.68362 41.1799
1298880799 -8.68366 41.1798
1298880800 -8.68363 41.1797
1298880801 -8.68363 41.1796
1298880802 -8.68362 41.1795
1298880803 -8.68363 41.1795
1298880804 -8.68367 41.1794
1298880805 -8.68364 41.1793
1298880806 -8.68368 41.1792
1298880807 -8.68374 41.1792
1298880808 -8.68383 41.1791
1298880809 -8.68386 41.1791
1298880810 -8.6839 41.179
1298880811 -8.68395 41.179
1298880812 -8.68393 41.179
1298880813 -8.68398 41.1789
1298880814 -8.68397 41.1789
1298880815 -8.68394 41.1789
1298880816 -8.6839 41.1788
1298880817 -8.68388 41.1787
1298880818 -8.68387 41.1787
1298880819 -8.68386 41.1786
1298880820 -8.68383 41.1785
1298880821 -8.68379 41.1784
1298880822 -8.68378 41.1783
1298880823 -8.68378 41.1782
1298880824 -8.68375 41.1782
1298880825 -8.68372 41.1781
1298880826 -8.68369 41.178
1298880827 -8.68362 41.1779
:break:
1298880831 -8.68342 41.1776
:break:
1298880837 -8.68377 41.1772
:break:
1298880842 -8.6837 41.177
1298880843 -8.68362 41.1769
1298880844 -8.68356 41.1768
1298880845 -8.6835 41.1767
1298880846 -8.68345 41.1766
1298880847 -8.68341 41.1765
1298880848 -8.68337 41.1764
1298880849 -8.68334 41.1763
1298880850 -8.68331 41.1762
1298880851 -8.68329 41.1761
1298880852 -8.68324 41.1761
1298880853 -8.6832 41.176
1298880854 -8.68316 41.1759
1298880855 -8.68321 41.1757
:break:
1298880880 -8.68194 41.1746
1298880881 -8.68182 41.1746
1298880882 -8.6817 41.1747
1298880883 -8.68157 41.1747
1298880884 -8.68145 41.1747
1298880885 -8.68134 41.1747
1298880886 -8.6812 41.1747
1298880887 -8.68111 41.1747
1298880888 -8.68102 41.1747
1298880889 -8.68094 41.1747
1298880890 -8.68086 41.1748
:break:
1298880896 -8.68109 41.1746
1298880897 -8.68116 41.1745
1298880898 -8.68087 41.1746
1298880899 -8.68086 41.1745
1298880900 -8.68085 41.1744
1298880901 -8.68083 41.1743
1298880902 -8.68082 41.1742
1298880903 -8.68082 41.1741
1298880904 -8.6808 41.174
1298880905 -8.68079 41.1739
1298880906 -8.68079 41.1738
1298880907 -8.68078 41.1737
1298880908 -8.68078 41.1736
1298880909 -8.68078 41.1735
1298880910 -8.68078 41.1734
1298880911 -8.68078 41.1732
1298880912 -8.68078 41.1731
1298880913 -8.68078 41.173
1298880914 -8.68079 41.1729
1298880915 -8.68078 41.1728
1298880916 -8.68078 41.1727
1298880917 -8.68079 41.1726
1298880918 -8.68082 41.1725
1298880919 -8.68087 41.1725
1298880920 -8.68091 41.1724
1298880921 -8.68094 41.1723
1298880922 -8.68096 41.1723
1298880923 -8.68095 41.1722
1298880924 -8.6809 41.1721
1298880925 -8.68082 41.1721
1298880926 -8.68073 41.172
1298880927 -8.68062 41.172
1298880928 -8.6805 41.1719
1298880929 -8.68037 41.1719
1298880930 -8.68024 41.1718
1298880931 -8.68009 41.1717
1298880932 -8.67993 41.1717
1298880933 -8.67978 41.1716
1298880934 -8.67962 41.1715
1298880935 -8.67945 41.1715
1298880936 -8.67927 41.1715
1298880937 -8.67908 41.1714
1298880938 -8.67887 41.1714
1298880939 -8.67867 41.1714
1298880940 -8.67847 41.1714
1298880941 -8.67824 41.1715
1298880942 -8.67802 41.1715
1298880943 -8.67779 41.1716
1298880944 -8.67756 41.1716
1298880945 -8.67734 41.1716
1298880946 -8.67713 41.1717
1298880947 -8.67692 41.1717
1298880948 -8.6767 41.1717
:break:
1298880950 -8.67631 41.1718
1298880951 -8.67613 41.1718
1298880952 -8.67596 41.1718
1298880953 -8.67582 41.1719
1298880954 -8.67569 41.1719
1298880955 -8.67557 41.1719
1298880956 -8.67544 41.172
1298880957 -8.67534 41.172
1298880958 -8.67525 41.172
1298880959 -8.67516 41.1721
1298880960 -8.67509 41.1721
1298880961 -8.67503 41.1722
1298880962 -8.67497 41.1722
1298880963 -8.6749 41.1723
1298880964 -8.67481 41.1724
1298880965 -8.67473 41.1724
1298880966 -8.67464 41.1725
1298880967 -8.67455 41.1725
1298880968 -8.67447 41.1726
1298880969 -8.67439 41.1727
1298880970 -8.67432 41.1727
1298880971 -8.67425 41.1728
1298880972 -8.6742 41.1728
1298880973 -8.67414 41.1728
1298880974 -8.67408 41.1728
1298880975 -8.67403 41.1728
1298880976 -8.67396 41.1728
1298880977 -8.67389 41.1727
1298880978 -8.67382 41.1726
1298880979 -8.67375 41.1726
1298880980 -8.67368 41.1725
1298880981 -8.67361 41.1725
1298880982 -8.67352 41.1724
1298880983 -8.67345 41.1723
1298880984 -8.67341 41.1723
1298880985 -8.67338 41.1723
1298880986 -8.6734 41.1722
1298880987 -8.67339 41.1722
1298880988 -8.6734 41.1722
1298880989 -8.67338 41.1722
1298880990 -8.67334 41.1722
1298880991 -8.6733 41.1721
1298880992 -8.67324 41.1721
1298880993 -8.67318 41.1721
1298880994 -8.67311 41.172
1298880995 -8.67302 41.1719
1298880996 -8.67291 41.1719
1298880997 -8.67281 41.1718
1298880998 -8.67271 41.1717
1298880999 -8.67261 41.1717
1298881000 -8.67251 41.1716
1298881001 -8.67242 41.1716
1298881002 -8.67233 41.1716
1298881003 -8.67224 41.1715
1298881004 -8.67214 41.1715
1298881005 -8.67205 41.1714
1298881006 -8.67195 41.1714
1298881007 -8.67187 41.1713
1298881008 -8.67179 41.1713
1298881009 -8.67172 41.1712
1298881010 -8.67165 41.1712
1298881011 -8.67159 41.1712
1298881012 -8.67154 41.1711
1298881013 -8.67147 41.1711
1298881014 -8.67142 41.171
1298881015 -8.67135 41.171
1298881016 -8.67127 41.1709
1298881017 -8.67119 41.1709
1298881018 -8.67112 41.1708
1298881019 -8.67106 41.1708
1298881020 -8.67098 41.1708
1298881021 -8.67089 41.1707
1298881022 -8.67081 41.1707
1298881023 -8.67073 41.1708
1298881024 -8.67065 41.1708
1298881025 -8.67058 41.1709
1298881026 -8.6705 41.1709
1298881027 -8.67043 41.1709
1298881028 -8.67035 41.171
1298881029 -8.67028 41.171
1298881030 -8.6702 41.171
1298881031 -8.67013 41.171
1298881032 -8.67008 41.171
1298881033 -8.67004 41.1709
1298881034 -8.67002 41.1709
1298881035 -8.67001 41.1708
1298881036 -8.66999 41.1708
1298881037 -8.66996 41.1707
1298881038 -8.66993 41.1707
1298881039 -8.6699 41.1706
1298881040 -8.66984 41.1705
1298881041 -8.66976 41.1705
1298881042 -8.66968 41.1704
1298881043 -8.66959 41.1703
1298881044 -8.6695 41.1703
1298881045 -8.6694 41.1702
1298881046 -8.66931 41.1701
1298881047 -8.66921 41.1701
1298881048 -8.66911 41.17
1298881049 -8.66902 41.17
1298881050 -8.66893 41.1699
1298881051 -8.66883 41.1699
1298881052 -8.66873 41.1699
1298881053 -8.66862 41.1698
1298881054 -8.6685 41.1698
1298881055 -8.66839 41.1698
1298881056 -8.66827 41.1698
1298881057 -8.66816 41.1698
1298881058 -8.66806 41.1698
1298881059 -8.66797 41.1698
1298881060 -8.66789 41.1698
1298881061 -8.66782 41.1698
1298881062 -8.66777 41.1698
1298881063 -8.66773 41.1698
1298881064 -8.6677 41.1697
1298881065 -8.66768 41.1697
1298881066 -8.66767 41.1697
1298881067 -8.66767 41.1697
1298881068 -8.66767 41.1696
1298881069 -8.66768 41.1696
1298881070 -8.66768 41.1696
1298881071 -8.66768 41.1695
1298881072 -8.66766 41.1695
1298881073 -8.66765 41.1695
1298881074 -8.66764 41.1694
1298881075 -8.66764 41.1694
1298881076 -8.66763 41.1694
1298881077 -8.66763 41.1694
1298881078 -8.66763 41.1694
1298881079 -8.66762 41.1694
1298881080 -8.66762 41.1694
1298881081 -8.66762 41.1694
1298881082 -8.66762 41.1694
1298881083 -8.66762 41.1694
1298881084 -8.6676 41.1694
1298881085 -8.66759 41.1694
1298881086 -8.66759 41.1694
1298881087 -8.66758 41.1694
1298881088 -8.66758 41.1694
1298881089 -8.66758 41.1694
1298881090 -8.66758 41.1694
1298881091 -8.66756 41.1694
1298881092 -8.66754 41.1694
1298881093 -8.66752 41.1694
1298881094 -8.6675 41.1694
1298881095 -8.66747 41.1694
1298881096 -8.66743 41.1694
1298881097 -8.6674 41.1695
1298881098 -8.66735 41.1695
1298881099 -8.66731 41.1695
1298881100 -8.66725 41.1696
1298881101 -8.66718 41.1696
1298881102 -8.6671 41.1697
1298881103 -8.66702 41.1697
1298881104 -8.66694 41.1698
1298881105 -8.66686 41.1699
1298881106 -8.66677 41.1699
1298881107 -8.66668 41.17
1298881108 -8.66659 41.17
1298881109 -8.66651 41.1701
1298881110 -8.66644 41.1701
1298881111 -8.66638 41.1702
1298881112 -8.66631 41.1702
1298881113 -8.66623 41.1703
1298881114 -8.66615 41.1703
1298881115 -8.66608 41.1704
1298881116 -8.66601 41.1704
1298881117 -8.66594 41.1705
1298881118 -8.66587 41.1705
1298881119 -8.66581 41.1706
1298881120 -8.66575 41.1706
1298881121 -8.6657 41.1706
1298881122 -8.66568 41.1706
1298881123 -8.66566 41.1707
1298881124 -8.66565 41.1707
1298881125 -8.66564 41.1707
1298881126 -8.66564 41.1707
1298881127 -8.66562 41.1707
1298881128 -8.6656 41.1707
1298881129 -8.6656 41.1707
1298881130 -8.6656 41.1707
1298881131 -8.6656 41.1707
1298881132 -8.6656 41.1707
1298881133 -8.6656 41.1707
1298881134 -8.6656 41.1707
1298881135 -8.6656 41.1707
1298881136 -8.6656 41.1707
1298881137 -8.6656 41.1707
1298881138 -8.6656 41.1707
1298881139 -8.6656 41.1707
1298881140 -8.66561 41.1707
1298881141 -8.66562 41.1707
1298881142 -8.66563 41.1707
1298881143 -8.66564 41.1707
1298881144 -8.66565 41.1707
1298881145 -8.66565 41.1707
1298881146 -8.66566 41.1707
1298881147 -8.66567 41.1706
1298881148 -8.66567 41.1706
1298881149 -8.66567 41.1706
1298881150 -8.66568 41.1706
1298881151 -8.66568 41.1706
1298881152 -8.66568 41.1706
1298881153 -8.66568 41.1706
1298881154 -8.66568 41.1706
1298881155 -8.66568 41.1706
1298881156 -8.66568 41.1706
1298881157 -8.66567 41.1706
1298881158 -8.66567 41.1706
1298881159 -8.66567 41.1706
1298881160 -8.66567 41.1706
1298881161 -8.66567 41.1706
1298881162 -8.66567 41.1706
1298881163 -8.66567 41.1706
1298881164 -8.66566 41.1707
1298881165 -8.66566 41.1707
1298881166 -8.66566 41.1707
1298881167 -8.66566 41.1707
1298881168 -8.66566 41.1707
1298881169 -8.66566 41.1707
1298881170 -8.66566 41.1707
1298881171 -8.66566 41.1707
1298881172 -8.66566 41.1707
1298881173 -8.66566 41.1707
1298881174 -8.66566 41.1707
1298881175 -8.66566 41.1707
1298881176 -8.66566 41.1707
1298881177 -8.66566 41.1707
1298881178 -8.66566 41.1707
1298881179 -8.66566 41.1707
1298881180 -8.66566 41.1707
1298881181 -8.66567 41.1707
1298881182 -8.66567 41.1707
1298881183 -8.66567 41.1706
1298881184 -8.66568 41.1706
1298881185 -8.66568 41.1706
1298881186 -8.66569 41.1706
1298881187 -8.66569 41.1706
1298881188 -8.66569 41.1706
1298881189 -8.66569 41.1706
1298881190 -8.66569 41.1706
1298881191 -8.66569 41.1706
1298881192 -8.66569 41.1706
1298881193 -8.66569 41.1706
1298881194 -8.66569 41.1706
1298881195 -8.66569 41.1706
1298881196 -8.66569 41.1706
1298881197 -8.66569 41.1706
1298881198 -8.66569 41.1706
1298881199 -8.66569 41.1706
1298881200 -8.66569 41.1706
