:break:
1298880010 -8.66885 41.1784
1298880011 -8.66873 41.1784
1298880012 -8.6686 41.1784
1298880013 -8.66848 41.1785
1298880014 -8.66837 41.1785
1298880015 -8.66826 41.1786
1298880016 -8.66817 41.1787
1298880017 -8.66809 41.1788
1298880018 -8.668 41.1789
1298880019 -8.66792 41.179
1298880020 -8.66783 41.1791
1298880021 -8.66773 41.1792
1298880022 -8.66764 41.1793
1298880023 -8.66755 41.1794
1298880024 -8.66747 41.1795
1298880025 -8.6674 41.1796
1298880026 -8.66734 41.1797
1298880027 -8.66731 41.1798
1298880028 -8.6673 41.1798
1298880029 -8.66732 41.1799
1298880030 -8.66734 41.1799
1298880031 -8.66736 41.1799
1298880032 -8.66738 41.18
1298880033 -8.66738 41.18
1298880034 -8.66739 41.18
1298880035 -8.66739 41.18
1298880036 -8.66739 41.18
1298880037 -8.66739 41.18
1298880038 -8.66739 41.18
1298880039 -8.66739 41.18
1298880040 -8.6674 41.18
1298880041 -8.66741 41.18
1298880042 -8.66741 41.18
1298880043 -8.66741 41.18
1298880044 -8.66741 41.18
1298880045 -8.66741 41.18
1298880046 -8.66741 41.18
1298880047 -8.66741 41.18
1298880048 -8.66741 41.18
1298880049 -8.66741 41.18
1298880050 -8.66741 41.18
1298880051 -8.66741 41.18
1298880052 -8.66741 41.18
1298880053 -8.66741 41.18
1298880054 -8.66741 41.18
1298880055 -8.66741 41.18
1298880056 -8.66741 41.18
1298880057 -8.66741 41.18
1298880058 -8.66743 41.18
1298880059 -8.66745 41.18
1298880060 -8.66748 41.18
1298880061 -8.6675 41.18
1298880062 -8.66751 41.1801
1298880063 -8.66752 41.1801
1298880064 -8.66754 41.1801
1298880065 -8.66756 41.1801
1298880066 -8.66756 41.1801
1298880067 -8.66757 41.1801
1298880068 -8.66757 41.1801
1298880069 -8.66757 41.1801
1298880070 -8.66757 41.1801
1298880071 -8.66758 41.1802
1298880072 -8.66757 41.1802
1298880073 -8.66754 41.1802
1298880074 -8.6675 41.1802
1298880075 -8.66743 41.1803
1298880076 -8.66735 41.1803
1298880077 -8.66726 41.1803
1298880078 -8.66716 41.1804
1298880079 -8.66704 41.1804
1298880080 -8.66692 41.1805
1298880081 -8.66678 41.1806
1298880082 -8.66664 41.1806
1298880083 -8.66651 41.1807
1298880084 -8.66637 41.1807
1298880085 -8.66624 41.1808
1298880086 -8.66613 41.1808
1298880087 -8.66603 41.1809
1298880088 -8.66594 41.1809
1298880089 -8.66587 41.1809
1298880090 -8.66579 41.181
1298880091 -8.66573 41.181
1298880092 -8.66567 41.181
1298880093 -8.66561 41.181
1298880094 -8.66559 41.181
1298880095 -8.66558 41.181
1298880096 -8.66558 41.181
1298880097 -8.66558 41.181
1298880098 -8.66558 41.181
1298880099 -8.66558 41.181
1298880100 -8.66558 41.181
1298880101 -8.66558 41.181
1298880102 -8.66558 41.181
1298880103 -8.66558 41.181
1298880104 -8.66558 41.181
1298880105 -8.66558 41.181
1298880106 -8.66558 41.181
1298880107 -8.66558 41.181
1298880108 -8.66558 41.181
1298880109 -8.66558 41.181
1298880110 -8.66558 41.181
1298880111 -8.66558 41.181
1298880112 -8.66558 41.181
1298880113 -8.66558 41.181
1298880114 -8.66558 41.181
1298880115 -8.66558 41.181
1298880116 -8.66558 41.181
1298880117 -8.66558 41.181
1298880118 -8.66558 41.181
1298880119 -8.66558 41.181
1298880120 -8.66558 41.181
1298880121 -8.66559 41.181
1298880122 -8.66559 41.181
1298880123 -8.66559 41.181
1298880124 -8.66559 41.181
1298880125 -8.66559 41.1809
1298880126 -8.66559 41.1809
1298880127 -8.66559 41.1809
1298880128 -8.66559 41.1809
1298880129 -8.66559 41.1809
1298880130 -8.66559 41.1809
1298880131 -8.66559 41.1809
1298880132 -8.66558 41.1809
1298880133 -8.66556 41.1809
1298880134 -8.66552 41.1809
1298880135 -8.66548 41.1809
1298880136 -8.66543 41.181
1298880137 -8.66537 41.181
1298880138 -8.66532 41.181
1298880139 -8.66528 41.181
1298880140 -8.66525 41.181
1298880141 -8.66521 41.181
1298880142 -8.66516 41.181
1298880143 -8.66513 41.181
1298880144 -8.66508 41.181
1298880145 -8.66504 41.181
1298880146 -8.66497 41.181
1298880147 -8.66488 41.1809
1298880148 -8.66479 41.1809
1298880149 -8.66466 41.1809
1298880150 -8.66452 41.1809
1298880151 -8.66438 41.1808
1298880152 -8.66424 41.1808
1298880153 -8.66409 41.1808
1298880154 -8.66395 41.1807
1298880155 -8.6638 41.1807
1298880156 -8.66366 41.1807
1298880157 -8.6635 41.1806
1298880158 -8.66333 41.1806
1298880159 -8.66316 41.1805
1298880160 -8.66297 41.1805
1298880161 -8.66276 41.1804
1298880162 -8.66256 41.1804
1298880163 -8.66236 41.1803
1298880164 -8.66218 41.1803
1298880165 -8.662 41.1802
1298880166 -8.66183 41.1802
1298880167 -8.6617 41.1801
1298880168 -8.66157 41.1801
1298880169 -8.66146 41.1801
1298880170 -8.66133 41.1801
1298880171 -8.66119 41.1801
1298880172 -8.66104 41.1801
1298880173 -8.66088 41.18
1298880174 -8.66071 41.18
1298880175 -8.66053 41.18
1298880176 -8.66034 41.18
1298880177 -8.66015 41.1799
1298880178 -8.65996 41.1799
1298880179 -8.65978 41.1799
1298880180 -8.65961 41.1798
1298880181 -8.65943 41.1798
1298880182 -8.65926 41.1798
1298880183 -8.65909 41.1797
1298880184 -8.65893 41.1797
1298880185 -8.65878 41.1797
1298880186 -8.65865 41.1797
1298880187 -8.65854 41.1796
1298880188 -8.65845 41.1796
1298880189 -8.65836 41.1796
1298880190 -8.65827 41.1795
1298880191 -8.65816 41.1795
1298880192 -8.65804 41.1795
1298880193 -8.65792 41.1794
1298880194 -8.65778 41.1793
1298880195 -8.65765 41.1793
1298880196 -8.6575 41.1792
1298880197 -8.65735 41.1791
1298880198 -8.65722 41.179
1298880199 -8.65709 41.1789
1298880200 -8.65697 41.1789
1298880201 -8.65686 41.1788
1298880202 -8.65675 41.1787
1298880203 -8.65664 41.1786
1298880204 -8.65654 41.1785
1298880205 -8.65645 41.1785
1298880206 -8.65637 41.1784
1298880207 -8.6563 41.1783
1298880208 -8.65625 41.1783
1298880209 -8.6562 41.1782
1298880210 -8.65616 41.1782
1298880211 -8.65614 41.1782
1298880212 -8.65612 41.1781
1298880213 -8.65612 41.1781
1298880214 -8.65612 41.1781
1298880215 -8.65611 41.1781
1298880216 -8.65611 41.1781
1298880217 -8.65611 41.1781
1298880218 -8.65611 41.1781
1298880219 -8.6561 41.1781
1298880220 -8.65609 41.1781
1298880221 -8.65607 41.1781
1298880222 -8.65606 41.178
1298880223 -8.65603 41.178
1298880224 -8.65598 41.1779
1298880225 -8.65592 41.1778
1298880226 -8.65584 41.1778
1298880227 -8.65573 41.1777
1298880228 -8.65561 41.1777
1298880229 -8.65548 41.1777
1298880230 -8.65536 41.1777
1298880231 -8.65526 41.1778
1298880232 -8.65516 41.1779
1298880233 -8.65509 41.1779
1298880234 -8.65505 41.178
1298880235 -8.65505 41.1781
1298880236 -8.65508 41.1782
1298880237 -8.65516 41.1783
1298880238 -8.65525 41.1783
1298880239 -8.65535 41.1784
1298880240 -8.65548 41.1784
1298880241 -8.65562 41.1785
1298880242 -8.65576 41.1786
1298880243 -8.65591 41.1787
1298880244 -8.65606 41.1788
1298880245 -8.6562 41.1789
1298880246 -8.65635 41.179
1298880247 -8.6565 41.1791
1298880248 -8.65665 41.1792
1298880249 -8.6568 41.1793
1298880250 -8.65695 41.1794
1298880251 -8.65708 41.1795
1298880252 -8.65721 41.1796
1298880253 -8.65733 41.1797
1298880254 -8.65747 41.1798
1298880255 -8.6576 41.1799
1298880256 -8.65773 41.18
1298880257 -8.65787 41.1801
1298880258 -8.65803 41.1802
1298880259 -8.65819 41.1803
1298880260 -8.65835 41.1805
1298880261 -8.65852 41.1806
1298880262 -8.65869 41.1807
1298880263 -8.65886 41.1808
1298880264 -8.65902 41.181
1298880265 -8.65917 41.1811
1298880266 -8.65932 41.1812
1298880267 -8.65948 41.1814
1298880268 -8.65962 41.1815
1298880269 -8.65976 41.1816
1298880270 -8.6599 41.1817
1298880271 -8.66004 41.1818
1298880272 -8.6602 41.1819
1298880273 -8.66036 41.1821
1298880274 -8.66052 41.1822
1298880275 -8.66069 41.1823
1298880276 -8.66086 41.1825
1298880277 -8.66103 41.1826
1298880278 -8.6612 41.1827
1298880279 -8.66137 41.1829
1298880280 -8.66154 41.183
1298880281 -8.6617 41.1831
1298880282 -8.66185 41.1833
1298880283 -8.662 41.1834
1298880284 -8.66214 41.1835
1298880285 -8.66228 41.1836
1298880286 -8.66244 41.1837
1298880287 -8.66258 41.1839
1298880288 -8.66273 41.184
1298880289 -8.66287 41.1841
1298880290 -8.663 41.1842
1298880291 -8.66314 41.1843
1298880292 -8.66327 41.1844
1298880293 -8.66339 41.1845
1298880294 -8.66352 41.1846
1298880295 -8.66364 41.1847
1298880296 -8.66377 41.1848
1298880297 -8.6639 41.1849
1298880298 -8.66403 41.1851
1298880299 -8.66417 41.1852
1298880300 -8.6643 41.1853
1298880301 -8.66444 41.1854
1298880302 -8.66458 41.1855
1298880303 -8.66473 41.1856
1298880304 -8.66488 41.1857
1298880305 -8.66503 41.1859
1298880306 -8.66517 41.186
1298880307 -8.66533 41.1861
1298880308 -8.66547 41.1863
1298880309 -8.66563 41.1864
1298880310 -8.66578 41.1865
1298880311 -8.66596 41.1867
1298880312 -8.66612 41.1868
1298880313 -8.66628 41.187
1298880314 -8.66643 41.1871
1298880315 -8.66656 41.1873
1298880316 -8.66667 41.1874
1298880317 -8.66675 41.1876
1298880318 -8.66679 41.1878
1298880319 -8.66682 41.188
1298880320 -8.66685 41.1881
1298880321 -8.66686 41.1883
1298880322 -8.66689 41.1884
1298880323 -8.66694 41.1886
1298880324 -8.667 41.1887
1298880325 -8.66708 41.1889
1298880326 -8.66717 41.189
1298880327 -8.66727 41.1892
1298880328 -8.66737 41.1893
1298880329 -8.66744 41.1895
1298880330 -8.6675 41.1896
1298880331 -8.66751 41.1898
1298880332 -8.6675 41.1899
1298880333 -8.66741 41.1901
1298880334 -8.66732 41.1902
1298880335 -8.66723 41.1903
1298880336 -8.66713 41.1905
1298880337 -8.66702 41.1907
1298880338 -8.66691 41.1908
1298880339 -8.66679 41.191
1298880340 -8.66669 41.1912
1298880341 -8.66657 41.1913
1298880342 -8.66646 41.1915
1298880343 -8.66636 41.1917
1298880344 -8.66628 41.1919
1298880345 -8.66621 41.1921
1298880346 -8.66615 41.1923
1298880347 -8.66609 41.1926
1298880348 -8.66604 41.1928
1298880349 -8.66598 41.193
1298880350 -8.66594 41.1933
1298880351 -8.66589 41.1936
1298880352 -8.66585 41.1938
1298880353 -8.66578 41.1941
1298880354 -8.66568 41.1944
1298880355 -8.66555 41.1947
1298880356 -8.66541 41.1949
1298880357 -8.66524 41.1952
1298880358 -8.66504 41.1954
1298880359 -8.66482 41.1956
1298880360 -8.66457 41.1958
1298880361 -8.6643 41.1961
1298880362 -8.66402 41.1963
1298880363 -8.66372 41.1965
1298880364 -8.66343 41.1967
1298880365 -8.66313 41.1969
1298880366 -8.66282 41.1971
1298880367 -8.66252 41.1973
1298880368 -8.66221 41.1975
1298880369 -8.66191 41.1977
1298880370 -8.66159 41.1979
1298880371 -8.66128 41.1982
1298880372 -8.66098 41.1984
1298880373 -8.66068 41.1986
1298880374 -8.66038 41.1988
1298880375 -8.66008 41.199
1298880376 -8.65978 41.1992
1298880377 -8.65949 41.1995
1298880378 -8.65919 41.1997
1298880379 -8.65889 41.1999
1298880380 -8.6586 41.2001
1298880381 -8.65831 41.2003
1298880382 -8.65803 41.2005
1298880383 -8.65776 41.2007
1298880384 -8.65748 41.2009
1298880385 -8.6572 41.2011
1298880386 -8.65692 41.2012
1298880387 -8.65662 41.2014
1298880388 -8.65632 41.2015
1298880389 -8.65599 41.2016
1298880390 -8.65566 41.2017
1298880391 -8.65532 41.2018
1298880392 -8.65497 41.2019
1298880393 -8.65462 41.2019
1298880394 -8.65428 41.202
1298880395 -8.65396 41.202
1298880396 -8.65365 41.2021
1298880397 -8.65338 41.2021
1298880398 -8.65315 41.2021
1298880399 -8.65292 41.2022
1298880400 -8.65269 41.2022
1298880401 -8.65246 41.2021
1298880402 -8.65225 41.2021
1298880403 -8.65204 41.202
1298880404 -8.65184 41.202
1298880405 -8.65165 41.2019
1298880406 -8.65147 41.2018
1298880407 -8.65128 41.2017
1298880408 -8.6511 41.2016
1298880409 -8.65092 41.2016
1298880410 -8.65074 41.2015
1298880411 -8.65056 41.2015
1298880412 -8.65038 41.2015
1298880413 -8.65021 41.2016
1298880414 -8.65006 41.2016
1298880415 -8.64995 41.2017
1298880416 -8.64986 41.2019
1298880417 -8.64982 41.202
1298880418 -8.64982 41.2021
1298880419 -8.64986 41.2023
1298880420 -8.64993 41.2024
1298880421 -8.65002 41.2026
1298880422 -8.65013 41.2027
1298880423 -8.65022 41.2029
1298880424 -8.65034 41.203
1298880425 -8.65046 41.2032
1298880426 -8.65057 41.2034
1298880427 -8.6507 41.2035
1298880428 -8.65083 41.2037
1298880429 -8.65096 41.204
1298880430 -8.65111 41.2042
1298880431 -8.65124 41.2044
1298880432 -8.65137 41.2046
1298880433 -8.65147 41.2049
1298880434 -8.65156 41.2051
1298880435 -8.65163 41.2054
1298880436 -8.65167 41.2057
1298880437 -8.6517 41.206
1298880438 -8.65169 41.2062
1298880439 -8.65167 41.2065
1298880440 -8.65164 41.2068
1298880441 -8.65159 41.2071
1298880442 -8.65156 41.2074
1298880443 -8.65153 41.2076
1298880444 -8.65152 41.2079
1298880445 -8.65152 41.2082
1298880446 -8.65154 41.2085
1298880447 -8.65157 41.2088
1298880448 -8.65163 41.2091
1298880449 -8.6517 41.2094
1298880450 -8.65179 41.2097
1298880451 -8.65191 41.2099
1298880452 -8.65203 41.2102
1298880453 -8.65216 41.2105
1298880454 -8.65229 41.2108
1298880455 -8.65242 41.2111
1298880456 -8.65255 41.2114
1298880457 -8.65268 41.2118
1298880458 -8.65282 41.2121
1298880459 -8.65294 41.2124
1298880460 -8.65308 41.2127
1298880461 -8.65321 41.213
1298880462 -8.65335 41.2133
1298880463 -8.65347 41.2136
1298880464 -8.65362 41.2139
1298880465 -8.65376 41.2142
1298880466 -8.65392 41.2144
1298880467 -8.6541 41.2147
1298880468 -8.6543 41.215
1298880469 -8.65451 41.2152
1298880470 -8.65474 41.2155
1298880471 -8.65498 41.2158
1298880472 -8.65522 41.216
1298880473 -8.65547 41.2163
1298880474 -8.65572 41.2165
1298880475 -8.65597 41.2168
1298880476 -8.65623 41.2171
1298880477 -8.65649 41.2173
1298880478 -8.65675 41.2176
1298880479 -8.65701 41.2179
1298880480 -8.65727 41.2182
1298880481 -8.65754 41.2185
1298880482 -8.6578 41.2187
1298880483 -8.65806 41.219
1298880484 -8.65832 41.2193
1298880485 -8.65859 41.2195
1298880486 -8.65884 41.2198
1298880487 -8.65909 41.2201
1298880488 -8.65934 41.2203
1298880489 -8.65958 41.2206
1298880490 -8.6598 41.2208
1298880491 -8.66003 41.2211
1298880492 -8.66024 41.2213
1298880493 -8.66045 41.2215
1298880494 -8.66064 41.2217
1298880495 -8.66082 41.2219
1298880496 -8.66099 41.2221
1298880497 -8.66116 41.2223
1298880498 -8.66133 41.2224
1298880499 -8.6615 41.2226
1298880500 -8.66167 41.2228
1298880501 -8.66186 41.2229
1298880502 -8.66205 41.2231
1298880503 -8.66224 41.2233
1298880504 -8.66243 41.2235
1298880505 -8.66263 41.2237
1298880506 -8.66282 41.2239
1298880507 -8.66303 41.2241
1298880508 -8.66324 41.2244
1298880509 -8.66344 41.2246
1298880510 -8.66366 41.2248
1298880511 -8.66388 41.2251
1298880512 -8.66409 41.2253
1298880513 -8.66432 41.2255
1298880514 -8.66454 41.2258
1298880515 -8.66476 41.226
1298880516 -8.66498 41.2262
1298880517 -8.66519 41.2265
1298880518 -8.66541 41.2267
1298880519 -8.66562 41.2269
1298880520 -8.66586 41.2271
1298880521 -8.66611 41.2272
1298880522 -8.66637 41.2274
1298880523 -8.66664 41.2276
1298880524 -8.6669 41.2277
1298880525 -8.66715 41.2279
1298880526 -8.66739 41.2281
1298880527 -8.66759 41.2283
1298880528 -8.66776 41.2285
1298880529 -8.66789 41.2287
1298880530 -8.668 41.229
1298880531 -8.66806 41.2292
1298880532 -8.6681 41.2294
1298880533 -8.6681 41.2296
1298880534 -8.66807 41.2299
1298880535 -8.66802 41.2301
1298880536 -8.66794 41.2303
1298880537 -8.66785 41.2305
1298880538 -8.66777 41.2307
1298880539 -8.66769 41.231
1298880540 -8.6676 41.2311
1298880541 -8.6675 41.2313
1298880542 -8.66741 41.2315
1298880543 -8.66731 41.2317
1298880544 -8.66721 41.2319
1298880545 -8.6671 41.2321
1298880546 -8.667 41.2323
1298880547 -8.6669 41.2325
1298880548 -8.66681 41.2327
1298880549 -8.66674 41.2329
1298880550 -8.66669 41.233
1298880551 -8.66665 41.2332
1298880552 -8.66663 41.2334
1298880553 -8.66664 41.2336
1298880554 -8.66667 41.2338
1298880555 -8.66672 41.234
1298880556 -8.66679 41.2342
1298880557 -8.66688 41.2343
1298880558 -8.66699 41.2345
1298880559 -8.66711 41.2347
1298880560 -8.66722 41.2348
1298880561 -8.66733 41.235
1298880562 -8.66742 41.2352
1298880563 -8.6675 41.2353
1298880564 -8.66757 41.2355
1298880565 -8.66762 41.2357
1298880566 -8.66767 41.2358
1298880567 -8.66771 41.236
1298880568 -8.66776 41.2362
1298880569 -8.66779 41.2364
1298880570 -8.66783 41.2365
1298880571 -8.66785 41.2367
1298880572 -8.66789 41.2369
1298880573 -8.66792 41.2371
1298880574 -8.66795 41.2373
1298880575 -8.66798 41.2374
1298880576 -8.66802 41.2376
1298880577 -8.66806 41.2378
1298880578 -8.66811 41.238
1298880579 -8.66817 41.2381
1298880580 -8.66825 41.2382
1298880581 -8.66834 41.2384
1298880582 -8.66846 41.2385
1298880583 -8.66859 41.2385
1298880584 -8.66873 41.2386
1298880585 -8.66885 41.2387
1298880586 -8.66897 41.2387
1298880587 -8.66905 41.2388
1298880588 -8.66911 41.2388
1298880589 -8.66917 41.2388
1298880590 -8.66923 41.2388
1298880591 -8.6693 41.2389
1298880592 -8.66939 41.2389
1298880593 -8.66947 41.2389
1298880594 -8.66955 41.239
1298880595 -8.66965 41.239
1298880596 -8.66975 41.239
1298880597 -8.66986 41.2391
1298880598 -8.66998 41.2391
1298880599 -8.6701 41.2391
1298880600 -8.67023 41.239
1298880601 -8.67034 41.239
1298880602 -8.67044 41.2389
1298880603 -8.6705 41.2388
1298880604 -8.67053 41.2388
1298880605 -8.67054 41.2386
1298880606 -8.67052 41.2385
1298880607 -8.67049 41.2384
1298880608 -8.67046 41.2383
1298880609 -8.67043 41.2382
1298880610 -8.6704 41.2381
1298880611 -8.67037 41.2379
1298880612 -8.67033 41.2378
1298880613 -8.67029 41.2377
1298880614 -8.67026 41.2376
1298880615 -8.67023 41.2375
1298880616 -8.67021 41.2374
1298880617 -8.6702 41.2374
1298880618 -8.67019 41.2373
1298880619 -8.67018 41.2372
1298880620 -8.67016 41.2371
1298880621 -8.67014 41.2371
1298880622 -8.67013 41.237
1298880623 -8.67013 41.237
1298880624 -8.67013 41.2369
1298880625 -8.67014 41.2369
1298880626 -8.67014 41.2369
1298880627 -8.67015 41.2369
1298880628 -8.67015 41.2369
1298880629 -8.67015 41.2369
1298880630 -8.67015 41.2369
1298880631 -8.67014 41.2369
1298880632 -8.67014 41.2369
1298880633 -8.67014 41.2369
1298880634 -8.67014 41.2369
1298880635 -8.67013 41.2369
1298880636 -8.67012 41.2369
1298880637 -8.67012 41.2369
1298880638 -8.67012 41.2369
1298880639 -8.67011 41.2369
1298880640 -8.6701 41.2369
1298880641 -8.6701 41.2369
1298880642 -8.6701 41.2369
1298880643 -8.67009 41.2369
1298880644 -8.67008 41.2369
1298880645 -8.67008 41.2369
1298880646 -8.67007 41.2369
1298880647 -8.67007 41.2369
1298880648 -8.67006 41.2369
1298880649 -8.67005 41.2369
1298880650 -8.67005 41.2369
1298880651 -8.67004 41.2369
1298880652 -8.67004 41.2369
1298880653 -8.67003 41.2369
1298880654 -8.67003 41.2369
1298880655 -8.67003 41.2369
1298880656 -8.67003 41.2369
1298880657 -8.67002 41.2369
1298880658 -8.67002 41.2369
1298880659 -8.67001 41.2369
1298880660 -8.67001 41.2369
1298880661 -8.67001 41.2369
1298880662 -8.67001 41.2369
1298880663 -8.67 41.2369
1298880664 -8.67 41.2369
1298880665 -8.66999 41.2369
1298880666 -8.66999 41.2369
1298880667 -8.66999 41.2369
1298880668 -8.66998 41.2369
1298880669 -8.66998 41.2369
1298880670 -8.66998 41.2369
1298880671 -8.66998 41.2369
1298880672 -8.66997 41.2369
1298880673 -8.66997 41.2369
1298880674 -8.66997 41.2369
1298880675 -8.66996 41.2369
1298880676 -8.66996 41.2369
1298880677 -8.66996 41.2369
1298880678 -8.66996 41.2369
1298880679 -8.66995 41.2369
1298880680 -8.66995 41.2369
1298880681 -8.66995 41.2369
1298880682 -8.66995 41.2369
1298880683 -8.66994 41.2369
1298880684 -8.66993 41.2369
1298880685 -8.66993 41.2369
1298880686 -8.66993 41.2369
1298880687 -8.66993 41.2369
1298880688 -8.66993 41.2369
1298880689 -8.66993 41.2369
1298880690 -8.66993 41.2369
1298880691 -8.66993 41.2369
1298880692 -8.66993 41.2369
1298880693 -8.66993 41.2369
1298880694 -8.66993 41.2369
1298880695 -8.66993 41.2369
1298880696 -8.66993 41.2369
1298880697 -8.66993 41.2369
1298880698 -8.66993 41.2369
1298880699 -8.66993 41.2369
1298880700 -8.66993 41.2369
1298880701 -8.66993 41.2369
1298880702 -8.66994 41.2369
1298880703 -8.66994 41.2369
1298880704 -8.66994 41.2369
1298880705 -8.66995 41.2369
1298880706 -8.66995 41.2369
1298880707 -8.66995 41.2369
1298880708 -8.66995 41.2369
1298880709 -8.66995 41.2369
1298880710 -8.66995 41.2369
1298880711 -8.66994 41.2369
1298880712 -8.66994 41.2369
1298880713 -8.66994 41.2369
1298880714 -8.66994 41.2369
1298880715 -8.66994 41.2369
1298880716 -8.66993 41.2369
1298880717 -8.66993 41.2369
1298880718 -8.66993 41.2369
1298880719 -8.66993 41.2369
1298880720 -8.66993 41.2369
1298880721 -8.66993 41.2369
1298880722 -8.66993 41.2369
1298880723 -8.66993 41.2369
1298880724 -8.66992 41.2369
1298880725 -8.66992 41.2369
1298880726 -8.66991 41.2369
1298880727 -8.66991 41.2369
1298880728 -8.6699 41.2369
1298880729 -8.66989 41.2369
1298880730 -8.66989 41.2369
1298880731 -8.66988 41.2369
1298880732 -8.66987 41.2369
1298880733 -8.66986 41.2369
1298880734 -8.66986 41.2369
1298880735 -8.66986 41.2369
1298880736 -8.66987 41.2369
1298880737 -8.66988 41.2368
1298880738 -8.66989 41.2368
1298880739 -8.66989 41.2368
1298880740 -8.66989 41.2368
1298880741 -8.6699 41.2367
1298880742 -8.66992 41.2367
1298880743 -8.66993 41.2366
1298880744 -8.66993 41.2366
1298880745 -8.66993 41.2365
1298880746 -8.66992 41.2364
1298880747 -8.6699 41.2363
1298880748 -8.66988 41.2363
1298880749 -8.66986 41.2362
1298880750 -8.66984 41.2361
1298880751 -8.66984 41.236
1298880752 -8.66982 41.2359
1298880753 -8.66981 41.2358
1298880754 -8.66979 41.2357
1298880755 -8.66977 41.2356
1298880756 -8.66975 41.2355
1298880757 -8.66973 41.2354
1298880758 -8.66969 41.2354
1298880759 -8.66964 41.2353
1298880760 -8.66957 41.2352
1298880761 -8.66948 41.2351
1298880762 -8.66936 41.2351
1298880763 -8.66923 41.2351
1298880764 -8.66911 41.2351
1298880765 -8.66898 41.2351
1298880766 -8.66888 41.2352
1298880767 -8.66881 41.2353
1298880768 -8.66876 41.2354
1298880769 -8.66873 41.2355
1298880770 -8.66874 41.2356
1298880771 -8.66877 41.2357
1298880772 -8.66883 41.2358
1298880773 -8.66888 41.2359
1298880774 -8.66893 41.236
1298880775 -8.66898 41.2361
1298880776 -8.66902 41.2362
1298880777 -8.66907 41.2363
1298880778 -8.66911 41.2365
1298880779 -8.66914 41.2366
1298880780 -8.66918 41.2367
1298880781 -8.66921 41.2368
1298880782 -8.66925 41.2369
1298880783 -8.66929 41.237
1298880784 -8.66931 41.2371
1298880785 -8.66935 41.2373
1298880786 -8.66939 41.2374
1298880787 -8.66941 41.2375
1298880788 -8.66944 41.2376
1298880789 -8.66946 41.2377
1298880790 -8.66948 41.2379
1298880791 -8.6695 41.238
1298880792 -8.66949 41.2381
1298880793 -8.66946 41.2382
1298880794 -8.66937 41.2383
1298880795 -8.66926 41.2383
1298880796 -8.66912 41.2383
1298880797 -8.66898 41.2383
1298880798 -8.66884 41.2383
1298880799 -8.6687 41.2382
1298880800 -8.66858 41.2381
1298880801 -8.66849 41.238
1298880802 -8.66841 41.2379
1298880803 -8.66835 41.2377
1298880804 -8.6683 41.2376
1298880805 -8.66825 41.2374
1298880806 -8.66821 41.2373
1298880807 -8.66816 41.2371
1298880808 -8.66812 41.237
1298880809 -8.66806 41.2368
1298880810 -8.66801 41.2366
1298880811 -8.66795 41.2364
1298880812 -8.66791 41.2363
1298880813 -8.66785 41.2361
1298880814 -8.6678 41.2359
1298880815 -8.66775 41.2357
1298880816 -8.66769 41.2355
1298880817 -8.66764 41.2353
1298880818 -8.66757 41.2351
1298880819 -8.66748 41.235
1298880820 -8.66736 41.2348
1298880821 -8.66723 41.2346
1298880822 -8.66711 41.2344
1298880823 -8.66699 41.2342
1298880824 -8.66688 41.2341
1298880825 -8.6668 41.2339
1298880826 -8.66674 41.2336
1298880827 -8.6667 41.2334
1298880828 -8.6667 41.2332
1298880829 -8.66673 41.233
1298880830 -8.66678 41.2327
1298880831 -8.66686 41.2325
1298880832 -8.66696 41.2323
1298880833 -8.66708 41.2321
1298880834 -8.66721 41.2319
1298880835 -8.66733 41.2316
1298880836 -8.66747 41.2314
1298880837 -8.66759 41.2312
1298880838 -8.66772 41.2309
1298880839 -8.66783 41.2307
1298880840 -8.66794 41.2304
1298880841 -8.66803 41.2302
1298880842 -8.66812 41.2299
1298880843 -8.66819 41.2296
1298880844 -8.66825 41.2294
1298880845 -8.66831 41.2291
1298880846 -8.66838 41.2288
1298880847 -8.66843 41.2285
1298880848 -8.66849 41.2282
1298880849 -8.66856 41.228
1298880850 -8.66862 41.2277
1298880851 -8.66868 41.2274
1298880852 -8.66875 41.2271
1298880853 -8.66882 41.2268
1298880854 -8.66889 41.2266
1298880855 -8.66895 41.2263
1298880856 -8.66901 41.2261
1298880857 -8.66907 41.2258
1298880858 -8.66912 41.2256
1298880859 -8.66916 41.2254
1298880860 -8.66919 41.2251
1298880861 -8.66919 41.2249
1298880862 -8.66914 41.2247
1298880863 -8.66905 41.2246
1298880864 -8.66893 41.2244
1298880865 -8.66876 41.2242
1298880866 -8.66855 41.2241
1298880867 -8.66831 41.224
1298880868 -8.66805 41.2239
1298880869 -8.66777 41.2238
1298880870 -8.66746 41.2238
1298880871 -8.66714 41.2237
1298880872 -8.66681 41.2237
1298880873 -8.66648 41.2237
1298880874 -8.66614 41.2237
1298880875 -8.66578 41.2237
1298880876 -8.66543 41.2237
1298880877 -8.66508 41.2237
1298880878 -8.66473 41.2237
1298880879 -8.66438 41.2237
1298880880 -8.66404 41.2236
1298880881 -8.66371 41.2236
1298880882 -8.66338 41.2235
1298880883 -8.66308 41.2234
1298880884 -8.66279 41.2233
1298880885 -8.66252 41.2231
1298880886 -8.66227 41.223
1298880887 -8.66203 41.2228
1298880888 -8.66182 41.2226
1298880889 -8.66161 41.2224
1298880890 -8.66141 41.2222
1298880891 -8.66122 41.222
1298880892 -8.66103 41.2218
1298880893 -8.66084 41.2216
1298880894 -8.66066 41.2215
1298880895 -8.66047 41.2213
1298880896 -8.66028 41.2211
1298880897 -8.66008 41.2209
1298880898 -8.65989 41.2207
1298880899 -8.65969 41.2205
1298880900 -8.65948 41.2203
1298880901 -8.65927 41.22
1298880902 -8.65904 41.2198
1298880903 -8.65882 41.2196
1298880904 -8.65859 41.2193
1298880905 -8.65836 41.2191
1298880906 -8.65813 41.2188
1298880907 -8.65788 41.2186
1298880908 -8.65763 41.2183
1298880909 -8.65739 41.218
1298880910 -8.65713 41.2178
1298880911 -8.65687 41.2175
1298880912 -8.65661 41.2172
1298880913 -8.65635 41.217
1298880914 -8.65609 41.2167
1298880915 -8.65583 41.2164
1298880916 -8.65557 41.2161
1298880917 -8.65532 41.2159
1298880918 -8.65508 41.2156
1298880919 -8.65483 41.2153
1298880920 -8.6546 41.215
1298880921 -8.65438 41.2148
1298880922 -8.65418 41.2145
1298880923 -8.654 41.2142
1298880924 -8.65382 41.2139
1298880925 -8.65367 41.2136
1298880926 -8.65354 41.2133
1298880927 -8.65341 41.213
1298880928 -8.65328 41.2127
1298880929 -8.65316 41.2124
1298880930 -8.65303 41.2121
1298880931 -8.65291 41.2118
1298880932 -8.65277 41.2115
1298880933 -8.65264 41.2112
1298880934 -8.65252 41.2109
1298880935 -8.65239 41.2106
1298880936 -8.65227 41.2103
1298880937 -8.65215 41.2101
1298880938 -8.65203 41.2098
1298880939 -8.65193 41.2095
1298880940 -8.65183 41.2092
1298880941 -8.65175 41.2089
1298880942 -8.65169 41.2086
1298880943 -8.65165 41.2083
1298880944 -8.65165 41.208
1298880945 -8.65165 41.2077
1298880946 -8.65167 41.2074
1298880947 -8.65172 41.2071
1298880948 -8.65177 41.2068
1298880949 -8.65182 41.2065
1298880950 -8.65186 41.2063
1298880951 -8.65188 41.206
1298880952 -8.65189 41.2057
1298880953 -8.65187 41.2055
1298880954 -8.65184 41.2052
1298880955 -8.65178 41.205
1298880956 -8.65172 41.2047
1298880957 -8.65165 41.2045
1298880958 -8.65157 41.2043
1298880959 -8.65148 41.2041
1298880960 -8.6514 41.2039
1298880961 -8.65133 41.2037
1298880962 -8.65127 41.2036
1298880963 -8.65122 41.2034
1298880964 -8.6512 41.2033
1298880965 -8.6512 41.2032
1298880966 -8.65124 41.2031
1298880967 -8.65133 41.2029
1298880968 -8.65145 41.2028
1298880969 -8.65161 41.2027
1298880970 -8.6518 41.2027
1298880971 -8.65202 41.2026
1298880972 -8.65224 41.2026
1298880973 -8.65248 41.2025
1298880974 -8.65273 41.2025
1298880975 -8.65299 41.2025
1298880976 -8.65323 41.2024
1298880977 -8.65346 41.2024
1298880978 -8.65367 41.2024
1298880979 -8.65385 41.2024
1298880980 -8.65401 41.2024
1298880981 -8.65415 41.2024
1298880982 -8.65428 41.2025
1298880983 -8.65438 41.2026
1298880984 -8.65444 41.2027
1298880985 -8.65447 41.2028
1298880986 -8.65449 41.203
1298880987 -8.6545 41.2031
1298880988 -8.65449 41.2033
1298880989 -8.65448 41.2035
1298880990 -8.65448 41.2036
1298880991 -8.65448 41.2038
1298880992 -8.65449 41.2039
1298880993 -8.65449 41.204
1298880994 -8.65448 41.2041
1298880995 -8.65445 41.2042
1298880996 -8.6544 41.2043
1298880997 -8.65433 41.2043
1298880998 -8.65423 41.2043
1298880999 -8.65413 41.2043
1298881000 -8.65405 41.2042
1298881001 -8.654 41.2041
1298881002 -8.65398 41.204
1298881003 -8.65398 41.2039
1298881004 -8.65397 41.2038
1298881005 -8.65395 41.2037
1298881006 -8.65393 41.2035
1298881007 -8.65392 41.2034
1298881008 -8.6539 41.2032
1298881009 -8.65388 41.2031
1298881010 -8.65386 41.203
1298881011 -8.65383 41.2028
1298881012 -8.6538 41.2027
1298881013 -8.65375 41.2025
1298881014 -8.6537 41.2024
1298881015 -8.65363 41.2022
1298881016 -8.65355 41.2021
1298881017 -8.65346 41.2019
1298881018 -8.65335 41.2018
1298881019 -8.65324 41.2016
1298881020 -8.65311 41.2015
1298881021 -8.65299 41.2013
1298881022 -8.65286 41.2012
1298881023 -8.65273 41.2011
1298881024 -8.65263 41.2009
1298881025 -8.65253 41.2008
1298881026 -8.65246 41.2007
1298881027 -8.65242 41.2006
1298881028 -8.6524 41.2006
1298881029 -8.65241 41.2005
1298881030 -8.65242 41.2004
1298881031 -8.65241 41.2003
1298881032 -8.65238 41.2002
1298881033 -8.6523 41.2001
1298881034 -8.65221 41.2001
1298881035 -8.6521 41.2
1298881036 -8.65198 41.2
1298881037 -8.65186 41.2001
1298881038 -8.65176 41.2001
1298881039 -8.65169 41.2002
1298881040 -8.65165 41.2002
1298881041 -8.65162 41.2003
1298881042 -8.6516 41.2004
1298881043 -8.65156 41.2005
1298881044 -8.65152 41.2006
1298881045 -8.65146 41.2006
1298881046 -8.65139 41.2007
1298881047 -8.65132 41.2007
1298881048 -8.65124 41.2007
1298881049 -8.65117 41.2008
1298881050 -8.65109 41.2008
1298881051 -8.65101 41.2009
1298881052 -8.65094 41.2009
1298881053 -8.65085 41.201
1298881054 -8.65077 41.201
1298881055 -8.65069 41.201
1298881056 -8.6506 41.2011
1298881057 -8.65051 41.2011
1298881058 -8.65042 41.2011
1298881059 -8.65033 41.2011
1298881060 -8.65023 41.2012
1298881061 -8.65013 41.2012
1298881062 -8.65004 41.2012
1298881063 -8.64995 41.2012
1298881064 -8.64986 41.2012
1298881065 -8.64977 41.2012
1298881066 -8.64968 41.2012
1298881067 -8.64959 41.2012
1298881068 -8.6495 41.2013
1298881069 -8.64943 41.2013
1298881070 -8.64936 41.2013
1298881071 -8.64929 41.2013
1298881072 -8.64921 41.2013
1298881073 -8.64912 41.2013
1298881074 -8.64902 41.2013
1298881075 -8.64892 41.2013
1298881076 -8.6488 41.2013
1298881077 -8.64869 41.2013
1298881078 -8.64859 41.2014
1298881079 -8.64847 41.2014
1298881080 -8.64835 41.2014
1298881081 -8.64823 41.2014
1298881082 -8.64812 41.2014
1298881083 -8.64801 41.2014
1298881084 -8.64791 41.2014
1298881085 -8.64781 41.2015
1298881086 -8.64771 41.2015
1298881087 -8.64762 41.2015
1298881088 -8.64752 41.2015
1298881089 -8.64743 41.2015
1298881090 -8.64732 41.2015
1298881091 -8.64722 41.2015
1298881092 -8.64711 41.2016
1298881093 -8.647 41.2016
1298881094 -8.64689 41.2016
1298881095 -8.64678 41.2016
1298881096 -8.64666 41.2016
1298881097 -8.64655 41.2017
1298881098 -8.64644 41.2017
1298881099 -8.64635 41.2017
1298881100 -8.64625 41.2017
1298881101 -8.64615 41.2017
1298881102 -8.64605 41.2018
1298881103 -8.64594 41.2018
1298881104 -8.64583 41.2018
1298881105 -8.64572 41.2019
1298881106 -8.64561 41.2019
1298881107 -8.64549 41.2019
1298881108 -8.64538 41.2019
1298881109 -8.64527 41.202
1298881110 -8.64518 41.202
1298881111 -8.6451 41.202
1298881112 -8.64501 41.202
1298881113 -8.64493 41.2021
1298881114 -8.64484 41.2021
1298881115 -8.64474 41.2021
1298881116 -8.64464 41.2021
1298881117 -8.64454 41.2021
1298881118 -8.64443 41.2022
1298881119 -8.64431 41.2022
1298881120 -8.6442 41.2022
1298881121 -8.6441 41.2022
1298881122 -8.644 41.2022
1298881123 -8.64391 41.2022
1298881124 -8.64382 41.2023
1298881125 -8.64373 41.2023
1298881126 -8.64364 41.2023
1298881127 -8.64356 41.2023
1298881128 -8.64346 41.2023
1298881129 -8.64336 41.2024
1298881130 -8.64325 41.2024
1298881131 -8.64313 41.2024
1298881132 -8.64302 41.2024
1298881133 -8.64293 41.2024
1298881134 -8.64286 41.2024
1298881135 -8.64279 41.2024
1298881136 -8.64272 41.2024
1298881137 -8.64264 41.2024
1298881138 -8.64256 41.2024
1298881139 -8.64247 41.2024
1298881140 -8.64239 41.2024
1298881141 -8.6423 41.2024
1298881142 -8.64223 41.2024
1298881143 -8.64215 41.2024
1298881144 -8.64206 41.2024
1298881145 -8.64196 41.2024
1298881146 -8.64186 41.2024
1298881147 -8.64175 41.2024
1298881148 -8.64166 41.2024
1298881149 -8.64156 41.2024
1298881150 -8.64148 41.2024
1298881151 -8.64142 41.2024
1298881152 -8.64138 41.2023
1298881153 -8.64134 41.2023
1298881154 -8.64132 41.2022
1298881155 -8.64131 41.2021
1298881156 -8.64128 41.202
1298881157 -8.64124 41.202
1298881158 -8.64122 41.2019
1298881159 -8.64118 41.2018
1298881160 -8.64115 41.2017
1298881161 -8.64112 41.2016
1298881162 -8.64108 41.2015
1298881163 -8.64105 41.2015
1298881164 -8.64103 41.2014
1298881165 -8.64098 41.2013
1298881166 -8.64095 41.2012
1298881167 -8.6409 41.2011
1298881168 -8.64086 41.2011
1298881169 -8.64081 41.201
1298881170 -8.64077 41.2009
1298881171 -8.64072 41.2008
1298881172 -8.64067 41.2007
1298881173 -8.64063 41.2006
1298881174 -8.64058 41.2005
1298881175 -8.64053 41.2005
1298881176 -8.64049 41.2004
1298881177 -8.64044 41.2003
1298881178 -8.64039 41.2002
1298881179 -8.64034 41.2001
1298881180 -8.64029 41.2
1298881181 -8.64024 41.1999
1298881182 -8.6402 41.1998
1298881183 -8.64015 41.1997
1298881184 -8.64011 41.1996
1298881185 -8.64006 41.1995
1298881186 -8.64002 41.1995
1298881187 -8.63997 41.1994
1298881188 -8.63994 41.1993
1298881189 -8.63989 41.1992
1298881190 -8.63986 41.1992
1298881191 -8.63982 41.1991
1298881192 -8.63979 41.199
1298881193 -8.63976 41.199
1298881194 -8.63973 41.1989
1298881195 -8.6397 41.1989
1298881196 -8.63969 41.1988
1298881197 -8.63966 41.1988
1298881198 -8.63963 41.1987
1298881199 -8.6396 41.1987
1298881200 -8.63957 41.1986
