:break:
1298880072 -8.61431 41.1745
1298880073 -8.61455 41.1744
1298880074 -8.61477 41.1744
1298880075 -8.615 41.1743
1298880076 -8.61523 41.1743
1298880077 -8.61547 41.1743
1298880078 -8.61571 41.1742
1298880079 -8.61595 41.1742
1298880080 -8.6162 41.1741
1298880081 -8.61645 41.1741
1298880082 -8.61671 41.1741
1298880083 -8.61696 41.174
1298880084 -8.61722 41.174
1298880085 -8.61747 41.174
1298880086 -8.61773 41.1739
1298880087 -8.61797 41.1739
1298880088 -8.61821 41.1739
1298880089 -8.61845 41.1739
1298880090 -8.61869 41.1739
1298880091 -8.61891 41.1738
1298880092 -8.61914 41.1738
1298880093 -8.61936 41.1738
1298880094 -8.61959 41.1738
1298880095 -8.61981 41.1737
1298880096 -8.62004 41.1737
1298880097 -8.62027 41.1737
1298880098 -8.6205 41.1737
1298880099 -8.62073 41.1736
1298880100 -8.62096 41.1736
1298880101 -8.6212 41.1736
1298880102 -8.62143 41.1736
1298880103 -8.62167 41.1736
1298880104 -8.62191 41.1735
1298880105 -8.62214 41.1735
1298880106 -8.62237 41.1735
1298880107 -8.6226 41.1735
1298880108 -8.62284 41.1734
1298880109 -8.62307 41.1734
1298880110 -8.62331 41.1734
1298880111 -8.62353 41.1734
1298880112 -8.62376 41.1733
1298880113 -8.62399 41.1733
1298880114 -8.62422 41.1733
1298880115 -8.62445 41.1733
1298880116 -8.62469 41.1732
1298880117 -8.62493 41.1732
1298880118 -8.62519 41.1732
1298880119 -8.62545 41.1732
1298880120 -8.62572 41.1731
1298880121 -8.62599 41.1731
1298880122 -8.62626 41.1731
1298880123 -8.62653 41.1731
1298880124 -8.6268 41.173
1298880125 -8.62707 41.173
1298880126 -8.62734 41.173
1298880127 -8.6276 41.1729
1298880128 -8.62787 41.1729
1298880129 -8.62814 41.1729
1298880130 -8.6284 41.1728
1298880131 -8.62866 41.1728
1298880132 -8.62892 41.1727
1298880133 -8.62917 41.1727
1298880134 -8.62942 41.1726
1298880135 -8.62967 41.1726
1298880136 -8.62991 41.1725
1298880137 -8.63015 41.1725
1298880138 -8.63038 41.1724
1298880139 -8.63061 41.1724
1298880140 -8.63085 41.1723
1298880141 -8.63107 41.1723
1298880142 -8.6313 41.1722
1298880143 -8.63151 41.1722
1298880144 -8.63173 41.1721
1298880145 -8.63194 41.1721
1298880146 -8.63216 41.172
1298880147 -8.63237 41.172
1298880148 -8.63257 41.1719
1298880149 -8.63277 41.1719
1298880150 -8.63298 41.1719
1298880151 -8.63319 41.1718
1298880152 -8.6334 41.1718
1298880153 -8.63362 41.1717
1298880154 -8.63383 41.1717
1298880155 -8.63406 41.1716
1298880156 -8.63429 41.1716
1298880157 -8.63451 41.1716
1298880158 -8.63473 41.1715
1298880159 -8.63494 41.1715
1298880160 -8.63516 41.1714
1298880161 -8.63538 41.1714
1298880162 -8.63561 41.1713
1298880163 -8.63582 41.1712
1298880164 -8.63605 41.1712
1298880165 -8.63626 41.1711
1298880166 -8.63646 41.171
1298880167 -8.63666 41.171
1298880168 -8.63687 41.1709
1298880169 -8.63706 41.1708
1298880170 -8.63725 41.1707
1298880171 -8.63745 41.1706
1298880172 -8.63764 41.1705
1298880173 -8.63782 41.1704
1298880174 -8.638 41.1703
1298880175 -8.63819 41.1702
1298880176 -8.63838 41.17
1298880177 -8.63857 41.1699
1298880178 -8.63874 41.1698
1298880179 -8.63891 41.1697
1298880180 -8.63908 41.1695
1298880181 -8.63926 41.1694
1298880182 -8.63943 41.1693
1298880183 -8.63959 41.1692
1298880184 -8.63978 41.169
1298880185 -8.63996 41.1689
1298880186 -8.64013 41.1688
1298880187 -8.64032 41.1686
1298880188 -8.6405 41.1685
1298880189 -8.64069 41.1684
1298880190 -8.64087 41.1683
1298880191 -8.64106 41.1681
1298880192 -8.64123 41.168
1298880193 -8.6414 41.1679
1298880194 -8.64156 41.1678
1298880195 -8.6417 41.1677
1298880196 -8.64185 41.1676
1298880197 -8.642 41.1675
1298880198 -8.64214 41.1674
1298880199 -8.64229 41.1673
1298880200 -8.64241 41.1672
1298880201 -8.64255 41.1671
1298880202 -8.64268 41.167
1298880203 -8.64282 41.167
1298880204 -8.64296 41.1669
1298880205 -8.6431 41.1669
1298880206 -8.64322 41.167
1298880207 -8.64334 41.167
1298880208 -8.64344 41.1671
1298880209 -8.64352 41.1672
1298880210 -8.64357 41.1673
1298880211 -8.64359 41.1674
1298880212 -8.64357 41.1675
1298880213 -8.64351 41.1676
1298880214 -8.64342 41.1676
1298880215 -8.6433 41.1677
1298880216 -8.64319 41.1677
1298880217 -8.64307 41.1677
1298880218 -8.64297 41.1676
1298880219 -8.64286 41.1676
1298880220 -8.64275 41.1675
1298880221 -8.64264 41.1674
1298880222 -8.64252 41.1673
1298880223 -8.6424 41.1672
1298880224 -8.64229 41.1671
1298880225 -8.64216 41.167
1298880226 -8.64203 41.1669
1298880227 -8.6419 41.1668
1298880228 -8.64177 41.1667
1298880229 -8.64165 41.1666
1298880230 -8.64153 41.1665
1298880231 -8.6414 41.1664
1298880232 -8.64129 41.1663
1298880233 -8.64117 41.1662
1298880234 -8.64106 41.1662
1298880235 -8.64095 41.1661
1298880236 -8.64085 41.166
1298880237 -8.64075 41.1659
1298880238 -8.64066 41.1658
1298880239 -8.64058 41.1658
1298880240 -8.64051 41.1657
1298880241 -8.64046 41.1656
1298880242 -8.6404 41.1656
1298880243 -8.64036 41.1656
1298880244 -8.64032 41.1655
1298880245 -8.64028 41.1655
1298880246 -8.64023 41.1654
1298880247 -8.64019 41.1654
1298880248 -8.64015 41.1654
1298880249 -8.64014 41.1654
1298880250 -8.64013 41.1654
1298880251 -8.64013 41.1654
1298880252 -8.64012 41.1653
1298880253 -8.64011 41.1653
1298880254 -8.64009 41.1653
1298880255 -8.64007 41.1653
1298880256 -8.64005 41.1653
1298880257 -8.64005 41.1652
1298880258 -8.64005 41.1652
1298880259 -8.64006 41.1651
1298880260 -8.6401 41.165
1298880261 -8.64017 41.165
1298880262 -8.64026 41.1649
1298880263 -8.64037 41.1649
1298880264 -8.64049 41.1649
1298880265 -8.64062 41.1649
1298880266 -8.64076 41.1649
1298880267 -8.64088 41.1649
1298880268 -8.64103 41.1649
1298880269 -8.64118 41.1649
1298880270 -8.64133 41.165
1298880271 -8.64148 41.165
1298880272 -8.64163 41.165
1298880273 -8.64177 41.165
1298880274 -8.64188 41.1651
1298880275 -8.64197 41.1651
1298880276 -8.64205 41.1651
1298880277 -8.64212 41.1652
1298880278 -8.64216 41.1652
1298880279 -8.6422 41.1652
1298880280 -8.64223 41.1652
1298880281 -8.64228 41.1652
1298880282 -8.64233 41.1652
1298880283 -8.6424 41.1652
1298880284 -8.64249 41.1652
1298880285 -8.64259 41.1652
1298880286 -8.64269 41.1652
1298880287 -8.64279 41.1652
1298880288 -8.6429 41.1653
1298880289 -8.64302 41.1653
1298880290 -8.64315 41.1653
1298880291 -8.64329 41.1653
1298880292 -8.64342 41.1653
1298880293 -8.64356 41.1654
1298880294 -8.64371 41.1654
1298880295 -8.64387 41.1654
1298880296 -8.64403 41.1654
1298880297 -8.6442 41.1654
1298880298 -8.64438 41.1655
1298880299 -8.64456 41.1655
1298880300 -8.64473 41.1655
1298880301 -8.64491 41.1655
1298880302 -8.64508 41.1656
1298880303 -8.64526 41.1656
1298880304 -8.64542 41.1656
1298880305 -8.64558 41.1656
1298880306 -8.64575 41.1657
1298880307 -8.64592 41.1657
1298880308 -8.64608 41.1657
1298880309 -8.64624 41.1657
1298880310 -8.64637 41.1658
1298880311 -8.6465 41.1658
1298880312 -8.64662 41.1658
1298880313 -8.64673 41.1659
1298880314 -8.64683 41.1659
1298880315 -8.64692 41.1659
1298880316 -8.64698 41.1659
1298880317 -8.64706 41.1659
1298880318 -8.64709 41.1659
1298880319 -8.64712 41.1659
1298880320 -8.64714 41.1659
1298880321 -8.64714 41.1659
1298880322 -8.64715 41.166
1298880323 -8.64716 41.166
1298880324 -8.64719 41.166
1298880325 -8.64723 41.166
1298880326 -8.64729 41.166
1298880327 -8.64737 41.166
1298880328 -8.64746 41.166
1298880329 -8.64755 41.166
1298880330 -8.64768 41.1661
1298880331 -8.64781 41.1661
1298880332 -8.64796 41.1661
1298880333 -8.64812 41.1661
1298880334 -8.64829 41.1661
1298880335 -8.64846 41.1662
1298880336 -8.64863 41.1662
1298880337 -8.64881 41.1662
1298880338 -8.64898 41.1663
1298880339 -8.64913 41.1663
1298880340 -8.64929 41.1663
1298880341 -8.64943 41.1663
1298880342 -8.64957 41.1664
1298880343 -8.6497 41.1664
1298880344 -8.64985 41.1664
1298880345 -8.65 41.1665
1298880346 -8.65017 41.1665
1298880347 -8.65036 41.1665
1298880348 -8.65057 41.1665
1298880349 -8.65076 41.1666
1298880350 -8.65097 41.1666
1298880351 -8.65119 41.1666
1298880352 -8.65138 41.1667
1298880353 -8.65159 41.1667
1298880354 -8.65179 41.1667
1298880355 -8.65199 41.1668
1298880356 -8.65217 41.1668
1298880357 -8.65235 41.1668
1298880358 -8.65252 41.1669
1298880359 -8.65269 41.1669
1298880360 -8.65284 41.1669
1298880361 -8.65299 41.167
1298880362 -8.65312 41.167
1298880363 -8.65325 41.167
1298880364 -8.65337 41.167
1298880365 -8.65347 41.167
1298880366 -8.65357 41.167
1298880367 -8.65368 41.1671
1298880368 -8.65379 41.1671
1298880369 -8.6539 41.1671
1298880370 -8.654 41.1671
1298880371 -8.65413 41.1671
1298880372 -8.65426 41.1671
1298880373 -8.6544 41.1671
1298880374 -8.65455 41.1672
1298880375 -8.65471 41.1672
1298880376 -8.65486 41.1672
1298880377 -8.65503 41.1672
1298880378 -8.6552 41.1673
1298880379 -8.65537 41.1673
1298880380 -8.65556 41.1673
1298880381 -8.65574 41.1673
1298880382 -8.65593 41.1673
1298880383 -8.65612 41.1673
1298880384 -8.65631 41.1673
1298880385 -8.6565 41.1672
1298880386 -8.65667 41.1671
1298880387 -8.65684 41.1671
1298880388 -8.65698 41.167
1298880389 -8.65712 41.1669
1298880390 -8.65723 41.1667
1298880391 -8.65733 41.1666
1298880392 -8.6574 41.1665
1298880393 -8.65745 41.1664
1298880394 -8.6575 41.1662
1298880395 -8.65753 41.1661
1298880396 -8.65757 41.166
1298880397 -8.6576 41.1658
1298880398 -8.65764 41.1657
1298880399 -8.65768 41.1656
1298880400 -8.6577 41.1655
1298880401 -8.65775 41.1654
1298880402 -8.6578 41.1654
1298880403 -8.65788 41.1653
1298880404 -8.65797 41.1654
1298880405 -8.65805 41.1654
1298880406 -8.65815 41.1654
1298880407 -8.65826 41.1655
1298880408 -8.65838 41.1655
1298880409 -8.6585 41.1656
1298880410 -8.65863 41.1656
1298880411 -8.65877 41.1657
1298880412 -8.65891 41.1658
1298880413 -8.65906 41.1658
1298880414 -8.65921 41.1659
1298880415 -8.65934 41.166
1298880416 -8.65948 41.1661
1298880417 -8.65962 41.1661
1298880418 -8.65976 41.1662
1298880419 -8.65989 41.1663
1298880420 -8.66002 41.1663
1298880421 -8.66013 41.1664
1298880422 -8.66023 41.1664
1298880423 -8.66031 41.1665
1298880424 -8.66038 41.1665
1298880425 -8.66042 41.1665
1298880426 -8.66047 41.1666
1298880427 -8.66052 41.1666
1298880428 -8.66058 41.1665
1298880429 -8.66063 41.1665
1298880430 -8.66067 41.1664
1298880431 -8.66073 41.1664
1298880432 -8.66078 41.1663
1298880433 -8.66084 41.1662
1298880434 -8.66091 41.1662
1298880435 -8.66097 41.1661
1298880436 -8.66104 41.166
1298880437 -8.66113 41.1659
1298880438 -8.66122 41.1658
1298880439 -8.66132 41.1656
1298880440 -8.66142 41.1655
1298880441 -8.66152 41.1654
1298880442 -8.66163 41.1653
1298880443 -8.66173 41.1652
1298880444 -8.66183 41.1651
1298880445 -8.66192 41.165
1298880446 -8.66199 41.1649
1298880447 -8.66207 41.1648
1298880448 -8.66213 41.1647
1298880449 -8.66221 41.1646
1298880450 -8.66229 41.1645
1298880451 -8.66236 41.1645
1298880452 -8.66243 41.1644
1298880453 -8.66248 41.1643
1298880454 -8.66254 41.1643
1298880455 -8.66258 41.1642
1298880456 -8.66262 41.1642
1298880457 -8.66263 41.1641
1298880458 -8.66263 41.1641
1298880459 -8.66264 41.1641
1298880460 -8.66265 41.1641
1298880461 -8.66268 41.1641
1298880462 -8.66268 41.1641
1298880463 -8.6627 41.1641
1298880464 -8.66271 41.164
1298880465 -8.66272 41.164
1298880466 -8.66273 41.164
1298880467 -8.66273 41.164
1298880468 -8.66273 41.164
1298880469 -8.66273 41.164
1298880470 -8.66273 41.164
1298880471 -8.66273 41.164
1298880472 -8.66273 41.164
1298880473 -8.66273 41.164
1298880474 -8.66273 41.164
1298880475 -8.66273 41.164
1298880476 -8.66273 41.164
1298880477 -8.66273 41.164
1298880478 -8.66273 41.164
1298880479 -8.66273 41.164
1298880480 -8.66273 41.164
1298880481 -8.66273 41.164
1298880482 -8.66273 41.164
1298880483 -8.66273 41.164
1298880484 -8.66273 41.164
1298880485 -8.66272 41.164
1298880486 -8.66272 41.164
1298880487 -8.66272 41.164
1298880488 -8.66271 41.164
1298880489 -8.66271 41.164
1298880490 -8.66271 41.164
1298880491 -8.66271 41.164
1298880492 -8.6627 41.164
1298880493 -8.6627 41.164
1298880494 -8.6627 41.164
1298880495 -8.6627 41.164
1298880496 -8.66269 41.164
1298880497 -8.66269 41.164
1298880498 -8.66269 41.164
1298880499 -8.66269 41.164
1298880500 -8.66269 41.164
1298880501 -8.66269 41.164
1298880502 -8.66268 41.164
1298880503 -8.66268 41.164
1298880504 -8.66268 41.164
1298880505 -8.66268 41.164
1298880506 -8.66268 41.164
1298880507 -8.66269 41.164
1298880508 -8.66269 41.164
1298880509 -8.66269 41.164
1298880510 -8.66269 41.164
1298880511 -8.66269 41.164
1298880512 -8.6627 41.164
1298880513 -8.6627 41.164
1298880514 -8.6627 41.164
1298880515 -8.6627 41.164
1298880516 -8.66271 41.164
1298880517 -8.66271 41.164
1298880518 -8.66271 41.164
1298880519 -8.66271 41.164
1298880520 -8.66272 41.164
1298880521 -8.66272 41.164
1298880522 -8.66272 41.164
1298880523 -8.66272 41.164
1298880524 -8.66272 41.164
1298880525 -8.66272 41.164
1298880526 -8.66272 41.164
1298880527 -8.66273 41.164
1298880528 -8.66273 41.164
1298880529 -8.66274 41.1639
1298880530 -8.66275 41.1639
1298880531 -8.66276 41.1639
1298880532 -8.66278 41.1638
1298880533 -8.66281 41.1638
1298880534 -8.66282 41.1638
1298880535 -8.66285 41.1637
1298880536 -8.66289 41.1637
1298880537 -8.66294 41.1636
1298880538 -8.66297 41.1636
1298880539 -8.66299 41.1635
1298880540 -8.663 41.1635
1298880541 -8.66304 41.1634
1298880542 -8.66309 41.1634
1298880543 -8.66314 41.1634
1298880544 -8.66318 41.1633
1298880545 -8.66323 41.1632
1298880546 -8.66325 41.1631
1298880547 -8.66328 41.163
1298880548 -8.66332 41.1629
1298880549 -8.66338 41.1628
1298880550 -8.6634 41.1627
1298880551 -8.66344 41.1627
1298880552 -8.66349 41.1626
1298880553 -8.66355 41.1625
1298880554 -8.66365 41.1624
1298880555 -8.66378 41.1623
1298880556 -8.6639 41.1623
1298880557 -8.66403 41.1622
1298880558 -8.66417 41.1621
1298880559 -8.6643 41.1621
1298880560 -8.66443 41.162
1298880561 -8.66455 41.1619
1298880562 -8.66468 41.1619
1298880563 -8.66479 41.1618
1298880564 -8.6649 41.1618
1298880565 -8.66502 41.1617
1298880566 -8.66514 41.1617
1298880567 -8.66527 41.1616
1298880568 -8.66542 41.1616
1298880569 -8.66558 41.1616
1298880570 -8.66573 41.1616
1298880571 -8.66589 41.1616
1298880572 -8.66606 41.1615
1298880573 -8.66622 41.1615
1298880574 -8.66638 41.1615
1298880575 -8.66652 41.1615
1298880576 -8.66666 41.1615
1298880577 -8.66677 41.1615
1298880578 -8.66685 41.1615
1298880579 -8.66692 41.1615
1298880580 -8.66697 41.1615
1298880581 -8.66701 41.1615
1298880582 -8.66705 41.1615
1298880583 -8.66711 41.1615
1298880584 -8.66717 41.1615
1298880585 -8.66723 41.1615
1298880586 -8.66731 41.1614
1298880587 -8.66738 41.1614
1298880588 -8.66748 41.1613
1298880589 -8.66758 41.1613
1298880590 -8.66769 41.1613
1298880591 -8.66783 41.1612
1298880592 -8.66797 41.1612
1298880593 -8.66812 41.1611
1298880594 -8.66824 41.1611
1298880595 -8.66838 41.161
1298880596 -8.66851 41.161
1298880597 -8.66865 41.161
1298880598 -8.66878 41.161
1298880599 -8.66893 41.161
1298880600 -8.66908 41.1611
1298880601 -8.66922 41.1611
1298880602 -8.66937 41.1611
1298880603 -8.66951 41.1611
1298880604 -8.66966 41.1611
1298880605 -8.66982 41.1611
1298880606 -8.66996 41.1612
1298880607 -8.6701 41.1612
1298880608 -8.67025 41.1612
1298880609 -8.67037 41.1612
1298880610 -8.6705 41.1613
1298880611 -8.67061 41.1614
1298880612 -8.67072 41.1614
1298880613 -8.67082 41.1615
1298880614 -8.67092 41.1616
1298880615 -8.67101 41.1616
1298880616 -8.6711 41.1617
1298880617 -8.67119 41.1617
1298880618 -8.67129 41.1618
1298880619 -8.6714 41.1619
1298880620 -8.6715 41.1619
1298880621 -8.6716 41.1619
1298880622 -8.6717 41.162
1298880623 -8.6718 41.162
1298880624 -8.67189 41.1621
1298880625 -8.67199 41.1621
1298880626 -8.67209 41.1622
1298880627 -8.67219 41.1622
1298880628 -8.6723 41.1623
1298880629 -8.67242 41.1623
1298880630 -8.67254 41.1624
1298880631 -8.67267 41.1624
1298880632 -8.6728 41.1624
1298880633 -8.67293 41.1624
1298880634 -8.67305 41.1625
1298880635 -8.67317 41.1625
1298880636 -8.67326 41.1625
1298880637 -8.67334 41.1625
1298880638 -8.6734 41.1625
1298880639 -8.67345 41.1626
1298880640 -8.67352 41.1626
1298880641 -8.67357 41.1626
1298880642 -8.67363 41.1626
1298880643 -8.6737 41.1626
1298880644 -8.67377 41.1626
1298880645 -8.67385 41.1627
1298880646 -8.67393 41.1627
1298880647 -8.67401 41.1627
1298880648 -8.67409 41.1627
1298880649 -8.67418 41.1627
1298880650 -8.67428 41.1628
1298880651 -8.67437 41.1628
1298880652 -8.67447 41.1628
1298880653 -8.67456 41.1628
1298880654 -8.67465 41.1628
1298880655 -8.67474 41.1629
1298880656 -8.67481 41.1629
1298880657 -8.67486 41.1629
1298880658 -8.67488 41.1629
1298880659 -8.67488 41.1629
1298880660 -8.67489 41.1629
1298880661 -8.67493 41.1629
1298880662 -8.67498 41.1629
1298880663 -8.67505 41.1629
1298880664 -8.67514 41.1629
1298880665 -8.67524 41.1629
1298880666 -8.67533 41.1629
1298880667 -8.67542 41.1629
1298880668 -8.6755 41.1629
1298880669 -8.67558 41.1629
1298880670 -8.67566 41.1629
1298880671 -8.67574 41.1629
1298880672 -8.67581 41.1629
1298880673 -8.67586 41.163
1298880674 -8.67591 41.163
1298880675 -8.67595 41.163
1298880676 -8.67597 41.1631
1298880677 -8.67599 41.1631
1298880678 -8.67601 41.1631
1298880679 -8.67603 41.1632
1298880680 -8.67604 41.1632
1298880681 -8.67605 41.1632
1298880682 -8.67605 41.1632
1298880683 -8.67606 41.1632
1298880684 -8.67606 41.1632
1298880685 -8.67607 41.1632
1298880686 -8.67607 41.1632
1298880687 -8.67607 41.1632
1298880688 -8.67608 41.1632
1298880689 -8.67608 41.1632
1298880690 -8.67608 41.1632
1298880691 -8.67608 41.1632
1298880692 -8.67608 41.1632
1298880693 -8.67609 41.1632
1298880694 -8.67609 41.1632
1298880695 -8.67609 41.1632
1298880696 -8.67609 41.1632
1298880697 -8.67609 41.1632
1298880698 -8.67609 41.1632
1298880699 -8.67609 41.1632
1298880700 -8.6761 41.1632
1298880701 -8.6761 41.1632
1298880702 -8.6761 41.1632
1298880703 -8.6761 41.1632
1298880704 -8.6761 41.1632
1298880705 -8.6761 41.1632
1298880706 -8.6761 41.1632
1298880707 -8.6761 41.1632
1298880708 -8.6761 41.1632
1298880709 -8.6761 41.1632
1298880710 -8.6761 41.1632
1298880711 -8.67611 41.1632
1298880712 -8.67611 41.1632
1298880713 -8.67611 41.1632
1298880714 -8.67611 41.1632
1298880715 -8.67611 41.1632
1298880716 -8.67611 41.1632
1298880717 -8.67611 41.1632
1298880718 -8.67611 41.1632
1298880719 -8.67611 41.1632
1298880720 -8.67611 41.1632
1298880721 -8.67611 41.1632
1298880722 -8.67611 41.1632
1298880723 -8.67611 41.1632
1298880724 -8.67611 41.1632
1298880725 -8.67611 41.1632
1298880726 -8.67611 41.1632
1298880727 -8.67611 41.1632
1298880728 -8.67611 41.1632
1298880729 -8.67611 41.1632
1298880730 -8.67611 41.1632
1298880731 -8.67611 41.1632
1298880732 -8.67611 41.1632
1298880733 -8.67611 41.1632
1298880734 -8.67611 41.1632
1298880735 -8.67611 41.1632
1298880736 -8.67611 41.1632
1298880737 -8.67611 41.1632
1298880738 -8.67611 41.1632
1298880739 -8.67611 41.1632
1298880740 -8.67611 41.1632
1298880741 -8.67611 41.1632
1298880742 -8.67611 41.1632
1298880743 -8.67611 41.1632
1298880744 -8.67611 41.1632
1298880745 -8.67611 41.1632
1298880746 -8.67611 41.1632
1298880747 -8.67611 41.1632
1298880748 -8.67611 41.1632
1298880749 -8.67611 41.1632
1298880750 -8.67611 41.1632
1298880751 -8.67611 41.1632
1298880752 -8.67611 41.1632
1298880753 -8.67611 41.1632
1298880754 -8.67611 41.1632
1298880755 -8.67611 41.1632
1298880756 -8.67611 41.1632
1298880757 -8.67611 41.1632
1298880758 -8.67611 41.1632
1298880759 -8.67611 41.1632
1298880760 -8.67611 41.1632
1298880761 -8.67611 41.1632
1298880762 -8.67611 41.1632
1298880763 -8.67611 41.1632
1298880764 -8.67611 41.1632
1298880765 -8.67611 41.1632
1298880766 -8.67611 41.1632
1298880767 -8.67611 41.1632
1298880768 -8.67611 41.1632
1298880769 -8.67611 41.1632
1298880770 -8.67611 41.1632
1298880771 -8.6761 41.1632
1298880772 -8.6761 41.1632
1298880773 -8.6761 41.1632
1298880774 -8.6761 41.1632
1298880775 -8.6761 41.1632
1298880776 -8.6761 41.1632
1298880777 -8.6761 41.1632
1298880778 -8.6761 41.1632
1298880779 -8.6761 41.1632
1298880780 -8.6761 41.1632
1298880781 -8.6761 41.1632
1298880782 -8.6761 41.1632
1298880783 -8.6761 41.1632
1298880784 -8.6761 41.1632
1298880785 -8.6761 41.1632
1298880786 -8.6761 41.1632
1298880787 -8.6761 41.1632
1298880788 -8.6761 41.1632
1298880789 -8.6761 41.1632
1298880790 -8.6761 41.1632
1298880791 -8.6761 41.1632
1298880792 -8.67611 41.1632
1298880793 -8.67611 41.1632
1298880794 -8.67611 41.1632
1298880795 -8.67611 41.1632
1298880796 -8.67611 41.1632
1298880797 -8.67611 41.1632
1298880798 -8.67611 41.1632
1298880799 -8.67611 41.1632
1298880800 -8.67611 41.1632
1298880801 -8.67611 41.1632
1298880802 -8.67611 41.1632
1298880803 -8.67611 41.1632
1298880804 -8.67611 41.1632
1298880805 -8.67611 41.1632
1298880806 -8.67611 41.1632
1298880807 -8.67611 41.1632
1298880808 -8.67611 41.1632
1298880809 -8.67611 41.1632
1298880810 -8.67611 41.1632
1298880811 -8.67611 41.1632
1298880812 -8.6761 41.1632
1298880813 -8.6761 41.1632
1298880814 -8.6761 41.1632
1298880815 -8.6761 41.1632
1298880816 -8.6761 41.1632
1298880817 -8.6761 41.1632
1298880818 -8.6761 41.1632
1298880819 -8.6761 41.1632
1298880820 -8.6761 41.1632
1298880821 -8.6761 41.1632
1298880822 -8.6761 41.1632
1298880823 -8.6761 41.1632
1298880824 -8.6761 41.1632
1298880825 -8.6761 41.1632
1298880826 -8.6761 41.1632
1298880827 -8.6761 41.1632
1298880828 -8.6761 41.1632
1298880829 -8.6761 41.1632
1298880830 -8.6761 41.1632
1298880831 -8.6761 41.1632
1298880832 -8.6761 41.1632
1298880833 -8.6761 41.1632
1298880834 -8.6761 41.1632
1298880835 -8.6761 41.1632
1298880836 -8.6761 41.1632
1298880837 -8.6761 41.1632
1298880838 -8.6761 41.1632
1298880839 -8.6761 41.1632
1298880840 -8.6761 41.1632
1298880841 -8.6761 41.1632
1298880842 -8.6761 41.1632
1298880843 -8.6761 41.1632
1298880844 -8.6761 41.1632
1298880845 -8.6761 41.1632
1298880846 -8.6761 41.1632
1298880847 -8.6761 41.1632
1298880848 -8.6761 41.1632
1298880849 -8.6761 41.1632
1298880850 -8.67611 41.1632
1298880851 -8.67611 41.1632
1298880852 -8.67611 41.1632
1298880853 -8.67611 41.1632
1298880854 -8.67611 41.1632
1298880855 -8.67611 41.1632
1298880856 -8.67611 41.1632
1298880857 -8.67611 41.1632
1298880858 -8.67611 41.1632
1298880859 -8.67611 41.1632
1298880860 -8.67611 41.1632
1298880861 -8.67611 41.1632
1298880862 -8.67611 41.1632
1298880863 -8.67611 41.1632
1298880864 -8.67611 41.1632
1298880865 -8.67611 41.1632
1298880866 -8.67611 41.1632
1298880867 -8.67611 41.1632
1298880868 -8.67611 41.1632
1298880869 -8.6761 41.1632
1298880870 -8.6761 41.1632
1298880871 -8.6761 41.1632
1298880872 -8.6761 41.1632
1298880873 -8.6761 41.1632
1298880874 -8.6761 41.1632
1298880875 -8.6761 41.1632
1298880876 -8.6761 41.1632
1298880877 -8.6761 41.1632
1298880878 -8.6761 41.1632
1298880879 -8.6761 41.1632
1298880880 -8.6761 41.1632
1298880881 -8.6761 41.1632
1298880882 -8.6761 41.1632
1298880883 -8.6761 41.1632
1298880884 -8.6761 41.1632
1298880885 -8.6761 41.1632
1298880886 -8.6761 41.1632
1298880887 -8.6761 41.1632
1298880888 -8.6761 41.1632
1298880889 -8.6761 41.1632
1298880890 -8.6761 41.1632
1298880891 -8.67611 41.1632
1298880892 -8.67611 41.1632
1298880893 -8.6761 41.1632
1298880894 -8.6761 41.1632
1298880895 -8.6761 41.1632
1298880896 -8.6761 41.1632
1298880897 -8.6761 41.1632
1298880898 -8.6761 41.1632
1298880899 -8.6761 41.1632
1298880900 -8.6761 41.1632
1298880901 -8.6761 41.1632
1298880902 -8.6761 41.1632
1298880903 -8.6761 41.1632
1298880904 -8.6761 41.1632
1298880905 -8.6761 41.1632
1298880906 -8.6761 41.1632
1298880907 -8.6761 41.1632
1298880908 -8.6761 41.1632
1298880909 -8.6761 41.1632
1298880910 -8.6761 41.1632
1298880911 -8.6761 41.1632
1298880912 -8.6761 41.1632
1298880913 -8.6761 41.1632
1298880914 -8.6761 41.1632
1298880915 -8.6761 41.1632
1298880916 -8.6761 41.1632
1298880917 -8.6761 41.1632
1298880918 -8.6761 41.1632
1298880919 -8.6761 41.1632
1298880920 -8.6761 41.1632
1298880921 -8.6761 41.1632
1298880922 -8.6761 41.1632
1298880923 -8.67611 41.1632
1298880924 -8.67611 41.1632
1298880925 -8.67611 41.1632
1298880926 -8.67611 41.1632
1298880927 -8.67611 41.1632
1298880928 -8.67611 41.1632
1298880929 -8.67611 41.1632
1298880930 -8.6761 41.1632
1298880931 -8.6761 41.1632
1298880932 -8.6761 41.1632
1298880933 -8.6761 41.1632
1298880934 -8.6761 41.1632
1298880935 -8.6761 41.1632
1298880936 -8.6761 41.1632
1298880937 -8.6761 41.1632
1298880938 -8.6761 41.1632
1298880939 -8.6761 41.1632
1298880940 -8.6761 41.1632
1298880941 -8.6761 41.1632
1298880942 -8.6761 41.1632
1298880943 -8.6761 41.1632
1298880944 -8.6761 41.1632
1298880945 -8.6761 41.1632
1298880946 -8.6761 41.1633
1298880947 -8.6761 41.1633
1298880948 -8.6761 41.1633
1298880949 -8.6761 41.1633
1298880950 -8.6761 41.1633
1298880951 -8.6761 41.1633
1298880952 -8.6761 41.1633
1298880953 -8.6761 41.1633
1298880954 -8.6761 41.1633
1298880955 -8.6761 41.1633
1298880956 -8.6761 41.1633
1298880957 -8.6761 41.1633
1298880958 -8.6761 41.1633
1298880959 -8.6761 41.1633
1298880960 -8.6761 41.1633
1298880961 -8.6761 41.1633
1298880962 -8.6761 41.1633
1298880963 -8.6761 41.1633
1298880964 -8.6761 41.1633
1298880965 -8.6761 41.1633
1298880966 -8.6761 41.1633
1298880967 -8.6761 41.1633
1298880968 -8.6761 41.1633
1298880969 -8.67609 41.1633
1298880970 -8.67609 41.1633
1298880971 -8.67609 41.1633
1298880972 -8.67609 41.1633
1298880973 -8.67609 41.1633
1298880974 -8.67609 41.1633
1298880975 -8.67609 41.1633
1298880976 -8.67609 41.1633
1298880977 -8.67609 41.1633
1298880978 -8.67609 41.1633
1298880979 -8.67609 41.1633
1298880980 -8.67609 41.1633
1298880981 -8.67609 41.1633
1298880982 -8.67609 41.1633
1298880983 -8.67609 41.1633
1298880984 -8.67609 41.1633
1298880985 -8.67609 41.1633
1298880986 -8.67609 41.1633
1298880987 -8.67608 41.1633
1298880988 -8.67608 41.1633
1298880989 -8.67608 41.1633
1298880990 -8.67608 41.1633
1298880991 -8.67608 41.1633
1298880992 -8.67608 41.1633
1298880993 -8.67608 41.1633
1298880994 -8.67608 41.1633
1298880995 -8.67608 41.1633
1298880996 -8.67608 41.1633
1298880997 -8.67608 41.1633
1298880998 -8.67608 41.1633
1298880999 -8.67608 41.1633
1298881000 -8.67607 41.1633
1298881001 -8.67607 41.1633
1298881002 -8.67607 41.1633
1298881003 -8.67607 41.1633
1298881004 -8.67607 41.1633
1298881005 -8.67607 41.1633
1298881006 -8.67607 41.1633
1298881007 -8.67607 41.1633
1298881008 -8.67607 41.1633
1298881009 -8.67607 41.1633
1298881010 -8.67607 41.1633
1298881011 -8.67607 41.1633
1298881012 -8.67607 41.1633
1298881013 -8.67607 41.1633
1298881014 -8.67607 41.1633
1298881015 -8.67607 41.1633
1298881016 -8.67607 41.1633
1298881017 -8.67607 41.1633
1298881018 -8.67607 41.1633
1298881019 -8.67608 41.1633
1298881020 -8.67608 41.1633
1298881021 -8.67608 41.1633
1298881022 -8.67608 41.1633
1298881023 -8.67608 41.1633
1298881024 -8.67608 41.1633
1298881025 -8.67609 41.1633
1298881026 -8.67609 41.1633
1298881027 -8.67609 41.1632
1298881028 -8.67609 41.1632
1298881029 -8.67609 41.1632
1298881030 -8.6761 41.1632
1298881031 -8.6761 41.1632
1298881032 -8.6761 41.1632
1298881033 -8.6761 41.1632
1298881034 -8.6761 41.1632
1298881035 -8.6761 41.1632
1298881036 -8.6761 41.1632
1298881037 -8.6761 41.1632
1298881038 -8.6761 41.1632
1298881039 -8.6761 41.1632
1298881040 -8.6761 41.1632
1298881041 -8.6761 41.1632
1298881042 -8.67611 41.1632
1298881043 -8.67611 41.1632
1298881044 -8.67611 41.1632
1298881045 -8.67611 41.1632
1298881046 -8.67611 41.1632
1298881047 -8.67611 41.1632
1298881048 -8.67611 41.1632
1298881049 -8.67611 41.1632
1298881050 -8.67611 41.1632
1298881051 -8.67611 41.1632
1298881052 -8.67611 41.1632
1298881053 -8.67611 41.1632
1298881054 -8.67611 41.1632
1298881055 -8.67611 41.1632
1298881056 -8.67611 41.1632
1298881057 -8.67611 41.1632
1298881058 -8.67611 41.1632
1298881059 -8.67611 41.1632
1298881060 -8.67611 41.1632
1298881061 -8.67611 41.1632
1298881062 -8.67611 41.1632
1298881063 -8.67611 41.1632
1298881064 -8.67611 41.1632
1298881065 -8.67611 41.1632
1298881066 -8.67611 41.1632
1298881067 -8.67611 41.1632
1298881068 -8.67611 41.1632
1298881069 -8.67611 41.1632
1298881070 -8.67611 41.1632
1298881071 -8.67611 41.1632
1298881072 -8.67611 41.1632
1298881073 -8.67611 41.1632
1298881074 -8.67611 41.1632
1298881075 -8.67611 41.1632
1298881076 -8.67611 41.1632
1298881077 -8.67611 41.1632
1298881078 -8.67611 41.1632
1298881079 -8.67611 41.1632
1298881080 -8.6761 41.1632
1298881081 -8.6761 41.1632
1298881082 -8.6761 41.1632
1298881083 -8.6761 41.1632
1298881084 -8.6761 41.1632
1298881085 -8.6761 41.1632
1298881086 -8.6761 41.1632
1298881087 -8.6761 41.1632
1298881088 -8.6761 41.1632
1298881089 -8.6761 41.1632
1298881090 -8.6761 41.1632
1298881091 -8.6761 41.1632
1298881092 -8.6761 41.1632
1298881093 -8.6761 41.1632
1298881094 -8.6761 41.1632
1298881095 -8.6761 41.1632
1298881096 -8.6761 41.1632
1298881097 -8.6761 41.1632
1298881098 -8.6761 41.1632
1298881099 -8.6761 41.1632
1298881100 -8.67609 41.1632
1298881101 -8.67609 41.1632
1298881102 -8.67609 41.1632
1298881103 -8.67609 41.1632
1298881104 -8.67609 41.1632
1298881105 -8.67609 41.1632
1298881106 -8.67609 41.1632
1298881107 -8.67609 41.1632
1298881108 -8.67609 41.1632
1298881109 -8.67609 41.1632
1298881110 -8.67609 41.1632
1298881111 -8.67609 41.1632
1298881112 -8.67609 41.1632
1298881113 -8.67609 41.1632
1298881114 -8.67609 41.1632
1298881115 -8.67609 41.1632
1298881116 -8.67609 41.1632
1298881117 -8.67609 41.1632
1298881118 -8.67609 41.1632
1298881119 -8.67609 41.1632
1298881120 -8.67609 41.1632
1298881121 -8.67609 41.1632
1298881122 -8.67609 41.1632
1298881123 -8.67609 41.1632
1298881124 -8.67609 41.1632
1298881125 -8.67609 41.1632
1298881126 -8.67609 41.1632
1298881127 -8.67609 41.1632
1298881128 -8.67609 41.1632
1298881129 -8.67609 41.1632
1298881130 -8.67609 41.1632
1298881131 -8.67609 41.1632
1298881132 -8.67609 41.1632
1298881133 -8.67609 41.1632
1298881134 -8.67609 41.1632
1298881135 -8.67609 41.1632
1298881136 -8.67609 41.1632
1298881137 -8.67609 41.1632
1298881138 -8.67609 41.1632
1298881139 -8.67609 41.1632
1298881140 -8.67609 41.1632
1298881141 -8.67609 41.1632
1298881142 -8.67609 41.1632
1298881143 -8.67609 41.1632
1298881144 -8.67609 41.1632
1298881145 -8.67609 41.1632
1298881146 -8.67609 41.1632
1298881147 -8.67609 41.1632
1298881148 -8.67609 41.1632
1298881149 -8.67609 41.1632
1298881150 -8.67609 41.1633
1298881151 -8.67609 41.1633
1298881152 -8.67609 41.1633
1298881153 -8.67609 41.1633
1298881154 -8.67609 41.1633
1298881155 -8.67609 41.1633
1298881156 -8.67609 41.1633
1298881157 -8.67609 41.1633
1298881158 -8.67609 41.1633
1298881159 -8.67609 41.1633
1298881160 -8.67609 41.1633
1298881161 -8.67609 41.1633
1298881162 -8.67609 41.1633
1298881163 -8.67609 41.1633
1298881164 -8.67609 41.1633
1298881165 -8.67609 41.1633
1298881166 -8.67609 41.1633
1298881167 -8.67609 41.1633
1298881168 -8.67609 41.1633
1298881169 -8.67609 41.1633
1298881170 -8.67609 41.1633
1298881171 -8.67609 41.1633
1298881172 -8.67609 41.1633
1298881173 -8.67609 41.1633
1298881174 -8.67609 41.1633
1298881175 -8.67609 41.1633
1298881176 -8.67609 41.1633
1298881177 -8.67608 41.1633
1298881178 -8.67608 41.1633
1298881179 -8.67608 41.1633
1298881180 -8.67608 41.1633
1298881181 -8.67608 41.1633
1298881182 -8.67608 41.1633
1298881183 -8.67608 41.1633
1298881184 -8.67608 41.1633
1298881185 -8.67608 41.1633
1298881186 -8.67608 41.1633
1298881187 -8.67608 41.1633
1298881188 -8.67608 41.1633
1298881189 -8.67608 41.1633
1298881190 -8.67608 41.1633
1298881191 -8.67608 41.1633
1298881192 -8.67608 41.1633
1298881193 -8.67608 41.1633
1298881194 -8.67608 41.1633
1298881195 -8.67608 41.1633
1298881196 -8.67608 41.1633
1298881197 -8.67608 41.1633
1298881198 -8.67608 41.1633
1298881199 -8.67608 41.1633
1298881200 -8.67608 41.1633
