:break:
1298880006 -8.61763 41.1461
1298880007 -8.61763 41.1461
1298880008 -8.61763 41.1461
1298880009 -8.61763 41.1461
1298880010 -8.61763 41.1461
1298880011 -8.61763 41.1461
1298880012 -8.61763 41.1461
1298880013 -8.61763 41.1461
1298880014 -8.61763 41.1461
1298880015 -8.61763 41.1461
1298880016 -8.61763 41.1461
1298880017 -8.61763 41.1461
1298880018 -8.61763 41.1461
1298880019 -8.61763 41.1461
1298880020 -8.61763 41.1461
1298880021 -8.61763 41.1461
1298880022 -8.61763 41.1461
1298880023 -8.61763 41.1461
1298880024 -8.61763 41.1461
1298880025 -8.61763 41.1461
1298880026 -8.61763 41.1461
1298880027 -8.61763 41.1461
1298880028 -8.61763 41.1461
1298880029 -8.61763 41.1461
1298880030 -8.61763 41.1461
1298880031 -8.61763 41.1461
1298880032 -8.61763 41.1461
1298880033 -8.61763 41.1461
1298880034 -8.61763 41.1461
1298880035 -8.61763 41.1461
1298880036 -8.61763 41.1461
1298880037 -8.61763 41.1461
1298880038 -8.61763 41.1461
1298880039 -8.61763 41.1461
1298880040 -8.61763 41.1461
1298880041 -8.61763 41.1461
1298880042 -8.61762 41.1461
1298880043 -8.61762 41.1461
1298880044 -8.61762 41.1461
1298880045 -8.61762 41.1461
1298880046 -8.61762 41.1461
1298880047 -8.61761 41.1461
1298880048 -8.61761 41.1461
1298880049 -8.61761 41.1461
1298880050 -8.61761 41.1461
1298880051 -8.61761 41.1461
1298880052 -8.61761 41.1461
1298880053 -8.61761 41.1461
1298880054 -8.61761 41.1461
1298880055 -8.61761 41.1461
1298880056 -8.61761 41.1461
1298880057 -8.61761 41.1461
1298880058 -8.61761 41.1461
1298880059 -8.61761 41.1461
1298880060 -8.61761 41.1461
1298880061 -8.61761 41.1461
1298880062 -8.61761 41.1461
1298880063 -8.61761 41.1461
1298880064 -8.61761 41.1461
1298880065 -8.61761 41.1461
1298880066 -8.61761 41.1461
1298880067 -8.61761 41.1461
1298880068 -8.61761 41.1461
1298880069 -8.61761 41.1461
1298880070 -8.61761 41.1461
1298880071 -8.61761 41.1461
1298880072 -8.61761 41.1461
1298880073 -8.61761 41.1461
1298880074 -8.61761 41.1461
1298880075 -8.61761 41.1461
1298880076 -8.61761 41.1461
1298880077 -8.61761 41.1461
1298880078 -8.61761 41.1461
1298880079 -8.61761 41.1461
1298880080 -8.61761 41.1461
1298880081 -8.61761 41.1461
1298880082 -8.61761 41.1461
1298880083 -8.61761 41.1461
1298880084 -8.61761 41.1461
1298880085 -8.61762 41.1461
1298880086 -8.61762 41.1461
1298880087 -8.61762 41.1461
1298880088 -8.61762 41.1461
1298880089 -8.61762 41.1461
1298880090 -8.61763 41.1461
1298880091 -8.61763 41.1461
1298880092 -8.61763 41.1461
1298880093 -8.61763 41.1461
1298880094 -8.61763 41.1461
1298880095 -8.61763 41.1461
1298880096 -8.61763 41.1461
1298880097 -8.61763 41.1461
1298880098 -8.61763 41.1461
1298880099 -8.61763 41.1461
1298880100 -8.61763 41.1461
1298880101 -8.61763 41.1461
1298880102 -8.61764 41.1461
1298880103 -8.61764 41.1461
1298880104 -8.61764 41.1461
1298880105 -8.61764 41.1461
1298880106 -8.61764 41.1461
1298880107 -8.61764 41.1461
1298880108 -8.61764 41.1461
1298880109 -8.61764 41.1461
1298880110 -8.61764 41.1461
1298880111 -8.61764 41.1461
1298880112 -8.61764 41.1461
1298880113 -8.61764 41.1461
1298880114 -8.61764 41.1461
1298880115 -8.61764 41.1461
1298880116 -8.61764 41.1461
1298880117 -8.61764 41.1461
1298880118 -8.61764 41.1461
1298880119 -8.61764 41.1461
1298880120 -8.61764 41.1461
1298880121 -8.61764 41.1461
1298880122 -8.61764 41.1461
1298880123 -8.61764 41.1461
1298880124 -8.61764 41.1461
1298880125 -8.61763 41.1461
1298880126 -8.61763 41.1461
1298880127 -8.61763 41.1461
1298880128 -8.61763 41.1461
1298880129 -8.61763 41.1461
1298880130 -8.61763 41.1461
1298880131 -8.61763 41.1461
1298880132 -8.61763 41.1461
1298880133 -8.61763 41.1461
1298880134 -8.61763 41.1461
1298880135 -8.61763 41.1461
1298880136 -8.61763 41.1461
1298880137 -8.61763 41.1461
1298880138 -8.61763 41.1461
1298880139 -8.61763 41.1461
1298880140 -8.61763 41.1461
1298880141 -8.61763 41.1461
1298880142 -8.61763 41.1461
1298880143 -8.61763 41.1461
1298880144 -8.61763 41.1461
1298880145 -8.61763 41.1461
1298880146 -8.61763 41.1461
1298880147 -8.61763 41.1461
1298880148 -8.61763 41.1461
1298880149 -8.61763 41.1461
1298880150 -8.61763 41.1461
1298880151 -8.61763 41.1461
1298880152 -8.61763 41.1461
1298880153 -8.61763 41.1461
1298880154 -8.61763 41.1461
1298880155 -8.61763 41.1461
1298880156 -8.61763 41.1461
1298880157 -8.61763 41.1461
1298880158 -8.61763 41.1461
1298880159 -8.61763 41.1461
1298880160 -8.61763 41.1461
1298880161 -8.61763 41.1461
1298880162 -8.61763 41.1461
1298880163 -8.61763 41.1461
1298880164 -8.61763 41.1461
1298880165 -8.61763 41.1461
1298880166 -8.61764 41.1461
1298880167 -8.61764 41.1461
1298880168 -8.61764 41.1461
1298880169 -8.61764 41.1461
1298880170 -8.61764 41.1461
1298880171 -8.61764 41.1461
1298880172 -8.61764 41.1461
1298880173 -8.61764 41.1461
1298880174 -8.61764 41.1461
1298880175 -8.61765 41.1461
1298880176 -8.61765 41.1461
1298880177 -8.61765 41.1461
1298880178 -8.61765 41.1461
1298880179 -8.61765 41.1461
1298880180 -8.61765 41.1461
1298880181 -8.61765 41.1461
1298880182 -8.61766 41.1461
1298880183 -8.61766 41.1461
1298880184 -8.61766 41.1461
1298880185 -8.61766 41.1461
1298880186 -8.61766 41.1461
1298880187 -8.61766 41.1461
1298880188 -8.61766 41.1461
1298880189 -8.61766 41.1461
1298880190 -8.61766 41.1461
1298880191 -8.61766 41.1461
1298880192 -8.61766 41.1461
1298880193 -8.61767 41.1461
1298880194 -8.61767 41.1461
1298880195 -8.61767 41.1461
1298880196 -8.61767 41.1461
1298880197 -8.61767 41.1461
1298880198 -8.61766 41.1461
1298880199 -8.61766 41.1461
1298880200 -8.61766 41.1461
1298880201 -8.61766 41.1461
1298880202 -8.61766 41.1461
1298880203 -8.61766 41.1461
1298880204 -8.61766 41.1461
1298880205 -8.61766 41.1461
1298880206 -8.61766 41.1461
1298880207 -8.61766 41.1461
1298880208 -8.61766 41.1461
1298880209 -8.61765 41.1461
1298880210 -8.61765 41.1461
1298880211 -8.61765 41.1461
1298880212 -8.61765 41.1461
1298880213 -8.61765 41.1461
1298880214 -8.61764 41.1461
1298880215 -8.61764 41.1461
1298880216 -8.61764 41.1461
1298880217 -8.61764 41.1461
1298880218 -8.61763 41.1461
1298880219 -8.61763 41.1461
1298880220 -8.61763 41.1461
1298880221 -8.61763 41.1461
1298880222 -8.61763 41.1461
1298880223 -8.61763 41.1461
1298880224 -8.61763 41.1461
1298880225 -8.61763 41.1461
1298880226 -8.61763 41.1461
1298880227 -8.61763 41.1461
1298880228 -8.61763 41.1461
1298880229 -8.61763 41.1461
1298880230 -8.61763 41.1461
1298880231 -8.61763 41.1461
1298880232 -8.61763 41.1461
1298880233 -8.61763 41.1461
1298880234 -8.61763 41.1461
1298880235 -8.61763 41.1461
1298880236 -8.61763 41.1461
1298880237 -8.61763 41.1461
1298880238 -8.61763 41.1461
1298880239 -8.61763 41.1461
1298880240 -8.61763 41.1461
1298880241 -8.61763 41.1461
1298880242 -8.61763 41.1461
1298880243 -8.61763 41.1461
1298880244 -8.61763 41.1461
1298880245 -8.61763 41.1461
1298880246 -8.61763 41.1461
1298880247 -8.61763 41.1461
1298880248 -8.61763 41.1461
1298880249 -8.61763 41.1461
1298880250 -8.61763 41.1461
1298880251 -8.61763 41.1461
1298880252 -8.61763 41.1461
1298880253 -8.61763 41.1461
1298880254 -8.61763 41.1461
1298880255 -8.61763 41.1461
1298880256 -8.61763 41.1461
1298880257 -8.61763 41.1461
1298880258 -8.61763 41.146
1298880259 -8.61763 41.146
1298880260 -8.61762 41.1459
1298880261 -8.6176 41.1459
1298880262 -8.61758 41.1458
1298880263 -8.61755 41.1457
1298880264 -8.61754 41.1456
1298880265 -8.61751 41.1455
1298880266 -8.61748 41.1454
1298880267 -8.61745 41.1453
1298880268 -8.61742 41.1452
1298880269 -8.61739 41.1451
1298880270 -8.61735 41.145
1298880271 -8.61729 41.1449
1298880272 -8.61721 41.1449
1298880273 -8.61711 41.1448
1298880274 -8.617 41.1448
1298880275 -8.61689 41.1449
1298880276 -8.61678 41.1449
1298880277 -8.61665 41.145
1298880278 -8.61655 41.145
1298880279 -8.61643 41.1451
1298880280 -8.61631 41.1451
1298880281 -8.61619 41.1452
1298880282 -8.61609 41.1452
1298880283 -8.61596 41.1453
1298880284 -8.61584 41.1454
1298880285 -8.6157 41.1454
1298880286 -8.61557 41.1455
1298880287 -8.61544 41.1455
1298880288 -8.61531 41.1456
1298880289 -8.6152 41.1456
1298880290 -8.61508 41.1457
1298880291 -8.61495 41.1457
1298880292 -8.61484 41.1458
1298880293 -8.61472 41.1458
1298880294 -8.6146 41.1458
1298880295 -8.61449 41.1459
1298880296 -8.61437 41.1459
1298880297 -8.61426 41.1459
1298880298 -8.61415 41.146
1298880299 -8.61407 41.146
1298880300 -8.614 41.146
1298880301 -8.61394 41.146
1298880302 -8.61387 41.146
1298880303 -8.61381 41.1459
1298880304 -8.61374 41.1459
1298880305 -8.61367 41.1459
1298880306 -8.61361 41.1458
1298880307 -8.61355 41.1458
1298880308 -8.61344 41.1458
1298880309 -8.61333 41.1458
1298880310 -8.61322 41.1458
1298880311 -8.6131 41.1459
1298880312 -8.61298 41.1459
1298880313 -8.61287 41.1459
1298880314 -8.61278 41.1459
1298880315 -8.6127 41.146
1298880316 -8.61265 41.146
1298880317 -8.6126 41.146
1298880318 -8.61253 41.146
1298880319 -8.61247 41.1459
1298880320 -8.6124 41.146
1298880321 -8.61232 41.146
1298880322 -8.61225 41.146
1298880323 -8.61219 41.146
1298880324 -8.61213 41.146
1298880325 -8.61208 41.146
1298880326 -8.61205 41.146
1298880327 -8.61201 41.1461
1298880328 -8.612 41.1461
1298880329 -8.61198 41.1461
1298880330 -8.61197 41.1461
1298880331 -8.61196 41.1461
1298880332 -8.61196 41.1461
1298880333 -8.61196 41.1461
1298880334 -8.61195 41.1461
1298880335 -8.61195 41.1461
1298880336 -8.61194 41.1461
1298880337 -8.61194 41.1461
1298880338 -8.61194 41.1461
1298880339 -8.61193 41.1461
1298880340 -8.61193 41.1461
1298880341 -8.61192 41.1461
1298880342 -8.61192 41.1461
1298880343 -8.61191 41.1461
1298880344 -8.61191 41.1461
1298880345 -8.6119 41.1461
1298880346 -8.6119 41.1461
1298880347 -8.61189 41.1461
1298880348 -8.61189 41.1461
1298880349 -8.61189 41.1461
1298880350 -8.61189 41.1461
1298880351 -8.61188 41.1461
1298880352 -8.61188 41.1461
1298880353 -8.61187 41.1462
1298880354 -8.61188 41.1462
1298880355 -8.61188 41.1462
1298880356 -8.61187 41.1462
1298880357 -8.61187 41.1462
1298880358 -8.61187 41.1462
1298880359 -8.61187 41.1461
1298880360 -8.61184 41.1462
1298880361 -8.6118 41.1462
1298880362 -8.61176 41.1462
1298880363 -8.6117 41.1462
1298880364 -8.61164 41.1462
1298880365 -8.61157 41.1462
1298880366 -8.61149 41.1462
1298880367 -8.61142 41.1461
1298880368 -8.61135 41.1462
1298880369 -8.61128 41.1462
1298880370 -8.61125 41.1463
1298880371 -8.61124 41.1464
1298880372 -8.61123 41.1465
1298880373 -8.61122 41.1466
1298880374 -8.6112 41.1467
1298880375 -8.61118 41.1468
1298880376 -8.61116 41.1469
1298880377 -8.61114 41.147
1298880378 -8.61111 41.1471
1298880379 -8.61109 41.1473
1298880380 -8.61106 41.1474
1298880381 -8.61103 41.1475
1298880382 -8.61101 41.1476
1298880383 -8.61099 41.1477
1298880384 -8.61097 41.1478
1298880385 -8.61097 41.1479
1298880386 -8.61095 41.148
1298880387 -8.61093 41.1481
1298880388 -8.61089 41.1482
1298880389 -8.61087 41.1483
1298880390 -8.61083 41.1484
1298880391 -8.61079 41.1485
1298880392 -8.61075 41.1486
1298880393 -8.6107 41.1488
1298880394 -8.61064 41.1489
1298880395 -8.61057 41.149
1298880396 -8.61049 41.1492
1298880397 -8.6104 41.1493
1298880398 -8.61033 41.1494
1298880399 -8.61026 41.1496
1298880400 -8.61022 41.1497
1298880401 -8.61018 41.1498
1298880402 -8.61016 41.15
1298880403 -8.61017 41.1501
1298880404 -8.61016 41.1502
1298880405 -8.61018 41.1504
1298880406 -8.61021 41.1505
1298880407 -8.61021 41.1506
1298880408 -8.61015 41.1507
1298880409 -8.61006 41.1508
1298880410 -8.60996 41.1509
1298880411 -8.60987 41.151
1298880412 -8.60977 41.1511
1298880413 -8.60969 41.1512
1298880414 -8.60961 41.1513
1298880415 -8.60954 41.1514
1298880416 -8.6095 41.1515
1298880417 -8.6095 41.1516
1298880418 -8.60954 41.1516
1298880419 -8.6096 41.1517
1298880420 -8.60969 41.1518
1298880421 -8.60978 41.1519
1298880422 -8.60986 41.1519
1298880423 -8.60993 41.152
1298880424 -8.60998 41.1521
1298880425 -8.60999 41.1523
1298880426 -8.61 41.1524
1298880427 -8.61 41.1525
1298880428 -8.61 41.1526
1298880429 -8.61 41.1528
1298880430 -8.60999 41.1529
1298880431 -8.61 41.153
1298880432 -8.61001 41.1531
1298880433 -8.61001 41.1532
1298880434 -8.61 41.1534
1298880435 -8.60999 41.1535
1298880436 -8.61001 41.1536
1298880437 -8.61002 41.1537
1298880438 -8.61002 41.1538
1298880439 -8.61001 41.1539
1298880440 -8.61001 41.154
1298880441 -8.60993 41.1542
1298880442 -8.60987 41.1543
1298880443 -8.60971 41.1544
1298880444 -8.60958 41.1545
1298880445 -8.6095 41.1546
1298880446 -8.60944 41.1547
1298880447 -8.60938 41.1549
1298880448 -8.60936 41.155
1298880449 -8.60934 41.1551
1298880450 -8.60934 41.1553
1298880451 -8.60934 41.1554
1298880452 -8.60935 41.1555
1298880453 -8.60936 41.1557
1298880454 -8.60936 41.1558
1298880455 -8.60936 41.1559
1298880456 -8.60934 41.1561
1298880457 -8.60933 41.1562
1298880458 -8.60933 41.1563
1298880459 -8.60933 41.1564
1298880460 -8.60933 41.1565
1298880461 -8.60933 41.1566
1298880462 -8.60932 41.1567
1298880463 -8.60933 41.1567
1298880464 -8.60931 41.1568
1298880465 -8.60931 41.1568
1298880466 -8.60931 41.1568
1298880467 -8.60931 41.1568
1298880468 -8.60931 41.1568
1298880469 -8.60931 41.1568
1298880470 -8.60931 41.1568
1298880471 -8.6093 41.1568
1298880472 -8.6093 41.1568
1298880473 -8.6093 41.1568
1298880474 -8.60929 41.1568
1298880475 -8.60929 41.1568
1298880476 -8.60929 41.1569
1298880477 -8.6093 41.1569
1298880478 -8.6093 41.1569
1298880479 -8.60932 41.157
1298880480 -8.60933 41.157
1298880481 -8.60933 41.157
1298880482 -8.60933 41.1571
1298880483 -8.60933 41.1571
1298880484 -8.60934 41.1571
1298880485 -8.6093 41.1572
1298880486 -8.60927 41.1572
1298880487 -8.60926 41.1573
1298880488 -8.60923 41.1574
1298880489 -8.60921 41.1574
1298880490 -8.60919 41.1575
1298880491 -8.60918 41.1575
1298880492 -8.60916 41.1576
1298880493 -8.60912 41.1576
1298880494 -8.60909 41.1577
1298880495 -8.60906 41.1578
1298880496 -8.60902 41.1579
1298880497 -8.60899 41.1579
1298880498 -8.60895 41.158
1298880499 -8.60892 41.1581
1298880500 -8.60891 41.1582
1298880501 -8.60889 41.1583
1298880502 -8.60884 41.1584
1298880503 -8.6088 41.1585
1298880504 -8.60872 41.1586
1298880505 -8.60866 41.1587
1298880506 -8.60859 41.1588
1298880507 -8.60855 41.1589
1298880508 -8.60849 41.159
1298880509 -8.60845 41.1591
1298880510 -8.6084 41.1592
1298880511 -8.60837 41.1593
1298880512 -8.6083 41.1594
1298880513 -8.60824 41.1595
1298880514 -8.60819 41.1597
1298880515 -8.60813 41.1598
1298880516 -8.60809 41.1599
1298880517 -8.60802 41.16
1298880518 -8.60796 41.1601
1298880519 -8.6079 41.1602
1298880520 -8.60783 41.1603
1298880521 -8.60777 41.1605
1298880522 -8.60771 41.1606
1298880523 -8.60764 41.1608
1298880524 -8.60756 41.1609
1298880525 -8.60746 41.161
1298880526 -8.60735 41.1611
1298880527 -8.60723 41.1612
:break:
1298880535 -8.60678 41.1622
1298880536 -8.60689 41.1628
1298880537 -8.6067 41.163
1298880538 -8.60666 41.1631
1298880539 -8.60667 41.1632
1298880540 -8.60664 41.1633
1298880541 -8.60661 41.1634
1298880542 -8.60656 41.1635
1298880543 -8.60653 41.1636
1298880544 -8.60648 41.1637
1298880545 -8.60641 41.1639
1298880546 -8.60637 41.164
1298880547 -8.60636 41.1641
1298880548 -8.60635 41.1642
1298880549 -8.60633 41.1644
1298880550 -8.60632 41.1645
1298880551 -8.60634 41.1646
1298880552 -8.60634 41.1647
1298880553 -8.60636 41.1648
1298880554 -8.60635 41.1649
1298880555 -8.60636 41.165
1298880556 -8.60637 41.1651
1298880557 -8.60638 41.1651
1298880558 -8.60637 41.1652
1298880559 -8.60637 41.1653
1298880560 -8.60636 41.1654
1298880561 -8.60636 41.1656
1298880562 -8.60636 41.1657
1298880563 -8.60637 41.1658
1298880564 -8.60638 41.1659
1298880565 -8.60639 41.1661
1298880566 -8.60641 41.1662
1298880567 -8.60642 41.1663
1298880568 -8.60644 41.1664
1298880569 -8.60645 41.1666
1298880570 -8.60645 41.1667
1298880571 -8.60646 41.1668
1298880572 -8.60646 41.167
1298880573 -8.60646 41.1671
1298880574 -8.60646 41.1672
1298880575 -8.60646 41.1674
1298880576 -8.60645 41.1675
1298880577 -8.60645 41.1677
1298880578 -8.60645 41.1678
1298880579 -8.60645 41.1679
1298880580 -8.60644 41.1681
1298880581 -8.60644 41.1682
1298880582 -8.60644 41.1683
1298880583 -8.60643 41.1684
1298880584 -8.60643 41.1686
1298880585 -8.60643 41.1687
1298880586 -8.60642 41.1688
1298880587 -8.60641 41.1689
1298880588 -8.60638 41.169
1298880589 -8.60634 41.1691
1298880590 -8.60629 41.1692
1298880591 -8.60622 41.1693
1298880592 -8.60615 41.1694
1298880593 -8.60607 41.1695
1298880594 -8.60599 41.1696
1298880595 -8.60591 41.1697
1298880596 -8.60583 41.1698
1298880597 -8.60575 41.1699
1298880598 -8.60565 41.17
1298880599 -8.60554 41.1701
1298880600 -8.60541 41.1702
1298880601 -8.60527 41.1703
1298880602 -8.60513 41.1704
1298880603 -8.605 41.1705
1298880604 -8.60487 41.1706
1298880605 -8.60475 41.1707
1298880606 -8.60463 41.1709
1298880607 -8.60452 41.171
1298880608 -8.60441 41.1711
1298880609 -8.60429 41.1712
1298880610 -8.60415 41.1713
1298880611 -8.604 41.1713
1298880612 -8.60383 41.1714
1298880613 -8.60364 41.1714
1298880614 -8.60343 41.1714
1298880615 -8.60323 41.1714
1298880616 -8.60304 41.1714
1298880617 -8.60282 41.1713
1298880618 -8.60261 41.1713
1298880619 -8.6024 41.1713
1298880620 -8.60217 41.1713
1298880621 -8.60196 41.1713
1298880622 -8.60175 41.1712
1298880623 -8.60153 41.1712
1298880624 -8.60131 41.1712
1298880625 -8.60108 41.1712
1298880626 -8.60085 41.1711
1298880627 -8.60061 41.1711
1298880628 -8.60036 41.1711
1298880629 -8.60012 41.1711
1298880630 -8.59986 41.1711
1298880631 -8.59961 41.1712
1298880632 -8.59935 41.1712
1298880633 -8.59909 41.1712
1298880634 -8.59883 41.1713
1298880635 -8.59858 41.1713
1298880636 -8.59834 41.1714
1298880637 -8.5981 41.1714
1298880638 -8.59786 41.1715
1298880639 -8.59764 41.1715
1298880640 -8.59741 41.1716
1298880641 -8.59721 41.1716
1298880642 -8.597 41.1716
1298880643 -8.5968 41.1717
1298880644 -8.59661 41.1717
1298880645 -8.59641 41.1718
1298880646 -8.59622 41.1718
1298880647 -8.59601 41.1718
1298880648 -8.59581 41.1718
1298880649 -8.59561 41.1718
1298880650 -8.59543 41.1718
1298880651 -8.59529 41.1718
1298880652 -8.59516 41.1718
1298880653 -8.59505 41.1718
1298880654 -8.59494 41.1717
1298880655 -8.59483 41.1717
1298880656 -8.59473 41.1717
1298880657 -8.59461 41.1716
1298880658 -8.5945 41.1716
1298880659 -8.59438 41.1715
1298880660 -8.59425 41.1714
1298880661 -8.59413 41.1714
1298880662 -8.594 41.1713
1298880663 -8.59388 41.1712
1298880664 -8.59376 41.1711
1298880665 -8.59362 41.171
1298880666 -8.59349 41.1709
1298880667 -8.59333 41.1708
1298880668 -8.5932 41.1707
1298880669 -8.59307 41.1706
1298880670 -8.59293 41.1705
1298880671 -8.5928 41.1705
1298880672 -8.59265 41.1704
1298880673 -8.59251 41.1703
1298880674 -8.59235 41.1702
1298880675 -8.59221 41.1701
1298880676 -8.59207 41.17
1298880677 -8.59196 41.1699
1298880678 -8.59185 41.1698
1298880679 -8.59174 41.1698
1298880680 -8.59164 41.1697
1298880681 -8.59154 41.1696
1298880682 -8.59144 41.1696
1298880683 -8.59133 41.1695
1298880684 -8.59122 41.1694
1298880685 -8.59111 41.1693
1298880686 -8.591 41.1693
1298880687 -8.5909 41.1692
1298880688 -8.59082 41.1692
1298880689 -8.59073 41.1691
1298880690 -8.59064 41.1691
1298880691 -8.59055 41.169
1298880692 -8.59046 41.169
1298880693 -8.59036 41.1689
1298880694 -8.59022 41.1688
1298880695 -8.59009 41.1687
1298880696 -8.58994 41.1686
1298880697 -8.58978 41.1685
1298880698 -8.58964 41.1684
1298880699 -8.58948 41.1683
1298880700 -8.58932 41.1682
1298880701 -8.58914 41.1681
1298880702 -8.58897 41.168
1298880703 -8.58879 41.1679
1298880704 -8.5886 41.1678
1298880705 -8.58842 41.1677
1298880706 -8.58825 41.1676
1298880707 -8.58808 41.1675
1298880708 -8.58792 41.1674
1298880709 -8.58776 41.1673
1298880710 -8.58764 41.1672
1298880711 -8.58752 41.1672
1298880712 -8.58742 41.1671
1298880713 -8.58735 41.167
1298880714 -8.58732 41.1669
1298880715 -8.58735 41.1668
1298880716 -8.58742 41.1667
1298880717 -8.58754 41.1666
1298880718 -8.58767 41.1666
1298880719 -8.5878 41.1666
1298880720 -8.58792 41.1667
1298880721 -8.588 41.1668
1298880722 -8.58806 41.1669
1298880723 -8.58807 41.167
1298880724 -8.58806 41.1671
1298880725 -8.58803 41.1672
1298880726 -8.58799 41.1673
1298880727 -8.58794 41.1674
1298880728 -8.58789 41.1675
1298880729 -8.58784 41.1677
1298880730 -8.58777 41.1678
1298880731 -8.58772 41.1679
1298880732 -8.58766 41.168
1298880733 -8.58762 41.1682
1298880734 -8.58758 41.1683
1298880735 -8.58752 41.1684
1298880736 -8.58748 41.1685
1298880737 -8.58744 41.1686
1298880738 -8.5874 41.1686
1298880739 -8.58738 41.1687
1298880740 -8.58735 41.1687
1298880741 -8.58734 41.1688
1298880742 -8.58732 41.1688
1298880743 -8.58731 41.1688
1298880744 -8.58731 41.1688
1298880745 -8.58731 41.1688
1298880746 -8.58731 41.1688
1298880747 -8.58731 41.1689
1298880748 -8.5873 41.1689
1298880749 -8.58728 41.1689
1298880750 -8.58725 41.169
1298880751 -8.58722 41.1691
1298880752 -8.58717 41.1691
1298880753 -8.58713 41.1692
1298880754 -8.58707 41.1693
1298880755 -8.58701 41.1694
1298880756 -8.58695 41.1695
1298880757 -8.5869 41.1697
1298880758 -8.58685 41.1698
1298880759 -8.5868 41.1699
1298880760 -8.58675 41.17
1298880761 -8.58669 41.1701
1298880762 -8.58664 41.1702
1298880763 -8.58658 41.1703
1298880764 -8.58652 41.1704
1298880765 -8.58647 41.1706
1298880766 -8.5864 41.1707
1298880767 -8.58632 41.1709
1298880768 -8.58624 41.171
1298880769 -8.58617 41.1712
1298880770 -8.58609 41.1713
1298880771 -8.58601 41.1715
1298880772 -8.58592 41.1717
1298880773 -8.58584 41.1718
1298880774 -8.58575 41.172
1298880775 -8.58567 41.1722
1298880776 -8.58558 41.1723
1298880777 -8.5855 41.1725
1298880778 -8.58541 41.1727
1298880779 -8.58533 41.1728
1298880780 -8.58524 41.173
1298880781 -8.58517 41.1731
1298880782 -8.58509 41.1733
1298880783 -8.58502 41.1734
1298880784 -8.58495 41.1736
1298880785 -8.58488 41.1737
1298880786 -8.58482 41.1738
1298880787 -8.58477 41.1739
1298880788 -8.58472 41.174
1298880789 -8.58469 41.1741
1298880790 -8.58467 41.1742
1298880791 -8.58465 41.1742
1298880792 -8.58463 41.1742
1298880793 -8.58462 41.1742
1298880794 -8.58462 41.1742
1298880795 -8.58462 41.1742
1298880796 -8.58462 41.1742
1298880797 -8.58463 41.1742
1298880798 -8.58463 41.1742
1298880799 -8.58463 41.1742
1298880800 -8.58463 41.1742
1298880801 -8.58464 41.1742
1298880802 -8.58464 41.1742
1298880803 -8.58464 41.1742
1298880804 -8.58464 41.1742
1298880805 -8.58464 41.1742
1298880806 -8.58465 41.1742
1298880807 -8.58465 41.1742
1298880808 -8.58465 41.1742
1298880809 -8.58465 41.1742
1298880810 -8.58465 41.1742
1298880811 -8.58465 41.1742
1298880812 -8.58466 41.1742
1298880813 -8.58466 41.1742
1298880814 -8.58465 41.1742
1298880815 -8.58464 41.1742
1298880816 -8.58461 41.1743
1298880817 -8.58459 41.1743
1298880818 -8.58456 41.1744
1298880819 -8.58451 41.1745
1298880820 -8.58448 41.1745
1298880821 -8.58443 41.1746
1298880822 -8.58438 41.1747
1298880823 -8.58433 41.1748
1298880824 -8.58426 41.1749
1298880825 -8.5842 41.1751
1298880826 -8.58414 41.1752
1298880827 -8.58407 41.1753
1298880828 -8.584 41.1755
1298880829 -8.58393 41.1756
1298880830 -8.58385 41.1758
1298880831 -8.58378 41.1759
1298880832 -8.58369 41.1761
1298880833 -8.58361 41.1763
1298880834 -8.58352 41.1764
1298880835 -8.58343 41.1766
1298880836 -8.58334 41.1768
1298880837 -8.58325 41.177
1298880838 -8.58317 41.1771
1298880839 -8.58308 41.1773
1298880840 -8.583 41.1775
1298880841 -8.58291 41.1776
1298880842 -8.58283 41.1778
1298880843 -8.58277 41.178
1298880844 -8.5827 41.1782
1298880845 -8.58263 41.1783
1298880846 -8.58258 41.1785
1298880847 -8.58252 41.1786
1298880848 -8.58246 41.1788
1298880849 -8.5824 41.179
1298880850 -8.58233 41.1791
1298880851 -8.58226 41.1793
1298880852 -8.5822 41.1794
1298880853 -8.58215 41.1795
1298880854 -8.5821 41.1797
1298880855 -8.58206 41.1798
1298880856 -8.58202 41.1799
1298880857 -8.58199 41.18
1298880858 -8.58196 41.1801
1298880859 -8.58192 41.1802
1298880860 -8.58188 41.1803
1298880861 -8.58183 41.1804
1298880862 -8.58179 41.1804
1298880863 -8.58178 41.1805
1298880864 -8.58182 41.1806
1298880865 -8.58188 41.1806
1298880866 -8.58194 41.1807
1298880867 -8.58201 41.1807
1298880868 -8.58209 41.1807
1298880869 -8.58213 41.1807
1298880870 -8.58216 41.1807
1298880871 -8.58218 41.1807
1298880872 -8.58219 41.1807
1298880873 -8.5822 41.1807
1298880874 -8.5822 41.1807
1298880875 -8.5822 41.1807
1298880876 -8.5822 41.1807
1298880877 -8.5822 41.1807
1298880878 -8.5822 41.1807
1298880879 -8.58221 41.1807
1298880880 -8.58221 41.1807
1298880881 -8.58221 41.1807
1298880882 -8.58221 41.1807
1298880883 -8.58222 41.1807
1298880884 -8.58222 41.1807
1298880885 -8.58222 41.1807
1298880886 -8.58222 41.1807
1298880887 -8.58224 41.1808
1298880888 -8.58226 41.1808
1298880889 -8.58227 41.1808
1298880890 -8.58229 41.1808
1298880891 -8.58233 41.1808
1298880892 -8.58236 41.1808
1298880893 -8.58241 41.1808
1298880894 -8.58244 41.1809
1298880895 -8.58246 41.1809
1298880896 -8.58249 41.1809
1298880897 -8.58254 41.1809
1298880898 -8.58261 41.181
1298880899 -8.58269 41.181
1298880900 -8.58276 41.181
1298880901 -8.58285 41.1811
1298880902 -8.58294 41.1811
1298880903 -8.58301 41.1811
1298880904 -8.58308 41.1811
1298880905 -8.58314 41.1812
1298880906 -8.5832 41.1812
1298880907 -8.58324 41.1812
1298880908 -8.58325 41.1813
1298880909 -8.58324 41.1813
1298880910 -8.58324 41.1814
1298880911 -8.58323 41.1814
1298880912 -8.58321 41.1815
1298880913 -8.5832 41.1815
1298880914 -8.58319 41.1815
1298880915 -8.58319 41.1816
1298880916 -8.58317 41.1816
1298880917 -8.58315 41.1817
1298880918 -8.58313 41.1817
1298880919 -8.58311 41.1817
1298880920 -8.58311 41.1818
1298880921 -8.58309 41.1819
1298880922 -8.58307 41.1819
1298880923 -8.58307 41.182
1298880924 -8.58306 41.182
1298880925 -8.58303 41.1821
1298880926 -8.58301 41.1821
1298880927 -8.58298 41.1822
1298880928 -8.58297 41.1823
1298880929 -8.58295 41.1823
1298880930 -8.58293 41.1824
1298880931 -8.58289 41.1824
1298880932 -8.58288 41.1824
1298880933 -8.58286 41.1824
1298880934 -8.58285 41.1825
1298880935 -8.58284 41.1825
1298880936 -8.58283 41.1825
1298880937 -8.58282 41.1825
1298880938 -8.58281 41.1825
1298880939 -8.5828 41.1826
1298880940 -8.58279 41.1826
1298880941 -8.58277 41.1826
1298880942 -8.58273 41.1827
1298880943 -8.5827 41.1827
1298880944 -8.58268 41.1828
1298880945 -8.58265 41.1829
1298880946 -8.58263 41.1829
1298880947 -8.58261 41.183
1298880948 -8.58258 41.183
1298880949 -8.58255 41.1831
1298880950 -8.58253 41.1832
1298880951 -8.58249 41.1832
1298880952 -8.58244 41.1833
1298880953 -8.58245 41.1833
1298880954 -8.58246 41.1834
1298880955 -8.58246 41.1835
1298880956 -8.58245 41.1835
1298880957 -8.58245 41.1836
1298880958 -8.58243 41.1836
1298880959 -8.5824 41.1837
1298880960 -8.58237 41.1838
1298880961 -8.58234 41.1839
1298880962 -8.58229 41.184
1298880963 -8.58225 41.1841
1298880964 -8.58222 41.1842
1298880965 -8.58217 41.1842
1298880966 -8.5821 41.1843
1298880967 -8.58205 41.1844
1298880968 -8.58203 41.1845
1298880969 -8.58203 41.1845
1298880970 -8.58199 41.1846
1298880971 -8.58196 41.1847
1298880972 -8.58194 41.1847
1298880973 -8.58191 41.1848
1298880974 -8.58188 41.1849
1298880975 -8.58184 41.185
1298880976 -8.58182 41.185
1298880977 -8.58175 41.1851
1298880978 -8.58174 41.1851
1298880979 -8.58173 41.1852
1298880980 -8.58172 41.1852
1298880981 -8.58172 41.1852
1298880982 -8.58172 41.1853
1298880983 -8.58173 41.1853
1298880984 -8.58172 41.1853
1298880985 -8.58169 41.1853
1298880986 -8.58166 41.1854
1298880987 -8.58164 41.1854
1298880988 -8.58159 41.1855
1298880989 -8.58155 41.1855
1298880990 -8.58149 41.1856
1298880991 -8.58145 41.1857
1298880992 -8.5814 41.1857
1298880993 -8.58135 41.1858
1298880994 -8.58132 41.1858
1298880995 -8.58129 41.1859
1298880996 -8.58126 41.1859
1298880997 -8.58121 41.1859
1298880998 -8.58118 41.186
1298880999 -8.58115 41.186
1298881000 -8.5811 41.1861
1298881001 -8.58106 41.1862
1298881002 -8.58101 41.1862
1298881003 -8.58097 41.1863
1298881004 -8.58092 41.1863
1298881005 -8.58088 41.1864
1298881006 -8.58083 41.1865
1298881007 -8.5808 41.1866
1298881008 -8.58077 41.1866
1298881009 -8.58074 41.1867
1298881010 -8.58073 41.1868
1298881011 -8.58071 41.1868
1298881012 -8.58068 41.1869
1298881013 -8.58067 41.1869
1298881014 -8.58066 41.187
1298881015 -8.58065 41.187
1298881016 -8.58063 41.1871
1298881017 -8.58061 41.1872
1298881018 -8.58059 41.1873
1298881019 -8.58057 41.1873
1298881020 -8.58056 41.1874
1298881021 -8.58055 41.1875
1298881022 -8.58055 41.1876
1298881023 -8.58054 41.1877
1298881024 -8.58054 41.1878
1298881025 -8.58054 41.1879
1298881026 -8.58055 41.188
1298881027 -8.58056 41.1881
1298881028 -8.58057 41.1881
1298881029 -8.58059 41.1882
1298881030 -8.58062 41.1883
1298881031 -8.58065 41.1884
1298881032 -8.58066 41.1884
1298881033 -8.58068 41.1885
1298881034 -8.58069 41.1886
1298881035 -8.58071 41.1886
1298881036 -8.58072 41.1887
1298881037 -8.58072 41.1888
1298881038 -8.58071 41.1889
1298881039 -8.58071 41.189
1298881040 -8.5807 41.1891
1298881041 -8.58069 41.1892
1298881042 -8.58068 41.1893
1298881043 -8.58066 41.1894
1298881044 -8.58064 41.1895
1298881045 -8.58062 41.1896
1298881046 -8.58061 41.1897
1298881047 -8.58059 41.1898
1298881048 -8.58057 41.1899
1298881049 -8.58056 41.1899
1298881050 -8.58054 41.19
1298881051 -8.58051 41.1901
1298881052 -8.58048 41.1902
1298881053 -8.58047 41.1903
1298881054 -8.58045 41.1904
1298881055 -8.58042 41.1905
1298881056 -8.58041 41.1905
1298881057 -8.58039 41.1906
1298881058 -8.58037 41.1907
1298881059 -8.58035 41.1907
1298881060 -8.58033 41.1908
1298881061 -8.58032 41.1909
1298881062 -8.58031 41.191
1298881063 -8.5803 41.1911
1298881064 -8.58029 41.1912
1298881065 -8.58028 41.1912
1298881066 -8.5803 41.1913
1298881067 -8.58023 41.1914
1298881068 -8.58011 41.1915
1298881069 -8.58006 41.1916
1298881070 -8.58001 41.1917
1298881071 -8.57996 41.1918
1298881072 -8.57992 41.1919
1298881073 -8.57987 41.192
1298881074 -8.57983 41.1921
1298881075 -8.57979 41.1922
1298881076 -8.57975 41.1923
1298881077 -8.57971 41.1924
1298881078 -8.57966 41.1925
1298881079 -8.57961 41.1926
1298881080 -8.57957 41.1927
1298881081 -8.57952 41.1928
1298881082 -8.57947 41.1929
1298881083 -8.57941 41.193
1298881084 -8.57935 41.1931
1298881085 -8.57928 41.1932
1298881086 -8.5792 41.1932
1298881087 -8.57912 41.1933
1298881088 -8.57903 41.1934
1298881089 -8.57893 41.1935
1298881090 -8.57884 41.1935
1298881091 -8.57876 41.1936
1298881092 -8.57867 41.1937
1298881093 -8.57859 41.1937
1298881094 -8.57851 41.1938
1298881095 -8.57844 41.1939
1298881096 -8.57836 41.1939
1298881097 -8.57828 41.194
1298881098 -8.57821 41.1941
1298881099 -8.57812 41.1942
1298881100 -8.57803 41.1943
1298881101 -8.57796 41.1943
1298881102 -8.57788 41.1944
1298881103 -8.57782 41.1945
1298881104 -8.57776 41.1945
1298881105 -8.57774 41.1946
1298881106 -8.57772 41.1946
1298881107 -8.57772 41.1946
1298881108 -8.57771 41.1946
1298881109 -8.5777 41.1946
1298881110 -8.57768 41.1946
1298881111 -8.57765 41.1947
1298881112 -8.57761 41.1947
1298881113 -8.57757 41.1947
1298881114 -8.57753 41.1948
1298881115 -8.57749 41.1949
1298881116 -8.57745 41.1949
1298881117 -8.57743 41.1949
1298881118 -8.57741 41.195
1298881119 -8.57738 41.195
1298881120 -8.57736 41.1951
1298881121 -8.57734 41.1951
1298881122 -8.57732 41.1951
1298881123 -8.57729 41.1952
1298881124 -8.57727 41.1952
1298881125 -8.57724 41.1953
1298881126 -8.5772 41.1953
1298881127 -8.57716 41.1954
1298881128 -8.57713 41.1954
1298881129 -8.57709 41.1954
1298881130 -8.57707 41.1955
1298881131 -8.57704 41.1955
1298881132 -8.577 41.1956
1298881133 -8.57696 41.1956
1298881134 -8.57693 41.1956
1298881135 -8.57689 41.1957
1298881136 -8.57686 41.1957
1298881137 -8.57684 41.1958
1298881138 -8.57681 41.1958
1298881139 -8.5768 41.1958
1298881140 -8.57679 41.1958
1298881141 -8.57678 41.1959
1298881142 -8.57677 41.1959
1298881143 -8.57677 41.1959
1298881144 -8.57676 41.1959
1298881145 -8.57676 41.1959
1298881146 -8.57675 41.1959
1298881147 -8.57674 41.1959
1298881148 -8.57674 41.1959
1298881149 -8.57672 41.196
1298881150 -8.57671 41.196
1298881151 -8.57671 41.196
1298881152 -8.5767 41.196
1298881153 -8.5767 41.196
1298881154 -8.5767 41.196
1298881155 -8.5767 41.196
1298881156 -8.5767 41.196
1298881157 -8.5767 41.196
1298881158 -8.5767 41.196
1298881159 -8.5767 41.196
1298881160 -8.57669 41.196
1298881161 -8.57664 41.196
1298881162 -8.5766 41.1961
1298881163 -8.57658 41.1961
1298881164 -8.57656 41.1961
1298881165 -8.57654 41.1962
1298881166 -8.57652 41.1962
1298881167 -8.57651 41.1962
1298881168 -8.57649 41.1962
1298881169 -8.57648 41.1963
1298881170 -8.57646 41.1963
1298881171 -8.57644 41.1963
1298881172 -8.57642 41.1964
1298881173 -8.57642 41.1964
1298881174 -8.57639 41.1964
1298881175 -8.57638 41.1964
1298881176 -8.57636 41.1965
1298881177 -8.57634 41.1965
1298881178 -8.57633 41.1965
1298881179 -8.57632 41.1965
1298881180 -8.57631 41.1966
1298881181 -8.5763 41.1966
1298881182 -8.57629 41.1966
1298881183 -8.57628 41.1966
1298881184 -8.57627 41.1966
1298881185 -8.57627 41.1967
1298881186 -8.57626 41.1967
1298881187 -8.57626 41.1967
1298881188 -8.57625 41.1967
1298881189 -8.57624 41.1967
1298881190 -8.57623 41.1968
1298881191 -8.57621 41.1968
1298881192 -8.5762 41.1968
1298881193 -8.57618 41.1969
1298881194 -8.57617 41.1969
1298881195 -8.57615 41.1969
1298881196 -8.57615 41.197
1298881197 -8.57615 41.197
1298881198 -8.57614 41.197
1298881199 -8.57613 41.197
1298881200 -8.57612 41.197
