:break:
1298880207 -8.59938 41.1492
1298880208 -8.59937 41.1492
1298880209 -8.59937 41.1492
1298880210 -8.59937 41.1492
1298880211 -8.59937 41.1492
1298880212 -8.59937 41.1492
1298880213 -8.59937 41.1492
1298880214 -8.59937 41.1492
1298880215 -8.59937 41.1492
1298880216 -8.59937 41.1492
1298880217 -8.59937 41.1492
1298880218 -8.59937 41.1492
1298880219 -8.59937 41.1492
1298880220 -8.59937 41.1492
1298880221 -8.59937 41.1492
1298880222 -8.59937 41.1492
1298880223 -8.59937 41.1492
1298880224 -8.59937 41.1492
1298880225 -8.59937 41.1492
1298880226 -8.59937 41.1492
1298880227 -8.59937 41.1492
1298880228 -8.59937 41.1492
1298880229 -8.59937 41.1492
1298880230 -8.59937 41.1492
1298880231 -8.59937 41.1492
1298880232 -8.59937 41.1492
1298880233 -8.59937 41.1492
1298880234 -8.59937 41.1492
1298880235 -8.59937 41.1492
1298880236 -8.59937 41.1492
1298880237 -8.59937 41.1492
1298880238 -8.59937 41.1492
1298880239 -8.59937 41.1492
1298880240 -8.59937 41.1492
1298880241 -8.59937 41.1492
1298880242 -8.59937 41.1492
1298880243 -8.59937 41.1492
1298880244 -8.59937 41.1492
1298880245 -8.59937 41.1492
1298880246 -8.59937 41.1492
1298880247 -8.59937 41.1492
1298880248 -8.59937 41.1492
1298880249 -8.59937 41.1492
1298880250 -8.59937 41.1492
1298880251 -8.59937 41.1492
1298880252 -8.59937 41.1492
1298880253 -8.59937 41.1492
1298880254 -8.59937 41.1492
1298880255 -8.59937 41.1492
1298880256 -8.59937 41.1492
1298880257 -8.59937 41.1492
1298880258 -8.59937 41.1492
1298880259 -8.59937 41.1492
1298880260 -8.59937 41.1492
1298880261 -8.59937 41.1492
1298880262 -8.59937 41.1492
1298880263 -8.59937 41.1492
1298880264 -8.59937 41.1492
1298880265 -8.59937 41.1492
1298880266 -8.59936 41.1492
1298880267 -8.59936 41.1492
1298880268 -8.59936 41.1492
1298880269 -8.59936 41.1492
1298880270 -8.59936 41.1492
1298880271 -8.59936 41.1492
1298880272 -8.59936 41.1492
1298880273 -8.59936 41.1492
1298880274 -8.59936 41.1492
1298880275 -8.59936 41.1492
1298880276 -8.59936 41.1492
1298880277 -8.59936 41.1492
1298880278 -8.59936 41.1492
1298880279 -8.59936 41.1492
1298880280 -8.59936 41.1492
1298880281 -8.59936 41.1492
1298880282 -8.59936 41.1492
1298880283 -8.59937 41.1492
1298880284 -8.59937 41.1492
1298880285 -8.59937 41.1492
1298880286 -8.59937 41.1492
1298880287 -8.59937 41.1492
1298880288 -8.59937 41.1492
1298880289 -8.59937 41.1492
1298880290 -8.59937 41.1492
1298880291 -8.59937 41.1492
1298880292 -8.59937 41.1492
1298880293 -8.59937 41.1492
1298880294 -8.59937 41.1492
1298880295 -8.59937 41.1492
1298880296 -8.59937 41.1492
1298880297 -8.59937 41.1492
1298880298 -8.59937 41.1492
1298880299 -8.59937 41.1492
1298880300 -8.59937 41.1492
1298880301 -8.59937 41.1492
1298880302 -8.59937 41.1492
1298880303 -8.59937 41.1492
1298880304 -8.59937 41.1492
1298880305 -8.59937 41.1492
1298880306 -8.59937 41.1492
1298880307 -8.59937 41.1492
1298880308 -8.59937 41.1492
1298880309 -8.59937 41.1492
1298880310 -8.59937 41.1492
1298880311 -8.59937 41.1492
1298880312 -8.59937 41.1492
1298880313 -8.59937 41.1492
1298880314 -8.59937 41.1492
1298880315 -8.59937 41.1492
1298880316 -8.59937 41.1492
1298880317 -8.59937 41.1492
1298880318 -8.59937 41.1492
1298880319 -8.59937 41.1492
1298880320 -8.59936 41.1492
1298880321 -8.59936 41.1492
1298880322 -8.59936 41.1492
1298880323 -8.59935 41.1492
1298880324 -8.59934 41.1492
1298880325 -8.59934 41.1492
1298880326 -8.59933 41.1492
1298880327 -8.59933 41.1492
1298880328 -8.59933 41.1492
1298880329 -8.59932 41.1492
1298880330 -8.59932 41.1492
1298880331 -8.59931 41.1492
1298880332 -8.59931 41.1492
1298880333 -8.59931 41.1492
1298880334 -8.59931 41.1492
1298880335 -8.59931 41.1492
1298880336 -8.5993 41.1492
1298880337 -8.5993 41.1492
1298880338 -8.5993 41.1492
1298880339 -8.5993 41.1492
1298880340 -8.5993 41.1492
1298880341 -8.5993 41.1492
1298880342 -8.5993 41.1492
1298880343 -8.5993 41.1492
1298880344 -8.5993 41.1492
1298880345 -8.5993 41.1492
1298880346 -8.5993 41.1492
1298880347 -8.5993 41.1492
1298880348 -8.5993 41.1492
1298880349 -8.5993 41.1492
1298880350 -8.5993 41.1492
1298880351 -8.5993 41.1492
1298880352 -8.5993 41.1492
1298880353 -8.5993 41.1492
1298880354 -8.5993 41.1492
1298880355 -8.5993 41.1492
1298880356 -8.5993 41.1492
1298880357 -8.5993 41.1492
1298880358 -8.5993 41.1492
1298880359 -8.5993 41.1492
1298880360 -8.5993 41.1492
1298880361 -8.5993 41.1492
1298880362 -8.5993 41.1492
1298880363 -8.5993 41.1492
1298880364 -8.5993 41.1492
1298880365 -8.5993 41.1492
1298880366 -8.5993 41.1492
1298880367 -8.5993 41.1492
1298880368 -8.5993 41.1492
1298880369 -8.5993 41.1492
1298880370 -8.5993 41.1492
1298880371 -8.5993 41.1492
1298880372 -8.5993 41.1492
1298880373 -8.5993 41.1492
1298880374 -8.5993 41.1492
1298880375 -8.5993 41.1492
1298880376 -8.5993 41.1492
1298880377 -8.59929 41.1492
1298880378 -8.59929 41.1492
1298880379 -8.59929 41.1492
1298880380 -8.59929 41.1492
1298880381 -8.59929 41.1492
1298880382 -8.59929 41.1492
1298880383 -8.59929 41.1492
1298880384 -8.59929 41.1492
1298880385 -8.59929 41.1492
1298880386 -8.59929 41.1492
1298880387 -8.59929 41.1492
1298880388 -8.59929 41.1492
1298880389 -8.59929 41.1492
1298880390 -8.59929 41.1492
1298880391 -8.59929 41.1492
1298880392 -8.59929 41.1492
1298880393 -8.59929 41.1492
1298880394 -8.59929 41.1492
1298880395 -8.59929 41.1492
1298880396 -8.59929 41.1492
1298880397 -8.59929 41.1492
1298880398 -8.59929 41.1492
1298880399 -8.59929 41.1492
1298880400 -8.59929 41.1492
1298880401 -8.59929 41.1492
1298880402 -8.59929 41.1492
1298880403 -8.59929 41.1492
1298880404 -8.59929 41.1492
1298880405 -8.59929 41.1492
1298880406 -8.59929 41.1492
1298880407 -8.59929 41.1492
1298880408 -8.59929 41.1492
1298880409 -8.59929 41.1492
1298880410 -8.5993 41.1492
1298880411 -8.5993 41.1492
1298880412 -8.5993 41.1492
1298880413 -8.5993 41.1492
1298880414 -8.5993 41.1492
1298880415 -8.5993 41.1492
1298880416 -8.5993 41.1492
1298880417 -8.5993 41.1492
1298880418 -8.5993 41.1492
1298880419 -8.5993 41.1492
1298880420 -8.5993 41.1492
1298880421 -8.5993 41.1492
1298880422 -8.5993 41.1492
1298880423 -8.5993 41.1492
1298880424 -8.5993 41.1492
1298880425 -8.5993 41.1492
1298880426 -8.5993 41.1492
1298880427 -8.5993 41.1492
1298880428 -8.5993 41.1492
1298880429 -8.5993 41.1492
1298880430 -8.5993 41.1492
1298880431 -8.5993 41.1492
1298880432 -8.5993 41.1492
1298880433 -8.5993 41.1492
1298880434 -8.5993 41.1492
1298880435 -8.5993 41.1492
1298880436 -8.5993 41.1492
1298880437 -8.5993 41.1492
1298880438 -8.5993 41.1492
1298880439 -8.5993 41.1492
1298880440 -8.5993 41.1492
1298880441 -8.5993 41.1492
1298880442 -8.5993 41.1492
1298880443 -8.5993 41.1492
1298880444 -8.5993 41.1492
1298880445 -8.5993 41.1492
1298880446 -8.5993 41.1492
1298880447 -8.5993 41.1492
1298880448 -8.5993 41.1492
1298880449 -8.5993 41.1492
1298880450 -8.5993 41.1492
1298880451 -8.5993 41.1492
1298880452 -8.5993 41.1492
1298880453 -8.5993 41.1492
1298880454 -8.5993 41.1492
1298880455 -8.59931 41.1492
1298880456 -8.59931 41.1492
1298880457 -8.59931 41.1492
1298880458 -8.59931 41.1492
1298880459 -8.59931 41.1492
1298880460 -8.59931 41.1492
1298880461 -8.59931 41.1492
1298880462 -8.59931 41.1492
1298880463 -8.59931 41.1492
1298880464 -8.59931 41.1492
1298880465 -8.59931 41.1492
1298880466 -8.59931 41.1492
1298880467 -8.59931 41.1492
1298880468 -8.59931 41.1492
1298880469 -8.59931 41.1492
1298880470 -8.59931 41.1492
1298880471 -8.59931 41.1492
1298880472 -8.59931 41.1492
1298880473 -8.59931 41.1492
1298880474 -8.59931 41.1492
1298880475 -8.59931 41.1492
1298880476 -8.59931 41.1492
1298880477 -8.59931 41.1492
1298880478 -8.59931 41.1492
1298880479 -8.59931 41.1492
1298880480 -8.59931 41.1492
1298880481 -8.59931 41.1492
1298880482 -8.59931 41.1492
1298880483 -8.59931 41.1492
1298880484 -8.59931 41.1492
1298880485 -8.59931 41.1492
1298880486 -8.59931 41.1492
1298880487 -8.59931 41.1492
1298880488 -8.59931 41.1492
1298880489 -8.59931 41.1492
1298880490 -8.59931 41.1492
1298880491 -8.59931 41.1492
1298880492 -8.59931 41.1492
1298880493 -8.59931 41.1492
1298880494 -8.59931 41.1492
1298880495 -8.59931 41.1492
1298880496 -8.59931 41.1492
1298880497 -8.59931 41.1492
1298880498 -8.59931 41.1492
1298880499 -8.59931 41.1492
1298880500 -8.59931 41.1492
1298880501 -8.59931 41.1492
1298880502 -8.5993 41.1492
1298880503 -8.5993 41.1492
1298880504 -8.5993 41.1492
1298880505 -8.5993 41.1492
1298880506 -8.5993 41.1492
1298880507 -8.5993 41.1492
1298880508 -8.5993 41.1492
1298880509 -8.5993 41.1492
1298880510 -8.5993 41.1492
1298880511 -8.5993 41.1492
1298880512 -8.5993 41.1492
1298880513 -8.5993 41.1492
1298880514 -8.5993 41.1492
1298880515 -8.5993 41.1492
1298880516 -8.5993 41.1492
1298880517 -8.5993 41.1492
1298880518 -8.5993 41.1492
1298880519 -8.5993 41.1492
1298880520 -8.5993 41.1492
1298880521 -8.5993 41.1492
1298880522 -8.5993 41.1492
1298880523 -8.5993 41.1492
1298880524 -8.5993 41.1492
1298880525 -8.59929 41.1492
1298880526 -8.59929 41.1492
1298880527 -8.5993 41.1492
1298880528 -8.5993 41.1492
1298880529 -8.5993 41.1492
1298880530 -8.5993 41.1492
1298880531 -8.5993 41.1492
1298880532 -8.5993 41.1492
1298880533 -8.5993 41.1492
1298880534 -8.5993 41.1492
1298880535 -8.5993 41.1492
1298880536 -8.5993 41.1492
1298880537 -8.5993 41.1492
1298880538 -8.5993 41.1492
1298880539 -8.5993 41.1492
1298880540 -8.5993 41.1492
1298880541 -8.5993 41.1492
1298880542 -8.5993 41.1492
1298880543 -8.5993 41.1492
1298880544 -8.5993 41.1492
1298880545 -8.5993 41.1492
1298880546 -8.5993 41.1492
1298880547 -8.5993 41.1492
1298880548 -8.5993 41.1492
1298880549 -8.5993 41.1492
1298880550 -8.5993 41.1492
1298880551 -8.5993 41.1492
1298880552 -8.5993 41.1492
1298880553 -8.5993 41.1492
1298880554 -8.5993 41.1492
1298880555 -8.5993 41.1492
1298880556 -8.5993 41.1492
1298880557 -8.5993 41.1492
1298880558 -8.5993 41.1492
1298880559 -8.5993 41.1492
1298880560 -8.5993 41.1492
1298880561 -8.5993 41.1492
1298880562 -8.5993 41.1492
1298880563 -8.5993 41.1492
1298880564 -8.5993 41.1492
1298880565 -8.5993 41.1492
1298880566 -8.5993 41.1492
1298880567 -8.5993 41.1492
1298880568 -8.5993 41.1492
1298880569 -8.5993 41.1492
1298880570 -8.5993 41.1492
1298880571 -8.5993 41.1492
1298880572 -8.5993 41.1492
1298880573 -8.5993 41.1492
1298880574 -8.5993 41.1492
1298880575 -8.5993 41.1492
1298880576 -8.5993 41.1492
1298880577 -8.5993 41.1492
1298880578 -8.5993 41.1492
1298880579 -8.5993 41.1492
1298880580 -8.5993 41.1492
1298880581 -8.5993 41.1492
1298880582 -8.5993 41.1492
1298880583 -8.5993 41.1492
1298880584 -8.5993 41.1492
1298880585 -8.5993 41.1492
1298880586 -8.5993 41.1492
1298880587 -8.59929 41.1492
1298880588 -8.59929 41.1492
1298880589 -8.59929 41.1492
1298880590 -8.59929 41.1492
1298880591 -8.59929 41.1492
1298880592 -8.59928 41.1492
1298880593 -8.59927 41.1492
1298880594 -8.59925 41.1492
1298880595 -8.59923 41.1492
1298880596 -8.59922 41.1492
1298880597 -8.59921 41.1492
1298880598 -8.5992 41.1492
1298880599 -8.59919 41.1491
1298880600 -8.59917 41.1491
1298880601 -8.59914 41.1491
1298880602 -8.5991 41.1491
1298880603 -8.59904 41.1491
1298880604 -8.59899 41.149
1298880605 -8.59893 41.149
1298880606 -8.59888 41.149
1298880607 -8.59882 41.1489
1298880608 -8.59878 41.1488
1298880609 -8.59876 41.1488
1298880610 -8.59875 41.1488
1298880611 -8.59874 41.1488
1298880612 -8.59874 41.1487
1298880613 -8.59874 41.1487
1298880614 -8.59874 41.1487
1298880615 -8.59874 41.1487
1298880616 -8.59874 41.1487
1298880617 -8.59875 41.1487
1298880618 -8.59875 41.1487
1298880619 -8.59875 41.1487
1298880620 -8.59875 41.1487
1298880621 -8.59875 41.1487
1298880622 -8.59874 41.1487
1298880623 -8.59873 41.1487
1298880624 -8.59872 41.1487
1298880625 -8.5987 41.1487
1298880626 -8.59868 41.1486
1298880627 -8.59866 41.1486
1298880628 -8.59864 41.1485
1298880629 -8.59861 41.1485
1298880630 -8.59858 41.1484
1298880631 -8.59854 41.1484
1298880632 -8.59848 41.1483
1298880633 -8.59844 41.1483
1298880634 -8.59838 41.1483
1298880635 -8.59834 41.1483
1298880636 -8.59828 41.1483
1298880637 -8.59822 41.1483
1298880638 -8.59817 41.1483
1298880639 -8.59811 41.1482
1298880640 -8.59808 41.1481
1298880641 -8.59805 41.1481
1298880642 -8.59802 41.148
1298880643 -8.59799 41.1479
1298880644 -8.59795 41.1479
1298880645 -8.59793 41.1478
1298880646 -8.59791 41.1477
1298880647 -8.59789 41.1477
1298880648 -8.59787 41.1476
1298880649 -8.59785 41.1476
1298880650 -8.59783 41.1475
1298880651 -8.59782 41.1475
1298880652 -8.59781 41.1474
1298880653 -8.59779 41.1474
1298880654 -8.59777 41.1473
1298880655 -8.59776 41.1473
1298880656 -8.59774 41.1472
1298880657 -8.59774 41.1472
1298880658 -8.59774 41.1472
1298880659 -8.59774 41.1472
1298880660 -8.59774 41.1472
1298880661 -8.59774 41.1472
1298880662 -8.59774 41.1472
1298880663 -8.59774 41.1472
1298880664 -8.59775 41.1472
1298880665 -8.59774 41.1472
1298880666 -8.59774 41.1472
1298880667 -8.59774 41.1472
1298880668 -8.59772 41.1471
1298880669 -8.5977 41.1471
1298880670 -8.59768 41.1471
1298880671 -8.59767 41.147
1298880672 -8.59766 41.147
1298880673 -8.59765 41.1469
1298880674 -8.59764 41.1468
1298880675 -8.59761 41.1467
1298880676 -8.59758 41.1467
1298880677 -8.59756 41.1466
1298880678 -8.59753 41.1465
1298880679 -8.59751 41.1464
1298880680 -8.5975 41.1464
1298880681 -8.5975 41.1463
1298880682 -8.5975 41.1463
1298880683 -8.5975 41.1463
1298880684 -8.59749 41.1463
1298880685 -8.59749 41.1463
1298880686 -8.59749 41.1463
1298880687 -8.59749 41.1463
1298880688 -8.59748 41.1463
1298880689 -8.59748 41.1463
1298880690 -8.59748 41.1463
1298880691 -8.59748 41.1463
1298880692 -8.59748 41.1463
1298880693 -8.59748 41.1463
1298880694 -8.59747 41.1463
1298880695 -8.59747 41.1463
1298880696 -8.59747 41.1463
1298880697 -8.59747 41.1463
1298880698 -8.59747 41.1463
1298880699 -8.59747 41.1463
1298880700 -8.59747 41.1463
1298880701 -8.59747 41.1463
1298880702 -8.59747 41.1463
1298880703 -8.59747 41.1463
1298880704 -8.59747 41.1463
1298880705 -8.59747 41.1463
1298880706 -8.59747 41.1463
1298880707 -8.59747 41.1463
1298880708 -8.59745 41.1462
1298880709 -8.59744 41.1462
1298880710 -8.59742 41.1461
1298880711 -8.59741 41.1461
1298880712 -8.5974 41.1461
1298880713 -8.59741 41.1461
1298880714 -8.59746 41.1461
1298880715 -8.59752 41.1461
1298880716 -8.59757 41.146
1298880717 -8.59762 41.1461
1298880718 -8.59765 41.1461
1298880719 -8.59769 41.1461
1298880720 -8.59772 41.1461
1298880721 -8.59774 41.1461
1298880722 -8.59776 41.1461
1298880723 -8.59779 41.1461
1298880724 -8.5978 41.1461
1298880725 -8.59781 41.1461
1298880726 -8.59782 41.1461
1298880727 -8.59783 41.1461
1298880728 -8.59785 41.1461
1298880729 -8.59789 41.1461
1298880730 -8.59793 41.1461
1298880731 -8.59798 41.146
1298880732 -8.59805 41.146
1298880733 -8.59814 41.146
1298880734 -8.59823 41.146
1298880735 -8.59832 41.146
1298880736 -8.59843 41.146
1298880737 -8.59855 41.146
1298880738 -8.59864 41.146
1298880739 -8.59877 41.1459
1298880740 -8.59891 41.1459
1298880741 -8.59905 41.1459
1298880742 -8.5992 41.1459
1298880743 -8.59936 41.1459
1298880744 -8.59953 41.1459
1298880745 -8.59969 41.1459
1298880746 -8.59987 41.1459
1298880747 -8.60003 41.1458
1298880748 -8.60018 41.1458
1298880749 -8.60034 41.1458
1298880750 -8.60048 41.1458
1298880751 -8.60063 41.1458
1298880752 -8.60077 41.1458
1298880753 -8.60092 41.1458
1298880754 -8.60107 41.1458
1298880755 -8.60119 41.1457
1298880756 -8.6013 41.1457
1298880757 -8.60139 41.1457
1298880758 -8.60146 41.1457
1298880759 -8.60151 41.1457
1298880760 -8.60154 41.1457
1298880761 -8.60155 41.1457
1298880762 -8.60156 41.1457
1298880763 -8.60156 41.1457
1298880764 -8.60156 41.1457
1298880765 -8.60156 41.1457
1298880766 -8.60156 41.1457
1298880767 -8.60157 41.1457
1298880768 -8.60157 41.1457
1298880769 -8.60157 41.1457
1298880770 -8.60157 41.1457
1298880771 -8.60157 41.1457
1298880772 -8.60158 41.1457
1298880773 -8.60158 41.1457
1298880774 -8.60158 41.1457
1298880775 -8.60158 41.1457
1298880776 -8.60159 41.1457
1298880777 -8.60159 41.1457
1298880778 -8.60159 41.1457
1298880779 -8.6016 41.1457
1298880780 -8.6016 41.1457
1298880781 -8.6016 41.1457
1298880782 -8.60161 41.1457
1298880783 -8.60161 41.1457
1298880784 -8.60161 41.1457
1298880785 -8.60161 41.1457
1298880786 -8.60162 41.1457
1298880787 -8.60162 41.1457
1298880788 -8.60162 41.1457
1298880789 -8.60162 41.1457
1298880790 -8.60162 41.1457
1298880791 -8.60162 41.1457
1298880792 -8.60162 41.1457
1298880793 -8.60162 41.1457
1298880794 -8.60162 41.1457
1298880795 -8.60162 41.1457
1298880796 -8.60162 41.1457
1298880797 -8.60162 41.1457
1298880798 -8.60162 41.1457
1298880799 -8.60162 41.1457
1298880800 -8.60162 41.1457
1298880801 -8.60162 41.1457
1298880802 -8.60162 41.1457
1298880803 -8.60163 41.1457
1298880804 -8.60163 41.1457
1298880805 -8.60163 41.1457
1298880806 -8.60163 41.1457
1298880807 -8.60163 41.1457
1298880808 -8.60163 41.1457
1298880809 -8.60163 41.1457
1298880810 -8.60164 41.1457
1298880811 -8.60164 41.1457
1298880812 -8.60164 41.1457
1298880813 -8.60164 41.1457
1298880814 -8.60164 41.1457
1298880815 -8.60164 41.1457
1298880816 -8.60165 41.1457
1298880817 -8.60167 41.1457
1298880818 -8.6017 41.1457
1298880819 -8.60171 41.1456
1298880820 -8.60169 41.1456
1298880821 -8.60164 41.1456
1298880822 -8.60159 41.1455
1298880823 -8.60152 41.1455
1298880824 -8.60144 41.1454
1298880825 -8.60135 41.1453
1298880826 -8.60126 41.1453
1298880827 -8.60115 41.1452
1298880828 -8.60104 41.1451
1298880829 -8.60093 41.145
1298880830 -8.60081 41.145
1298880831 -8.60069 41.1449
1298880832 -8.60054 41.1448
1298880833 -8.60041 41.1447
1298880834 -8.60027 41.1446
1298880835 -8.60017 41.1446
1298880836 -8.60008 41.1446
1298880837 -8.60001 41.1445
1298880838 -8.59997 41.1445
1298880839 -8.59994 41.1444
1298880840 -8.5999 41.1443
1298880841 -8.59983 41.1443
1298880842 -8.59975 41.1442
1298880843 -8.59967 41.1442
1298880844 -8.59961 41.1441
1298880845 -8.59955 41.1441
1298880846 -8.59951 41.144
1298880847 -8.59948 41.144
1298880848 -8.59945 41.144
1298880849 -8.59941 41.144
1298880850 -8.59935 41.144
1298880851 -8.59928 41.1439
1298880852 -8.59921 41.1439
1298880853 -8.59913 41.1438
1298880854 -8.59904 41.1437
1298880855 -8.59894 41.1437
1298880856 -8.59884 41.1436
1298880857 -8.59874 41.1435
1298880858 -8.59864 41.1435
1298880859 -8.59856 41.1434
1298880860 -8.59847 41.1433
1298880861 -8.59837 41.1433
1298880862 -8.59826 41.1432
1298880863 -8.59816 41.1431
1298880864 -8.59807 41.1431
1298880865 -8.59799 41.143
1298880866 -8.59793 41.143
1298880867 -8.59788 41.1429
1298880868 -8.59781 41.1429
1298880869 -8.59774 41.1428
1298880870 -8.59766 41.1428
1298880871 -8.59758 41.1427
1298880872 -8.59751 41.1426
1298880873 -8.59743 41.1426
1298880874 -8.59736 41.1425
1298880875 -8.5973 41.1425
1298880876 -8.59726 41.1425
1298880877 -8.59723 41.1424
1298880878 -8.59721 41.1424
1298880879 -8.59721 41.1424
1298880880 -8.59721 41.1424
1298880881 -8.5972 41.1424
1298880882 -8.5972 41.1424
1298880883 -8.5972 41.1424
1298880884 -8.59721 41.1424
1298880885 -8.59721 41.1424
1298880886 -8.59721 41.1424
1298880887 -8.5972 41.1424
1298880888 -8.5972 41.1424
1298880889 -8.59721 41.1424
1298880890 -8.59721 41.1424
1298880891 -8.59721 41.1424
1298880892 -8.59721 41.1424
1298880893 -8.59721 41.1424
1298880894 -8.59721 41.1424
1298880895 -8.59721 41.1424
1298880896 -8.59721 41.1424
1298880897 -8.59721 41.1424
1298880898 -8.59721 41.1424
1298880899 -8.59721 41.1424
1298880900 -8.59721 41.1424
1298880901 -8.59721 41.1424
1298880902 -8.59721 41.1424
1298880903 -8.59721 41.1424
1298880904 -8.59721 41.1424
1298880905 -8.59721 41.1424
1298880906 -8.59721 41.1424
1298880907 -8.59721 41.1424
1298880908 -8.59722 41.1424
1298880909 -8.59722 41.1424
1298880910 -8.59722 41.1424
1298880911 -8.59722 41.1424
1298880912 -8.59722 41.1424
1298880913 -8.59722 41.1424
1298880914 -8.59722 41.1424
1298880915 -8.59721 41.1424
1298880916 -8.59719 41.1424
1298880917 -8.59714 41.1424
1298880918 -8.5971 41.1423
1298880919 -8.59704 41.1423
1298880920 -8.59697 41.1422
1298880921 -8.59689 41.1422
1298880922 -8.59681 41.1421
1298880923 -8.59673 41.1421
1298880924 -8.59665 41.142
1298880925 -8.59656 41.1419
1298880926 -8.59648 41.1419
1298880927 -8.59641 41.1418
1298880928 -8.59636 41.1418
1298880929 -8.59631 41.1417
1298880930 -8.59627 41.1417
1298880931 -8.59622 41.1417
1298880932 -8.59617 41.1417
1298880933 -8.59613 41.1417
1298880934 -8.59609 41.1418
1298880935 -8.59607 41.1418
1298880936 -8.59607 41.1418
1298880937 -8.59608 41.1419
1298880938 -8.59609 41.1419
1298880939 -8.5961 41.142
1298880940 -8.59613 41.142
1298880941 -8.59614 41.1421
1298880942 -8.59617 41.1422
1298880943 -8.59619 41.1422
1298880944 -8.59622 41.1423
1298880945 -8.59624 41.1423
1298880946 -8.59628 41.1424
1298880947 -8.59631 41.1425
1298880948 -8.59634 41.1425
1298880949 -8.59637 41.1426
1298880950 -8.5964 41.1427
1298880951 -8.59644 41.1428
1298880952 -8.59646 41.1429
1298880953 -8.59648 41.1429
1298880954 -8.59651 41.143
1298880955 -8.59656 41.1431
1298880956 -8.59662 41.1431
1298880957 -8.59669 41.1431
1298880958 -8.59677 41.1432
1298880959 -8.59685 41.1432
1298880960 -8.59694 41.1433
1298880961 -8.59701 41.1434
1298880962 -8.59709 41.1434
1298880963 -8.59716 41.1435
1298880964 -8.59724 41.1436
1298880965 -8.59731 41.1436
1298880966 -8.59738 41.1437
1298880967 -8.59742 41.1437
1298880968 -8.59748 41.1438
1298880969 -8.59752 41.1439
1298880970 -8.59756 41.1439
1298880971 -8.59756 41.144
1298880972 -8.59758 41.144
1298880973 -8.59761 41.1441
1298880974 -8.59763 41.1442
1298880975 -8.59765 41.1443
1298880976 -8.59767 41.1444
1298880977 -8.5977 41.1444
1298880978 -8.59773 41.1445
1298880979 -8.59775 41.1446
1298880980 -8.59777 41.1447
1298880981 -8.5978 41.1447
1298880982 -8.59783 41.1448
1298880983 -8.59786 41.1448
1298880984 -8.59788 41.1449
1298880985 -8.5979 41.1449
1298880986 -8.59793 41.145
1298880987 -8.59795 41.1451
1298880988 -8.59798 41.1451
1298880989 -8.598 41.1452
1298880990 -8.59802 41.1452
1298880991 -8.59805 41.1453
1298880992 -8.59808 41.1454
1298880993 -8.59811 41.1454
1298880994 -8.59815 41.1455
1298880995 -8.59818 41.1456
1298880996 -8.5982 41.1457
1298880997 -8.59823 41.1457
1298880998 -8.59824 41.1458
1298880999 -8.59824 41.1458
1298881000 -8.59825 41.1458
1298881001 -8.59824 41.1458
1298881002 -8.59823 41.1458
1298881003 -8.59822 41.1458
1298881004 -8.59822 41.1458
1298881005 -8.59822 41.1458
1298881006 -8.59822 41.1458
1298881007 -8.59822 41.1458
1298881008 -8.59822 41.1458
1298881009 -8.59821 41.1458
1298881010 -8.59821 41.1458
1298881011 -8.59821 41.1458
1298881012 -8.5982 41.1458
1298881013 -8.5982 41.1458
1298881014 -8.5982 41.1458
1298881015 -8.5982 41.1458
1298881016 -8.5982 41.1458
1298881017 -8.5982 41.1458
1298881018 -8.5982 41.1458
1298881019 -8.5982 41.1458
1298881020 -8.5982 41.1458
1298881021 -8.5982 41.1458
1298881022 -8.5982 41.1458
1298881023 -8.5982 41.1458
1298881024 -8.5982 41.1458
1298881025 -8.5982 41.1458
1298881026 -8.5982 41.1458
1298881027 -8.5982 41.1458
1298881028 -8.5982 41.1458
1298881029 -8.5982 41.1458
1298881030 -8.5982 41.1458
1298881031 -8.5982 41.1458
1298881032 -8.5982 41.1458
1298881033 -8.5982 41.1458
1298881034 -8.5982 41.1458
1298881035 -8.5982 41.1458
1298881036 -8.5982 41.1458
1298881037 -8.5982 41.1458
1298881038 -8.5982 41.1458
1298881039 -8.5982 41.1458
1298881040 -8.5982 41.1458
1298881041 -8.5982 41.1459
1298881042 -8.5982 41.1459
1298881043 -8.5982 41.1459
1298881044 -8.5982 41.1459
1298881045 -8.5982 41.1459
1298881046 -8.5982 41.1459
1298881047 -8.5982 41.1459
1298881048 -8.5982 41.1459
1298881049 -8.59822 41.1459
1298881050 -8.59825 41.1459
1298881051 -8.59828 41.146
1298881052 -8.59832 41.146
1298881053 -8.59837 41.146
1298881054 -8.59843 41.146
1298881055 -8.5985 41.146
1298881056 -8.59858 41.146
1298881057 -8.59866 41.146
1298881058 -8.59872 41.146
1298881059 -8.59877 41.146
1298881060 -8.59881 41.146
1298881061 -8.59884 41.146
1298881062 -8.59887 41.146
1298881063 -8.5989 41.146
1298881064 -8.59891 41.1459
1298881065 -8.59891 41.1459
1298881066 -8.59892 41.1459
1298881067 -8.59893 41.1459
1298881068 -8.59894 41.1459
1298881069 -8.59894 41.1459
1298881070 -8.59894 41.1459
1298881071 -8.59894 41.1459
1298881072 -8.59895 41.1459
1298881073 -8.59895 41.1459
1298881074 -8.59897 41.1459
1298881075 -8.59901 41.1459
1298881076 -8.59907 41.1459
1298881077 -8.59913 41.1459
1298881078 -8.5992 41.1459
1298881079 -8.59928 41.1459
1298881080 -8.59937 41.1459
1298881081 -8.59947 41.1459
1298881082 -8.59957 41.1459
1298881083 -8.59968 41.1459
1298881084 -8.59981 41.146
1298881085 -8.59995 41.146
1298881086 -8.60009 41.1459
1298881087 -8.60025 41.1459
1298881088 -8.60041 41.1459
1298881089 -8.60056 41.1459
1298881090 -8.60072 41.1459
1298881091 -8.60084 41.1458
1298881092 -8.60092 41.1458
1298881093 -8.60098 41.1458
1298881094 -8.60101 41.1458
1298881095 -8.60103 41.1458
1298881096 -8.60103 41.1458
1298881097 -8.60103 41.1458
1298881098 -8.60104 41.1458
1298881099 -8.60104 41.1458
1298881100 -8.60105 41.1458
1298881101 -8.60107 41.1458
1298881102 -8.60111 41.1458
1298881103 -8.60116 41.1458
1298881104 -8.60121 41.1458
1298881105 -8.60127 41.1458
1298881106 -8.60135 41.1458
1298881107 -8.60143 41.1458
1298881108 -8.60151 41.1458
1298881109 -8.60158 41.1458
1298881110 -8.60164 41.1458
1298881111 -8.6017 41.1458
1298881112 -8.60175 41.1458
1298881113 -8.6018 41.1458
1298881114 -8.60182 41.1459
1298881115 -8.60184 41.1459
1298881116 -8.60185 41.146
1298881117 -8.60187 41.1461
1298881118 -8.60187 41.1461
1298881119 -8.60188 41.1462
1298881120 -8.60188 41.1462
1298881121 -8.60188 41.1463
1298881122 -8.60188 41.1463
1298881123 -8.60188 41.1463
1298881124 -8.60188 41.1463
1298881125 -8.60188 41.1463
1298881126 -8.60189 41.1463
1298881127 -8.60189 41.1463
1298881128 -8.60189 41.1463
1298881129 -8.60189 41.1463
1298881130 -8.60189 41.1463
1298881131 -8.60189 41.1463
1298881132 -8.60189 41.1463
1298881133 -8.60189 41.1463
1298881134 -8.60189 41.1463
1298881135 -8.60189 41.1463
1298881136 -8.60189 41.1463
1298881137 -8.6019 41.1463
1298881138 -8.60189 41.1464
1298881139 -8.60188 41.1464
1298881140 -8.60187 41.1465
1298881141 -8.60188 41.1466
1298881142 -8.60188 41.1466
1298881143 -8.60188 41.1467
1298881144 -8.6019 41.1468
1298881145 -8.60191 41.1468
1298881146 -8.60192 41.1469
1298881147 -8.60193 41.1469
1298881148 -8.60194 41.1469
1298881149 -8.60194 41.1469
1298881150 -8.60194 41.1469
1298881151 -8.60193 41.147
1298881152 -8.60193 41.147
1298881153 -8.60195 41.147
1298881154 -8.60197 41.1471
1298881155 -8.60197 41.1472
1298881156 -8.60195 41.1472
1298881157 -8.60196 41.1473
1298881158 -8.60197 41.1474
1298881159 -8.60197 41.1475
1298881160 -8.60197 41.1476
1298881161 -8.60199 41.1477
1298881162 -8.602 41.1478
1298881163 -8.60201 41.1479
1298881164 -8.60203 41.148
1298881165 -8.60204 41.1482
1298881166 -8.60205 41.1482
1298881167 -8.60206 41.1483
1298881168 -8.60206 41.1484
1298881169 -8.60206 41.1484
1298881170 -8.60206 41.1485
1298881171 -8.60207 41.1486
1298881172 -8.60207 41.1486
1298881173 -8.60208 41.1487
1298881174 -8.60209 41.1487
1298881175 -8.60209 41.1487
1298881176 -8.60209 41.1488
1298881177 -8.6021 41.1488
1298881178 -8.60209 41.1488
1298881179 -8.60209 41.1488
1298881180 -8.60209 41.1488
1298881181 -8.60209 41.1488
1298881182 -8.60209 41.1488
1298881183 -8.60209 41.1488
1298881184 -8.60209 41.1488
1298881185 -8.60209 41.1488
1298881186 -8.60209 41.1488
1298881187 -8.60209 41.1488
1298881188 -8.60209 41.1488
1298881189 -8.60208 41.1488
1298881190 -8.60208 41.1488
1298881191 -8.60208 41.1488
1298881192 -8.60208 41.1488
1298881193 -8.60208 41.1488
1298881194 -8.60208 41.1488
1298881195 -8.60208 41.1488
1298881196 -8.60208 41.1488
1298881197 -8.60208 41.1488
1298881198 -8.60208 41.1488
1298881199 -8.60208 41.1488
1298881200 -8.60208 41.1488
