:break:
1298880054 -8.5818 41.1805
1298880055 -8.5818 41.1805
1298880056 -8.58184 41.1806
1298880057 -8.58189 41.1806
1298880058 -8.58194 41.1806
1298880059 -8.58198 41.1806
1298880060 -8.58202 41.1806
1298880061 -8.58206 41.1806
1298880062 -8.5821 41.1807
1298880063 -8.58212 41.1807
1298880064 -8.58213 41.1807
1298880065 -8.58213 41.1807
1298880066 -8.58214 41.1807
1298880067 -8.58215 41.1807
1298880068 -8.58217 41.1807
1298880069 -8.58222 41.1807
1298880070 -8.58226 41.1807
1298880071 -8.58232 41.1807
1298880072 -8.58236 41.1807
1298880073 -8.58241 41.1808
1298880074 -8.58246 41.1808
1298880075 -8.58252 41.1808
1298880076 -8.58259 41.1808
1298880077 -8.58265 41.1809
1298880078 -8.58272 41.1809
1298880079 -8.58277 41.1809
1298880080 -8.58282 41.1809
1298880081 -8.58287 41.181
1298880082 -8.58291 41.181
1298880083 -8.58292 41.181
1298880084 -8.58291 41.181
1298880085 -8.58291 41.181
1298880086 -8.58292 41.181
1298880087 -8.58292 41.181
1298880088 -8.58292 41.181
1298880089 -8.58293 41.181
1298880090 -8.58293 41.181
1298880091 -8.58293 41.181
1298880092 -8.58293 41.181
1298880093 -8.58293 41.181
1298880094 -8.58293 41.181
1298880095 -8.58293 41.181
1298880096 -8.58294 41.181
1298880097 -8.58294 41.181
1298880098 -8.58294 41.181
1298880099 -8.58294 41.181
1298880100 -8.58294 41.181
1298880101 -8.58294 41.181
1298880102 -8.58294 41.181
1298880103 -8.58294 41.181
1298880104 -8.58294 41.181
1298880105 -8.58294 41.181
1298880106 -8.58294 41.181
1298880107 -8.58294 41.181
1298880108 -8.58295 41.181
1298880109 -8.58299 41.181
1298880110 -8.58303 41.1811
1298880111 -8.58308 41.1811
1298880112 -8.58315 41.1811
1298880113 -8.58319 41.1811
1298880114 -8.58324 41.1811
1298880115 -8.58328 41.1811
1298880116 -8.58332 41.181
1298880117 -8.58335 41.1809
1298880118 -8.58338 41.1808
1298880119 -8.58342 41.1808
1298880120 -8.58344 41.1807
1298880121 -8.58347 41.1806
1298880122 -8.5835 41.1805
1298880123 -8.58352 41.1804
1298880124 -8.58356 41.1803
1298880125 -8.5836 41.1802
1298880126 -8.58364 41.1801
1298880127 -8.58368 41.18
1298880128 -8.58372 41.1799
1298880129 -8.58377 41.1797
1298880130 -8.58381 41.1796
1298880131 -8.58385 41.1795
1298880132 -8.58389 41.1793
1298880133 -8.58395 41.1792
1298880134 -8.58398 41.1791
1298880135 -8.58405 41.1789
1298880136 -8.5841 41.1788
1298880137 -8.58416 41.1787
1298880138 -8.58422 41.1786
1298880139 -8.58429 41.1785
1298880140 -8.58435 41.1784
1298880141 -8.58442 41.1783
1298880142 -8.58449 41.1782
1298880143 -8.58455 41.1781
1298880144 -8.58461 41.178
1298880145 -8.58468 41.178
1298880146 -8.58473 41.1779
1298880147 -8.58478 41.1778
1298880148 -8.58483 41.1777
1298880149 -8.58488 41.1776
1298880150 -8.58495 41.1775
1298880151 -8.58501 41.1774
1298880152 -8.58506 41.1773
1298880153 -8.58511 41.1773
1298880154 -8.58516 41.1772
1298880155 -8.58522 41.1771
1298880156 -8.58527 41.177
1298880157 -8.58533 41.1769
1298880158 -8.58539 41.1768
1298880159 -8.58543 41.1767
1298880160 -8.58549 41.1767
1298880161 -8.58552 41.1766
1298880162 -8.58557 41.1765
1298880163 -8.5856 41.1764
1298880164 -8.58565 41.1763
1298880165 -8.58569 41.1762
1298880166 -8.58574 41.1761
1298880167 -8.58579 41.176
1298880168 -8.58585 41.176
1298880169 -8.58588 41.1759
1298880170 -8.58595 41.1758
1298880171 -8.586 41.1757
1298880172 -8.58605 41.1756
1298880173 -8.5861 41.1755
1298880174 -8.58614 41.1754
1298880175 -8.58619 41.1754
1298880176 -8.58623 41.1753
1298880177 -8.58628 41.1752
1298880178 -8.58632 41.1752
1298880179 -8.58634 41.1751
1298880180 -8.58634 41.1751
1298880181 -8.58634 41.1751
1298880182 -8.58635 41.1751
1298880183 -8.58637 41.1751
1298880184 -8.58639 41.175
1298880185 -8.58641 41.175
1298880186 -8.58642 41.175
1298880187 -8.58644 41.1749
1298880188 -8.58646 41.1749
1298880189 -8.58647 41.1749
1298880190 -8.58648 41.1748
1298880191 -8.58649 41.1748
1298880192 -8.5865 41.1747
1298880193 -8.58653 41.1746
1298880194 -8.58655 41.1746
1298880195 -8.58657 41.1745
1298880196 -8.5866 41.1744
1298880197 -8.58664 41.1743
1298880198 -8.58667 41.1742
1298880199 -8.58672 41.1741
1298880200 -8.58677 41.174
1298880201 -8.58683 41.1739
1298880202 -8.58688 41.1738
1298880203 -8.58694 41.1736
1298880204 -8.587 41.1735
1298880205 -8.58706 41.1734
1298880206 -8.58713 41.1733
1298880207 -8.58719 41.1732
1298880208 -8.58726 41.173
1298880209 -8.58732 41.1729
1298880210 -8.5874 41.1728
1298880211 -8.58747 41.1727
1298880212 -8.58754 41.1725
1298880213 -8.58762 41.1724
1298880214 -8.58768 41.1723
1298880215 -8.58775 41.1722
1298880216 -8.58781 41.1721
1298880217 -8.58788 41.172
1298880218 -8.58794 41.1719
1298880219 -8.58802 41.1718
1298880220 -8.58809 41.1716
1298880221 -8.58816 41.1715
1298880222 -8.58823 41.1714
1298880223 -8.5883 41.1713
1298880224 -8.58839 41.1712
1298880225 -8.58847 41.1711
1298880226 -8.58855 41.171
1298880227 -8.58863 41.1709
1298880228 -8.58869 41.1708
1298880229 -8.58874 41.1707
1298880230 -8.5888 41.1706
1298880231 -8.58883 41.1705
1298880232 -8.58887 41.1704
1298880233 -8.58891 41.1704
1298880234 -8.58895 41.1703
1298880235 -8.58899 41.1702
1298880236 -8.58902 41.1701
1298880237 -8.58906 41.1701
1298880238 -8.5891 41.17
1298880239 -8.58914 41.17
1298880240 -8.58919 41.1699
1298880241 -8.58925 41.1698
1298880242 -8.58931 41.1698
1298880243 -8.58938 41.1697
1298880244 -8.58947 41.1697
1298880245 -8.58955 41.1696
1298880246 -8.58962 41.1695
1298880247 -8.5897 41.1695
1298880248 -8.5898 41.1694
1298880249 -8.58991 41.1694
1298880250 -8.59001 41.1693
1298880251 -8.59011 41.1692
1298880252 -8.59021 41.1692
1298880253 -8.5903 41.1691
1298880254 -8.59039 41.1691
1298880255 -8.59049 41.169
1298880256 -8.59058 41.169
1298880257 -8.59066 41.1689
1298880258 -8.59076 41.1689
1298880259 -8.59086 41.1688
1298880260 -8.59096 41.1688
1298880261 -8.59106 41.1687
1298880262 -8.59115 41.1686
1298880263 -8.59125 41.1686
1298880264 -8.59135 41.1685
1298880265 -8.59144 41.1685
1298880266 -8.59154 41.1684
1298880267 -8.59163 41.1683
1298880268 -8.59173 41.1683
1298880269 -8.59183 41.1682
1298880270 -8.59193 41.1681
1298880271 -8.59204 41.1681
1298880272 -8.59216 41.168
1298880273 -8.59227 41.168
1298880274 -8.5924 41.1679
1298880275 -8.59252 41.1679
1298880276 -8.59262 41.1678
1298880277 -8.59273 41.1677
1298880278 -8.59282 41.1677
1298880279 -8.59289 41.1677
1298880280 -8.59295 41.1676
1298880281 -8.593 41.1676
1298880282 -8.59305 41.1676
1298880283 -8.5931 41.1676
1298880284 -8.59314 41.1675
1298880285 -8.59318 41.1675
1298880286 -8.59323 41.1675
1298880287 -8.59328 41.1675
1298880288 -8.59333 41.1675
1298880289 -8.59338 41.1674
1298880290 -8.59342 41.1674
1298880291 -8.59347 41.1674
1298880292 -8.59352 41.1674
1298880293 -8.59356 41.1673
1298880294 -8.5936 41.1673
1298880295 -8.59361 41.1673
1298880296 -8.59361 41.1673
1298880297 -8.59363 41.1673
1298880298 -8.59365 41.1673
1298880299 -8.59365 41.1673
1298880300 -8.59365 41.1673
1298880301 -8.59365 41.1673
1298880302 -8.59365 41.1673
1298880303 -8.59366 41.1673
1298880304 -8.59368 41.1673
1298880305 -8.5937 41.1673
1298880306 -8.59373 41.1673
1298880307 -8.59375 41.1673
1298880308 -8.59377 41.1673
1298880309 -8.59378 41.1673
1298880310 -8.59379 41.1672
1298880311 -8.5938 41.1672
1298880312 -8.59382 41.1672
1298880313 -8.59383 41.1672
1298880314 -8.59384 41.1672
1298880315 -8.59384 41.1672
1298880316 -8.59384 41.1672
1298880317 -8.59385 41.1672
1298880318 -8.59387 41.1672
1298880319 -8.59389 41.1672
1298880320 -8.59395 41.1672
1298880321 -8.594 41.1672
1298880322 -8.59405 41.1671
1298880323 -8.59407 41.1671
1298880324 -8.59407 41.1671
1298880325 -8.59407 41.1671
1298880326 -8.59408 41.1671
1298880327 -8.59408 41.1671
1298880328 -8.59408 41.1671
1298880329 -8.59409 41.1671
1298880330 -8.59409 41.1671
1298880331 -8.5941 41.1671
1298880332 -8.59411 41.1671
1298880333 -8.59414 41.1671
1298880334 -8.59417 41.1671
1298880335 -8.59423 41.1671
1298880336 -8.5943 41.1671
1298880337 -8.59437 41.1671
1298880338 -8.59446 41.167
1298880339 -8.59458 41.167
1298880340 -8.5947 41.167
1298880341 -8.59484 41.1669
1298880342 -8.59497 41.1669
1298880343 -8.59512 41.1668
1298880344 -8.59527 41.1668
1298880345 -8.59543 41.1667
1298880346 -8.59559 41.1667
1298880347 -8.59576 41.1666
1298880348 -8.59594 41.1665
1298880349 -8.59613 41.1665
1298880350 -8.59631 41.1664
1298880351 -8.59648 41.1664
1298880352 -8.59666 41.1663
1298880353 -8.59684 41.1663
1298880354 -8.59699 41.1662
1298880355 -8.59712 41.1662
1298880356 -8.59723 41.1661
1298880357 -8.59732 41.1661
1298880358 -8.59741 41.1661
1298880359 -8.59749 41.1661
1298880360 -8.59756 41.1661
1298880361 -8.59761 41.1661
1298880362 -8.59765 41.1661
1298880363 -8.5977 41.1661
1298880364 -8.59776 41.166
1298880365 -8.59785 41.166
1298880366 -8.59796 41.166
1298880367 -8.59808 41.166
1298880368 -8.5982 41.1659
1298880369 -8.59831 41.1659
1298880370 -8.59843 41.1658
1298880371 -8.59856 41.1657
1298880372 -8.5987 41.1657
1298880373 -8.59884 41.1656
1298880374 -8.59899 41.1655
1298880375 -8.59913 41.1655
1298880376 -8.59927 41.1654
1298880377 -8.5994 41.1653
1298880378 -8.59952 41.1653
1298880379 -8.59964 41.1652
1298880380 -8.59976 41.1652
1298880381 -8.59987 41.1651
1298880382 -8.59997 41.1651
1298880383 -8.60007 41.165
1298880384 -8.60015 41.1649
1298880385 -8.60024 41.1649
1298880386 -8.60033 41.1648
1298880387 -8.6004 41.1648
1298880388 -8.60048 41.1647
1298880389 -8.60055 41.1646
1298880390 -8.60063 41.1646
1298880391 -8.60072 41.1645
1298880392 -8.6008 41.1644
1298880393 -8.60089 41.1643
1298880394 -8.60096 41.1643
1298880395 -8.60103 41.1643
1298880396 -8.60107 41.1642
1298880397 -8.60111 41.1642
1298880398 -8.60113 41.1642
1298880399 -8.60115 41.1642
1298880400 -8.60116 41.1642
1298880401 -8.60117 41.1642
1298880402 -8.60117 41.1641
1298880403 -8.60117 41.1641
1298880404 -8.60117 41.1642
1298880405 -8.60116 41.1642
1298880406 -8.60116 41.1642
1298880407 -8.60116 41.1642
1298880408 -8.60116 41.1642
1298880409 -8.60116 41.1642
1298880410 -8.60116 41.1642
1298880411 -8.60116 41.1642
1298880412 -8.60116 41.1642
1298880413 -8.60116 41.1642
1298880414 -8.60116 41.1642
1298880415 -8.60116 41.1642
1298880416 -8.60116 41.1642
1298880417 -8.60115 41.1642
1298880418 -8.60115 41.1642
1298880419 -8.60115 41.1642
1298880420 -8.60115 41.1642
1298880421 -8.60115 41.1642
1298880422 -8.60115 41.1642
1298880423 -8.60115 41.1642
1298880424 -8.60115 41.1642
1298880425 -8.60116 41.1641
1298880426 -8.60118 41.1641
1298880427 -8.60122 41.1641
1298880428 -8.60126 41.1641
1298880429 -8.60128 41.164
1298880430 -8.60132 41.164
1298880431 -8.60136 41.164
1298880432 -8.60143 41.1639
1298880433 -8.6015 41.1639
1298880434 -8.60158 41.1638
1298880435 -8.60164 41.1638
1298880436 -8.60171 41.1637
1298880437 -8.60177 41.1637
1298880438 -8.60185 41.1636
1298880439 -8.60194 41.1636
1298880440 -8.60203 41.1635
1298880441 -8.6021 41.1634
1298880442 -8.60217 41.1634
1298880443 -8.60225 41.1633
1298880444 -8.60234 41.1632
1298880445 -8.60243 41.1632
1298880446 -8.60252 41.1631
1298880447 -8.60261 41.163
1298880448 -8.60269 41.163
1298880449 -8.60278 41.1629
1298880450 -8.60285 41.1628
1298880451 -8.60293 41.1627
1298880452 -8.60302 41.1627
1298880453 -8.60311 41.1626
1298880454 -8.60319 41.1625
1298880455 -8.60325 41.1625
1298880456 -8.60331 41.1624
1298880457 -8.60337 41.1624
1298880458 -8.60341 41.1624
1298880459 -8.60344 41.1623
1298880460 -8.60347 41.1623
1298880461 -8.60349 41.1623
1298880462 -8.6035 41.1623
1298880463 -8.60351 41.1623
1298880464 -8.60351 41.1623
1298880465 -8.60352 41.1623
1298880466 -8.60352 41.1623
1298880467 -8.60353 41.1623
1298880468 -8.60353 41.1623
1298880469 -8.60353 41.1623
1298880470 -8.60353 41.1623
1298880471 -8.60354 41.1623
1298880472 -8.60354 41.1623
1298880473 -8.60354 41.1623
1298880474 -8.60354 41.1623
1298880475 -8.60354 41.1623
1298880476 -8.60354 41.1623
1298880477 -8.60354 41.1623
1298880478 -8.60354 41.1623
1298880479 -8.60354 41.1623
1298880480 -8.60354 41.1623
1298880481 -8.60355 41.1623
1298880482 -8.60355 41.1623
1298880483 -8.60355 41.1623
1298880484 -8.60355 41.1623
1298880485 -8.60355 41.1623
1298880486 -8.60355 41.1623
1298880487 -8.60355 41.1623
1298880488 -8.60355 41.1623
1298880489 -8.60355 41.1623
1298880490 -8.60355 41.1623
1298880491 -8.60355 41.1623
1298880492 -8.60355 41.1623
1298880493 -8.60355 41.1623
1298880494 -8.60355 41.1623
1298880495 -8.60355 41.1623
1298880496 -8.60355 41.1623
1298880497 -8.60355 41.1623
1298880498 -8.60355 41.1623
1298880499 -8.60355 41.1623
1298880500 -8.60355 41.1623
1298880501 -8.60355 41.1623
1298880502 -8.60356 41.1623
1298880503 -8.60356 41.1623
1298880504 -8.60356 41.1623
1298880505 -8.60356 41.1623
1298880506 -8.60356 41.1623
1298880507 -8.60356 41.1623
1298880508 -8.60356 41.1623
1298880509 -8.60356 41.1623
1298880510 -8.60356 41.1623
1298880511 -8.60356 41.1623
1298880512 -8.60355 41.1623
1298880513 -8.60355 41.1623
1298880514 -8.60355 41.1623
1298880515 -8.60355 41.1623
1298880516 -8.60355 41.1623
1298880517 -8.60355 41.1623
1298880518 -8.60355 41.1623
1298880519 -8.60356 41.1623
1298880520 -8.60358 41.1623
1298880521 -8.60359 41.1623
1298880522 -8.6036 41.1623
1298880523 -8.6036 41.1622
1298880524 -8.6036 41.1622
1298880525 -8.6036 41.1622
1298880526 -8.60359 41.1622
1298880527 -8.60359 41.1622
1298880528 -8.60359 41.1622
1298880529 -8.60358 41.1622
1298880530 -8.60358 41.1622
1298880531 -8.60358 41.1622
1298880532 -8.60358 41.1622
1298880533 -8.60358 41.1622
1298880534 -8.60358 41.1622
1298880535 -8.60358 41.1622
1298880536 -8.60359 41.1622
1298880537 -8.6036 41.1622
1298880538 -8.60363 41.1622
1298880539 -8.60367 41.1622
1298880540 -8.6037 41.1621
1298880541 -8.60374 41.1621
1298880542 -8.60378 41.1621
1298880543 -8.60383 41.162
1298880544 -8.60387 41.162
1298880545 -8.60393 41.162
1298880546 -8.60398 41.162
1298880547 -8.60403 41.1619
1298880548 -8.60408 41.1619
1298880549 -8.60416 41.1619
1298880550 -8.60423 41.1619
1298880551 -8.60431 41.1619
1298880552 -8.60437 41.1619
1298880553 -8.60442 41.1619
1298880554 -8.60448 41.1619
1298880555 -8.60454 41.1619
1298880556 -8.60459 41.1619
1298880557 -8.60463 41.1619
1298880558 -8.60468 41.1619
1298880559 -8.6047 41.1619
1298880560 -8.60472 41.162
1298880561 -8.60474 41.162
1298880562 -8.60474 41.162
1298880563 -8.60474 41.162
1298880564 -8.60474 41.162
1298880565 -8.60475 41.162
1298880566 -8.60475 41.162
1298880567 -8.60475 41.162
1298880568 -8.60476 41.162
1298880569 -8.60477 41.162
1298880570 -8.6048 41.162
1298880571 -8.60484 41.162
1298880572 -8.6049 41.162
1298880573 -8.60496 41.162
1298880574 -8.60504 41.162
1298880575 -8.60512 41.162
1298880576 -8.60521 41.162
1298880577 -8.6053 41.162
1298880578 -8.60541 41.162
1298880579 -8.6055 41.162
1298880580 -8.60558 41.1621
1298880581 -8.60565 41.1621
1298880582 -8.60571 41.1621
1298880583 -8.60576 41.1621
1298880584 -8.6058 41.1621
1298880585 -8.60584 41.1621
1298880586 -8.60587 41.1621
1298880587 -8.60591 41.1621
1298880588 -8.60594 41.1621
1298880589 -8.60598 41.1621
1298880590 -8.60602 41.1621
1298880591 -8.60606 41.1621
1298880592 -8.60612 41.1621
1298880593 -8.60619 41.1622
1298880594 -8.60627 41.1622
1298880595 -8.60636 41.1622
1298880596 -8.60644 41.1622
1298880597 -8.60652 41.1622
1298880598 -8.6066 41.1622
1298880599 -8.60669 41.1622
1298880600 -8.60679 41.1622
1298880601 -8.60689 41.1622
1298880602 -8.60699 41.1622
1298880603 -8.6071 41.1623
1298880604 -8.6072 41.1623
1298880605 -8.60729 41.1623
1298880606 -8.60738 41.1623
1298880607 -8.60746 41.1623
1298880608 -8.60756 41.1623
1298880609 -8.60766 41.1623
1298880610 -8.60776 41.1624
1298880611 -8.60786 41.1624
1298880612 -8.60798 41.1624
1298880613 -8.60809 41.1624
1298880614 -8.60819 41.1624
1298880615 -8.60829 41.1624
1298880616 -8.6084 41.1624
1298880617 -8.60851 41.1624
1298880618 -8.60862 41.1625
1298880619 -8.60873 41.1625
1298880620 -8.60885 41.1625
1298880621 -8.60895 41.1625
1298880622 -8.60904 41.1625
1298880623 -8.60913 41.1625
1298880624 -8.60921 41.1625
1298880625 -8.60932 41.1625
1298880626 -8.60944 41.1625
1298880627 -8.60957 41.1626
1298880628 -8.60971 41.1626
1298880629 -8.60987 41.1626
1298880630 -8.61003 41.1626
1298880631 -8.61017 41.1626
1298880632 -8.61033 41.1627
1298880633 -8.61047 41.1627
1298880634 -8.61062 41.1627
1298880635 -8.61073 41.1627
1298880636 -8.61082 41.1627
1298880637 -8.61088 41.1627
1298880638 -8.61093 41.1627
1298880639 -8.61096 41.1627
1298880640 -8.61097 41.1627
1298880641 -8.61097 41.1627
1298880642 -8.61097 41.1627
1298880643 -8.61097 41.1627
1298880644 -8.61096 41.1627
1298880645 -8.61096 41.1627
1298880646 -8.61096 41.1628
1298880647 -8.61095 41.1628
1298880648 -8.61095 41.1628
1298880649 -8.61094 41.1628
1298880650 -8.61094 41.1628
1298880651 -8.61094 41.1628
1298880652 -8.61093 41.1628
1298880653 -8.61093 41.1628
1298880654 -8.61093 41.1628
1298880655 -8.61093 41.1628
1298880656 -8.61092 41.1628
1298880657 -8.61092 41.1628
1298880658 -8.61092 41.1628
1298880659 -8.61092 41.1628
1298880660 -8.61091 41.1628
1298880661 -8.61091 41.1628
1298880662 -8.61091 41.1628
1298880663 -8.61091 41.1628
1298880664 -8.6109 41.1628
1298880665 -8.6109 41.1628
1298880666 -8.6109 41.1628
1298880667 -8.6109 41.1628
1298880668 -8.61089 41.1628
1298880669 -8.61089 41.1628
1298880670 -8.61089 41.1628
1298880671 -8.61089 41.1628
1298880672 -8.61089 41.1628
1298880673 -8.61089 41.1628
1298880674 -8.61089 41.1628
1298880675 -8.61089 41.1628
1298880676 -8.6109 41.1628
1298880677 -8.6109 41.1628
1298880678 -8.6109 41.1628
1298880679 -8.6109 41.1628
1298880680 -8.6109 41.1628
1298880681 -8.61091 41.1628
1298880682 -8.61091 41.1628
1298880683 -8.61091 41.1628
1298880684 -8.61091 41.1628
1298880685 -8.61092 41.1628
1298880686 -8.61092 41.1628
1298880687 -8.61092 41.1628
1298880688 -8.61092 41.1628
1298880689 -8.61092 41.1628
1298880690 -8.61092 41.1628
1298880691 -8.61092 41.1628
1298880692 -8.61092 41.1628
1298880693 -8.61093 41.1628
1298880694 -8.61093 41.1628
1298880695 -8.61096 41.1628
1298880696 -8.61099 41.1628
1298880697 -8.61104 41.1628
1298880698 -8.6111 41.1628
1298880699 -8.61114 41.1627
1298880700 -8.61116 41.1627
1298880701 -8.61118 41.1627
1298880702 -8.6112 41.1626
1298880703 -8.61122 41.1625
1298880704 -8.61123 41.1625
1298880705 -8.61125 41.1624
1298880706 -8.61125 41.1623
1298880707 -8.61125 41.1623
1298880708 -8.61125 41.1622
1298880709 -8.61125 41.1622
1298880710 -8.61126 41.1621
1298880711 -8.61128 41.1621
1298880712 -8.6113 41.162
1298880713 -8.61132 41.162
1298880714 -8.61133 41.162
1298880715 -8.61133 41.162
1298880716 -8.61133 41.162
1298880717 -8.61133 41.1619
1298880718 -8.61133 41.1619
1298880719 -8.61133 41.1619
1298880720 -8.61132 41.1619
1298880721 -8.61132 41.1619
1298880722 -8.61133 41.1619
1298880723 -8.61133 41.1619
1298880724 -8.61133 41.1619
1298880725 -8.61133 41.1619
1298880726 -8.61133 41.1619
1298880727 -8.61133 41.1619
1298880728 -8.61133 41.1619
1298880729 -8.61134 41.1618
1298880730 -8.61135 41.1618
1298880731 -8.61136 41.1617
1298880732 -8.61137 41.1616
1298880733 -8.61139 41.1616
1298880734 -8.61141 41.1615
1298880735 -8.61142 41.1614
1298880736 -8.61143 41.1613
1298880737 -8.61146 41.1612
1298880738 -8.61148 41.1611
1298880739 -8.61149 41.161
1298880740 -8.61151 41.161
1298880741 -8.61152 41.1609
1298880742 -8.61153 41.1608
1298880743 -8.61155 41.1607
1298880744 -8.61157 41.1606
1298880745 -8.6116 41.1605
1298880746 -8.61161 41.1605
1298880747 -8.61163 41.1604
1298880748 -8.61166 41.1603
1298880749 -8.61168 41.1602
1298880750 -8.6117 41.1601
1298880751 -8.61172 41.16
1298880752 -8.61174 41.1599
1298880753 -8.61176 41.1598
1298880754 -8.61178 41.1597
1298880755 -8.6118 41.1596
1298880756 -8.61183 41.1595
1298880757 -8.61184 41.1595
1298880758 -8.61185 41.1594
1298880759 -8.61187 41.1593
1298880760 -8.61189 41.1592
1298880761 -8.61191 41.1591
1298880762 -8.61194 41.159
1298880763 -8.61196 41.159
1298880764 -8.61196 41.1589
1298880765 -8.61198 41.1588
1298880766 -8.61202 41.1587
1298880767 -8.61205 41.1586
1298880768 -8.61207 41.1585
1298880769 -8.61211 41.1584
1298880770 -8.61214 41.1583
1298880771 -8.61218 41.1582
1298880772 -8.61223 41.1581
1298880773 -8.61229 41.158
1298880774 -8.61236 41.1579
1298880775 -8.61242 41.1578
1298880776 -8.61248 41.1577
1298880777 -8.61254 41.1576
1298880778 -8.6126 41.1575
1298880779 -8.61266 41.1574
1298880780 -8.61272 41.1573
1298880781 -8.61278 41.1571
1298880782 -8.61286 41.157
1298880783 -8.61292 41.1569
1298880784 -8.61297 41.1568
1298880785 -8.61302 41.1567
1298880786 -8.61306 41.1567
1298880787 -8.61311 41.1566
1298880788 -8.61313 41.1565
1298880789 -8.61314 41.1565
1298880790 -8.61315 41.1564
1298880791 -8.61315 41.1564
1298880792 -8.61316 41.1564
1298880793 -8.61316 41.1564
1298880794 -8.61316 41.1564
1298880795 -8.61316 41.1564
1298880796 -8.61316 41.1564
1298880797 -8.61316 41.1564
1298880798 -8.61316 41.1564
1298880799 -8.61316 41.1564
1298880800 -8.61316 41.1564
1298880801 -8.61316 41.1564
1298880802 -8.61316 41.1564
1298880803 -8.61316 41.1564
1298880804 -8.61316 41.1564
1298880805 -8.61316 41.1564
1298880806 -8.61316 41.1564
1298880807 -8.61316 41.1564
1298880808 -8.61316 41.1564
1298880809 -8.61316 41.1564
1298880810 -8.61316 41.1564
1298880811 -8.61316 41.1564
1298880812 -8.61316 41.1564
1298880813 -8.61316 41.1564
1298880814 -8.61317 41.1564
1298880815 -8.61317 41.1564
1298880816 -8.61317 41.1564
1298880817 -8.61317 41.1564
1298880818 -8.61317 41.1564
1298880819 -8.61317 41.1564
1298880820 -8.61317 41.1564
1298880821 -8.61317 41.1564
1298880822 -8.61317 41.1564
1298880823 -8.61318 41.1564
1298880824 -8.61318 41.1564
1298880825 -8.61318 41.1564
1298880826 -8.61318 41.1564
1298880827 -8.61318 41.1564
1298880828 -8.61318 41.1564
1298880829 -8.61318 41.1564
1298880830 -8.61319 41.1564
1298880831 -8.61319 41.1564
1298880832 -8.61319 41.1564
1298880833 -8.61319 41.1564
1298880834 -8.61319 41.1564
1298880835 -8.61319 41.1564
1298880836 -8.6132 41.1564
1298880837 -8.6132 41.1564
1298880838 -8.6132 41.1564
1298880839 -8.6132 41.1564
1298880840 -8.6132 41.1564
1298880841 -8.6132 41.1564
1298880842 -8.6132 41.1564
1298880843 -8.6132 41.1564
1298880844 -8.6132 41.1564
1298880845 -8.6132 41.1564
1298880846 -8.6132 41.1564
1298880847 -8.6132 41.1563
1298880848 -8.61321 41.1563
1298880849 -8.61322 41.1562
1298880850 -8.61322 41.1562
1298880851 -8.61322 41.1561
1298880852 -8.61324 41.156
1298880853 -8.61325 41.156
1298880854 -8.61326 41.1559
1298880855 -8.61327 41.1558
1298880856 -8.61328 41.1557
1298880857 -8.61329 41.1557
1298880858 -8.61329 41.1556
1298880859 -8.61329 41.1555
1298880860 -8.61331 41.1555
1298880861 -8.61331 41.1555
1298880862 -8.61332 41.1555
1298880863 -8.61333 41.1555
1298880864 -8.61334 41.1555
1298880865 -8.61335 41.1555
1298880866 -8.61336 41.1554
1298880867 -8.61336 41.1554
1298880868 -8.61336 41.1554
1298880869 -8.61336 41.1554
1298880870 -8.61336 41.1554
1298880871 -8.61336 41.1554
1298880872 -8.61336 41.1554
1298880873 -8.61336 41.1554
1298880874 -8.61336 41.1554
1298880875 -8.61336 41.1554
1298880876 -8.61336 41.1554
1298880877 -8.61336 41.1554
1298880878 -8.61336 41.1554
1298880879 -8.61336 41.1554
1298880880 -8.61336 41.1554
1298880881 -8.61336 41.1554
1298880882 -8.61336 41.1554
1298880883 -8.61336 41.1554
1298880884 -8.61336 41.1554
1298880885 -8.61336 41.1554
1298880886 -8.61336 41.1554
1298880887 -8.61336 41.1554
1298880888 -8.61336 41.1554
1298880889 -8.61336 41.1554
1298880890 -8.61336 41.1554
1298880891 -8.61336 41.1554
1298880892 -8.61336 41.1554
1298880893 -8.61336 41.1554
1298880894 -8.61336 41.1554
1298880895 -8.61336 41.1554
1298880896 -8.61336 41.1554
1298880897 -8.61336 41.1554
1298880898 -8.61336 41.1554
1298880899 -8.61336 41.1554
1298880900 -8.61336 41.1554
1298880901 -8.61336 41.1554
1298880902 -8.61336 41.1554
1298880903 -8.61336 41.1554
1298880904 -8.61336 41.1554
1298880905 -8.61336 41.1554
1298880906 -8.61336 41.1554
1298880907 -8.61335 41.1554
1298880908 -8.61335 41.1554
1298880909 -8.61336 41.1554
1298880910 -8.61336 41.1554
1298880911 -8.61336 41.1554
1298880912 -8.61336 41.1554
1298880913 -8.61336 41.1554
1298880914 -8.61336 41.1554
1298880915 -8.61336 41.1554
1298880916 -8.61336 41.1554
1298880917 -8.61336 41.1554
1298880918 -8.61336 41.1554
1298880919 -8.61336 41.1554
1298880920 -8.61336 41.1554
1298880921 -8.61336 41.1554
1298880922 -8.61337 41.1554
1298880923 -8.61337 41.1554
1298880924 -8.61337 41.1554
1298880925 -8.61337 41.1554
1298880926 -8.61337 41.1554
1298880927 -8.61337 41.1554
1298880928 -8.61337 41.1554
1298880929 -8.61337 41.1554
1298880930 -8.61337 41.1554
1298880931 -8.61337 41.1554
1298880932 -8.61337 41.1554
1298880933 -8.61337 41.1554
1298880934 -8.61336 41.1553
1298880935 -8.61339 41.1553
1298880936 -8.61343 41.1553
1298880937 -8.6135 41.1553
1298880938 -8.61357 41.1553
1298880939 -8.61364 41.1553
1298880940 -8.61371 41.1553
1298880941 -8.61377 41.1554
1298880942 -8.61382 41.1554
1298880943 -8.61386 41.1554
1298880944 -8.6139 41.1554
1298880945 -8.61395 41.1554
1298880946 -8.61397 41.1554
1298880947 -8.61399 41.1555
1298880948 -8.614 41.1555
1298880949 -8.614 41.1555
1298880950 -8.614 41.1555
1298880951 -8.61401 41.1555
1298880952 -8.61402 41.1555
1298880953 -8.61403 41.1555
1298880954 -8.61405 41.1555
1298880955 -8.61407 41.1555
1298880956 -8.61409 41.1555
1298880957 -8.6141 41.1555
1298880958 -8.61409 41.1555
1298880959 -8.61409 41.1555
1298880960 -8.6141 41.1555
1298880961 -8.6141 41.1555
1298880962 -8.61411 41.1555
1298880963 -8.61412 41.1555
1298880964 -8.61412 41.1555
1298880965 -8.61413 41.1555
1298880966 -8.61415 41.1555
1298880967 -8.61416 41.1555
1298880968 -8.61417 41.1555
1298880969 -8.61419 41.1555
1298880970 -8.6142 41.1555
1298880971 -8.61421 41.1555
1298880972 -8.61421 41.1555
1298880973 -8.61422 41.1555
1298880974 -8.61425 41.1555
1298880975 -8.61428 41.1556
1298880976 -8.6143 41.1556
1298880977 -8.61434 41.1556
1298880978 -8.61438 41.1556
1298880979 -8.61441 41.1556
1298880980 -8.61443 41.1556
1298880981 -8.61444 41.1556
1298880982 -8.61445 41.1556
1298880983 -8.61446 41.1556
1298880984 -8.61448 41.1556
1298880985 -8.61449 41.1556
1298880986 -8.61451 41.1556
1298880987 -8.61451 41.1556
1298880988 -8.61451 41.1556
1298880989 -8.61451 41.1556
1298880990 -8.61451 41.1556
1298880991 -8.61451 41.1556
1298880992 -8.61451 41.1556
1298880993 -8.61451 41.1556
1298880994 -8.61452 41.1556
1298880995 -8.61452 41.1556
1298880996 -8.61453 41.1556
1298880997 -8.61455 41.1556
1298880998 -8.61457 41.1556
1298880999 -8.61458 41.1556
1298881000 -8.61461 41.1556
1298881001 -8.61465 41.1557
1298881002 -8.61468 41.1557
1298881003 -8.61473 41.1557
1298881004 -8.61477 41.1557
1298881005 -8.6148 41.1557
1298881006 -8.61482 41.1557
1298881007 -8.61484 41.1557
1298881008 -8.61485 41.1557
1298881009 -8.61487 41.1557
1298881010 -8.61489 41.1557
1298881011 -8.61491 41.1557
1298881012 -8.61494 41.1557
1298881013 -8.61496 41.1557
1298881014 -8.61499 41.1557
1298881015 -8.61503 41.1557
1298881016 -8.61508 41.1557
1298881017 -8.61512 41.1557
1298881018 -8.61517 41.1557
1298881019 -8.6152 41.1557
1298881020 -8.61525 41.1557
1298881021 -8.61529 41.1557
1298881022 -8.61534 41.1557
1298881023 -8.61538 41.1557
1298881024 -8.61541 41.1557
1298881025 -8.61545 41.1557
1298881026 -8.61548 41.1557
1298881027 -8.61554 41.1557
1298881028 -8.6156 41.1557
1298881029 -8.61567 41.1558
1298881030 -8.61576 41.1558
1298881031 -8.61585 41.1558
1298881032 -8.61596 41.1558
1298881033 -8.61607 41.1558
1298881034 -8.61619 41.1558
1298881035 -8.61632 41.1558
1298881036 -8.61644 41.1558
1298881037 -8.61655 41.1558
1298881038 -8.61667 41.1559
1298881039 -8.61679 41.1559
1298881040 -8.61691 41.1559
1298881041 -8.61701 41.1559
1298881042 -8.6171 41.1559
1298881043 -8.61719 41.156
1298881044 -8.61727 41.156
1298881045 -8.61736 41.156
1298881046 -8.61745 41.1561
1298881047 -8.61756 41.1561
1298881048 -8.61768 41.1561
1298881049 -8.61782 41.1561
1298881050 -8.61799 41.1561
1298881051 -8.6181 41.1561
1298881052 -8.61822 41.1561
1298881053 -8.61833 41.1562
1298881054 -8.61843 41.1562
1298881055 -8.61853 41.1562
1298881056 -8.61862 41.1562
1298881057 -8.6187 41.1563
1298881058 -8.61878 41.1563
1298881059 -8.61885 41.1563
1298881060 -8.61892 41.1563
1298881061 -8.61898 41.1563
1298881062 -8.61901 41.1563
1298881063 -8.61903 41.1563
1298881064 -8.61905 41.1563
1298881065 -8.61906 41.1563
1298881066 -8.61907 41.1563
1298881067 -8.61908 41.1563
1298881068 -8.61909 41.1563
1298881069 -8.61912 41.1563
1298881070 -8.61916 41.1563
1298881071 -8.6192 41.1563
1298881072 -8.61926 41.1563
1298881073 -8.6193 41.1563
1298881074 -8.61935 41.1563
1298881075 -8.61939 41.1563
1298881076 -8.61944 41.1564
1298881077 -8.61951 41.1564
1298881078 -8.6196 41.1564
1298881079 -8.6197 41.1564
1298881080 -8.61983 41.1564
1298881081 -8.61995 41.1564
1298881082 -8.62008 41.1565
1298881083 -8.62022 41.1565
1298881084 -8.62036 41.1565
1298881085 -8.62052 41.1565
1298881086 -8.62065 41.1566
1298881087 -8.62078 41.1566
1298881088 -8.62088 41.1566
1298881089 -8.62097 41.1566
1298881090 -8.62105 41.1566
1298881091 -8.62111 41.1566
1298881092 -8.62116 41.1566
1298881093 -8.62124 41.1566
1298881094 -8.62129 41.1567
1298881095 -8.62134 41.1567
1298881096 -8.6214 41.1567
1298881097 -8.62145 41.1567
1298881098 -8.62151 41.1567
1298881099 -8.62158 41.1567
1298881100 -8.62167 41.1568
1298881101 -8.62177 41.1568
1298881102 -8.62188 41.1568
1298881103 -8.62203 41.1568
1298881104 -8.62216 41.1569
1298881105 -8.6223 41.1569
1298881106 -8.62241 41.1569
1298881107 -8.62251 41.1569
1298881108 -8.62259 41.1569
1298881109 -8.62266 41.1569
1298881110 -8.62273 41.1569
1298881111 -8.62279 41.1568
1298881112 -8.62282 41.1568
1298881113 -8.62284 41.1568
1298881114 -8.62285 41.1567
1298881115 -8.62288 41.1566
1298881116 -8.6229 41.1566
1298881117 -8.62291 41.1565
1298881118 -8.62292 41.1564
1298881119 -8.62294 41.1564
1298881120 -8.62294 41.1563
1298881121 -8.62296 41.1563
1298881122 -8.62298 41.1562
1298881123 -8.62299 41.1562
1298881124 -8.623 41.1562
1298881125 -8.62301 41.1561
1298881126 -8.62303 41.1561
1298881127 -8.62303 41.1561
1298881128 -8.62305 41.1561
1298881129 -8.62308 41.1561
1298881130 -8.62312 41.1561
1298881131 -8.62316 41.1561
1298881132 -8.62321 41.1561
1298881133 -8.62325 41.1561
1298881134 -8.6233 41.1561
1298881135 -8.62332 41.1561
1298881136 -8.62336 41.1561
1298881137 -8.62338 41.1561
1298881138 -8.6234 41.1561
1298881139 -8.6234 41.1561
1298881140 -8.6234 41.1561
1298881141 -8.6234 41.1561
1298881142 -8.6234 41.1561
1298881143 -8.6234 41.1561
1298881144 -8.6234 41.1561
1298881145 -8.6234 41.1561
1298881146 -8.6234 41.1561
1298881147 -8.6234 41.1561
1298881148 -8.6234 41.1561
1298881149 -8.62339 41.1561
1298881150 -8.62339 41.1561
1298881151 -8.62339 41.1561
1298881152 -8.62339 41.1561
1298881153 -8.62339 41.1561
1298881154 -8.62339 41.1561
1298881155 -8.62339 41.1561
1298881156 -8.62338 41.1561
1298881157 -8.62338 41.1561
1298881158 -8.62338 41.1561
1298881159 -8.62338 41.1561
1298881160 -8.62338 41.1561
1298881161 -8.62338 41.1561
1298881162 -8.62338 41.1561
1298881163 -8.62339 41.1561
1298881164 -8.62339 41.1561
1298881165 -8.62339 41.1561
1298881166 -8.62339 41.1561
1298881167 -8.62339 41.1561
1298881168 -8.62339 41.1561
1298881169 -8.62339 41.1561
1298881170 -8.6234 41.1561
1298881171 -8.6234 41.1561
1298881172 -8.6234 41.1561
1298881173 -8.6234 41.1561
1298881174 -8.6234 41.1561
1298881175 -8.6234 41.1561
1298881176 -8.6234 41.1561
1298881177 -8.6234 41.1561
1298881178 -8.62341 41.1561
1298881179 -8.62341 41.1561
1298881180 -8.62342 41.1561
1298881181 -8.62344 41.1561
1298881182 -8.62346 41.156
1298881183 -8.62349 41.156
1298881184 -8.62349 41.156
1298881185 -8.62349 41.156
1298881186 -8.6235 41.156
1298881187 -8.6235 41.156
1298881188 -8.6235 41.156
1298881189 -8.6235 41.156
1298881190 -8.6235 41.156
1298881191 -8.62351 41.156
1298881192 -8.62351 41.156
1298881193 -8.62351 41.156
1298881194 -8.62351 41.156
1298881195 -8.62351 41.156
1298881196 -8.62352 41.156
1298881197 -8.62352 41.156
1298881198 -8.62352 41.156
1298881199 -8.62352 41.156
1298881200 -8.62352 41.156
