:break:
1298880101 -8.64862 41.1542
1298880102 -8.64862 41.1542
1298880103 -8.64862 41.1542
1298880104 -8.64863 41.1541
1298880105 -8.64863 41.1541
1298880106 -8.64863 41.1541
1298880107 -8.64864 41.1541
1298880108 -8.64864 41.1541
1298880109 -8.64864 41.1541
1298880110 -8.64864 41.1541
1298880111 -8.64865 41.1541
1298880112 -8.64865 41.1541
1298880113 -8.64865 41.1541
1298880114 -8.64865 41.1541
1298880115 -8.64865 41.1541
1298880116 -8.64865 41.1541
1298880117 -8.64866 41.1541
1298880118 -8.64866 41.1541
1298880119 -8.64866 41.1541
1298880120 -8.64866 41.1541
1298880121 -8.64865 41.1541
1298880122 -8.64863 41.1541
1298880123 -8.6486 41.1541
1298880124 -8.64856 41.1541
1298880125 -8.64852 41.1542
1298880126 -8.64849 41.1542
1298880127 -8.64845 41.1542
1298880128 -8.64842 41.1542
1298880129 -8.64838 41.1542
1298880130 -8.64833 41.1542
1298880131 -8.6483 41.1543
1298880132 -8.64826 41.1543
1298880133 -8.64822 41.1544
1298880134 -8.64817 41.1544
1298880135 -8.64813 41.1545
1298880136 -8.64807 41.1546
1298880137 -8.64802 41.1546
1298880138 -8.64797 41.1547
1298880139 -8.6479 41.1548
1298880140 -8.64783 41.1548
1298880141 -8.64775 41.1549
1298880142 -8.64768 41.155
1298880143 -8.6476 41.155
1298880144 -8.64752 41.1551
1298880145 -8.64744 41.1552
1298880146 -8.64737 41.1552
1298880147 -8.6473 41.1553
1298880148 -8.64723 41.1553
1298880149 -8.64715 41.1554
1298880150 -8.64709 41.1555
1298880151 -8.64702 41.1555
1298880152 -8.64694 41.1556
1298880153 -8.64686 41.1556
1298880154 -8.64679 41.1557
1298880155 -8.64671 41.1558
1298880156 -8.64662 41.1558
1298880157 -8.64653 41.1559
1298880158 -8.64642 41.156
1298880159 -8.64632 41.1561
1298880160 -8.64621 41.1562
1298880161 -8.6461 41.1563
1298880162 -8.64601 41.1564
1298880163 -8.64592 41.1565
1298880164 -8.64583 41.1566
1298880165 -8.64573 41.1566
1298880166 -8.64565 41.1567
1298880167 -8.64557 41.1568
1298880168 -8.6455 41.1569
1298880169 -8.64545 41.157
1298880170 -8.64541 41.1571
1298880171 -8.64538 41.1572
1298880172 -8.64535 41.1573
1298880173 -8.64532 41.1574
1298880174 -8.64529 41.1575
1298880175 -8.64527 41.1576
1298880176 -8.64526 41.1577
1298880177 -8.64525 41.1578
1298880178 -8.64523 41.158
1298880179 -8.6452 41.1581
1298880180 -8.64518 41.1582
1298880181 -8.64513 41.1583
1298880182 -8.64507 41.1584
1298880183 -8.64499 41.1585
1298880184 -8.64489 41.1586
1298880185 -8.64478 41.1586
1298880186 -8.64466 41.1587
1298880187 -8.64455 41.1587
1298880188 -8.64444 41.1588
1298880189 -8.64435 41.1588
1298880190 -8.64425 41.1589
1298880191 -8.64415 41.1589
1298880192 -8.64402 41.159
1298880193 -8.64391 41.1591
1298880194 -8.64382 41.1591
1298880195 -8.64372 41.1592
1298880196 -8.64363 41.1592
1298880197 -8.64353 41.1592
1298880198 -8.64344 41.1593
1298880199 -8.64336 41.1593
1298880200 -8.64327 41.1594
1298880201 -8.64319 41.1594
1298880202 -8.64311 41.1595
1298880203 -8.64304 41.1595
1298880204 -8.643 41.1595
1298880205 -8.64296 41.1596
1298880206 -8.64294 41.1596
1298880207 -8.64293 41.1596
1298880208 -8.64293 41.1596
1298880209 -8.64294 41.1596
1298880210 -8.64294 41.1596
1298880211 -8.64294 41.1596
1298880212 -8.64294 41.1596
1298880213 -8.64294 41.1596
1298880214 -8.64294 41.1596
1298880215 -8.64294 41.1596
1298880216 -8.64294 41.1596
1298880217 -8.64294 41.1596
1298880218 -8.64294 41.1596
1298880219 -8.64295 41.1596
1298880220 -8.64295 41.1596
1298880221 -8.64294 41.1596
1298880222 -8.64293 41.1596
1298880223 -8.64292 41.1596
1298880224 -8.64287 41.1596
1298880225 -8.64282 41.1596
1298880226 -8.64276 41.1597
1298880227 -8.64269 41.1597
1298880228 -8.64262 41.1597
1298880229 -8.64255 41.1598
1298880230 -8.64248 41.1598
1298880231 -8.64243 41.1599
1298880232 -8.64238 41.1599
1298880233 -8.6423 41.1599
1298880234 -8.64227 41.16
1298880235 -8.64226 41.16
1298880236 -8.64225 41.16
1298880237 -8.64225 41.16
1298880238 -8.64226 41.16
1298880239 -8.64226 41.16
1298880240 -8.64225 41.16
1298880241 -8.64225 41.16
1298880242 -8.64225 41.16
1298880243 -8.64224 41.16
1298880244 -8.64224 41.16
1298880245 -8.64224 41.16
1298880246 -8.64224 41.16
1298880247 -8.64224 41.16
1298880248 -8.64224 41.16
1298880249 -8.64224 41.16
1298880250 -8.64224 41.16
1298880251 -8.64224 41.16
1298880252 -8.64224 41.16
1298880253 -8.64224 41.16
1298880254 -8.64224 41.16
1298880255 -8.64224 41.16
1298880256 -8.64224 41.16
1298880257 -8.64224 41.16
1298880258 -8.64224 41.16
1298880259 -8.64224 41.16
1298880260 -8.64224 41.16
1298880261 -8.64224 41.16
1298880262 -8.64224 41.16
1298880263 -8.64224 41.16
1298880264 -8.64224 41.16
1298880265 -8.64224 41.16
1298880266 -8.64225 41.16
1298880267 -8.64225 41.16
1298880268 -8.64225 41.16
1298880269 -8.64225 41.16
1298880270 -8.64225 41.16
1298880271 -8.64225 41.16
1298880272 -8.64225 41.16
1298880273 -8.64225 41.16
1298880274 -8.64225 41.1599
1298880275 -8.64225 41.1599
1298880276 -8.64225 41.1599
1298880277 -8.64225 41.1599
1298880278 -8.64226 41.1599
1298880279 -8.64226 41.1599
1298880280 -8.64226 41.1599
1298880281 -8.64226 41.1599
1298880282 -8.64226 41.1599
1298880283 -8.64226 41.1599
1298880284 -8.64226 41.1599
1298880285 -8.64226 41.1599
1298880286 -8.64226 41.1599
1298880287 -8.64227 41.1599
1298880288 -8.64227 41.1599
1298880289 -8.64227 41.1599
1298880290 -8.64227 41.1599
1298880291 -8.64227 41.1599
1298880292 -8.64227 41.1599
1298880293 -8.64227 41.1599
1298880294 -8.64227 41.1599
1298880295 -8.64227 41.1599
1298880296 -8.64227 41.1599
1298880297 -8.64228 41.1599
1298880298 -8.64228 41.1599
1298880299 -8.64228 41.1599
1298880300 -8.64228 41.1599
1298880301 -8.64227 41.1599
1298880302 -8.64226 41.1599
1298880303 -8.64223 41.1599
1298880304 -8.64221 41.16
1298880305 -8.6422 41.16
1298880306 -8.64218 41.16
1298880307 -8.64217 41.16
1298880308 -8.64214 41.16
1298880309 -8.64211 41.16
1298880310 -8.64206 41.16
1298880311 -8.64201 41.16
1298880312 -8.64195 41.16
1298880313 -8.6419 41.1599
1298880314 -8.64184 41.1599
1298880315 -8.64177 41.1599
1298880316 -8.64172 41.1599
1298880317 -8.64166 41.1599
1298880318 -8.64161 41.1599
1298880319 -8.64157 41.1599
1298880320 -8.64153 41.16
1298880321 -8.64151 41.16
1298880322 -8.6415 41.1601
1298880323 -8.64149 41.1601
1298880324 -8.64149 41.1601
1298880325 -8.64149 41.1601
1298880326 -8.6415 41.1602
1298880327 -8.64152 41.1602
1298880328 -8.64155 41.1602
1298880329 -8.64157 41.1602
1298880330 -8.64159 41.1603
1298880331 -8.6416 41.1603
1298880332 -8.6416 41.1603
1298880333 -8.64158 41.1604
1298880334 -8.64156 41.1604
1298880335 -8.64151 41.1604
1298880336 -8.64147 41.1605
1298880337 -8.64141 41.1605
1298880338 -8.64136 41.1606
1298880339 -8.64131 41.1606
1298880340 -8.64128 41.1607
1298880341 -8.64124 41.1607
1298880342 -8.6412 41.1607
1298880343 -8.64114 41.1608
1298880344 -8.64107 41.1609
1298880345 -8.64101 41.161
1298880346 -8.64093 41.161
1298880347 -8.64087 41.1611
1298880348 -8.64079 41.1611
1298880349 -8.64072 41.1612
1298880350 -8.64065 41.1612
1298880351 -8.64058 41.1613
1298880352 -8.6405 41.1613
1298880353 -8.64044 41.1613
1298880354 -8.6404 41.1614
1298880355 -8.64037 41.1614
1298880356 -8.64033 41.1615
1298880357 -8.6403 41.1616
1298880358 -8.64024 41.1616
1298880359 -8.6402 41.1617
1298880360 -8.64014 41.1617
1298880361 -8.64009 41.1618
1298880362 -8.64003 41.1619
1298880363 -8.63997 41.1619
1298880364 -8.63993 41.162
1298880365 -8.63987 41.162
1298880366 -8.63984 41.1621
1298880367 -8.63979 41.1621
1298880368 -8.63975 41.1621
1298880369 -8.63971 41.1622
1298880370 -8.63967 41.1622
1298880371 -8.63963 41.1623
1298880372 -8.63959 41.1623
1298880373 -8.63956 41.1623
1298880374 -8.6395 41.1624
1298880375 -8.63948 41.1624
1298880376 -8.63944 41.1624
1298880377 -8.63941 41.1625
1298880378 -8.63939 41.1625
1298880379 -8.63935 41.1625
1298880380 -8.63931 41.1626
1298880381 -8.63926 41.1626
1298880382 -8.63922 41.1626
1298880383 -8.63917 41.1627
1298880384 -8.63914 41.1627
1298880385 -8.63911 41.1627
1298880386 -8.63908 41.1627
1298880387 -8.63906 41.1627
1298880388 -8.63901 41.1627
1298880389 -8.63897 41.1627
1298880390 -8.63893 41.1627
1298880391 -8.63888 41.1627
1298880392 -8.63883 41.1626
1298880393 -8.63879 41.1626
1298880394 -8.63874 41.1626
1298880395 -8.6387 41.1625
1298880396 -8.63865 41.1625
1298880397 -8.63861 41.1625
1298880398 -8.63858 41.1624
1298880399 -8.63855 41.1624
1298880400 -8.63853 41.1624
1298880401 -8.63851 41.1624
1298880402 -8.6385 41.1624
1298880403 -8.63849 41.1623
1298880404 -8.63848 41.1623
1298880405 -8.63847 41.1623
1298880406 -8.63846 41.1623
1298880407 -8.63847 41.1623
1298880408 -8.63847 41.1623
1298880409 -8.63847 41.1623
1298880410 -8.63847 41.1623
1298880411 -8.63847 41.1623
1298880412 -8.63847 41.1623
1298880413 -8.63847 41.1623
1298880414 -8.63847 41.1623
1298880415 -8.63847 41.1623
1298880416 -8.63847 41.1623
1298880417 -8.63847 41.1623
1298880418 -8.63847 41.1623
1298880419 -8.63847 41.1623
1298880420 -8.63847 41.1623
1298880421 -8.63847 41.1623
1298880422 -8.63847 41.1623
1298880423 -8.63847 41.1623
1298880424 -8.63847 41.1623
1298880425 -8.63847 41.1623
1298880426 -8.63847 41.1623
1298880427 -8.63847 41.1623
1298880428 -8.63847 41.1623
1298880429 -8.63847 41.1623
1298880430 -8.63847 41.1623
1298880431 -8.63847 41.1623
1298880432 -8.63847 41.1623
1298880433 -8.63847 41.1623
1298880434 -8.63847 41.1623
1298880435 -8.63847 41.1623
1298880436 -8.63847 41.1623
1298880437 -8.63846 41.1623
1298880438 -8.63845 41.1623
1298880439 -8.63844 41.1623
1298880440 -8.63843 41.1623
1298880441 -8.63842 41.1623
1298880442 -8.63842 41.1623
1298880443 -8.63842 41.1623
1298880444 -8.63842 41.1623
1298880445 -8.63843 41.1623
1298880446 -8.63845 41.1623
1298880447 -8.63845 41.1623
1298880448 -8.63845 41.1623
1298880449 -8.63845 41.1624
1298880450 -8.63846 41.1624
1298880451 -8.63849 41.1624
1298880452 -8.63852 41.1624
1298880453 -8.63857 41.1625
1298880454 -8.63861 41.1625
1298880455 -8.63868 41.1625
1298880456 -8.63873 41.1626
1298880457 -8.63879 41.1626
1298880458 -8.63885 41.1627
1298880459 -8.63889 41.1627
1298880460 -8.63892 41.1628
1298880461 -8.63893 41.1628
1298880462 -8.6389 41.1628
1298880463 -8.63887 41.1629
1298880464 -8.63881 41.1629
1298880465 -8.63875 41.1629
1298880466 -8.63869 41.163
1298880467 -8.63862 41.163
1298880468 -8.63856 41.163
1298880469 -8.6385 41.1631
1298880470 -8.63842 41.1631
1298880471 -8.63834 41.1632
1298880472 -8.63826 41.1632
1298880473 -8.63817 41.1633
1298880474 -8.63807 41.1633
1298880475 -8.63798 41.1634
1298880476 -8.63788 41.1634
1298880477 -8.63779 41.1635
1298880478 -8.63771 41.1635
1298880479 -8.63762 41.1636
1298880480 -8.63753 41.1636
1298880481 -8.63746 41.1637
1298880482 -8.6374 41.1637
1298880483 -8.63734 41.1637
1298880484 -8.63727 41.1638
1298880485 -8.63722 41.1638
1298880486 -8.63716 41.1638
1298880487 -8.63711 41.1638
1298880488 -8.63704 41.1639
1298880489 -8.63699 41.1639
1298880490 -8.63692 41.1639
1298880491 -8.63688 41.1639
1298880492 -8.63682 41.164
1298880493 -8.63678 41.164
1298880494 -8.63675 41.164
1298880495 -8.63673 41.164
1298880496 -8.63672 41.164
1298880497 -8.63671 41.1641
1298880498 -8.63671 41.1641
1298880499 -8.6367 41.1641
1298880500 -8.6367 41.1641
1298880501 -8.6367 41.1641
1298880502 -8.63669 41.1641
1298880503 -8.63669 41.1641
1298880504 -8.63669 41.1641
1298880505 -8.63669 41.1641
1298880506 -8.63669 41.1641
1298880507 -8.63669 41.1641
1298880508 -8.63668 41.1641
1298880509 -8.63668 41.1641
1298880510 -8.63668 41.1641
1298880511 -8.63668 41.1641
1298880512 -8.63668 41.1641
1298880513 -8.63668 41.1641
1298880514 -8.63668 41.1641
1298880515 -8.63668 41.1641
1298880516 -8.63667 41.1641
1298880517 -8.63667 41.1641
1298880518 -8.63667 41.1641
1298880519 -8.63667 41.1641
1298880520 -8.63667 41.1641
1298880521 -8.63667 41.1641
1298880522 -8.63667 41.1641
1298880523 -8.63667 41.1641
1298880524 -8.63667 41.1641
1298880525 -8.63667 41.1641
1298880526 -8.63667 41.1641
1298880527 -8.63667 41.1641
1298880528 -8.63667 41.1641
1298880529 -8.63666 41.1641
1298880530 -8.63666 41.1641
1298880531 -8.63666 41.1641
1298880532 -8.63666 41.1641
1298880533 -8.63666 41.1641
1298880534 -8.63666 41.1641
1298880535 -8.63666 41.1641
1298880536 -8.63666 41.1641
1298880537 -8.63666 41.1641
1298880538 -8.63666 41.1641
1298880539 -8.63666 41.1641
1298880540 -8.63665 41.1641
1298880541 -8.63663 41.1641
1298880542 -8.63661 41.1641
1298880543 -8.63656 41.1642
1298880544 -8.63652 41.1642
1298880545 -8.63646 41.1642
1298880546 -8.6364 41.1642
1298880547 -8.63633 41.1642
1298880548 -8.63625 41.1642
1298880549 -8.63616 41.1642
1298880550 -8.63607 41.1642
1298880551 -8.63596 41.1641
1298880552 -8.63585 41.1641
1298880553 -8.63573 41.1641
1298880554 -8.63562 41.164
1298880555 -8.6355 41.164
1298880556 -8.63538 41.1639
1298880557 -8.63527 41.1639
1298880558 -8.63515 41.1639
1298880559 -8.63502 41.1638
1298880560 -8.6349 41.1638
1298880561 -8.63477 41.1638
1298880562 -8.63465 41.1637
1298880563 -8.63451 41.1637
1298880564 -8.63438 41.1636
1298880565 -8.63426 41.1636
1298880566 -8.63414 41.1635
1298880567 -8.63401 41.1635
1298880568 -8.63391 41.1635
1298880569 -8.6338 41.1634
1298880570 -8.63371 41.1634
1298880571 -8.63363 41.1633
1298880572 -8.63356 41.1633
1298880573 -8.6335 41.1633
1298880574 -8.63346 41.1632
1298880575 -8.63341 41.1632
1298880576 -8.63339 41.1632
1298880577 -8.63335 41.1632
1298880578 -8.6333 41.1632
1298880579 -8.63325 41.1632
1298880580 -8.6332 41.1632
1298880581 -8.63314 41.1632
1298880582 -8.63308 41.1632
1298880583 -8.63302 41.1632
1298880584 -8.63298 41.1632
1298880585 -8.63293 41.1632
1298880586 -8.6329 41.1632
1298880587 -8.63289 41.1632
1298880588 -8.63288 41.1632
1298880589 -8.63287 41.1632
1298880590 -8.63287 41.1632
1298880591 -8.63287 41.1632
1298880592 -8.63287 41.1632
1298880593 -8.63287 41.1632
1298880594 -8.63287 41.1632
1298880595 -8.63288 41.1632
1298880596 -8.63287 41.1632
1298880597 -8.63287 41.1632
1298880598 -8.63287 41.1632
1298880599 -8.63287 41.1632
1298880600 -8.63286 41.1632
1298880601 -8.63286 41.1632
1298880602 -8.63286 41.1632
1298880603 -8.63286 41.1632
1298880604 -8.63286 41.1632
1298880605 -8.63286 41.1632
1298880606 -8.63286 41.1632
1298880607 -8.63285 41.1632
1298880608 -8.63286 41.1632
1298880609 -8.63287 41.1632
1298880610 -8.63288 41.1632
1298880611 -8.63288 41.1632
1298880612 -8.63287 41.1632
1298880613 -8.63287 41.1632
1298880614 -8.63287 41.1632
1298880615 -8.63286 41.1632
1298880616 -8.63286 41.1632
1298880617 -8.63285 41.1632
1298880618 -8.63285 41.1632
1298880619 -8.63285 41.1632
1298880620 -8.63285 41.1632
1298880621 -8.63284 41.1632
1298880622 -8.63284 41.1632
1298880623 -8.63284 41.1632
1298880624 -8.63283 41.1632
1298880625 -8.63283 41.1632
1298880626 -8.63282 41.1632
1298880627 -8.63282 41.1631
1298880628 -8.63281 41.1631
1298880629 -8.63281 41.1631
1298880630 -8.6328 41.1631
1298880631 -8.63279 41.1631
1298880632 -8.63279 41.1631
1298880633 -8.63278 41.1631
1298880634 -8.63277 41.1631
1298880635 -8.63276 41.1631
1298880636 -8.63276 41.1631
1298880637 -8.63276 41.1631
1298880638 -8.63276 41.1631
1298880639 -8.63275 41.1631
1298880640 -8.63275 41.1631
1298880641 -8.63275 41.1631
1298880642 -8.63275 41.1631
1298880643 -8.63275 41.1631
1298880644 -8.63275 41.1631
1298880645 -8.63275 41.1631
1298880646 -8.63275 41.1631
1298880647 -8.63274 41.1631
1298880648 -8.63274 41.1631
1298880649 -8.63274 41.1631
1298880650 -8.63274 41.1631
1298880651 -8.63274 41.1631
1298880652 -8.63274 41.1631
1298880653 -8.63274 41.1631
1298880654 -8.63274 41.1631
1298880655 -8.63274 41.1631
1298880656 -8.63274 41.1631
1298880657 -8.63275 41.1631
1298880658 -8.63275 41.1631
1298880659 -8.63275 41.1631
1298880660 -8.63275 41.1631
1298880661 -8.63275 41.1631
1298880662 -8.63275 41.1631
1298880663 -8.63276 41.1631
1298880664 -8.63276 41.1631
1298880665 -8.63276 41.1631
1298880666 -8.63277 41.1631
1298880667 -8.63277 41.1631
1298880668 -8.63277 41.1631
1298880669 -8.63277 41.1632
1298880670 -8.63277 41.1632
1298880671 -8.63277 41.1632
1298880672 -8.63277 41.1632
1298880673 -8.63277 41.1632
1298880674 -8.63277 41.1632
1298880675 -8.63277 41.1632
1298880676 -8.63277 41.1632
1298880677 -8.63277 41.1632
1298880678 -8.63277 41.1632
1298880679 -8.63277 41.1632
1298880680 -8.63276 41.1632
1298880681 -8.63277 41.1632
1298880682 -8.63277 41.1632
1298880683 -8.63277 41.1632
1298880684 -8.63277 41.1632
1298880685 -8.63277 41.1632
1298880686 -8.63277 41.1632
1298880687 -8.63277 41.1632
1298880688 -8.63278 41.1632
1298880689 -8.63278 41.1632
1298880690 -8.63278 41.1632
1298880691 -8.63278 41.1632
1298880692 -8.63279 41.1632
1298880693 -8.63279 41.1632
1298880694 -8.63279 41.1632
1298880695 -8.63279 41.1632
1298880696 -8.63279 41.1632
1298880697 -8.63279 41.1632
1298880698 -8.63278 41.1632
1298880699 -8.63278 41.1632
1298880700 -8.63278 41.1632
1298880701 -8.63278 41.1632
1298880702 -8.63278 41.1632
1298880703 -8.63278 41.1632
1298880704 -8.63278 41.1632
1298880705 -8.63278 41.1632
1298880706 -8.63278 41.1632
1298880707 -8.63278 41.1632
1298880708 -8.63278 41.1632
1298880709 -8.63278 41.1632
1298880710 -8.63278 41.1632
1298880711 -8.63278 41.1632
1298880712 -8.63278 41.1632
1298880713 -8.63278 41.1632
1298880714 -8.63278 41.1632
1298880715 -8.63278 41.1632
1298880716 -8.63278 41.1632
1298880717 -8.63278 41.1632
1298880718 -8.63278 41.1632
1298880719 -8.63278 41.1632
1298880720 -8.63278 41.1632
1298880721 -8.63278 41.1632
1298880722 -8.63278 41.1632
1298880723 -8.63278 41.1632
1298880724 -8.63278 41.1632
1298880725 -8.63278 41.1632
1298880726 -8.63278 41.1632
1298880727 -8.63278 41.1632
1298880728 -8.63278 41.1632
1298880729 -8.63278 41.1632
1298880730 -8.63278 41.1632
1298880731 -8.63278 41.1632
1298880732 -8.63278 41.1632
1298880733 -8.63278 41.1632
1298880734 -8.63278 41.1631
1298880735 -8.63279 41.1631
1298880736 -8.63279 41.1631
1298880737 -8.63279 41.1631
1298880738 -8.63279 41.1631
1298880739 -8.63279 41.1631
1298880740 -8.63279 41.1631
1298880741 -8.6328 41.1631
1298880742 -8.6328 41.1631
1298880743 -8.6328 41.1631
1298880744 -8.63281 41.1631
1298880745 -8.63281 41.1631
1298880746 -8.63281 41.1631
1298880747 -8.63281 41.1631
1298880748 -8.63281 41.1631
1298880749 -8.63281 41.1631
1298880750 -8.63281 41.1631
1298880751 -8.63281 41.1631
1298880752 -8.63282 41.1632
1298880753 -8.63282 41.1632
1298880754 -8.63283 41.1632
1298880755 -8.63283 41.1632
1298880756 -8.63283 41.1632
1298880757 -8.63284 41.1632
1298880758 -8.63284 41.1632
1298880759 -8.63284 41.1632
1298880760 -8.63284 41.1632
1298880761 -8.63284 41.1632
1298880762 -8.63284 41.1632
1298880763 -8.63285 41.1632
1298880764 -8.63285 41.1632
1298880765 -8.63285 41.1632
1298880766 -8.63285 41.1632
1298880767 -8.63285 41.1632
1298880768 -8.63285 41.1632
1298880769 -8.63285 41.1632
1298880770 -8.63285 41.1632
1298880771 -8.63285 41.1632
1298880772 -8.63285 41.1632
1298880773 -8.63285 41.1632
1298880774 -8.63285 41.1632
1298880775 -8.63285 41.1632
1298880776 -8.63285 41.1632
1298880777 -8.63285 41.1632
1298880778 -8.63285 41.1632
1298880779 -8.63285 41.1632
1298880780 -8.63285 41.1632
1298880781 -8.63285 41.1632
1298880782 -8.63285 41.1632
1298880783 -8.63284 41.1632
1298880784 -8.63284 41.1632
1298880785 -8.63284 41.1631
1298880786 -8.63284 41.1631
1298880787 -8.63284 41.1631
1298880788 -8.63284 41.1631
1298880789 -8.63284 41.1631
1298880790 -8.63284 41.1631
1298880791 -8.63284 41.1631
1298880792 -8.63284 41.1631
1298880793 -8.63284 41.1631
1298880794 -8.63284 41.1631
1298880795 -8.63284 41.1631
1298880796 -8.63284 41.1631
1298880797 -8.63284 41.1631
1298880798 -8.63284 41.1631
1298880799 -8.63284 41.1631
1298880800 -8.63284 41.1631
1298880801 -8.63283 41.1631
1298880802 -8.63283 41.1631
1298880803 -8.63283 41.1631
1298880804 -8.63283 41.1631
1298880805 -8.63283 41.1631
1298880806 -8.63283 41.1631
1298880807 -8.63283 41.1631
1298880808 -8.63283 41.1631
1298880809 -8.63283 41.1631
1298880810 -8.63283 41.1631
1298880811 -8.63283 41.1631
1298880812 -8.63283 41.1631
1298880813 -8.63283 41.1631
1298880814 -8.63283 41.1631
1298880815 -8.63283 41.1631
1298880816 -8.63284 41.1631
1298880817 -8.63284 41.1631
1298880818 -8.63284 41.1631
1298880819 -8.63284 41.1631
1298880820 -8.63284 41.1631
1298880821 -8.63284 41.1631
1298880822 -8.63284 41.1631
1298880823 -8.63284 41.1631
1298880824 -8.63284 41.1631
1298880825 -8.63284 41.1631
1298880826 -8.63284 41.1631
1298880827 -8.63284 41.1631
1298880828 -8.63284 41.1631
1298880829 -8.63284 41.1631
1298880830 -8.63284 41.1631
1298880831 -8.63284 41.1631
1298880832 -8.63284 41.1631
1298880833 -8.63284 41.1631
1298880834 -8.63284 41.1631
1298880835 -8.63284 41.1631
1298880836 -8.63284 41.1631
1298880837 -8.63283 41.1631
1298880838 -8.63283 41.1631
1298880839 -8.63283 41.1631
1298880840 -8.63283 41.1631
1298880841 -8.63282 41.1631
1298880842 -8.63282 41.1631
1298880843 -8.63282 41.1631
1298880844 -8.63282 41.1631
1298880845 -8.63282 41.1631
1298880846 -8.63282 41.1631
1298880847 -8.63282 41.1631
1298880848 -8.63282 41.1631
1298880849 -8.63282 41.1631
1298880850 -8.63282 41.1631
1298880851 -8.63282 41.1631
1298880852 -8.63282 41.1631
1298880853 -8.63282 41.1631
1298880854 -8.63281 41.1631
1298880855 -8.63281 41.1631
1298880856 -8.63281 41.1631
1298880857 -8.63281 41.1631
1298880858 -8.6328 41.1631
1298880859 -8.6328 41.1631
1298880860 -8.6328 41.1631
1298880861 -8.6328 41.1631
1298880862 -8.63279 41.1631
1298880863 -8.63279 41.1631
1298880864 -8.6328 41.1631
1298880865 -8.6328 41.1631
1298880866 -8.6328 41.1631
1298880867 -8.63281 41.1631
1298880868 -8.63281 41.1631
1298880869 -8.63281 41.1631
1298880870 -8.63282 41.1631
1298880871 -8.63282 41.1631
1298880872 -8.63282 41.1631
1298880873 -8.63283 41.1631
1298880874 -8.63283 41.1631
1298880875 -8.63283 41.1631
1298880876 -8.63284 41.1631
1298880877 -8.63284 41.1631
1298880878 -8.63284 41.1631
1298880879 -8.63284 41.1631
1298880880 -8.63284 41.1631
1298880881 -8.63284 41.1631
1298880882 -8.63284 41.1631
1298880883 -8.63284 41.1631
1298880884 -8.63284 41.1631
1298880885 -8.63284 41.1631
1298880886 -8.63284 41.1632
1298880887 -8.63284 41.1632
1298880888 -8.63284 41.1632
1298880889 -8.63284 41.1632
1298880890 -8.63284 41.1632
1298880891 -8.63284 41.1632
1298880892 -8.63284 41.1632
1298880893 -8.63284 41.1632
1298880894 -8.63283 41.1632
1298880895 -8.63283 41.1632
1298880896 -8.63283 41.1632
1298880897 -8.63283 41.1632
1298880898 -8.63283 41.1632
1298880899 -8.63283 41.1632
1298880900 -8.63283 41.1632
1298880901 -8.63282 41.1632
1298880902 -8.63282 41.1632
1298880903 -8.63283 41.1632
1298880904 -8.6328 41.1632
1298880905 -8.63279 41.1631
1298880906 -8.63278 41.1631
1298880907 -8.6328 41.1631
1298880908 -8.63285 41.1631
1298880909 -8.6329 41.163
1298880910 -8.63295 41.163
1298880911 -8.63302 41.163
1298880912 -8.63306 41.163
1298880913 -8.6331 41.1629
1298880914 -8.63312 41.1629
1298880915 -8.63313 41.1629
1298880916 -8.63313 41.1629
1298880917 -8.63314 41.1629
1298880918 -8.63314 41.1629
1298880919 -8.63314 41.1629
1298880920 -8.63315 41.1629
1298880921 -8.63316 41.1629
1298880922 -8.63317 41.1629
1298880923 -8.63318 41.1629
1298880924 -8.63318 41.1629
1298880925 -8.63318 41.1629
1298880926 -8.63319 41.1629
1298880927 -8.63319 41.1628
1298880928 -8.63318 41.1628
1298880929 -8.63318 41.1628
1298880930 -8.6332 41.1627
1298880931 -8.63323 41.1627
1298880932 -8.63329 41.1627
1298880933 -8.63334 41.1627
1298880934 -8.63341 41.1626
1298880935 -8.63349 41.1626
1298880936 -8.63357 41.1626
1298880937 -8.63365 41.1625
1298880938 -8.63372 41.1625
1298880939 -8.63377 41.1625
1298880940 -8.63383 41.1624
1298880941 -8.63388 41.1624
1298880942 -8.63394 41.1624
1298880943 -8.634 41.1624
1298880944 -8.63406 41.1623
1298880945 -8.63414 41.1623
1298880946 -8.63422 41.1623
1298880947 -8.63429 41.1622
1298880948 -8.63434 41.1622
1298880949 -8.6344 41.1622
1298880950 -8.63444 41.1622
1298880951 -8.63447 41.1622
1298880952 -8.6345 41.1623
1298880953 -8.63455 41.1623
1298880954 -8.63459 41.1624
1298880955 -8.63463 41.1624
1298880956 -8.63468 41.1625
1298880957 -8.63471 41.1625
1298880958 -8.63475 41.1626
1298880959 -8.63479 41.1627
1298880960 -8.63483 41.1627
1298880961 -8.63485 41.1627
1298880962 -8.63487 41.1628
1298880963 -8.63489 41.1628
1298880964 -8.63488 41.1629
1298880965 -8.63491 41.1629
1298880966 -8.63491 41.1629
1298880967 -8.63492 41.1629
1298880968 -8.63492 41.1629
1298880969 -8.63491 41.1629
1298880970 -8.63492 41.1629
1298880971 -8.63493 41.163
1298880972 -8.63495 41.163
1298880973 -8.63497 41.163
1298880974 -8.63498 41.163
1298880975 -8.63499 41.163
1298880976 -8.635 41.163
1298880977 -8.63502 41.163
1298880978 -8.63503 41.163
1298880979 -8.63503 41.163
1298880980 -8.63504 41.163
1298880981 -8.63504 41.163
1298880982 -8.63504 41.163
1298880983 -8.63505 41.163
1298880984 -8.63506 41.163
1298880985 -8.63508 41.163
1298880986 -8.63512 41.163
1298880987 -8.63518 41.163
1298880988 -8.63524 41.1629
1298880989 -8.63529 41.1629
1298880990 -8.63537 41.1628
1298880991 -8.63545 41.1628
1298880992 -8.63553 41.1628
1298880993 -8.63562 41.1627
1298880994 -8.6357 41.1627
1298880995 -8.63579 41.1626
1298880996 -8.63588 41.1626
1298880997 -8.63597 41.1625
1298880998 -8.63607 41.1625
1298880999 -8.63616 41.1625
1298881000 -8.63626 41.1624
1298881001 -8.63636 41.1624
1298881002 -8.63646 41.1623
1298881003 -8.63656 41.1623
1298881004 -8.63666 41.1623
1298881005 -8.63674 41.1622
1298881006 -8.63681 41.1622
1298881007 -8.63686 41.1622
1298881008 -8.63689 41.1622
1298881009 -8.6369 41.1621
1298881010 -8.63691 41.1621
1298881011 -8.63692 41.1621
1298881012 -8.63692 41.1621
1298881013 -8.63692 41.1621
1298881014 -8.63692 41.1621
1298881015 -8.63692 41.1621
1298881016 -8.63692 41.1621
1298881017 -8.63692 41.1621
1298881018 -8.63692 41.1621
1298881019 -8.63692 41.1621
1298881020 -8.63692 41.1621
1298881021 -8.63692 41.1621
1298881022 -8.63692 41.1621
1298881023 -8.63692 41.1621
1298881024 -8.63692 41.1621
1298881025 -8.63692 41.1621
1298881026 -8.63692 41.1621
1298881027 -8.63692 41.1621
1298881028 -8.63692 41.1621
1298881029 -8.63692 41.1621
1298881030 -8.63692 41.1621
1298881031 -8.63692 41.1621
1298881032 -8.63692 41.1621
1298881033 -8.63692 41.1622
1298881034 -8.63693 41.1621
1298881035 -8.63695 41.1621
1298881036 -8.63699 41.1621
1298881037 -8.63702 41.1621
1298881038 -8.63707 41.1621
1298881039 -8.63712 41.1621
1298881040 -8.63717 41.162
1298881041 -8.63723 41.162
1298881042 -8.63727 41.162
1298881043 -8.63732 41.162
1298881044 -8.63734 41.162
1298881045 -8.63735 41.162
1298881046 -8.63735 41.162
1298881047 -8.63735 41.162
1298881048 -8.63735 41.162
1298881049 -8.63738 41.162
1298881050 -8.63742 41.1619
1298881051 -8.63745 41.1619
1298881052 -8.6375 41.1619
1298881053 -8.63755 41.1619
1298881054 -8.63762 41.1618
1298881055 -8.63769 41.1618
1298881056 -8.63778 41.1618
1298881057 -8.63787 41.1617
1298881058 -8.63796 41.1617
1298881059 -8.63806 41.1617
1298881060 -8.63816 41.1616
1298881061 -8.63826 41.1616
1298881062 -8.63837 41.1615
1298881063 -8.63847 41.1615
1298881064 -8.63858 41.1614
1298881065 -8.63869 41.1614
1298881066 -8.63879 41.1614
1298881067 -8.6389 41.1613
1298881068 -8.63901 41.1613
1298881069 -8.63912 41.1612
1298881070 -8.63923 41.1612
1298881071 -8.63934 41.1611
1298881072 -8.63946 41.1611
1298881073 -8.63956 41.161
1298881074 -8.63967 41.161
1298881075 -8.63977 41.161
1298881076 -8.63987 41.1609
1298881077 -8.63998 41.1609
1298881078 -8.64009 41.1608
1298881079 -8.64019 41.1608
1298881080 -8.64027 41.1608
1298881081 -8.64032 41.1607
1298881082 -8.64037 41.1607
1298881083 -8.64041 41.1607
1298881084 -8.64044 41.1607
1298881085 -8.64048 41.1607
1298881086 -8.64051 41.1607
1298881087 -8.64057 41.1606
1298881088 -8.64062 41.1606
1298881089 -8.64068 41.1606
1298881090 -8.64075 41.1606
1298881091 -8.64081 41.1606
1298881092 -8.64088 41.1605
1298881093 -8.64095 41.1605
1298881094 -8.64099 41.1605
1298881095 -8.64104 41.1605
1298881096 -8.6411 41.1605
1298881097 -8.64114 41.1604
1298881098 -8.6412 41.1604
1298881099 -8.64125 41.1604
1298881100 -8.64131 41.1603
1298881101 -8.64134 41.1603
1298881102 -8.64137 41.1603
1298881103 -8.6414 41.1603
1298881104 -8.6414 41.1603
1298881105 -8.64141 41.1603
1298881106 -8.64141 41.1603
1298881107 -8.64141 41.1603
1298881108 -8.64142 41.1603
1298881109 -8.64142 41.1603
1298881110 -8.64143 41.1603
1298881111 -8.64143 41.1603
1298881112 -8.64143 41.1603
1298881113 -8.64143 41.1603
1298881114 -8.64143 41.1603
1298881115 -8.64143 41.1603
1298881116 -8.64143 41.1603
1298881117 -8.64143 41.1603
1298881118 -8.64143 41.1603
1298881119 -8.64143 41.1603
1298881120 -8.64143 41.1603
1298881121 -8.64142 41.1603
1298881122 -8.64142 41.1603
1298881123 -8.64142 41.1603
1298881124 -8.64142 41.1603
1298881125 -8.64142 41.1603
1298881126 -8.64142 41.1603
1298881127 -8.64141 41.1603
1298881128 -8.64141 41.1603
1298881129 -8.64141 41.1603
1298881130 -8.64141 41.1603
1298881131 -8.64141 41.1603
1298881132 -8.64141 41.1603
1298881133 -8.64141 41.1603
1298881134 -8.64141 41.1603
1298881135 -8.6414 41.1603
1298881136 -8.6414 41.1603
1298881137 -8.6414 41.1603
1298881138 -8.6414 41.1603
1298881139 -8.6414 41.1603
1298881140 -8.6414 41.1603
1298881141 -8.6414 41.1603
1298881142 -8.6414 41.1603
1298881143 -8.6414 41.1603
1298881144 -8.6414 41.1603
1298881145 -8.6414 41.1603
1298881146 -8.6414 41.1603
1298881147 -8.6414 41.1603
1298881148 -8.6414 41.1603
1298881149 -8.64141 41.1603
1298881150 -8.64143 41.1603
1298881151 -8.64147 41.1603
1298881152 -8.64152 41.1603
1298881153 -8.64157 41.1602
1298881154 -8.64165 41.1602
1298881155 -8.6417 41.1602
1298881156 -8.64176 41.1602
1298881157 -8.64184 41.1602
1298881158 -8.64194 41.1602
1298881159 -8.64203 41.1602
1298881160 -8.64214 41.1602
1298881161 -8.64226 41.1602
1298881162 -8.64239 41.1602
1298881163 -8.64253 41.1602
1298881164 -8.64265 41.1603
1298881165 -8.64279 41.1603
1298881166 -8.64291 41.1603
1298881167 -8.64301 41.1603
1298881168 -8.6431 41.1604
1298881169 -8.6432 41.1604
1298881170 -8.64327 41.1604
1298881171 -8.64335 41.1604
1298881172 -8.64342 41.1604
1298881173 -8.64346 41.1604
1298881174 -8.64349 41.1604
1298881175 -8.64353 41.1604
1298881176 -8.64355 41.1604
1298881177 -8.64358 41.1604
1298881178 -8.64361 41.1604
1298881179 -8.64363 41.1604
1298881180 -8.64364 41.1604
1298881181 -8.64365 41.1604
1298881182 -8.64366 41.1604
1298881183 -8.64367 41.1604
1298881184 -8.64367 41.1603
1298881185 -8.64367 41.1603
1298881186 -8.64367 41.1603
1298881187 -8.64366 41.1603
1298881188 -8.64366 41.1603
1298881189 -8.64366 41.1603
1298881190 -8.64366 41.1603
1298881191 -8.64365 41.1603
1298881192 -8.64365 41.1603
1298881193 -8.64365 41.1603
1298881194 -8.64365 41.1603
1298881195 -8.64365 41.1603
1298881196 -8.64367 41.1603
1298881197 -8.6437 41.1604
1298881198 -8.64375 41.1604
1298881199 -8.64382 41.1603
1298881200 -8.64387 41.1603
