:break:
1298880044 -8.60643 41.1688
1298880045 -8.6064 41.1689
1298880046 -8.60636 41.1691
1298880047 -8.60629 41.1692
1298880048 -8.60621 41.1693
1298880049 -8.60612 41.1694
1298880050 -8.60604 41.1695
1298880051 -8.60596 41.1696
1298880052 -8.60588 41.1697
1298880053 -8.6058 41.1698
1298880054 -8.60573 41.1699
1298880055 -8.60565 41.17
1298880056 -8.60557 41.1701
1298880057 -8.60548 41.1702
1298880058 -8.6054 41.1703
1298880059 -8.60532 41.1704
1298880060 -8.60524 41.1705
1298880061 -8.60516 41.1706
1298880062 -8.6051 41.1707
1298880063 -8.60505 41.1707
1298880064 -8.60501 41.1708
1298880065 -8.60499 41.1708
1298880066 -8.60498 41.1708
1298880067 -8.60498 41.1708
1298880068 -8.60499 41.1708
1298880069 -8.60499 41.1708
1298880070 -8.60499 41.1708
1298880071 -8.60499 41.1708
1298880072 -8.605 41.1708
1298880073 -8.605 41.1708
1298880074 -8.605 41.1708
1298880075 -8.605 41.1708
1298880076 -8.605 41.1708
1298880077 -8.605 41.1708
1298880078 -8.605 41.1708
1298880079 -8.605 41.1708
1298880080 -8.605 41.1708
1298880081 -8.605 41.1708
1298880082 -8.605 41.1708
1298880083 -8.605 41.1708
1298880084 -8.605 41.1708
1298880085 -8.605 41.1708
1298880086 -8.605 41.1708
1298880087 -8.605 41.1708
1298880088 -8.605 41.1708
1298880089 -8.605 41.1708
1298880090 -8.605 41.1708
1298880091 -8.605 41.1708
1298880092 -8.605 41.1708
1298880093 -8.605 41.1708
1298880094 -8.605 41.1708
1298880095 -8.605 41.1708
1298880096 -8.605 41.1708
1298880097 -8.605 41.1708
1298880098 -8.605 41.1708
1298880099 -8.605 41.1708
1298880100 -8.605 41.1708
1298880101 -8.605 41.1708
1298880102 -8.605 41.1708
1298880103 -8.60499 41.1708
1298880104 -8.60498 41.1708
1298880105 -8.60495 41.1708
1298880106 -8.60492 41.1709
1298880107 -8.60487 41.1709
1298880108 -8.60481 41.171
1298880109 -8.60475 41.1711
1298880110 -8.60468 41.1712
1298880111 -8.6046 41.1713
1298880112 -8.60453 41.1714
1298880113 -8.60445 41.1715
1298880114 -8.60437 41.1716
1298880115 -8.6043 41.1717
1298880116 -8.60423 41.1718
1298880117 -8.60419 41.1719
1298880118 -8.60418 41.172
1298880119 -8.6042 41.1721
1298880120 -8.60424 41.1723
1298880121 -8.60432 41.1724
1298880122 -8.60442 41.1725
1298880123 -8.60454 41.1726
1298880124 -8.60468 41.1727
1298880125 -8.60484 41.1728
1298880126 -8.60501 41.1729
1298880127 -8.60521 41.1729
1298880128 -8.6054 41.1729
1298880129 -8.6056 41.1729
1298880130 -8.60581 41.1729
1298880131 -8.60602 41.1729
1298880132 -8.60621 41.1729
1298880133 -8.60639 41.1728
1298880134 -8.60656 41.1728
1298880135 -8.60674 41.1728
1298880136 -8.60692 41.1729
1298880137 -8.60709 41.1729
1298880138 -8.60724 41.173
1298880139 -8.60738 41.1731
1298880140 -8.60752 41.1732
1298880141 -8.60765 41.1733
1298880142 -8.6078 41.1734
1298880143 -8.60794 41.1735
1298880144 -8.6081 41.1736
1298880145 -8.60825 41.1737
1298880146 -8.60842 41.1737
1298880147 -8.60859 41.1738
1298880148 -8.60878 41.1739
1298880149 -8.60897 41.174
1298880150 -8.60916 41.1741
1298880151 -8.60936 41.1741
1298880152 -8.60955 41.1742
1298880153 -8.60976 41.1742
1298880154 -8.60997 41.1743
1298880155 -8.61017 41.1743
1298880156 -8.61039 41.1744
1298880157 -8.61061 41.1744
1298880158 -8.61082 41.1745
1298880159 -8.61103 41.1745
1298880160 -8.61125 41.1745
1298880161 -8.61145 41.1745
1298880162 -8.61166 41.1745
1298880163 -8.61187 41.1746
1298880164 -8.61208 41.1746
1298880165 -8.6123 41.1746
1298880166 -8.61251 41.1746
1298880167 -8.61273 41.1746
1298880168 -8.61295 41.1746
1298880169 -8.61319 41.1746
1298880170 -8.61342 41.1746
1298880171 -8.61367 41.1746
1298880172 -8.61391 41.1746
1298880173 -8.61415 41.1745
1298880174 -8.6144 41.1745
1298880175 -8.61463 41.1744
1298880176 -8.61487 41.1744
1298880177 -8.61511 41.1744
1298880178 -8.61537 41.1743
1298880179 -8.61562 41.1743
1298880180 -8.61587 41.1742
1298880181 -8.61612 41.1742
1298880182 -8.61638 41.1742
1298880183 -8.61665 41.1741
1298880184 -8.61691 41.1741
1298880185 -8.61717 41.1741
1298880186 -8.61743 41.174
1298880187 -8.6177 41.174
1298880188 -8.61796 41.174
1298880189 -8.61821 41.1739
1298880190 -8.61847 41.1739
1298880191 -8.61873 41.1739
1298880192 -8.61899 41.1739
1298880193 -8.61925 41.1739
1298880194 -8.6195 41.1738
1298880195 -8.61975 41.1738
1298880196 -8.62 41.1738
1298880197 -8.62025 41.1738
1298880198 -8.62049 41.1738
1298880199 -8.62073 41.1737
1298880200 -8.62096 41.1738
1298880201 -8.6212 41.1738
1298880202 -8.62142 41.1738
1298880203 -8.62163 41.1739
1298880204 -8.62182 41.174
1298880205 -8.62199 41.1741
1298880206 -8.62214 41.1742
1298880207 -8.62226 41.1744
1298880208 -8.62235 41.1745
1298880209 -8.62241 41.1747
1298880210 -8.62243 41.1749
1298880211 -8.62244 41.175
1298880212 -8.62244 41.1752
1298880213 -8.62243 41.1754
1298880214 -8.62243 41.1755
1298880215 -8.62243 41.1757
1298880216 -8.62242 41.1759
1298880217 -8.62243 41.1761
1298880218 -8.62242 41.1762
1298880219 -8.62241 41.1764
1298880220 -8.62241 41.1766
1298880221 -8.6224 41.1768
1298880222 -8.62238 41.177
1298880223 -8.62237 41.1773
1298880224 -8.62236 41.1775
1298880225 -8.62234 41.1777
1298880226 -8.62232 41.1779
1298880227 -8.62231 41.1781
1298880228 -8.6223 41.1783
1298880229 -8.62228 41.1785
1298880230 -8.62228 41.1787
1298880231 -8.62227 41.179
1298880232 -8.62226 41.1792
1298880233 -8.62225 41.1794
1298880234 -8.62224 41.1796
1298880235 -8.62223 41.1798
1298880236 -8.62223 41.18
1298880237 -8.62222 41.1802
1298880238 -8.62221 41.1805
1298880239 -8.6222 41.1807
1298880240 -8.62219 41.1809
1298880241 -8.62218 41.1811
1298880242 -8.62217 41.1813
1298880243 -8.62217 41.1815
1298880244 -8.62217 41.1817
1298880245 -8.62219 41.1819
1298880246 -8.62223 41.1821
1298880247 -8.62227 41.1824
1298880248 -8.62232 41.1826
1298880249 -8.62239 41.1828
1298880250 -8.62247 41.183
1298880251 -8.62256 41.1832
1298880252 -8.62265 41.1834
1298880253 -8.62275 41.1835
1298880254 -8.62286 41.1837
1298880255 -8.62298 41.1839
1298880256 -8.6231 41.1841
1298880257 -8.62322 41.1842
1298880258 -8.62333 41.1844
1298880259 -8.62345 41.1846
1298880260 -8.62357 41.1848
1298880261 -8.62367 41.1849
1298880262 -8.62379 41.1851
1298880263 -8.6239 41.1853
1298880264 -8.62402 41.1854
1298880265 -8.62411 41.1856
1298880266 -8.62422 41.1857
1298880267 -8.62433 41.1859
1298880268 -8.62443 41.186
1298880269 -8.62453 41.1862
1298880270 -8.62464 41.1863
1298880271 -8.62474 41.1865
1298880272 -8.62484 41.1866
1298880273 -8.62494 41.1868
1298880274 -8.62505 41.187
1298880275 -8.62515 41.1871
1298880276 -8.62526 41.1873
1298880277 -8.62537 41.1874
1298880278 -8.62548 41.1876
1298880279 -8.62559 41.1878
1298880280 -8.6257 41.1879
1298880281 -8.62582 41.1881
1298880282 -8.62592 41.1883
1298880283 -8.62604 41.1884
1298880284 -8.62615 41.1886
1298880285 -8.62626 41.1888
1298880286 -8.62637 41.1889
1298880287 -8.62648 41.1891
1298880288 -8.62659 41.1893
1298880289 -8.62671 41.1894
1298880290 -8.62682 41.1896
1298880291 -8.62693 41.1898
1298880292 -8.62704 41.1899
1298880293 -8.62715 41.1901
1298880294 -8.62726 41.1903
1298880295 -8.62737 41.1904
1298880296 -8.62747 41.1906
1298880297 -8.62756 41.1908
1298880298 -8.62766 41.191
1298880299 -8.62774 41.1911
1298880300 -8.62783 41.1913
1298880301 -8.6279 41.1915
1298880302 -8.62798 41.1917
1298880303 -8.62805 41.1919
1298880304 -8.62811 41.1921
1298880305 -8.62817 41.1923
1298880306 -8.62821 41.1924
1298880307 -8.62825 41.1926
1298880308 -8.62829 41.1928
1298880309 -8.62833 41.193
1298880310 -8.62835 41.1932
1298880311 -8.62837 41.1934
1298880312 -8.62838 41.1936
1298880313 -8.62838 41.1938
1298880314 -8.62838 41.1941
1298880315 -8.62836 41.1943
1298880316 -8.62834 41.1945
1298880317 -8.62832 41.1947
1298880318 -8.62829 41.1949
1298880319 -8.62825 41.1951
1298880320 -8.62821 41.1953
1298880321 -8.62817 41.1955
1298880322 -8.62812 41.1957
1298880323 -8.62808 41.1959
1298880324 -8.62803 41.1961
1298880325 -8.62799 41.1963
1298880326 -8.62794 41.1965
1298880327 -8.6279 41.1967
1298880328 -8.62784 41.1969
1298880329 -8.62779 41.1971
1298880330 -8.62773 41.1973
1298880331 -8.62768 41.1975
1298880332 -8.62763 41.1977
1298880333 -8.62758 41.1979
1298880334 -8.62753 41.1981
1298880335 -8.62749 41.1983
1298880336 -8.62745 41.1985
1298880337 -8.62743 41.1987
1298880338 -8.6274 41.1989
1298880339 -8.62738 41.1991
1298880340 -8.62736 41.1993
1298880341 -8.62735 41.1995
1298880342 -8.62734 41.1998
1298880343 -8.62733 41.2
1298880344 -8.62732 41.2002
1298880345 -8.62732 41.2004
1298880346 -8.62731 41.2006
1298880347 -8.6273 41.2008
1298880348 -8.62728 41.201
1298880349 -8.62726 41.2012
1298880350 -8.62724 41.2014
1298880351 -8.62722 41.2016
1298880352 -8.6272 41.2017
1298880353 -8.62719 41.2019
1298880354 -8.62717 41.2021
1298880355 -8.62713 41.2022
1298880356 -8.62707 41.2024
1298880357 -8.62697 41.2025
1298880358 -8.62683 41.2026
1298880359 -8.62668 41.2027
1298880360 -8.6265 41.2027
1298880361 -8.62631 41.2028
1298880362 -8.62611 41.2028
1298880363 -8.62591 41.2028
1298880364 -8.6257 41.2028
1298880365 -8.62547 41.2028
1298880366 -8.62525 41.2028
1298880367 -8.62501 41.2028
1298880368 -8.62477 41.2027
1298880369 -8.62453 41.2027
1298880370 -8.62428 41.2027
1298880371 -8.62402 41.2027
1298880372 -8.62377 41.2027
1298880373 -8.62353 41.2026
1298880374 -8.62329 41.2026
1298880375 -8.62304 41.2026
1298880376 -8.6228 41.2027
1298880377 -8.62256 41.2027
1298880378 -8.62232 41.2027
1298880379 -8.62207 41.2028
1298880380 -8.62185 41.2029
1298880381 -8.62162 41.203
1298880382 -8.62141 41.2031
1298880383 -8.6212 41.2032
1298880384 -8.62101 41.2033
1298880385 -8.62083 41.2035
1298880386 -8.62067 41.2036
1298880387 -8.62053 41.2038
1298880388 -8.62041 41.204
1298880389 -8.6203 41.2041
1298880390 -8.62018 41.2043
1298880391 -8.62006 41.2044
1298880392 -8.61991 41.2045
1298880393 -8.61975 41.2046
1298880394 -8.61956 41.2047
1298880395 -8.61939 41.2047
1298880396 -8.61922 41.2046
1298880397 -8.61908 41.2046
1298880398 -8.61894 41.2045
1298880399 -8.61885 41.2044
1298880400 -8.61879 41.2043
1298880401 -8.61878 41.2042
1298880402 -8.61881 41.204
1298880403 -8.61887 41.2039
1298880404 -8.61897 41.2038
1298880405 -8.61911 41.2037
1298880406 -8.61927 41.2037
1298880407 -8.61946 41.2036
1298880408 -8.61964 41.2037
1298880409 -8.61983 41.2037
1298880410 -8.62002 41.2038
1298880411 -8.62021 41.2038
1298880412 -8.62041 41.2039
1298880413 -8.6206 41.204
1298880414 -8.62082 41.2041
1298880415 -8.62105 41.2042
1298880416 -8.62127 41.2043
1298880417 -8.62151 41.2044
1298880418 -8.62173 41.2045
1298880419 -8.62196 41.2046
1298880420 -8.62221 41.2047
1298880421 -8.62244 41.2048
1298880422 -8.62268 41.2049
1298880423 -8.62292 41.205
1298880424 -8.62316 41.2051
1298880425 -8.6234 41.2052
1298880426 -8.62365 41.2053
1298880427 -8.62389 41.2054
1298880428 -8.62413 41.2055
1298880429 -8.62438 41.2057
1298880430 -8.62462 41.2058
1298880431 -8.62486 41.2059
1298880432 -8.6251 41.206
1298880433 -8.62533 41.2061
1298880434 -8.62556 41.2062
1298880435 -8.62579 41.2063
1298880436 -8.62602 41.2064
1298880437 -8.62626 41.2065
1298880438 -8.62649 41.2066
1298880439 -8.62673 41.2067
1298880440 -8.62697 41.2067
1298880441 -8.62721 41.2068
1298880442 -8.62745 41.2069
1298880443 -8.62771 41.207
1298880444 -8.62797 41.207
1298880445 -8.62823 41.2071
1298880446 -8.6285 41.2071
1298880447 -8.62877 41.2072
1298880448 -8.62905 41.2072
1298880449 -8.62933 41.2073
1298880450 -8.6296 41.2073
1298880451 -8.62989 41.2073
1298880452 -8.63018 41.2073
1298880453 -8.63047 41.2074
1298880454 -8.63077 41.2074
1298880455 -8.63106 41.2074
1298880456 -8.63136 41.2073
1298880457 -8.63166 41.2073
1298880458 -8.63195 41.2073
1298880459 -8.63226 41.2073
1298880460 -8.63257 41.2072
1298880461 -8.63286 41.2072
1298880462 -8.63317 41.2071
1298880463 -8.63347 41.207
1298880464 -8.63377 41.207
1298880465 -8.63407 41.2069
1298880466 -8.63438 41.2068
1298880467 -8.63468 41.2067
1298880468 -8.63498 41.2066
1298880469 -8.63528 41.2065
1298880470 -8.63558 41.2064
1298880471 -8.63588 41.2064
1298880472 -8.63617 41.2063
1298880473 -8.63647 41.2062
1298880474 -8.63676 41.2061
1298880475 -8.63704 41.206
1298880476 -8.63732 41.2059
1298880477 -8.6376 41.2058
1298880478 -8.63787 41.2058
1298880479 -8.63814 41.2057
1298880480 -8.63841 41.2056
1298880481 -8.63867 41.2055
1298880482 -8.63893 41.2054
1298880483 -8.63919 41.2054
1298880484 -8.63944 41.2053
1298880485 -8.63969 41.2052
1298880486 -8.63995 41.2051
1298880487 -8.64021 41.2051
1298880488 -8.64049 41.205
1298880489 -8.64077 41.2049
1298880490 -8.64105 41.2048
1298880491 -8.64134 41.2048
1298880492 -8.64164 41.2047
1298880493 -8.64194 41.2046
1298880494 -8.64223 41.2045
1298880495 -8.64253 41.2044
1298880496 -8.64283 41.2044
1298880497 -8.64313 41.2043
1298880498 -8.64344 41.2042
1298880499 -8.64373 41.2041
1298880500 -8.64404 41.2041
1298880501 -8.64434 41.204
1298880502 -8.64464 41.2039
1298880503 -8.64494 41.2038
1298880504 -8.64524 41.2038
1298880505 -8.64554 41.2037
1298880506 -8.64584 41.2036
1298880507 -8.64615 41.2036
1298880508 -8.64645 41.2035
1298880509 -8.64675 41.2034
1298880510 -8.64705 41.2034
1298880511 -8.64734 41.2033
1298880512 -8.64763 41.2033
1298880513 -8.64792 41.2033
1298880514 -8.64821 41.2032
1298880515 -8.64851 41.2032
1298880516 -8.64879 41.2032
1298880517 -8.64908 41.2032
1298880518 -8.64937 41.2032
1298880519 -8.64965 41.2033
1298880520 -8.64991 41.2034
1298880521 -8.65015 41.2035
1298880522 -8.65038 41.2036
1298880523 -8.65058 41.2037
1298880524 -8.65077 41.2038
1298880525 -8.65094 41.204
1298880526 -8.65108 41.2042
1298880527 -8.6512 41.2043
1298880528 -8.6513 41.2045
1298880529 -8.65139 41.2047
1298880530 -8.65147 41.2049
1298880531 -8.65154 41.2051
1298880532 -8.65158 41.2053
1298880533 -8.65162 41.2056
1298880534 -8.65164 41.2058
1298880535 -8.65165 41.206
1298880536 -8.65163 41.2062
1298880537 -8.65161 41.2064
1298880538 -8.65158 41.2067
1298880539 -8.65156 41.2069
1298880540 -8.65154 41.2071
1298880541 -8.65151 41.2073
1298880542 -8.65149 41.2076
1298880543 -8.65147 41.2078
1298880544 -8.65147 41.208
1298880545 -8.65147 41.2083
1298880546 -8.65148 41.2085
1298880547 -8.65151 41.2087
1298880548 -8.65156 41.209
1298880549 -8.65161 41.2092
1298880550 -8.65168 41.2094
1298880551 -8.65175 41.2097
1298880552 -8.65184 41.2099
1298880553 -8.65194 41.2101
1298880554 -8.65205 41.2104
1298880555 -8.65216 41.2106
1298880556 -8.65226 41.2108
1298880557 -8.65236 41.2111
1298880558 -8.65246 41.2113
1298880559 -8.65257 41.2115
1298880560 -8.65267 41.2118
1298880561 -8.65278 41.212
1298880562 -8.65288 41.2123
1298880563 -8.65298 41.2125
1298880564 -8.65309 41.2127
1298880565 -8.65319 41.213
1298880566 -8.65328 41.2132
1298880567 -8.65338 41.2134
1298880568 -8.65348 41.2137
1298880569 -8.65358 41.2139
1298880570 -8.6537 41.2141
1298880571 -8.65381 41.2143
1298880572 -8.65394 41.2145
1298880573 -8.65409 41.2148
1298880574 -8.65426 41.215
1298880575 -8.65443 41.2152
1298880576 -8.65461 41.2154
1298880577 -8.6548 41.2156
1298880578 -8.65499 41.2158
1298880579 -8.65518 41.216
1298880580 -8.65538 41.2162
1298880581 -8.65558 41.2164
1298880582 -8.65578 41.2166
1298880583 -8.65598 41.2168
1298880584 -8.65618 41.217
1298880585 -8.65639 41.2172
1298880586 -8.6566 41.2174
1298880587 -8.6568 41.2177
1298880588 -8.65701 41.2179
1298880589 -8.65722 41.2181
1298880590 -8.65743 41.2183
1298880591 -8.65764 41.2185
1298880592 -8.65785 41.2187
1298880593 -8.65804 41.219
1298880594 -8.65825 41.2192
1298880595 -8.65845 41.2194
1298880596 -8.65865 41.2196
1298880597 -8.65885 41.2198
1298880598 -8.65903 41.22
1298880599 -8.65923 41.2202
1298880600 -8.65942 41.2204
1298880601 -8.65961 41.2206
1298880602 -8.6598 41.2208
1298880603 -8.65999 41.221
1298880604 -8.66017 41.2212
1298880605 -8.66036 41.2214
1298880606 -8.66054 41.2216
1298880607 -8.66072 41.2218
1298880608 -8.66089 41.222
1298880609 -8.66107 41.2222
1298880610 -8.66124 41.2223
1298880611 -8.66142 41.2225
1298880612 -8.66159 41.2227
1298880613 -8.66176 41.2229
1298880614 -8.66193 41.2231
1298880615 -8.6621 41.2232
1298880616 -8.66228 41.2234
1298880617 -8.66245 41.2236
1298880618 -8.66263 41.2238
1298880619 -8.6628 41.224
1298880620 -8.66297 41.2242
1298880621 -8.66314 41.2244
1298880622 -8.66331 41.2246
1298880623 -8.66349 41.2247
1298880624 -8.66366 41.2249
1298880625 -8.66383 41.2251
1298880626 -8.664 41.2253
1298880627 -8.66417 41.2255
1298880628 -8.66434 41.2256
1298880629 -8.66451 41.2258
1298880630 -8.66468 41.226
1298880631 -8.66483 41.2261
1298880632 -8.665 41.2263
1298880633 -8.66516 41.2265
1298880634 -8.66532 41.2267
1298880635 -8.66549 41.2268
1298880636 -8.66567 41.227
1298880637 -8.66585 41.2271
1298880638 -8.66605 41.2273
1298880639 -8.66624 41.2274
1298880640 -8.66644 41.2275
1298880641 -8.66664 41.2276
1298880642 -8.66684 41.2278
1298880643 -8.66703 41.2279
1298880644 -8.66721 41.228
1298880645 -8.66738 41.2282
1298880646 -8.66753 41.2283
1298880647 -8.66768 41.2285
1298880648 -8.66779 41.2286
1298880649 -8.66788 41.2288
1298880650 -8.66795 41.229
1298880651 -8.668 41.2292
1298880652 -8.66803 41.2294
1298880653 -8.66803 41.2295
1298880654 -8.66803 41.2297
1298880655 -8.668 41.2299
1298880656 -8.66796 41.23
1298880657 -8.66792 41.2302
1298880658 -8.66785 41.2304
1298880659 -8.66779 41.2305
1298880660 -8.66772 41.2307
1298880661 -8.66766 41.2309
1298880662 -8.66759 41.231
1298880663 -8.66752 41.2312
1298880664 -8.66744 41.2313
1298880665 -8.66736 41.2315
1298880666 -8.66727 41.2316
1298880667 -8.66719 41.2318
1298880668 -8.6671 41.2319
1298880669 -8.66702 41.2321
1298880670 -8.66693 41.2322
1298880671 -8.66686 41.2324
1298880672 -8.66678 41.2325
1298880673 -8.66672 41.2327
1298880674 -8.66667 41.2328
1298880675 -8.66662 41.233
1298880676 -8.6666 41.2331
1298880677 -8.66659 41.2333
1298880678 -8.66659 41.2335
1298880679 -8.6666 41.2336
1298880680 -8.66664 41.2338
1298880681 -8.66669 41.234
1298880682 -8.66675 41.2341
1298880683 -8.66683 41.2343
1298880684 -8.66692 41.2344
1298880685 -8.66702 41.2346
1298880686 -8.66714 41.2347
1298880687 -8.66724 41.2349
1298880688 -8.66734 41.235
1298880689 -8.66743 41.2352
1298880690 -8.6675 41.2353
1298880691 -8.66756 41.2355
1298880692 -8.6676 41.2356
1298880693 -8.66765 41.2358
1298880694 -8.66769 41.2359
1298880695 -8.66773 41.2361
1298880696 -8.66777 41.2362
1298880697 -8.66779 41.2364
1298880698 -8.66782 41.2365
1298880699 -8.66784 41.2367
1298880700 -8.66785 41.2368
1298880701 -8.66788 41.237
1298880702 -8.6679 41.2371
1298880703 -8.66793 41.2373
1298880704 -8.66796 41.2375
1298880705 -8.66799 41.2376
1298880706 -8.66803 41.2378
1298880707 -8.66808 41.2379
1298880708 -8.66813 41.2381
1298880709 -8.66821 41.2382
1298880710 -8.66831 41.2383
1298880711 -8.66841 41.2384
1298880712 -8.66855 41.2385
1298880713 -8.6687 41.2386
1298880714 -8.66885 41.2387
1298880715 -8.66899 41.2387
1298880716 -8.66911 41.2388
1298880717 -8.66921 41.2388
1298880718 -8.66932 41.2389
1298880719 -8.66943 41.2389
1298880720 -8.66954 41.239
1298880721 -8.66966 41.239
1298880722 -8.66976 41.2391
1298880723 -8.66988 41.2391
1298880724 -8.67001 41.2391
1298880725 -8.67013 41.2391
1298880726 -8.67026 41.2391
1298880727 -8.67037 41.239
1298880728 -8.67046 41.2389
1298880729 -8.67051 41.2388
1298880730 -8.67055 41.2387
1298880731 -8.67054 41.2386
1298880732 -8.67052 41.2385
1298880733 -8.67048 41.2384
1298880734 -8.67046 41.2383
1298880735 -8.67042 41.2382
1298880736 -8.67039 41.2381
1298880737 -8.67037 41.238
1298880738 -8.67034 41.2379
1298880739 -8.67032 41.2378
1298880740 -8.6703 41.2378
1298880741 -8.67028 41.2377
1298880742 -8.67028 41.2376
1298880743 -8.67026 41.2376
1298880744 -8.67024 41.2375
1298880745 -8.67024 41.2375
1298880746 -8.67023 41.2374
1298880747 -8.67025 41.2374
1298880748 -8.67026 41.2373
1298880749 -8.67025 41.2373
1298880750 -8.67024 41.2373
1298880751 -8.67025 41.2373
1298880752 -8.67026 41.2373
1298880753 -8.67026 41.2373
1298880754 -8.67026 41.2373
1298880755 -8.67027 41.2373
1298880756 -8.67027 41.2373
1298880757 -8.67027 41.2373
1298880758 -8.67027 41.2373
1298880759 -8.67027 41.2373
1298880760 -8.67027 41.2373
1298880761 -8.67027 41.2373
1298880762 -8.67027 41.2373
1298880763 -8.67026 41.2373
1298880764 -8.67026 41.2373
1298880765 -8.67026 41.2373
1298880766 -8.67025 41.2373
1298880767 -8.67025 41.2373
1298880768 -8.67024 41.2373
1298880769 -8.67024 41.2373
1298880770 -8.67023 41.2373
1298880771 -8.67023 41.2373
1298880772 -8.67022 41.2373
1298880773 -8.67022 41.2373
1298880774 -8.67021 41.2373
1298880775 -8.67021 41.2373
1298880776 -8.6702 41.2373
1298880777 -8.67019 41.2373
1298880778 -8.67019 41.2373
1298880779 -8.67019 41.2373
1298880780 -8.67018 41.2373
1298880781 -8.67017 41.2373
1298880782 -8.67017 41.2373
1298880783 -8.67017 41.2373
1298880784 -8.67017 41.2373
1298880785 -8.67016 41.2373
1298880786 -8.67016 41.2373
1298880787 -8.67016 41.2373
1298880788 -8.67015 41.2373
1298880789 -8.67015 41.2373
1298880790 -8.67015 41.2373
1298880791 -8.67015 41.2373
1298880792 -8.67015 41.2373
1298880793 -8.67014 41.2373
1298880794 -8.67014 41.2373
1298880795 -8.67014 41.2373
1298880796 -8.67014 41.2373
1298880797 -8.67014 41.2373
1298880798 -8.67013 41.2373
1298880799 -8.67013 41.2373
1298880800 -8.67013 41.2373
1298880801 -8.67013 41.2373
1298880802 -8.67013 41.2373
1298880803 -8.67012 41.2373
1298880804 -8.67012 41.2373
1298880805 -8.67011 41.2373
1298880806 -8.67011 41.2373
1298880807 -8.6701 41.2373
1298880808 -8.6701 41.2373
1298880809 -8.6701 41.2373
1298880810 -8.67009 41.2373
1298880811 -8.67008 41.2373
1298880812 -8.67007 41.2373
1298880813 -8.67007 41.2373
1298880814 -8.67006 41.2373
1298880815 -8.67006 41.2373
1298880816 -8.67006 41.2373
1298880817 -8.67006 41.2373
1298880818 -8.67006 41.2373
1298880819 -8.67006 41.2373
1298880820 -8.67006 41.2373
1298880821 -8.67006 41.2373
1298880822 -8.67006 41.2373
1298880823 -8.67006 41.2373
1298880824 -8.67005 41.2373
1298880825 -8.67004 41.2373
1298880826 -8.67004 41.2372
1298880827 -8.67003 41.2372
1298880828 -8.67001 41.2372
1298880829 -8.67001 41.2372
1298880830 -8.67001 41.2371
1298880831 -8.67001 41.2371
1298880832 -8.67005 41.2371
1298880833 -8.67004 41.237
1298880834 -8.67003 41.237
1298880835 -8.67002 41.2369
1298880836 -8.67003 41.2369
1298880837 -8.67003 41.2368
1298880838 -8.67001 41.2367
1298880839 -8.67001 41.2367
1298880840 -8.67 41.2366
1298880841 -8.66998 41.2366
1298880842 -8.66997 41.2365
1298880843 -8.66995 41.2364
1298880844 -8.66993 41.2364
1298880845 -8.66992 41.2363
1298880846 -8.6699 41.2362
1298880847 -8.66989 41.2362
1298880848 -8.66987 41.2361
1298880849 -8.66985 41.236
1298880850 -8.66984 41.236
1298880851 -8.66982 41.2359
1298880852 -8.6698 41.2358
1298880853 -8.66978 41.2357
1298880854 -8.66976 41.2357
1298880855 -8.66975 41.2356
1298880856 -8.66972 41.2355
1298880857 -8.6697 41.2354
1298880858 -8.66966 41.2354
1298880859 -8.66962 41.2353
1298880860 -8.66956 41.2352
1298880861 -8.66948 41.2352
1298880862 -8.66937 41.2351
1298880863 -8.66926 41.2351
1298880864 -8.66913 41.2351
1298880865 -8.66902 41.2351
1298880866 -8.66891 41.2352
1298880867 -8.66881 41.2353
1298880868 -8.66875 41.2354
1298880869 -8.66872 41.2355
1298880870 -8.66873 41.2356
1298880871 -8.66877 41.2357
1298880872 -8.66883 41.2358
1298880873 -8.66888 41.2359
1298880874 -8.66894 41.236
1298880875 -8.669 41.2361
1298880876 -8.66905 41.2363
1298880877 -8.6691 41.2364
1298880878 -8.66913 41.2365
1298880879 -8.66917 41.2367
1298880880 -8.6692 41.2368
1298880881 -8.66925 41.2369
1298880882 -8.66929 41.237
1298880883 -8.66932 41.2372
1298880884 -8.66936 41.2373
1298880885 -8.66939 41.2374
1298880886 -8.66943 41.2376
1298880887 -8.66946 41.2377
1298880888 -8.66948 41.2378
1298880889 -8.6695 41.238
1298880890 -8.66948 41.2381
1298880891 -8.66943 41.2382
1298880892 -8.66932 41.2383
1298880893 -8.6692 41.2383
1298880894 -8.66905 41.2383
1298880895 -8.66891 41.2383
1298880896 -8.66876 41.2383
1298880897 -8.66864 41.2382
1298880898 -8.66853 41.2381
1298880899 -8.66845 41.238
1298880900 -8.66838 41.2379
1298880901 -8.66832 41.2378
1298880902 -8.66828 41.2376
1298880903 -8.66823 41.2375
1298880904 -8.6682 41.2374
1298880905 -8.66815 41.2372
1298880906 -8.66811 41.237
1298880907 -8.66807 41.2369
1298880908 -8.66803 41.2367
1298880909 -8.66798 41.2366
1298880910 -8.66794 41.2364
1298880911 -8.66789 41.2362
1298880912 -8.66784 41.236
1298880913 -8.66779 41.2358
1298880914 -8.66775 41.2357
1298880915 -8.6677 41.2355
1298880916 -8.66765 41.2353
1298880917 -8.66759 41.2351
1298880918 -8.6675 41.235
1298880919 -8.6674 41.2348
1298880920 -8.66727 41.2347
1298880921 -8.66714 41.2345
1298880922 -8.66704 41.2344
1298880923 -8.66693 41.2342
1298880924 -8.66685 41.234
1298880925 -8.66677 41.2338
1298880926 -8.66673 41.2337
1298880927 -8.66669 41.2335
1298880928 -8.66669 41.2333
1298880929 -8.6667 41.2331
1298880930 -8.66674 41.2329
1298880931 -8.6668 41.2327
1298880932 -8.66687 41.2325
1298880933 -8.66696 41.2323
1298880934 -8.66707 41.2322
1298880935 -8.66717 41.232
1298880936 -8.66728 41.2318
1298880937 -8.66739 41.2316
1298880938 -8.6675 41.2314
1298880939 -8.6676 41.2312
1298880940 -8.66771 41.231
1298880941 -8.66781 41.2307
1298880942 -8.66791 41.2305
1298880943 -8.668 41.2303
1298880944 -8.66808 41.23
1298880945 -8.66815 41.2298
1298880946 -8.66822 41.2296
1298880947 -8.66828 41.2293
1298880948 -8.66834 41.2291
1298880949 -8.6684 41.2288
1298880950 -8.66845 41.2286
1298880951 -8.6685 41.2283
1298880952 -8.66856 41.2281
1298880953 -8.66861 41.2278
1298880954 -8.66867 41.2276
1298880955 -8.66872 41.2273
1298880956 -8.66878 41.2271
1298880957 -8.66885 41.2268
1298880958 -8.66891 41.2266
1298880959 -8.66897 41.2264
1298880960 -8.66903 41.2261
1298880961 -8.6691 41.2259
1298880962 -8.66915 41.2257
1298880963 -8.6692 41.2254
1298880964 -8.66924 41.2252
1298880965 -8.66925 41.225
1298880966 -8.6692 41.2248
1298880967 -8.66911 41.2246
1298880968 -8.66899 41.2244
1298880969 -8.66883 41.2242
1298880970 -8.66862 41.2241
1298880971 -8.6684 41.224
1298880972 -8.66813 41.2239
1298880973 -8.66786 41.2238
1298880974 -8.66759 41.2238
1298880975 -8.6673 41.2237
1298880976 -8.66701 41.2237
1298880977 -8.66671 41.2237
1298880978 -8.66642 41.2237
1298880979 -8.66611 41.2237
1298880980 -8.6658 41.2237
1298880981 -8.6655 41.2237
1298880982 -8.66519 41.2237
1298880983 -8.66488 41.2237
1298880984 -8.66456 41.2237
1298880985 -8.66425 41.2237
1298880986 -8.66394 41.2236
1298880987 -8.66363 41.2236
1298880988 -8.66334 41.2235
1298880989 -8.66305 41.2234
1298880990 -8.66279 41.2233
1298880991 -8.66254 41.2232
1298880992 -8.66231 41.223
1298880993 -8.6621 41.2229
1298880994 -8.66191 41.2227
1298880995 -8.66174 41.2225
1298880996 -8.66155 41.2224
1298880997 -8.66138 41.2222
1298880998 -8.66121 41.222
1298880999 -8.66103 41.2219
1298881000 -8.66086 41.2217
1298881001 -8.66068 41.2215
1298881002 -8.66051 41.2213
1298881003 -8.66033 41.2211
1298881004 -8.66014 41.2209
1298881005 -8.65996 41.2207
1298881006 -8.65977 41.2205
1298881007 -8.65958 41.2203
1298881008 -8.65939 41.2201
1298881009 -8.65921 41.2199
1298881010 -8.65902 41.2197
1298881011 -8.65883 41.2195
1298881012 -8.65863 41.2193
1298881013 -8.65843 41.2191
1298881014 -8.65823 41.2189
1298881015 -8.65804 41.2187
1298881016 -8.65784 41.2185
1298881017 -8.65763 41.2182
1298881018 -8.65743 41.218
1298881019 -8.65724 41.2178
1298881020 -8.65703 41.2176
1298881021 -8.65683 41.2174
1298881022 -8.65663 41.2172
1298881023 -8.65643 41.217
1298881024 -8.65623 41.2167
1298881025 -8.65602 41.2165
1298881026 -8.65582 41.2163
1298881027 -8.65562 41.2161
1298881028 -8.65543 41.2159
1298881029 -8.65523 41.2157
1298881030 -8.65503 41.2155
1298881031 -8.65484 41.2152
1298881032 -8.65465 41.215
1298881033 -8.65448 41.2148
1298881034 -8.65431 41.2146
1298881035 -8.65416 41.2144
1298881036 -8.65401 41.2142
1298881037 -8.65388 41.2139
1298881038 -8.65376 41.2137
1298881039 -8.65365 41.2135
1298881040 -8.65355 41.2132
1298881041 -8.65345 41.213
1298881042 -8.65335 41.2127
1298881043 -8.65325 41.2125
1298881044 -8.65315 41.2123
1298881045 -8.65304 41.212
1298881046 -8.65294 41.2118
1298881047 -8.65283 41.2116
1298881048 -8.65273 41.2113
1298881049 -8.65264 41.2111
1298881050 -8.65253 41.2109
1298881051 -8.65243 41.2106
1298881052 -8.65232 41.2104
1298881053 -8.65222 41.2102
1298881054 -8.65212 41.2099
1298881055 -8.65202 41.2097
1298881056 -8.65194 41.2094
1298881057 -8.65186 41.2092
1298881058 -8.6518 41.2089
1298881059 -8.65175 41.2087
1298881060 -8.65172 41.2085
1298881061 -8.65169 41.2082
1298881062 -8.65168 41.208
1298881063 -8.65169 41.2077
1298881064 -8.65171 41.2075
1298881065 -8.65173 41.2073
1298881066 -8.65175 41.2071
1298881067 -8.65178 41.2068
1298881068 -8.65181 41.2066
1298881069 -8.65184 41.2064
1298881070 -8.65185 41.2062
1298881071 -8.65187 41.206
1298881072 -8.65187 41.2058
1298881073 -8.65186 41.2056
1298881074 -8.65184 41.2054
1298881075 -8.65179 41.2052
1298881076 -8.65175 41.205
1298881077 -8.65167 41.2048
1298881078 -8.6516 41.2046
1298881079 -8.65151 41.2044
1298881080 -8.65141 41.2042
1298881081 -8.6513 41.2041
1298881082 -8.6512 41.2039
1298881083 -8.65108 41.2037
1298881084 -8.65096 41.2036
1298881085 -8.65085 41.2034
1298881086 -8.65076 41.2033
1298881087 -8.65067 41.2032
1298881088 -8.65057 41.203
1298881089 -8.65048 41.2029
1298881090 -8.6504 41.2028
1298881091 -8.65032 41.2027
1298881092 -8.65024 41.2025
1298881093 -8.65017 41.2024
1298881094 -8.6501 41.2023
1298881095 -8.65004 41.2022
1298881096 -8.65 41.2021
1298881097 -8.64999 41.202
1298881098 -8.65002 41.2019
1298881099 -8.65008 41.2018
1298881100 -8.65017 41.2017
1298881101 -8.65029 41.2016
1298881102 -8.65043 41.2016
1298881103 -8.65058 41.2015
1298881104 -8.65073 41.2016
1298881105 -8.65088 41.2016
1298881106 -8.65101 41.2016
1298881107 -8.65112 41.2017
1298881108 -8.65121 41.2018
1298881109 -8.65125 41.202
1298881110 -8.65126 41.2021
1298881111 -8.65121 41.2022
1298881112 -8.65113 41.2023
1298881113 -8.65102 41.2024
1298881114 -8.65088 41.2025
1298881115 -8.65072 41.2025
1298881116 -8.65056 41.2026
1298881117 -8.65039 41.2026
1298881118 -8.65022 41.2026
1298881119 -8.65003 41.2027
1298881120 -8.64982 41.2027
1298881121 -8.64962 41.2027
1298881122 -8.64941 41.2028
1298881123 -8.64921 41.2028
1298881124 -8.64898 41.2029
1298881125 -8.64877 41.2029
1298881126 -8.64854 41.203
1298881127 -8.64832 41.203
1298881128 -8.64808 41.2031
1298881129 -8.64784 41.2031
1298881130 -8.64761 41.2031
1298881131 -8.64736 41.2032
1298881132 -8.64711 41.2032
1298881133 -8.64687 41.2033
1298881134 -8.64662 41.2033
1298881135 -8.64635 41.2034
1298881136 -8.6461 41.2034
1298881137 -8.64584 41.2035
1298881138 -8.64558 41.2035
1298881139 -8.64532 41.2036
1298881140 -8.64506 41.2037
1298881141 -8.64481 41.2037
1298881142 -8.64455 41.2038
1298881143 -8.6443 41.2039
1298881144 -8.64404 41.2039
1298881145 -8.64379 41.204
1298881146 -8.64354 41.204
1298881147 -8.64328 41.2041
1298881148 -8.64302 41.2042
1298881149 -8.64274 41.2042
1298881150 -8.64248 41.2043
1298881151 -8.64221 41.2044
1298881152 -8.64194 41.2044
1298881153 -8.64166 41.2045
1298881154 -8.6414 41.2045
1298881155 -8.64113 41.2046
1298881156 -8.64086 41.2047
1298881157 -8.64058 41.2048
1298881158 -8.64031 41.2048
1298881159 -8.64004 41.2049
1298881160 -8.63976 41.205
1298881161 -8.63948 41.2051
1298881162 -8.6392 41.2051
1298881163 -8.63892 41.2052
1298881164 -8.63863 41.2053
1298881165 -8.63835 41.2054
1298881166 -8.63807 41.2055
1298881167 -8.6378 41.2055
1298881168 -8.63751 41.2056
1298881169 -8.63722 41.2057
1298881170 -8.63693 41.2058
1298881171 -8.63664 41.2059
1298881172 -8.63635 41.206
1298881173 -8.63605 41.206
1298881174 -8.63576 41.2061
1298881175 -8.63547 41.2062
1298881176 -8.63518 41.2063
1298881177 -8.6349 41.2064
1298881178 -8.63461 41.2065
1298881179 -8.63432 41.2065
1298881180 -8.63403 41.2066
1298881181 -8.63374 41.2067
1298881182 -8.63345 41.2068
1298881183 -8.63315 41.2068
1298881184 -8.63286 41.2069
1298881185 -8.63258 41.2069
1298881186 -8.63229 41.207
1298881187 -8.63199 41.207
1298881188 -8.63169 41.207
1298881189 -8.63141 41.2071
1298881190 -8.63111 41.2071
1298881191 -8.63081 41.2071
1298881192 -8.63052 41.2071
1298881193 -8.63023 41.2071
1298881194 -8.62994 41.2071
1298881195 -8.62965 41.207
1298881196 -8.62936 41.207
1298881197 -8.62907 41.207
1298881198 -8.6288 41.2069
1298881199 -8.62852 41.2069
1298881200 -8.62824 41.2068
