:break:
1298880131 -8.62663 41.1488
1298880132 -8.62663 41.1488
1298880133 -8.62664 41.1488
1298880134 -8.62664 41.1488
1298880135 -8.62664 41.1488
1298880136 -8.62664 41.1488
1298880137 -8.62665 41.1488
1298880138 -8.62666 41.1488
1298880139 -8.62666 41.1488
1298880140 -8.62667 41.1488
1298880141 -8.62668 41.1488
1298880142 -8.62668 41.1488
1298880143 -8.62669 41.1488
1298880144 -8.62669 41.1488
1298880145 -8.62669 41.1488
1298880146 -8.6267 41.1488
1298880147 -8.6267 41.1488
1298880148 -8.6267 41.1488
1298880149 -8.62671 41.1488
1298880150 -8.62671 41.1488
1298880151 -8.62672 41.1488
1298880152 -8.62672 41.1488
1298880153 -8.62673 41.1488
1298880154 -8.62673 41.1488
1298880155 -8.62673 41.1488
1298880156 -8.62673 41.1488
1298880157 -8.62673 41.1488
1298880158 -8.62673 41.1488
1298880159 -8.62673 41.1488
1298880160 -8.62673 41.1488
1298880161 -8.62673 41.1488
1298880162 -8.62673 41.1488
1298880163 -8.62673 41.1488
1298880164 -8.62673 41.1488
1298880165 -8.62673 41.1488
1298880166 -8.62673 41.1488
1298880167 -8.62674 41.1488
1298880168 -8.62674 41.1488
1298880169 -8.62674 41.1488
1298880170 -8.62674 41.1488
1298880171 -8.62675 41.1488
1298880172 -8.62675 41.1488
1298880173 -8.62675 41.1488
1298880174 -8.62675 41.1488
1298880175 -8.62675 41.1488
1298880176 -8.62676 41.1488
1298880177 -8.62676 41.1488
1298880178 -8.62676 41.1488
1298880179 -8.62676 41.1488
1298880180 -8.62677 41.1488
1298880181 -8.62677 41.1488
1298880182 -8.62677 41.1488
1298880183 -8.62677 41.1488
1298880184 -8.62678 41.1488
1298880185 -8.62678 41.1488
1298880186 -8.62678 41.1488
1298880187 -8.62678 41.1488
1298880188 -8.62678 41.1488
1298880189 -8.62678 41.1488
1298880190 -8.62678 41.1488
1298880191 -8.62678 41.1488
1298880192 -8.62678 41.1488
1298880193 -8.62678 41.1488
1298880194 -8.62678 41.1488
1298880195 -8.62678 41.1488
1298880196 -8.62678 41.1488
1298880197 -8.62677 41.1488
1298880198 -8.62677 41.1488
1298880199 -8.62677 41.1488
1298880200 -8.62677 41.1488
1298880201 -8.62677 41.1488
1298880202 -8.62677 41.1488
1298880203 -8.62677 41.1488
1298880204 -8.62677 41.1488
1298880205 -8.62677 41.1488
1298880206 -8.62677 41.1488
1298880207 -8.62677 41.1488
1298880208 -8.62677 41.1488
1298880209 -8.62677 41.1488
1298880210 -8.62677 41.1488
1298880211 -8.62677 41.1488
1298880212 -8.62677 41.1488
1298880213 -8.62676 41.1488
1298880214 -8.62676 41.1488
1298880215 -8.62676 41.1488
1298880216 -8.62676 41.1488
1298880217 -8.62676 41.1488
1298880218 -8.62676 41.1488
1298880219 -8.62676 41.1488
1298880220 -8.62676 41.1488
1298880221 -8.62676 41.1488
1298880222 -8.62676 41.1488
1298880223 -8.62675 41.1488
1298880224 -8.62675 41.1488
1298880225 -8.62675 41.1488
1298880226 -8.62675 41.1488
1298880227 -8.62675 41.1488
1298880228 -8.62675 41.1488
1298880229 -8.62675 41.1488
1298880230 -8.62675 41.1488
1298880231 -8.62674 41.1488
1298880232 -8.62674 41.1488
1298880233 -8.62674 41.1488
1298880234 -8.62673 41.1488
1298880235 -8.62673 41.1488
1298880236 -8.62673 41.1488
1298880237 -8.62673 41.1488
1298880238 -8.62673 41.1488
1298880239 -8.62673 41.1488
1298880240 -8.62673 41.1488
1298880241 -8.62673 41.1488
1298880242 -8.62673 41.1488
1298880243 -8.62673 41.1488
1298880244 -8.62672 41.1488
1298880245 -8.62672 41.1488
1298880246 -8.62672 41.1488
1298880247 -8.62672 41.1488
1298880248 -8.62672 41.1488
1298880249 -8.62672 41.1488
1298880250 -8.62671 41.1488
1298880251 -8.62671 41.1488
1298880252 -8.6267 41.1488
1298880253 -8.6267 41.1488
1298880254 -8.6267 41.1488
1298880255 -8.6267 41.1488
1298880256 -8.6267 41.1488
1298880257 -8.6267 41.1488
1298880258 -8.6267 41.1488
1298880259 -8.62672 41.1488
1298880260 -8.62672 41.1488
1298880261 -8.62672 41.1488
1298880262 -8.62672 41.1488
1298880263 -8.62672 41.1488
1298880264 -8.62673 41.1488
1298880265 -8.62673 41.1488
1298880266 -8.62673 41.1488
1298880267 -8.62673 41.1488
1298880268 -8.62673 41.1488
1298880269 -8.62673 41.1488
1298880270 -8.62673 41.1488
1298880271 -8.62673 41.1488
1298880272 -8.62673 41.1488
1298880273 -8.62673 41.1488
1298880274 -8.62673 41.1488
1298880275 -8.62673 41.1488
1298880276 -8.62673 41.1488
1298880277 -8.62673 41.1488
1298880278 -8.62672 41.1488
1298880279 -8.62672 41.1488
1298880280 -8.62672 41.1488
1298880281 -8.62672 41.1488
1298880282 -8.62672 41.1488
1298880283 -8.62672 41.1488
1298880284 -8.62673 41.1488
1298880285 -8.62673 41.1488
1298880286 -8.62673 41.1488
1298880287 -8.62673 41.1488
1298880288 -8.62673 41.1488
1298880289 -8.62673 41.1488
1298880290 -8.62673 41.1488
1298880291 -8.62673 41.1488
1298880292 -8.62673 41.1488
1298880293 -8.62673 41.1488
1298880294 -8.62673 41.1488
1298880295 -8.62673 41.1488
1298880296 -8.62673 41.1488
1298880297 -8.62673 41.1488
1298880298 -8.62673 41.1488
1298880299 -8.62673 41.1488
1298880300 -8.62673 41.1488
1298880301 -8.62673 41.1488
1298880302 -8.62673 41.1488
1298880303 -8.62673 41.1488
1298880304 -8.62673 41.1488
1298880305 -8.62673 41.1488
1298880306 -8.62673 41.1488
1298880307 -8.62673 41.1488
1298880308 -8.62673 41.1488
1298880309 -8.62673 41.1488
1298880310 -8.62673 41.1488
1298880311 -8.62673 41.1488
1298880312 -8.62673 41.1488
1298880313 -8.62673 41.1488
1298880314 -8.62673 41.1488
1298880315 -8.62673 41.1488
1298880316 -8.62673 41.1488
1298880317 -8.62674 41.1488
1298880318 -8.62674 41.1488
1298880319 -8.62675 41.1488
1298880320 -8.62675 41.1488
1298880321 -8.62675 41.1488
1298880322 -8.62676 41.1488
1298880323 -8.62676 41.1488
1298880324 -8.62676 41.1488
1298880325 -8.62677 41.1488
1298880326 -8.62677 41.1488
1298880327 -8.62677 41.1488
1298880328 -8.62677 41.1488
1298880329 -8.62677 41.1488
1298880330 -8.62677 41.1488
1298880331 -8.62677 41.1488
1298880332 -8.62678 41.1488
1298880333 -8.62678 41.1488
1298880334 -8.62678 41.1488
1298880335 -8.62678 41.1488
1298880336 -8.62678 41.1488
1298880337 -8.62678 41.1488
1298880338 -8.62677 41.1488
1298880339 -8.62677 41.1488
1298880340 -8.62677 41.1488
1298880341 -8.62677 41.1488
1298880342 -8.62677 41.1488
1298880343 -8.62677 41.1488
1298880344 -8.62677 41.1488
1298880345 -8.62678 41.1488
1298880346 -8.62678 41.1488
1298880347 -8.62678 41.1488
1298880348 -8.62678 41.1488
1298880349 -8.62678 41.1488
1298880350 -8.62679 41.1488
1298880351 -8.62679 41.1488
1298880352 -8.62679 41.1488
1298880353 -8.62679 41.1488
1298880354 -8.62679 41.1488
1298880355 -8.6268 41.1488
1298880356 -8.6268 41.1488
1298880357 -8.6268 41.1488
1298880358 -8.6268 41.1488
1298880359 -8.6268 41.1488
1298880360 -8.6268 41.1488
1298880361 -8.6268 41.1488
1298880362 -8.6268 41.1488
1298880363 -8.6268 41.1488
1298880364 -8.6268 41.1488
1298880365 -8.62681 41.1488
1298880366 -8.6268 41.1488
1298880367 -8.6268 41.1488
1298880368 -8.6268 41.1488
1298880369 -8.6268 41.1488
1298880370 -8.6268 41.1488
1298880371 -8.6268 41.1488
1298880372 -8.6268 41.1488
1298880373 -8.6268 41.1488
1298880374 -8.6268 41.1488
1298880375 -8.6268 41.1488
1298880376 -8.6268 41.1488
1298880377 -8.62679 41.1488
1298880378 -8.62679 41.1488
1298880379 -8.62679 41.1488
1298880380 -8.62679 41.1488
1298880381 -8.62679 41.1488
1298880382 -8.62679 41.1488
1298880383 -8.62679 41.1488
1298880384 -8.62678 41.1488
1298880385 -8.62678 41.1488
1298880386 -8.62678 41.1488
1298880387 -8.62678 41.1488
1298880388 -8.62678 41.1488
1298880389 -8.62678 41.1488
1298880390 -8.62678 41.1488
1298880391 -8.62678 41.1488
1298880392 -8.62678 41.1488
1298880393 -8.62678 41.1488
1298880394 -8.62678 41.1488
1298880395 -8.62678 41.1488
1298880396 -8.62678 41.1488
1298880397 -8.62678 41.1488
1298880398 -8.62678 41.1488
1298880399 -8.62678 41.1488
1298880400 -8.62679 41.1489
1298880401 -8.62679 41.1489
1298880402 -8.62679 41.1489
1298880403 -8.62679 41.1489
1298880404 -8.62679 41.1489
1298880405 -8.62679 41.1489
1298880406 -8.6268 41.1489
1298880407 -8.6268 41.1489
1298880408 -8.6268 41.1489
1298880409 -8.6268 41.1489
1298880410 -8.62679 41.1489
1298880411 -8.62679 41.1489
1298880412 -8.62679 41.1489
1298880413 -8.62679 41.1489
1298880414 -8.62679 41.1489
1298880415 -8.6268 41.1489
1298880416 -8.6268 41.1489
1298880417 -8.6268 41.1488
1298880418 -8.6268 41.1488
1298880419 -8.6268 41.1488
1298880420 -8.6268 41.1488
1298880421 -8.6268 41.1488
1298880422 -8.6268 41.1488
1298880423 -8.6268 41.1488
1298880424 -8.6268 41.1488
1298880425 -8.62681 41.1488
1298880426 -8.62681 41.1488
1298880427 -8.62681 41.1488
1298880428 -8.62681 41.1488
1298880429 -8.62681 41.1488
1298880430 -8.62681 41.1488
1298880431 -8.62681 41.1488
1298880432 -8.62682 41.1488
1298880433 -8.62682 41.1488
1298880434 -8.62682 41.1488
1298880435 -8.62682 41.1488
1298880436 -8.62682 41.1488
1298880437 -8.62682 41.1488
1298880438 -8.62682 41.1488
1298880439 -8.62682 41.1488
1298880440 -8.62682 41.1488
1298880441 -8.62682 41.1488
1298880442 -8.62683 41.1488
1298880443 -8.62683 41.1488
1298880444 -8.62683 41.1488
1298880445 -8.62682 41.1488
1298880446 -8.62682 41.1488
1298880447 -8.62682 41.1488
1298880448 -8.62682 41.1488
1298880449 -8.62682 41.1488
1298880450 -8.62682 41.1488
1298880451 -8.62682 41.1488
1298880452 -8.62682 41.1488
1298880453 -8.62682 41.1488
1298880454 -8.62682 41.1488
1298880455 -8.62682 41.1488
1298880456 -8.62682 41.1488
1298880457 -8.62682 41.1488
1298880458 -8.62682 41.1488
1298880459 -8.62681 41.1488
1298880460 -8.62681 41.1488
1298880461 -8.62681 41.1488
1298880462 -8.62681 41.1488
1298880463 -8.62681 41.1488
1298880464 -8.62681 41.1488
1298880465 -8.62681 41.1488
1298880466 -8.62681 41.1488
1298880467 -8.62681 41.1488
1298880468 -8.62681 41.1488
1298880469 -8.62681 41.1488
1298880470 -8.62682 41.1488
1298880471 -8.62682 41.1489
1298880472 -8.62682 41.1489
1298880473 -8.62682 41.1489
1298880474 -8.62682 41.1489
1298880475 -8.62684 41.1489
1298880476 -8.62686 41.1489
1298880477 -8.62691 41.1489
1298880478 -8.62695 41.149
1298880479 -8.62699 41.149
1298880480 -8.62704 41.1491
1298880481 -8.62709 41.1492
1298880482 -8.62713 41.1492
1298880483 -8.62719 41.1493
1298880484 -8.62726 41.1493
1298880485 -8.62732 41.1494
1298880486 -8.62738 41.1495
1298880487 -8.62744 41.1495
1298880488 -8.62752 41.1496
1298880489 -8.62757 41.1497
1298880490 -8.62763 41.1497
1298880491 -8.62768 41.1498
1298880492 -8.62773 41.1498
1298880493 -8.62778 41.1499
1298880494 -8.62782 41.15
1298880495 -8.62786 41.1501
1298880496 -8.62789 41.1501
1298880497 -8.62792 41.1502
1298880498 -8.62795 41.1503
1298880499 -8.62798 41.1504
1298880500 -8.62801 41.1505
1298880501 -8.62804 41.1506
1298880502 -8.62808 41.1506
1298880503 -8.62814 41.1507
1298880504 -8.62819 41.1508
1298880505 -8.62824 41.1509
1298880506 -8.62831 41.1509
1298880507 -8.62837 41.151
1298880508 -8.62845 41.1511
1298880509 -8.62853 41.1511
1298880510 -8.62861 41.1512
1298880511 -8.62865 41.1512
1298880512 -8.6287 41.1512
1298880513 -8.62871 41.1512
1298880514 -8.62871 41.1512
1298880515 -8.62871 41.1512
1298880516 -8.62871 41.1512
1298880517 -8.62871 41.1512
1298880518 -8.62871 41.1512
1298880519 -8.62871 41.1512
1298880520 -8.62871 41.1512
1298880521 -8.62871 41.1512
1298880522 -8.62871 41.1512
1298880523 -8.62871 41.1512
1298880524 -8.62871 41.1512
1298880525 -8.62871 41.1512
1298880526 -8.62871 41.1512
1298880527 -8.62871 41.1512
1298880528 -8.62871 41.1512
1298880529 -8.62871 41.1512
1298880530 -8.62871 41.1512
1298880531 -8.62871 41.1512
1298880532 -8.62871 41.1512
1298880533 -8.62871 41.1512
1298880534 -8.62871 41.1512
1298880535 -8.62871 41.1512
1298880536 -8.62871 41.1512
1298880537 -8.62871 41.1512
1298880538 -8.62871 41.1512
1298880539 -8.62871 41.1512
1298880540 -8.62872 41.1512
1298880541 -8.62872 41.1512
1298880542 -8.62872 41.1512
1298880543 -8.62872 41.1512
1298880544 -8.62873 41.1512
1298880545 -8.62873 41.1512
1298880546 -8.62873 41.1512
1298880547 -8.62873 41.1512
1298880548 -8.62874 41.1512
1298880549 -8.62874 41.1512
1298880550 -8.62874 41.1512
1298880551 -8.62874 41.1512
1298880552 -8.62874 41.1512
1298880553 -8.62874 41.1512
1298880554 -8.62874 41.1512
1298880555 -8.62874 41.1512
1298880556 -8.62874 41.1512
1298880557 -8.62874 41.1512
1298880558 -8.62874 41.1512
1298880559 -8.62875 41.1512
1298880560 -8.62875 41.1512
1298880561 -8.62875 41.1512
1298880562 -8.62874 41.1512
1298880563 -8.62874 41.1512
1298880564 -8.62875 41.1512
1298880565 -8.62877 41.1512
1298880566 -8.62881 41.1512
1298880567 -8.62885 41.1513
1298880568 -8.62889 41.1513
1298880569 -8.62891 41.1514
1298880570 -8.62893 41.1514
1298880571 -8.62895 41.1515
1298880572 -8.62895 41.1515
1298880573 -8.62896 41.1516
1298880574 -8.62895 41.1517
1298880575 -8.62895 41.1517
1298880576 -8.62893 41.1518
1298880577 -8.62891 41.1519
1298880578 -8.6289 41.152
1298880579 -8.62889 41.152
1298880580 -8.62889 41.1521
1298880581 -8.62887 41.1522
1298880582 -8.62886 41.1522
1298880583 -8.62885 41.1523
1298880584 -8.62884 41.1523
1298880585 -8.62883 41.1523
1298880586 -8.62882 41.1523
1298880587 -8.62881 41.1523
1298880588 -8.62881 41.1523
1298880589 -8.6288 41.1523
1298880590 -8.6288 41.1523
1298880591 -8.62879 41.1523
1298880592 -8.62878 41.1523
1298880593 -8.62878 41.1523
1298880594 -8.62877 41.1523
1298880595 -8.62877 41.1523
1298880596 -8.62876 41.1523
1298880597 -8.62875 41.1524
1298880598 -8.62875 41.1524
1298880599 -8.62875 41.1524
1298880600 -8.62874 41.1524
1298880601 -8.62874 41.1524
1298880602 -8.62874 41.1524
1298880603 -8.62874 41.1524
1298880604 -8.62874 41.1524
1298880605 -8.62874 41.1524
1298880606 -8.62874 41.1524
1298880607 -8.62874 41.1524
1298880608 -8.62874 41.1524
1298880609 -8.62874 41.1524
1298880610 -8.62874 41.1524
1298880611 -8.62874 41.1524
1298880612 -8.62874 41.1524
1298880613 -8.62874 41.1524
1298880614 -8.62874 41.1524
1298880615 -8.62874 41.1524
1298880616 -8.62874 41.1524
1298880617 -8.62874 41.1524
1298880618 -8.62874 41.1524
1298880619 -8.62874 41.1524
1298880620 -8.62874 41.1524
1298880621 -8.62874 41.1524
1298880622 -8.62874 41.1524
1298880623 -8.62874 41.1524
1298880624 -8.62874 41.1524
1298880625 -8.62874 41.1524
1298880626 -8.62874 41.1524
1298880627 -8.62874 41.1524
1298880628 -8.62874 41.1524
1298880629 -8.62874 41.1524
1298880630 -8.62873 41.1524
1298880631 -8.62873 41.1524
1298880632 -8.62873 41.1525
1298880633 -8.62875 41.1525
1298880634 -8.62877 41.1525
1298880635 -8.6288 41.1525
1298880636 -8.62888 41.1525
1298880637 -8.62894 41.1525
1298880638 -8.62902 41.1525
1298880639 -8.62915 41.1526
1298880640 -8.62926 41.1526
1298880641 -8.62938 41.1526
1298880642 -8.6295 41.1526
1298880643 -8.62963 41.1526
1298880644 -8.62975 41.1526
1298880645 -8.62988 41.1526
1298880646 -8.62997 41.1526
1298880647 -8.63006 41.1527
1298880648 -8.6301 41.1527
1298880649 -8.63014 41.1527
1298880650 -8.63015 41.1527
1298880651 -8.63017 41.1527
1298880652 -8.63018 41.1527
1298880653 -8.6302 41.1527
1298880654 -8.63024 41.1527
1298880655 -8.6303 41.1527
1298880656 -8.63034 41.1527
1298880657 -8.63039 41.1527
1298880658 -8.63051 41.1527
1298880659 -8.63061 41.1527
1298880660 -8.63069 41.1527
1298880661 -8.63077 41.1528
1298880662 -8.63086 41.1528
1298880663 -8.63094 41.1528
1298880664 -8.63105 41.1528
1298880665 -8.63114 41.1528
1298880666 -8.63123 41.1528
1298880667 -8.63132 41.1528
1298880668 -8.6314 41.1528
1298880669 -8.63144 41.1528
1298880670 -8.63147 41.1528
1298880671 -8.6315 41.1528
1298880672 -8.63152 41.1528
1298880673 -8.63154 41.1528
1298880674 -8.63155 41.1528
1298880675 -8.63155 41.1528
1298880676 -8.63156 41.1528
1298880677 -8.63156 41.1528
1298880678 -8.63157 41.1528
1298880679 -8.63159 41.1528
1298880680 -8.63162 41.1528
1298880681 -8.63167 41.1528
1298880682 -8.63174 41.1528
1298880683 -8.63181 41.1528
1298880684 -8.63189 41.1528
1298880685 -8.63198 41.1528
1298880686 -8.63211 41.1528
1298880687 -8.63222 41.1528
1298880688 -8.63232 41.1528
1298880689 -8.63244 41.1528
1298880690 -8.6326 41.1527
1298880691 -8.63274 41.1527
1298880692 -8.63289 41.1527
1298880693 -8.63303 41.1527
1298880694 -8.63319 41.1527
1298880695 -8.63333 41.1527
1298880696 -8.63348 41.1526
1298880697 -8.63363 41.1526
1298880698 -8.63376 41.1526
1298880699 -8.63391 41.1526
1298880700 -8.63404 41.1526
1298880701 -8.63419 41.1525
1298880702 -8.63431 41.1525
1298880703 -8.63444 41.1525
1298880704 -8.63458 41.1525
1298880705 -8.63472 41.1524
1298880706 -8.63485 41.1524
1298880707 -8.635 41.1524
1298880708 -8.63512 41.1524
1298880709 -8.63525 41.1524
1298880710 -8.63537 41.1524
1298880711 -8.6355 41.1525
1298880712 -8.63564 41.1525
1298880713 -8.63576 41.1525
1298880714 -8.63589 41.1525
1298880715 -8.636 41.1525
1298880716 -8.63611 41.1525
1298880717 -8.63621 41.1526
1298880718 -8.63629 41.1526
1298880719 -8.63637 41.1526
1298880720 -8.63644 41.1527
1298880721 -8.63648 41.1527
1298880722 -8.63653 41.1528
1298880723 -8.63657 41.1528
1298880724 -8.63661 41.1528
1298880725 -8.63664 41.1528
1298880726 -8.63668 41.1528
1298880727 -8.63671 41.1528
1298880728 -8.63673 41.1528
1298880729 -8.63675 41.1528
1298880730 -8.63676 41.1528
1298880731 -8.63678 41.1528
1298880732 -8.6368 41.1528
1298880733 -8.63681 41.1528
1298880734 -8.63682 41.1528
1298880735 -8.63683 41.1528
1298880736 -8.63685 41.1528
1298880737 -8.63686 41.1528
1298880738 -8.63687 41.1528
1298880739 -8.63689 41.1528
1298880740 -8.6369 41.1527
1298880741 -8.63691 41.1527
1298880742 -8.63693 41.1527
1298880743 -8.63696 41.1528
1298880744 -8.63699 41.1528
1298880745 -8.63705 41.1528
1298880746 -8.6371 41.1528
1298880747 -8.63716 41.1528
1298880748 -8.63722 41.1529
1298880749 -8.63733 41.1529
1298880750 -8.6374 41.1529
1298880751 -8.63747 41.1529
1298880752 -8.63754 41.1529
1298880753 -8.63762 41.153
1298880754 -8.63767 41.153
1298880755 -8.63771 41.153
1298880756 -8.63776 41.153
1298880757 -8.63779 41.153
1298880758 -8.63779 41.153
1298880759 -8.6378 41.153
1298880760 -8.6378 41.153
1298880761 -8.63781 41.153
1298880762 -8.63783 41.153
1298880763 -8.63784 41.153
1298880764 -8.63784 41.153
1298880765 -8.63785 41.153
1298880766 -8.63786 41.153
1298880767 -8.63787 41.153
1298880768 -8.63788 41.153
1298880769 -8.63789 41.153
1298880770 -8.63789 41.153
1298880771 -8.63789 41.153
1298880772 -8.6379 41.1529
1298880773 -8.63791 41.1529
1298880774 -8.63792 41.1529
1298880775 -8.63792 41.1529
1298880776 -8.63793 41.1529
1298880777 -8.63795 41.1529
1298880778 -8.63797 41.153
1298880779 -8.63799 41.153
1298880780 -8.63802 41.153
1298880781 -8.63804 41.153
1298880782 -8.63809 41.153
1298880783 -8.63813 41.153
1298880784 -8.63817 41.153
1298880785 -8.63822 41.153
1298880786 -8.6383 41.153
1298880787 -8.63835 41.1531
1298880788 -8.6384 41.1531
1298880789 -8.63842 41.1531
1298880790 -8.63843 41.1531
1298880791 -8.63844 41.1531
1298880792 -8.63845 41.1531
1298880793 -8.63848 41.1531
1298880794 -8.63851 41.1531
1298880795 -8.63855 41.1531
1298880796 -8.63861 41.1531
1298880797 -8.63864 41.1532
1298880798 -8.63867 41.1532
1298880799 -8.63868 41.1532
1298880800 -8.63869 41.1532
1298880801 -8.63869 41.1533
1298880802 -8.63869 41.1533
1298880803 -8.63868 41.1533
1298880804 -8.63866 41.1534
1298880805 -8.63865 41.1534
1298880806 -8.63864 41.1534
1298880807 -8.63864 41.1534
1298880808 -8.63863 41.1534
1298880809 -8.63862 41.1535
1298880810 -8.63862 41.1535
1298880811 -8.63861 41.1535
1298880812 -8.63861 41.1535
1298880813 -8.63861 41.1535
1298880814 -8.6386 41.1535
1298880815 -8.63859 41.1535
1298880816 -8.63859 41.1536
1298880817 -8.63858 41.1536
1298880818 -8.63858 41.1536
1298880819 -8.63858 41.1536
1298880820 -8.63857 41.1536
1298880821 -8.63857 41.1536
1298880822 -8.63856 41.1536
1298880823 -8.63855 41.1536
1298880824 -8.63855 41.1536
1298880825 -8.63855 41.1536
1298880826 -8.63855 41.1536
1298880827 -8.63854 41.1536
1298880828 -8.63854 41.1536
1298880829 -8.63854 41.1536
1298880830 -8.63854 41.1537
1298880831 -8.63854 41.1537
1298880832 -8.63854 41.1537
1298880833 -8.63853 41.1537
1298880834 -8.63852 41.1537
1298880835 -8.63851 41.1537
1298880836 -8.6385 41.1537
1298880837 -8.63849 41.1538
1298880838 -8.63848 41.1538
1298880839 -8.63848 41.1538
1298880840 -8.63848 41.1538
1298880841 -8.63847 41.1538
1298880842 -8.63847 41.1538
1298880843 -8.63847 41.1538
1298880844 -8.63847 41.1538
1298880845 -8.63847 41.1538
1298880846 -8.63847 41.1538
1298880847 -8.63847 41.1538
1298880848 -8.63846 41.1538
1298880849 -8.63846 41.1538
1298880850 -8.63846 41.1538
1298880851 -8.63846 41.1538
1298880852 -8.63845 41.1538
1298880853 -8.63845 41.1538
1298880854 -8.63844 41.1538
1298880855 -8.63844 41.1538
1298880856 -8.63845 41.1538
1298880857 -8.63844 41.1538
1298880858 -8.63844 41.1538
1298880859 -8.63844 41.1538
1298880860 -8.63843 41.1538
1298880861 -8.63842 41.1539
1298880862 -8.63841 41.1539
1298880863 -8.6384 41.1539
1298880864 -8.63839 41.1539
1298880865 -8.63839 41.1539
1298880866 -8.63839 41.1539
1298880867 -8.63838 41.1539
1298880868 -8.63838 41.1539
1298880869 -8.63838 41.1539
1298880870 -8.63837 41.1539
1298880871 -8.63836 41.1539
1298880872 -8.63836 41.154
1298880873 -8.63836 41.154
1298880874 -8.63836 41.154
1298880875 -8.63836 41.154
1298880876 -8.63836 41.154
1298880877 -8.63836 41.154
1298880878 -8.63836 41.154
1298880879 -8.63835 41.154
1298880880 -8.63835 41.154
1298880881 -8.63835 41.154
1298880882 -8.63835 41.154
1298880883 -8.63835 41.154
1298880884 -8.63835 41.154
1298880885 -8.63835 41.154
1298880886 -8.63835 41.154
1298880887 -8.63835 41.154
1298880888 -8.63835 41.154
1298880889 -8.63835 41.154
1298880890 -8.63834 41.154
1298880891 -8.63834 41.154
1298880892 -8.63833 41.154
1298880893 -8.63833 41.154
1298880894 -8.63833 41.154
1298880895 -8.63833 41.154
1298880896 -8.63833 41.154
1298880897 -8.63833 41.154
1298880898 -8.63833 41.154
1298880899 -8.63833 41.154
1298880900 -8.63833 41.154
1298880901 -8.63833 41.154
1298880902 -8.63833 41.154
1298880903 -8.63833 41.154
1298880904 -8.63833 41.154
1298880905 -8.63833 41.154
1298880906 -8.63833 41.154
1298880907 -8.63833 41.154
1298880908 -8.63833 41.154
1298880909 -8.63833 41.154
1298880910 -8.63833 41.154
1298880911 -8.63833 41.154
1298880912 -8.63833 41.154
1298880913 -8.63833 41.154
1298880914 -8.63833 41.1541
1298880915 -8.63831 41.1541
1298880916 -8.6383 41.1541
1298880917 -8.63829 41.1541
1298880918 -8.63828 41.1541
1298880919 -8.63827 41.1542
1298880920 -8.63827 41.1542
1298880921 -8.63827 41.1542
1298880922 -8.63827 41.1542
1298880923 -8.63827 41.1542
1298880924 -8.63826 41.1542
1298880925 -8.63826 41.1542
1298880926 -8.63825 41.1542
1298880927 -8.63825 41.1542
1298880928 -8.63824 41.1542
1298880929 -8.63823 41.1542
1298880930 -8.63822 41.1542
1298880931 -8.63822 41.1543
1298880932 -8.6382 41.1543
1298880933 -8.6382 41.1543
1298880934 -8.6382 41.1543
1298880935 -8.6382 41.1543
1298880936 -8.6382 41.1543
1298880937 -8.6382 41.1543
1298880938 -8.6382 41.1543
1298880939 -8.63819 41.1543
1298880940 -8.63817 41.1543
1298880941 -8.63816 41.1543
1298880942 -8.63816 41.1543
1298880943 -8.63816 41.1544
1298880944 -8.63816 41.1544
1298880945 -8.63816 41.1544
1298880946 -8.63815 41.1544
1298880947 -8.63815 41.1544
1298880948 -8.63815 41.1544
1298880949 -8.63814 41.1544
1298880950 -8.63813 41.1544
1298880951 -8.63811 41.1545
1298880952 -8.63809 41.1545
1298880953 -8.63807 41.1545
1298880954 -8.63805 41.1546
1298880955 -8.63801 41.1547
1298880956 -8.63798 41.1547
1298880957 -8.63794 41.1548
1298880958 -8.6379 41.1549
1298880959 -8.63787 41.1549
1298880960 -8.63783 41.155
1298880961 -8.6378 41.1551
1298880962 -8.63776 41.1552
1298880963 -8.63771 41.1553
1298880964 -8.63765 41.1554
1298880965 -8.6376 41.1555
1298880966 -8.63755 41.1556
1298880967 -8.6375 41.1557
1298880968 -8.63748 41.1557
1298880969 -8.63746 41.1557
1298880970 -8.63745 41.1558
1298880971 -8.63744 41.1558
1298880972 -8.63743 41.1558
1298880973 -8.63741 41.1558
1298880974 -8.63738 41.1559
1298880975 -8.63734 41.156
1298880976 -8.63731 41.156
1298880977 -8.63727 41.1561
1298880978 -8.63723 41.1562
1298880979 -8.63717 41.1563
1298880980 -8.63713 41.1564
1298880981 -8.63707 41.1565
1298880982 -8.63701 41.1566
1298880983 -8.63696 41.1567
1298880984 -8.6369 41.1569
1298880985 -8.63684 41.157
1298880986 -8.63678 41.1571
1298880987 -8.63672 41.1572
1298880988 -8.63666 41.1574
1298880989 -8.63659 41.1575
1298880990 -8.63653 41.1576
1298880991 -8.63646 41.1578
1298880992 -8.63641 41.1579
1298880993 -8.63635 41.158
1298880994 -8.63631 41.1581
1298880995 -8.63626 41.1582
1298880996 -8.6362 41.1583
1298880997 -8.63615 41.1584
1298880998 -8.6361 41.1585
1298880999 -8.63607 41.1586
1298881000 -8.63603 41.1587
1298881001 -8.636 41.1587
1298881002 -8.63599 41.1587
1298881003 -8.63599 41.1588
1298881004 -8.63599 41.1587
1298881005 -8.636 41.1587
1298881006 -8.636 41.1587
1298881007 -8.636 41.1587
1298881008 -8.636 41.1587
1298881009 -8.636 41.1587
1298881010 -8.63601 41.1587
1298881011 -8.63601 41.1587
1298881012 -8.636 41.1587
1298881013 -8.636 41.1587
1298881014 -8.636 41.1587
1298881015 -8.636 41.1587
1298881016 -8.636 41.1587
1298881017 -8.636 41.1587
1298881018 -8.63601 41.1587
1298881019 -8.63602 41.1587
1298881020 -8.63603 41.1587
1298881021 -8.63603 41.1587
1298881022 -8.63604 41.1586
1298881023 -8.63604 41.1586
1298881024 -8.63604 41.1586
1298881025 -8.63604 41.1586
1298881026 -8.63605 41.1586
1298881027 -8.63604 41.1586
1298881028 -8.63604 41.1586
1298881029 -8.63604 41.1586
1298881030 -8.63604 41.1586
1298881031 -8.63603 41.1587
1298881032 -8.63603 41.1587
1298881033 -8.63602 41.1587
1298881034 -8.63602 41.1587
1298881035 -8.63602 41.1587
1298881036 -8.63602 41.1587
1298881037 -8.63601 41.1587
1298881038 -8.63601 41.1587
1298881039 -8.63601 41.1587
1298881040 -8.636 41.1587
1298881041 -8.636 41.1587
1298881042 -8.636 41.1587
1298881043 -8.636 41.1587
1298881044 -8.636 41.1587
1298881045 -8.636 41.1587
1298881046 -8.636 41.1587
1298881047 -8.636 41.1587
1298881048 -8.636 41.1587
1298881049 -8.63599 41.1587
1298881050 -8.63599 41.1587
1298881051 -8.63599 41.1587
1298881052 -8.63599 41.1587
1298881053 -8.63599 41.1587
1298881054 -8.63599 41.1587
1298881055 -8.63599 41.1587
1298881056 -8.63599 41.1587
1298881057 -8.63599 41.1587
1298881058 -8.63599 41.1587
1298881059 -8.63599 41.1587
1298881060 -8.63599 41.1587
1298881061 -8.63598 41.1587
1298881062 -8.63596 41.1588
1298881063 -8.63593 41.1588
1298881064 -8.63595 41.1589
1298881065 -8.63597 41.1589
1298881066 -8.63599 41.1589
1298881067 -8.63601 41.1589
1298881068 -8.63606 41.159
1298881069 -8.6361 41.159
1298881070 -8.63615 41.1591
1298881071 -8.63623 41.1591
1298881072 -8.63633 41.1591
1298881073 -8.63645 41.1592
1298881074 -8.6366 41.1592
1298881075 -8.63673 41.1592
1298881076 -8.63687 41.1593
1298881077 -8.63701 41.1593
1298881078 -8.63715 41.1593
1298881079 -8.63725 41.1594
1298881080 -8.6373 41.1594
1298881081 -8.63734 41.1594
1298881082 -8.63737 41.1594
1298881083 -8.6374 41.1594
1298881084 -8.63743 41.1594
1298881085 -8.63747 41.1594
1298881086 -8.63753 41.1594
1298881087 -8.63757 41.1594
1298881088 -8.63762 41.1595
1298881089 -8.63769 41.1595
1298881090 -8.63774 41.1596
1298881091 -8.63782 41.1596
1298881092 -8.63791 41.1597
1298881093 -8.638 41.1597
1298881094 -8.63808 41.1597
1298881095 -8.63821 41.1597
1298881096 -8.63837 41.1597
1298881097 -8.63851 41.1597
1298881098 -8.63863 41.1597
1298881099 -8.63878 41.1598
1298881100 -8.63894 41.1598
1298881101 -8.63915 41.1598
1298881102 -8.63932 41.1598
1298881103 -8.63951 41.1598
1298881104 -8.6397 41.1598
1298881105 -8.63991 41.1598
1298881106 -8.64013 41.1599
1298881107 -8.64035 41.1599
1298881108 -8.64057 41.1599
1298881109 -8.64078 41.16
1298881110 -8.64101 41.16
1298881111 -8.64122 41.16
1298881112 -8.64144 41.1601
1298881113 -8.64166 41.1601
1298881114 -8.64187 41.1602
1298881115 -8.64209 41.1602
1298881116 -8.6423 41.1602
1298881117 -8.6425 41.1603
1298881118 -8.64269 41.1603
1298881119 -8.64287 41.1603
1298881120 -8.64304 41.1603
1298881121 -8.6432 41.1604
1298881122 -8.64334 41.1604
1298881123 -8.64347 41.1604
1298881124 -8.64358 41.1604
1298881125 -8.64368 41.1605
1298881126 -8.6438 41.1605
1298881127 -8.64391 41.1605
1298881128 -8.64401 41.1605
1298881129 -8.64413 41.1605
1298881130 -8.64424 41.1605
1298881131 -8.64433 41.1605
1298881132 -8.64439 41.1605
1298881133 -8.64445 41.1605
1298881134 -8.64448 41.1606
1298881135 -8.6445 41.1606
1298881136 -8.64452 41.1606
1298881137 -8.64453 41.1606
1298881138 -8.64453 41.1606
1298881139 -8.64454 41.1606
1298881140 -8.64454 41.1606
1298881141 -8.64455 41.1606
1298881142 -8.64454 41.1606
1298881143 -8.64454 41.1606
1298881144 -8.64454 41.1606
1298881145 -8.64453 41.1606
1298881146 -8.64453 41.1606
1298881147 -8.64453 41.1606
1298881148 -8.64452 41.1606
1298881149 -8.64452 41.1606
1298881150 -8.64452 41.1606
1298881151 -8.64453 41.1606
1298881152 -8.64454 41.1606
1298881153 -8.64455 41.1606
1298881154 -8.64455 41.1606
1298881155 -8.64456 41.1606
1298881156 -8.64458 41.1606
1298881157 -8.6446 41.1606
1298881158 -8.64467 41.1606
1298881159 -8.64473 41.1606
1298881160 -8.64481 41.1606
1298881161 -8.6449 41.1606
1298881162 -8.64498 41.1606
1298881163 -8.64509 41.1606
1298881164 -8.64521 41.1607
1298881165 -8.64534 41.1607
1298881166 -8.64547 41.1607
1298881167 -8.64561 41.1607
1298881168 -8.64577 41.1607
1298881169 -8.64593 41.1608
1298881170 -8.6461 41.1608
1298881171 -8.64626 41.1608
1298881172 -8.64643 41.1609
1298881173 -8.6466 41.1609
1298881174 -8.64676 41.1609
1298881175 -8.64692 41.1609
1298881176 -8.64709 41.161
1298881177 -8.64725 41.161
1298881178 -8.64742 41.161
1298881179 -8.64758 41.161
1298881180 -8.64773 41.1611
1298881181 -8.64788 41.1611
1298881182 -8.64803 41.1611
1298881183 -8.64817 41.1611
1298881184 -8.64831 41.1612
1298881185 -8.64845 41.1612
1298881186 -8.6486 41.1612
1298881187 -8.64872 41.1612
1298881188 -8.64886 41.1613
1298881189 -8.64898 41.1613
1298881190 -8.6491 41.1613
1298881191 -8.64922 41.1613
1298881192 -8.64934 41.1613
1298881193 -8.64946 41.1614
1298881194 -8.64956 41.1614
1298881195 -8.64964 41.1614
1298881196 -8.64972 41.1614
1298881197 -8.64978 41.1614
1298881198 -8.64984 41.1614
1298881199 -8.64986 41.1614
1298881200 -8.64988 41.1614
