:break:
1298880077 -8.60647 41.1446
1298880078 -8.60647 41.1446
1298880079 -8.60648 41.1445
1298880080 -8.60649 41.1446
1298880081 -8.60648 41.1446
1298880082 -8.60647 41.1446
1298880083 -8.60647 41.1446
1298880084 -8.60647 41.1446
1298880085 -8.60647 41.1446
1298880086 -8.60647 41.1446
1298880087 -8.60647 41.1446
1298880088 -8.60647 41.1446
1298880089 -8.60647 41.1446
1298880090 -8.60647 41.1446
1298880091 -8.60647 41.1446
1298880092 -8.60646 41.1446
1298880093 -8.60646 41.1446
1298880094 -8.60645 41.1446
1298880095 -8.60644 41.1446
1298880096 -8.60643 41.1446
1298880097 -8.60643 41.1446
1298880098 -8.60642 41.1446
1298880099 -8.60642 41.1446
1298880100 -8.60641 41.1446
1298880101 -8.60641 41.1446
1298880102 -8.60641 41.1446
1298880103 -8.60641 41.1446
1298880104 -8.6064 41.1446
1298880105 -8.6064 41.1446
1298880106 -8.60639 41.1446
1298880107 -8.60638 41.1446
1298880108 -8.60638 41.1446
1298880109 -8.60638 41.1446
1298880110 -8.60639 41.1446
1298880111 -8.6064 41.1446
1298880112 -8.60642 41.1446
1298880113 -8.60643 41.1446
1298880114 -8.60644 41.1446
1298880115 -8.60644 41.1446
1298880116 -8.60645 41.1446
1298880117 -8.60646 41.1446
1298880118 -8.60646 41.1445
1298880119 -8.60646 41.1445
1298880120 -8.60646 41.1445
1298880121 -8.60646 41.1445
1298880122 -8.60645 41.1446
1298880123 -8.60646 41.1446
1298880124 -8.60645 41.1445
1298880125 -8.60644 41.1446
1298880126 -8.60646 41.1445
1298880127 -8.60647 41.1445
1298880128 -8.60647 41.1445
1298880129 -8.60647 41.1445
1298880130 -8.60647 41.1445
1298880131 -8.60647 41.1445
1298880132 -8.60648 41.1445
1298880133 -8.60648 41.1445
1298880134 -8.60649 41.1445
1298880135 -8.60649 41.1445
1298880136 -8.6065 41.1445
1298880137 -8.60649 41.1445
1298880138 -8.60649 41.1445
1298880139 -8.60648 41.1445
1298880140 -8.60647 41.1445
1298880141 -8.60647 41.1445
1298880142 -8.60645 41.1446
1298880143 -8.60645 41.1446
1298880144 -8.60644 41.1446
1298880145 -8.60644 41.1446
1298880146 -8.60644 41.1447
1298880147 -8.60643 41.1447
1298880148 -8.60642 41.1447
1298880149 -8.60642 41.1447
1298880150 -8.6064 41.1447
1298880151 -8.60639 41.1447
1298880152 -8.60638 41.1447
1298880153 -8.60638 41.1447
1298880154 -8.60638 41.1447
1298880155 -8.60638 41.1447
1298880156 -8.60638 41.1447
1298880157 -8.60638 41.1447
1298880158 -8.60638 41.1447
1298880159 -8.60638 41.1447
1298880160 -8.60638 41.1447
1298880161 -8.60638 41.1447
1298880162 -8.60637 41.1447
1298880163 -8.60637 41.1447
1298880164 -8.60637 41.1447
1298880165 -8.60637 41.1447
1298880166 -8.60637 41.1447
1298880167 -8.60637 41.1447
1298880168 -8.60638 41.1447
1298880169 -8.60638 41.1447
1298880170 -8.60638 41.1447
1298880171 -8.60638 41.1447
1298880172 -8.60638 41.1447
1298880173 -8.60638 41.1447
1298880174 -8.60638 41.1447
1298880175 -8.60638 41.1447
1298880176 -8.60638 41.1447
1298880177 -8.60638 41.1447
1298880178 -8.60638 41.1447
1298880179 -8.60637 41.1447
1298880180 -8.60638 41.1447
1298880181 -8.60638 41.1447
1298880182 -8.60638 41.1447
1298880183 -8.60639 41.1447
1298880184 -8.6064 41.1447
1298880185 -8.60641 41.1447
1298880186 -8.60642 41.1447
1298880187 -8.60643 41.1447
1298880188 -8.60644 41.1447
1298880189 -8.60644 41.1447
1298880190 -8.60645 41.1447
1298880191 -8.60644 41.1447
1298880192 -8.60644 41.1447
1298880193 -8.60644 41.1447
1298880194 -8.60643 41.1447
1298880195 -8.60643 41.1447
1298880196 -8.60643 41.1447
1298880197 -8.60643 41.1447
1298880198 -8.60643 41.1447
1298880199 -8.60643 41.1447
1298880200 -8.60644 41.1447
1298880201 -8.60645 41.1447
1298880202 -8.60645 41.1447
1298880203 -8.60645 41.1447
1298880204 -8.60645 41.1447
1298880205 -8.60646 41.1447
1298880206 -8.60647 41.1447
1298880207 -8.60647 41.1447
1298880208 -8.60647 41.1447
1298880209 -8.60647 41.1447
1298880210 -8.60647 41.1447
1298880211 -8.60646 41.1447
1298880212 -8.60646 41.1447
1298880213 -8.60647 41.1447
1298880214 -8.60647 41.1447
1298880215 -8.60647 41.1447
1298880216 -8.60647 41.1447
1298880217 -8.60647 41.1447
1298880218 -8.60647 41.1447
1298880219 -8.60647 41.1447
1298880220 -8.60647 41.1447
1298880221 -8.60647 41.1447
1298880222 -8.60647 41.1447
1298880223 -8.60647 41.1447
1298880224 -8.60647 41.1447
1298880225 -8.60647 41.1447
1298880226 -8.60647 41.1447
1298880227 -8.60646 41.1447
1298880228 -8.60646 41.1447
1298880229 -8.60646 41.1447
1298880230 -8.60646 41.1447
1298880231 -8.60646 41.1447
1298880232 -8.60646 41.1447
1298880233 -8.60646 41.1447
1298880234 -8.60646 41.1447
1298880235 -8.60646 41.1447
1298880236 -8.60647 41.1447
1298880237 -8.60647 41.1447
1298880238 -8.60647 41.1447
1298880239 -8.60647 41.1446
1298880240 -8.60647 41.1446
1298880241 -8.60648 41.1446
1298880242 -8.60648 41.1446
1298880243 -8.60648 41.1446
1298880244 -8.60649 41.1446
1298880245 -8.60649 41.1446
1298880246 -8.60649 41.1446
1298880247 -8.60649 41.1446
1298880248 -8.60649 41.1446
1298880249 -8.60649 41.1447
1298880250 -8.60648 41.1447
1298880251 -8.60648 41.1447
1298880252 -8.60648 41.1447
1298880253 -8.60649 41.1447
1298880254 -8.60648 41.1447
1298880255 -8.60648 41.1447
1298880256 -8.60648 41.1447
1298880257 -8.60649 41.1447
1298880258 -8.60649 41.1447
1298880259 -8.6065 41.1447
1298880260 -8.6065 41.1447
1298880261 -8.6065 41.1447
1298880262 -8.6065 41.1447
1298880263 -8.6065 41.1447
1298880264 -8.6065 41.1447
1298880265 -8.6065 41.1447
1298880266 -8.60649 41.1447
1298880267 -8.60649 41.1447
1298880268 -8.60649 41.1447
1298880269 -8.60649 41.1447
1298880270 -8.60649 41.1447
1298880271 -8.60649 41.1447
1298880272 -8.60649 41.1447
1298880273 -8.60648 41.1447
1298880274 -8.60648 41.1447
1298880275 -8.60647 41.1447
1298880276 -8.60647 41.1447
1298880277 -8.60647 41.1447
1298880278 -8.60647 41.1447
1298880279 -8.60647 41.1447
1298880280 -8.60647 41.1447
1298880281 -8.60647 41.1447
1298880282 -8.60647 41.1447
1298880283 -8.60647 41.1447
1298880284 -8.60647 41.1447
1298880285 -8.60647 41.1447
1298880286 -8.60647 41.1447
1298880287 -8.60647 41.1447
1298880288 -8.60647 41.1447
1298880289 -8.60647 41.1447
1298880290 -8.60647 41.1447
1298880291 -8.60647 41.1447
1298880292 -8.60647 41.1447
1298880293 -8.60647 41.1447
1298880294 -8.60647 41.1447
1298880295 -8.60648 41.1447
1298880296 -8.60648 41.1447
1298880297 -8.60648 41.1447
1298880298 -8.60648 41.1447
1298880299 -8.60648 41.1447
1298880300 -8.60648 41.1447
1298880301 -8.60648 41.1447
1298880302 -8.60648 41.1447
1298880303 -8.60648 41.1447
1298880304 -8.60648 41.1447
1298880305 -8.60648 41.1447
1298880306 -8.60647 41.1447
1298880307 -8.60647 41.1447
1298880308 -8.60647 41.1447
1298880309 -8.60647 41.1447
1298880310 -8.60647 41.1447
1298880311 -8.60647 41.1447
1298880312 -8.60647 41.1447
1298880313 -8.60648 41.1447
1298880314 -8.60648 41.1447
1298880315 -8.60647 41.1447
1298880316 -8.60648 41.1447
1298880317 -8.60648 41.1447
1298880318 -8.60648 41.1447
1298880319 -8.60648 41.1447
1298880320 -8.60648 41.1447
1298880321 -8.60648 41.1447
1298880322 -8.60648 41.1447
1298880323 -8.60648 41.1447
1298880324 -8.60648 41.1447
1298880325 -8.60649 41.1447
1298880326 -8.60649 41.1447
1298880327 -8.60649 41.1447
1298880328 -8.6065 41.1447
1298880329 -8.6065 41.1447
1298880330 -8.6065 41.1447
1298880331 -8.6065 41.1447
1298880332 -8.6065 41.1447
1298880333 -8.6065 41.1447
1298880334 -8.6065 41.1447
1298880335 -8.60651 41.1447
1298880336 -8.60651 41.1447
1298880337 -8.60651 41.1447
1298880338 -8.6065 41.1447
1298880339 -8.60651 41.1447
1298880340 -8.60651 41.1447
1298880341 -8.60651 41.1447
1298880342 -8.60651 41.1447
1298880343 -8.6065 41.1447
1298880344 -8.6065 41.1447
1298880345 -8.6065 41.1447
1298880346 -8.60651 41.1447
1298880347 -8.60651 41.1447
1298880348 -8.60651 41.1447
1298880349 -8.60651 41.1447
1298880350 -8.60651 41.1447
1298880351 -8.6065 41.1447
1298880352 -8.6065 41.1447
1298880353 -8.6065 41.1447
1298880354 -8.6065 41.1447
1298880355 -8.60649 41.1447
1298880356 -8.60649 41.1447
1298880357 -8.60649 41.1447
1298880358 -8.60649 41.1447
1298880359 -8.60649 41.1447
1298880360 -8.6065 41.1447
1298880361 -8.6065 41.1447
1298880362 -8.6065 41.1447
1298880363 -8.6065 41.1447
1298880364 -8.6065 41.1447
1298880365 -8.6065 41.1447
1298880366 -8.60649 41.1447
1298880367 -8.60648 41.1447
1298880368 -8.60648 41.1447
1298880369 -8.60647 41.1447
1298880370 -8.60647 41.1447
1298880371 -8.60647 41.1447
1298880372 -8.60647 41.1447
1298880373 -8.60647 41.1447
1298880374 -8.60647 41.1447
1298880375 -8.60647 41.1447
1298880376 -8.60646 41.1447
1298880377 -8.60645 41.1447
1298880378 -8.60645 41.1447
1298880379 -8.60644 41.1447
1298880380 -8.60644 41.1447
1298880381 -8.60643 41.1447
1298880382 -8.60643 41.1447
1298880383 -8.60643 41.1447
1298880384 -8.60643 41.1447
1298880385 -8.60643 41.1447
1298880386 -8.60643 41.1447
1298880387 -8.60642 41.1447
1298880388 -8.60641 41.1447
1298880389 -8.60641 41.1447
1298880390 -8.60641 41.1447
1298880391 -8.60641 41.1447
1298880392 -8.60641 41.1447
1298880393 -8.60641 41.1447
1298880394 -8.60642 41.1447
1298880395 -8.60643 41.1447
1298880396 -8.60643 41.1447
1298880397 -8.60643 41.1447
1298880398 -8.60643 41.1447
1298880399 -8.60643 41.1447
1298880400 -8.60643 41.1447
1298880401 -8.60643 41.1447
1298880402 -8.60643 41.1447
1298880403 -8.60643 41.1447
1298880404 -8.60643 41.1447
1298880405 -8.60643 41.1447
1298880406 -8.60643 41.1447
1298880407 -8.60643 41.1447
1298880408 -8.60642 41.1447
1298880409 -8.60642 41.1447
1298880410 -8.60642 41.1447
1298880411 -8.60642 41.1447
1298880412 -8.60642 41.1447
1298880413 -8.60642 41.1447
1298880414 -8.60643 41.1447
1298880415 -8.60644 41.1447
1298880416 -8.60644 41.1447
1298880417 -8.60644 41.1447
1298880418 -8.60645 41.1447
1298880419 -8.60645 41.1447
1298880420 -8.60645 41.1447
1298880421 -8.60645 41.1447
1298880422 -8.60644 41.1447
1298880423 -8.60644 41.1447
1298880424 -8.60644 41.1447
1298880425 -8.60644 41.1447
1298880426 -8.60644 41.1447
1298880427 -8.60644 41.1447
1298880428 -8.60644 41.1447
1298880429 -8.60644 41.1447
1298880430 -8.60644 41.1447
1298880431 -8.60644 41.1447
1298880432 -8.60644 41.1447
1298880433 -8.60643 41.1447
1298880434 -8.60644 41.1447
1298880435 -8.60644 41.1447
1298880436 -8.60644 41.1447
1298880437 -8.60644 41.1447
1298880438 -8.60645 41.1447
1298880439 -8.60645 41.1447
1298880440 -8.60645 41.1447
1298880441 -8.60645 41.1447
1298880442 -8.60645 41.1447
1298880443 -8.60645 41.1447
1298880444 -8.60645 41.1447
1298880445 -8.60645 41.1447
1298880446 -8.60644 41.1447
1298880447 -8.60644 41.1447
1298880448 -8.60644 41.1447
1298880449 -8.60644 41.1447
1298880450 -8.60644 41.1447
1298880451 -8.60644 41.1447
1298880452 -8.60645 41.1447
1298880453 -8.60645 41.1447
1298880454 -8.60645 41.1447
1298880455 -8.60645 41.1447
1298880456 -8.60645 41.1447
1298880457 -8.60645 41.1447
1298880458 -8.60645 41.1447
1298880459 -8.60646 41.1447
1298880460 -8.60646 41.1447
1298880461 -8.60646 41.1447
1298880462 -8.60646 41.1447
1298880463 -8.60646 41.1447
1298880464 -8.60646 41.1447
1298880465 -8.60646 41.1447
1298880466 -8.60646 41.1447
1298880467 -8.60647 41.1447
1298880468 -8.60646 41.1447
1298880469 -8.60646 41.1447
1298880470 -8.60646 41.1447
1298880471 -8.60645 41.1447
1298880472 -8.60646 41.1447
1298880473 -8.60646 41.1447
1298880474 -8.60646 41.1447
1298880475 -8.60646 41.1447
1298880476 -8.60646 41.1447
1298880477 -8.60647 41.1447
1298880478 -8.60647 41.1447
1298880479 -8.60647 41.1447
1298880480 -8.60647 41.1447
1298880481 -8.60648 41.1447
1298880482 -8.60648 41.1447
1298880483 -8.60649 41.1447
1298880484 -8.60649 41.1447
1298880485 -8.6065 41.1447
1298880486 -8.6065 41.1447
1298880487 -8.6065 41.1447
1298880488 -8.6065 41.1447
1298880489 -8.60649 41.1447
1298880490 -8.60649 41.1447
1298880491 -8.6065 41.1447
1298880492 -8.6065 41.1447
1298880493 -8.60651 41.1447
1298880494 -8.60651 41.1447
1298880495 -8.60651 41.1447
1298880496 -8.60651 41.1447
1298880497 -8.60651 41.1447
1298880498 -8.6065 41.1447
1298880499 -8.6065 41.1447
1298880500 -8.60649 41.1447
1298880501 -8.6065 41.1447
1298880502 -8.6065 41.1447
1298880503 -8.6065 41.1447
1298880504 -8.60649 41.1447
1298880505 -8.6065 41.1447
1298880506 -8.6065 41.1447
1298880507 -8.6065 41.1447
1298880508 -8.6065 41.1447
1298880509 -8.6065 41.1447
1298880510 -8.6065 41.1447
1298880511 -8.6065 41.1447
1298880512 -8.6065 41.1447
1298880513 -8.60649 41.1447
1298880514 -8.60649 41.1447
1298880515 -8.60649 41.1447
1298880516 -8.60649 41.1447
1298880517 -8.6065 41.1447
1298880518 -8.60649 41.1447
1298880519 -8.6065 41.1447
1298880520 -8.6065 41.1447
1298880521 -8.6065 41.1447
1298880522 -8.60651 41.1447
1298880523 -8.60651 41.1447
1298880524 -8.60651 41.1446
1298880525 -8.60651 41.1446
1298880526 -8.60651 41.1446
1298880527 -8.60651 41.1446
1298880528 -8.60651 41.1446
1298880529 -8.6065 41.1446
1298880530 -8.60649 41.1446
1298880531 -8.60648 41.1447
1298880532 -8.60647 41.1447
1298880533 -8.60647 41.1447
1298880534 -8.60647 41.1447
1298880535 -8.60647 41.1447
1298880536 -8.60646 41.1447
1298880537 -8.60647 41.1447
1298880538 -8.60647 41.1447
1298880539 -8.60648 41.1447
1298880540 -8.60649 41.1447
1298880541 -8.60651 41.1447
1298880542 -8.60654 41.1447
1298880543 -8.60655 41.1447
1298880544 -8.60654 41.1447
1298880545 -8.60655 41.1448
1298880546 -8.60658 41.1448
1298880547 -8.60664 41.1448
1298880548 -8.60671 41.1448
1298880549 -8.60677 41.1448
1298880550 -8.60684 41.1448
1298880551 -8.60689 41.1449
1298880552 -8.60695 41.1448
1298880553 -8.60699 41.1448
1298880554 -8.60702 41.1447
1298880555 -8.60706 41.1447
1298880556 -8.60711 41.1446
1298880557 -8.60714 41.1445
1298880558 -8.60716 41.1445
1298880559 -8.60719 41.1445
1298880560 -8.6072 41.1444
1298880561 -8.60725 41.1444
1298880562 -8.60728 41.1444
1298880563 -8.60731 41.1443
1298880564 -8.60735 41.1443
1298880565 -8.60741 41.1442
1298880566 -8.60746 41.1441
1298880567 -8.60751 41.144
1298880568 -8.60755 41.144
1298880569 -8.6076 41.1439
1298880570 -8.60764 41.1438
1298880571 -8.60768 41.1438
1298880572 -8.60772 41.1437
1298880573 -8.60773 41.1436
1298880574 -8.60776 41.1436
1298880575 -8.60778 41.1435
1298880576 -8.60782 41.1435
1298880577 -8.60787 41.1434
1298880578 -8.60792 41.1433
1298880579 -8.60797 41.1433
1298880580 -8.60801 41.1432
1298880581 -8.60807 41.1431
1298880582 -8.6081 41.1431
1298880583 -8.6081 41.143
1298880584 -8.6081 41.143
1298880585 -8.60805 41.1429
1298880586 -8.60798 41.1429
1298880587 -8.60786 41.1428
1298880588 -8.60778 41.1427
1298880589 -8.60764 41.1427
1298880590 -8.60753 41.1426
1298880591 -8.6074 41.1425
1298880592 -8.60729 41.1425
1298880593 -8.60716 41.1424
1298880594 -8.60702 41.1424
1298880595 -8.60686 41.1423
1298880596 -8.6067 41.1423
1298880597 -8.60655 41.1423
1298880598 -8.60639 41.1423
1298880599 -8.60625 41.1423
1298880600 -8.60612 41.1424
1298880601 -8.60599 41.1424
1298880602 -8.60587 41.1425
1298880603 -8.60576 41.1426
1298880604 -8.60566 41.1426
1298880605 -8.60557 41.1427
1298880606 -8.60549 41.1428
1298880607 -8.60543 41.1429
1298880608 -8.60539 41.143
1298880609 -8.60535 41.1431
1298880610 -8.60533 41.1431
1298880611 -8.60531 41.1431
1298880612 -8.6053 41.1432
1298880613 -8.6053 41.1432
1298880614 -8.6053 41.1432
1298880615 -8.6053 41.1432
1298880616 -8.6053 41.1432
1298880617 -8.6053 41.1432
1298880618 -8.6053 41.1432
1298880619 -8.60529 41.1432
1298880620 -8.60526 41.1433
1298880621 -8.60525 41.1433
1298880622 -8.60523 41.1434
1298880623 -8.60523 41.1434
1298880624 -8.60521 41.1435
1298880625 -8.60518 41.1435
1298880626 -8.60516 41.1436
1298880627 -8.60514 41.1437
1298880628 -8.6051 41.1437
1298880629 -8.60504 41.1438
1298880630 -8.60501 41.1439
1298880631 -8.60497 41.1439
1298880632 -8.60494 41.144
1298880633 -8.60491 41.1441
1298880634 -8.60488 41.1442
1298880635 -8.60486 41.1442
1298880636 -8.60482 41.1443
1298880637 -8.6048 41.1444
1298880638 -8.60476 41.1445
1298880639 -8.60472 41.1446
1298880640 -8.60468 41.1447
1298880641 -8.60464 41.1448
1298880642 -8.60455 41.145
1298880643 -8.6045 41.1451
1298880644 -8.60445 41.1451
1298880645 -8.60438 41.1452
1298880646 -8.60431 41.1453
1298880647 -8.60423 41.1453
1298880648 -8.60414 41.1454
1298880649 -8.60406 41.1454
1298880650 -8.60398 41.1454
1298880651 -8.6039 41.1454
1298880652 -8.60384 41.1455
1298880653 -8.60378 41.1455
1298880654 -8.60372 41.1455
1298880655 -8.60368 41.1455
1298880656 -8.60364 41.1455
1298880657 -8.60362 41.1455
1298880658 -8.60361 41.1455
1298880659 -8.6036 41.1455
1298880660 -8.60356 41.1455
1298880661 -8.60351 41.1455
1298880662 -8.60343 41.1455
1298880663 -8.60335 41.1455
1298880664 -8.60325 41.1455
1298880665 -8.60314 41.1455
1298880666 -8.603 41.1456
1298880667 -8.60288 41.1456
1298880668 -8.60275 41.1456
1298880669 -8.60263 41.1456
1298880670 -8.60252 41.1456
1298880671 -8.6024 41.1456
1298880672 -8.60228 41.1456
1298880673 -8.60216 41.1456
1298880674 -8.60206 41.1456
1298880675 -8.60195 41.1456
1298880676 -8.60185 41.1456
1298880677 -8.60173 41.1456
1298880678 -8.6016 41.1457
1298880679 -8.60147 41.1457
1298880680 -8.60134 41.1457
1298880681 -8.6012 41.1457
1298880682 -8.60107 41.1457
1298880683 -8.60096 41.1457
1298880684 -8.60084 41.1457
1298880685 -8.60075 41.1457
1298880686 -8.60067 41.1457
1298880687 -8.60062 41.1457
1298880688 -8.60057 41.1457
1298880689 -8.60054 41.1458
1298880690 -8.60054 41.1458
1298880691 -8.60053 41.1458
1298880692 -8.60049 41.1458
1298880693 -8.60044 41.1458
1298880694 -8.60037 41.1458
1298880695 -8.6003 41.1458
1298880696 -8.60021 41.1458
1298880697 -8.60013 41.1458
1298880698 -8.60002 41.1458
1298880699 -8.59992 41.1458
1298880700 -8.59981 41.1458
1298880701 -8.59972 41.1458
1298880702 -8.59964 41.1458
1298880703 -8.59956 41.1458
1298880704 -8.59954 41.1458
1298880705 -8.5995 41.1458
1298880706 -8.59946 41.1458
1298880707 -8.59945 41.1458
1298880708 -8.59944 41.1458
1298880709 -8.59944 41.1458
1298880710 -8.59944 41.1458
1298880711 -8.59943 41.1458
1298880712 -8.59943 41.1458
1298880713 -8.59943 41.1458
1298880714 -8.59943 41.1458
1298880715 -8.59942 41.1458
1298880716 -8.59942 41.1458
1298880717 -8.59942 41.1458
1298880718 -8.59942 41.1459
1298880719 -8.59942 41.1459
1298880720 -8.59942 41.1459
1298880721 -8.59942 41.1459
1298880722 -8.59942 41.1459
1298880723 -8.59942 41.1459
1298880724 -8.59941 41.1459
1298880725 -8.59941 41.1459
1298880726 -8.5994 41.1459
1298880727 -8.59939 41.1459
1298880728 -8.59938 41.1459
1298880729 -8.59935 41.1459
1298880730 -8.59929 41.1459
1298880731 -8.59924 41.1459
1298880732 -8.59917 41.1459
1298880733 -8.59906 41.1459
1298880734 -8.59895 41.1459
1298880735 -8.59883 41.1459
1298880736 -8.59871 41.1459
1298880737 -8.59857 41.1459
1298880738 -8.59842 41.1459
1298880739 -8.59827 41.1459
1298880740 -8.5981 41.1459
1298880741 -8.59793 41.1459
1298880742 -8.59776 41.146
1298880743 -8.59761 41.146
1298880744 -8.59746 41.146
1298880745 -8.5973 41.146
1298880746 -8.59712 41.146
1298880747 -8.59694 41.146
1298880748 -8.59676 41.146
1298880749 -8.59658 41.146
1298880750 -8.59641 41.146
1298880751 -8.59624 41.146
1298880752 -8.59605 41.146
1298880753 -8.59588 41.146
1298880754 -8.59572 41.146
1298880755 -8.59555 41.146
1298880756 -8.59539 41.146
1298880757 -8.59523 41.146
1298880758 -8.59507 41.1461
1298880759 -8.59493 41.1461
1298880760 -8.5948 41.1461
1298880761 -8.59469 41.1462
1298880762 -8.59459 41.1462
1298880763 -8.59447 41.1463
1298880764 -8.59436 41.1463
1298880765 -8.59426 41.1463
1298880766 -8.59415 41.1464
1298880767 -8.59406 41.1464
1298880768 -8.59395 41.1464
1298880769 -8.59384 41.1464
1298880770 -8.59373 41.1464
1298880771 -8.59364 41.1464
1298880772 -8.59355 41.1464
1298880773 -8.59347 41.1464
1298880774 -8.59338 41.1464
1298880775 -8.5933 41.1464
1298880776 -8.59321 41.1465
1298880777 -8.59312 41.1465
1298880778 -8.59302 41.1465
1298880779 -8.59292 41.1465
1298880780 -8.59283 41.1465
1298880781 -8.59275 41.1465
1298880782 -8.59266 41.1465
1298880783 -8.59258 41.1465
1298880784 -8.59249 41.1465
1298880785 -8.5924 41.1465
1298880786 -8.5923 41.1466
1298880787 -8.59221 41.1466
1298880788 -8.59212 41.1466
1298880789 -8.59202 41.1466
1298880790 -8.59192 41.1466
1298880791 -8.59181 41.1466
1298880792 -8.59172 41.1466
1298880793 -8.59162 41.1467
1298880794 -8.59151 41.1467
1298880795 -8.59142 41.1467
1298880796 -8.59131 41.1467
1298880797 -8.59122 41.1467
1298880798 -8.59113 41.1467
1298880799 -8.59103 41.1468
1298880800 -8.59096 41.1468
1298880801 -8.5909 41.1468
1298880802 -8.59087 41.1468
1298880803 -8.59085 41.1468
1298880804 -8.59082 41.1468
1298880805 -8.59077 41.1468
1298880806 -8.5907 41.1468
1298880807 -8.59063 41.1468
1298880808 -8.59054 41.1469
1298880809 -8.59044 41.1469
1298880810 -8.59036 41.1469
1298880811 -8.59027 41.1469
1298880812 -8.59019 41.1469
1298880813 -8.59015 41.1469
1298880814 -8.5901 41.1469
1298880815 -8.59006 41.1469
1298880816 -8.58999 41.147
1298880817 -8.5899 41.147
1298880818 -8.58981 41.147
1298880819 -8.58972 41.147
1298880820 -8.58963 41.147
1298880821 -8.58953 41.147
1298880822 -8.58942 41.147
1298880823 -8.58932 41.147
1298880824 -8.58922 41.1471
1298880825 -8.58912 41.1471
1298880826 -8.58903 41.1471
1298880827 -8.58891 41.1471
1298880828 -8.58881 41.1471
1298880829 -8.5887 41.1471
1298880830 -8.58858 41.1471
1298880831 -8.58848 41.1471
1298880832 -8.58836 41.1472
1298880833 -8.58824 41.1472
1298880834 -8.58812 41.1472
1298880835 -8.588 41.1472
1298880836 -8.58787 41.1472
1298880837 -8.58774 41.1473
1298880838 -8.58761 41.1473
1298880839 -8.58749 41.1473
1298880840 -8.58739 41.1473
1298880841 -8.58728 41.1473
1298880842 -8.58719 41.1474
1298880843 -8.58712 41.1474
1298880844 -8.58706 41.1474
1298880845 -8.58701 41.1474
1298880846 -8.58694 41.1475
1298880847 -8.58686 41.1475
1298880848 -8.58677 41.1475
1298880849 -8.58668 41.1476
1298880850 -8.5866 41.1476
1298880851 -8.58651 41.1477
1298880852 -8.58642 41.1477
1298880853 -8.58635 41.1478
1298880854 -8.5863 41.1478
1298880855 -8.58627 41.1478
1298880856 -8.58625 41.1479
1298880857 -8.58624 41.1479
1298880858 -8.58624 41.1479
1298880859 -8.58624 41.1479
1298880860 -8.58624 41.1479
1298880861 -8.58624 41.1479
1298880862 -8.58624 41.1479
1298880863 -8.58624 41.1479
1298880864 -8.58623 41.1479
1298880865 -8.58623 41.1479
1298880866 -8.58623 41.1479
1298880867 -8.58622 41.1479
1298880868 -8.5862 41.148
1298880869 -8.58619 41.148
1298880870 -8.58617 41.148
1298880871 -8.58616 41.1481
1298880872 -8.58614 41.1482
1298880873 -8.58614 41.1482
1298880874 -8.58613 41.1483
1298880875 -8.58612 41.1483
1298880876 -8.58611 41.1484
1298880877 -8.5861 41.1484
1298880878 -8.58609 41.1485
1298880879 -8.58608 41.1486
1298880880 -8.58607 41.1486
1298880881 -8.58605 41.1487
1298880882 -8.58604 41.1487
1298880883 -8.586 41.1488
1298880884 -8.58596 41.1488
1298880885 -8.58593 41.1488
1298880886 -8.58589 41.1488
1298880887 -8.58585 41.1488
1298880888 -8.5858 41.1488
1298880889 -8.58577 41.1488
1298880890 -8.58576 41.1488
1298880891 -8.58574 41.1488
1298880892 -8.58573 41.1488
1298880893 -8.58573 41.1488
1298880894 -8.58573 41.1488
1298880895 -8.58573 41.1488
1298880896 -8.58573 41.1488
1298880897 -8.58572 41.1488
1298880898 -8.5857 41.1488
1298880899 -8.58568 41.1488
1298880900 -8.58568 41.1488
1298880901 -8.58568 41.1488
1298880902 -8.58567 41.1488
1298880903 -8.58567 41.1488
1298880904 -8.58567 41.1488
1298880905 -8.58567 41.1488
1298880906 -8.58568 41.1488
1298880907 -8.58568 41.1488
1298880908 -8.58568 41.1488
1298880909 -8.58568 41.1488
1298880910 -8.58568 41.1488
1298880911 -8.58568 41.1489
1298880912 -8.58568 41.1489
1298880913 -8.58568 41.1489
1298880914 -8.58568 41.1489
1298880915 -8.58568 41.1489
1298880916 -8.58568 41.1489
1298880917 -8.58567 41.1489
1298880918 -8.58567 41.1489
1298880919 -8.58567 41.1489
1298880920 -8.58567 41.1489
1298880921 -8.58566 41.1489
1298880922 -8.58566 41.1489
1298880923 -8.58566 41.1489
1298880924 -8.58566 41.1489
1298880925 -8.58566 41.1489
1298880926 -8.58566 41.1489
1298880927 -8.58566 41.1489
1298880928 -8.58565 41.1489
1298880929 -8.58565 41.1489
1298880930 -8.58565 41.1489
1298880931 -8.58565 41.1489
1298880932 -8.58565 41.1489
1298880933 -8.58565 41.1489
1298880934 -8.58564 41.1489
1298880935 -8.58564 41.1489
1298880936 -8.58564 41.1489
1298880937 -8.58564 41.1489
1298880938 -8.58564 41.1489
1298880939 -8.58564 41.1489
1298880940 -8.58563 41.1489
1298880941 -8.58563 41.1489
1298880942 -8.58563 41.1489
1298880943 -8.58563 41.1489
1298880944 -8.58563 41.1489
1298880945 -8.58563 41.1489
1298880946 -8.58563 41.1489
1298880947 -8.58563 41.1489
1298880948 -8.58563 41.1489
1298880949 -8.58563 41.1489
1298880950 -8.58563 41.1489
1298880951 -8.58563 41.1489
1298880952 -8.58563 41.1489
1298880953 -8.58563 41.1489
1298880954 -8.58563 41.1489
1298880955 -8.58563 41.1489
1298880956 -8.58563 41.1489
1298880957 -8.58563 41.1489
1298880958 -8.58563 41.1489
1298880959 -8.58563 41.1489
1298880960 -8.58564 41.1489
1298880961 -8.58564 41.1489
1298880962 -8.58564 41.1489
1298880963 -8.58564 41.1489
1298880964 -8.58564 41.1489
1298880965 -8.58564 41.1489
1298880966 -8.58564 41.1489
1298880967 -8.58564 41.1489
1298880968 -8.58564 41.1489
1298880969 -8.58564 41.1489
1298880970 -8.58564 41.1489
1298880971 -8.58564 41.1489
1298880972 -8.58564 41.1489
1298880973 -8.58564 41.1489
1298880974 -8.58564 41.1489
1298880975 -8.58564 41.1489
1298880976 -8.58564 41.1489
1298880977 -8.58564 41.1489
1298880978 -8.58564 41.1489
1298880979 -8.58564 41.1489
1298880980 -8.58564 41.1489
1298880981 -8.58564 41.1489
1298880982 -8.58564 41.1489
1298880983 -8.58564 41.1489
1298880984 -8.58565 41.1489
1298880985 -8.58567 41.1489
1298880986 -8.58569 41.149
1298880987 -8.58573 41.149
1298880988 -8.58579 41.149
1298880989 -8.58587 41.149
1298880990 -8.58593 41.149
1298880991 -8.58598 41.149
1298880992 -8.58603 41.149
1298880993 -8.58605 41.149
1298880994 -8.58609 41.149
1298880995 -8.58613 41.149
1298880996 -8.58618 41.149
1298880997 -8.58625 41.149
1298880998 -8.58633 41.149
1298880999 -8.58641 41.149
1298881000 -8.58647 41.149
1298881001 -8.58653 41.149
1298881002 -8.58661 41.149
1298881003 -8.58667 41.149
1298881004 -8.58676 41.149
1298881005 -8.58686 41.1491
1298881006 -8.58696 41.1491
1298881007 -8.58706 41.1491
1298881008 -8.58714 41.1492
1298881009 -8.58724 41.1492
1298881010 -8.58735 41.1492
1298881011 -8.58746 41.1492
1298881012 -8.58756 41.1493
1298881013 -8.58766 41.1493
1298881014 -8.58774 41.1493
1298881015 -8.58781 41.1493
1298881016 -8.58785 41.1493
1298881017 -8.58789 41.1494
1298881018 -8.58791 41.1494
1298881019 -8.58792 41.1494
1298881020 -8.58793 41.1494
1298881021 -8.58794 41.1494
1298881022 -8.58794 41.1494
1298881023 -8.58794 41.1494
1298881024 -8.58794 41.1494
1298881025 -8.58794 41.1494
1298881026 -8.58796 41.1494
1298881027 -8.58798 41.1494
1298881028 -8.588 41.1494
1298881029 -8.58803 41.1493
1298881030 -8.58806 41.1493
1298881031 -8.5881 41.1493
1298881032 -8.58814 41.1492
1298881033 -8.58818 41.1492
1298881034 -8.58821 41.1491
1298881035 -8.58826 41.149
1298881036 -8.5883 41.149
1298881037 -8.58832 41.1489
1298881038 -8.58835 41.1488
1298881039 -8.58839 41.1487
1298881040 -8.58842 41.1486
1298881041 -8.58844 41.1485
1298881042 -8.58849 41.1485
1298881043 -8.58854 41.1484
1298881044 -8.58857 41.1483
1298881045 -8.58861 41.1482
1298881046 -8.58866 41.1481
1298881047 -8.5887 41.148
1298881048 -8.58874 41.1479
1298881049 -8.58879 41.1478
1298881050 -8.58884 41.1477
1298881051 -8.58889 41.1476
1298881052 -8.58893 41.1475
1298881053 -8.58898 41.1474
1298881054 -8.58901 41.1474
1298881055 -8.58904 41.1473
1298881056 -8.58906 41.1473
1298881057 -8.58907 41.1473
1298881058 -8.58908 41.1473
1298881059 -8.58909 41.1472
1298881060 -8.5891 41.1472
1298881061 -8.58912 41.1472
1298881062 -8.58914 41.1472
1298881063 -8.58918 41.1472
1298881064 -8.58924 41.1472
1298881065 -8.5893 41.1471
1298881066 -8.58938 41.1471
1298881067 -8.58944 41.1471
1298881068 -8.5895 41.1471
1298881069 -8.58956 41.1471
1298881070 -8.58964 41.1471
1298881071 -8.58972 41.1471
1298881072 -8.58979 41.1471
1298881073 -8.58987 41.1471
1298881074 -8.58997 41.1471
1298881075 -8.59008 41.1471
1298881076 -8.59019 41.1471
1298881077 -8.59032 41.1471
1298881078 -8.59044 41.147
1298881079 -8.59055 41.147
1298881080 -8.59068 41.147
1298881081 -8.59081 41.1469
1298881082 -8.59094 41.1469
1298881083 -8.59107 41.1469
1298881084 -8.59119 41.1468
1298881085 -8.59131 41.1468
1298881086 -8.59143 41.1468
1298881087 -8.59155 41.1468
1298881088 -8.59167 41.1468
1298881089 -8.59178 41.1467
1298881090 -8.59187 41.1467
1298881091 -8.59194 41.1467
1298881092 -8.59199 41.1467
1298881093 -8.59204 41.1467
1298881094 -8.59207 41.1467
1298881095 -8.59207 41.1467
1298881096 -8.59208 41.1467
1298881097 -8.59208 41.1467
1298881098 -8.59209 41.1467
1298881099 -8.59209 41.1467
1298881100 -8.5921 41.1467
1298881101 -8.5921 41.1467
1298881102 -8.59209 41.1467
1298881103 -8.59209 41.1467
1298881104 -8.59208 41.1467
1298881105 -8.59208 41.1467
1298881106 -8.59207 41.1467
1298881107 -8.59207 41.1467
1298881108 -8.59207 41.1467
1298881109 -8.59207 41.1467
1298881110 -8.59207 41.1467
1298881111 -8.59208 41.1467
1298881112 -8.59211 41.1467
1298881113 -8.59216 41.1467
1298881114 -8.59221 41.1467
1298881115 -8.59226 41.1467
1298881116 -8.59232 41.1467
1298881117 -8.59239 41.1467
1298881118 -8.59249 41.1467
1298881119 -8.59257 41.1466
1298881120 -8.59267 41.1466
1298881121 -8.59276 41.1466
1298881122 -8.59286 41.1466
1298881123 -8.59297 41.1466
1298881124 -8.59307 41.1466
1298881125 -8.59319 41.1466
1298881126 -8.59332 41.1466
1298881127 -8.59344 41.1466
1298881128 -8.59357 41.1466
1298881129 -8.5937 41.1465
1298881130 -8.59382 41.1465
1298881131 -8.59395 41.1465
1298881132 -8.59407 41.1464
1298881133 -8.59418 41.1464
1298881134 -8.5943 41.1464
1298881135 -8.59441 41.1464
1298881136 -8.59454 41.1464
1298881137 -8.59465 41.1464
1298881138 -8.59477 41.1463
1298881139 -8.59486 41.1463
1298881140 -8.59493 41.1463
1298881141 -8.59498 41.1463
1298881142 -8.59503 41.1463
1298881143 -8.59506 41.1463
1298881144 -8.59509 41.1463
1298881145 -8.59512 41.1463
1298881146 -8.59513 41.1462
1298881147 -8.59514 41.1462
1298881148 -8.59514 41.1462
1298881149 -8.59514 41.1462
1298881150 -8.59514 41.1462
1298881151 -8.59515 41.1462
1298881152 -8.59515 41.1462
1298881153 -8.59516 41.1462
1298881154 -8.59516 41.1462
1298881155 -8.59516 41.1462
1298881156 -8.59517 41.1461
1298881157 -8.59518 41.1461
1298881158 -8.59519 41.1461
1298881159 -8.59521 41.1461
1298881160 -8.59525 41.1461
1298881161 -8.5953 41.1461
1298881162 -8.59534 41.1461
1298881163 -8.5954 41.1461
1298881164 -8.59547 41.1461
1298881165 -8.59553 41.1461
1298881166 -8.59562 41.1461
1298881167 -8.5957 41.1461
1298881168 -8.59581 41.1461
1298881169 -8.59593 41.1461
1298881170 -8.59604 41.146
1298881171 -8.59612 41.146
1298881172 -8.59623 41.146
1298881173 -8.59637 41.1461
1298881174 -8.59649 41.1461
1298881175 -8.59659 41.1461
1298881176 -8.59666 41.1461
1298881177 -8.5967 41.1461
1298881178 -8.59673 41.1461
1298881179 -8.59675 41.1461
1298881180 -8.59677 41.1461
1298881181 -8.5968 41.1461
1298881182 -8.59685 41.1461
1298881183 -8.5969 41.1461
1298881184 -8.59695 41.1461
1298881185 -8.59707 41.1461
1298881186 -8.59721 41.146
1298881187 -8.59732 41.146
1298881188 -8.59743 41.146
1298881189 -8.59753 41.146
1298881190 -8.59762 41.146
1298881191 -8.59773 41.1461
1298881192 -8.59783 41.1461
1298881193 -8.59796 41.1461
1298881194 -8.59806 41.1461
1298881195 -8.5982 41.1461
1298881196 -8.59835 41.1461
1298881197 -8.5985 41.1461
1298881198 -8.59865 41.1461
1298881199 -8.59888 41.146
1298881200 -8.59903 41.146
