:break:
1298880080 -8.58744 41.1685
1298880081 -8.58743 41.1685
1298880082 -8.58743 41.1685
1298880083 -8.58742 41.1685
1298880084 -8.58742 41.1685
1298880085 -8.58741 41.1685
1298880086 -8.5874 41.1686
1298880087 -8.5874 41.1686
1298880088 -8.5874 41.1686
1298880089 -8.5874 41.1686
1298880090 -8.5874 41.1686
1298880091 -8.5874 41.1686
1298880092 -8.5874 41.1686
1298880093 -8.5874 41.1686
1298880094 -8.5874 41.1686
1298880095 -8.5874 41.1686
1298880096 -8.58739 41.1686
1298880097 -8.58737 41.1686
1298880098 -8.58735 41.1687
1298880099 -8.58732 41.1687
1298880100 -8.58729 41.1688
1298880101 -8.58723 41.1688
1298880102 -8.58716 41.1689
1298880103 -8.58704 41.1689
1298880104 -8.5869 41.1689
1298880105 -8.58674 41.1688
1298880106 -8.58655 41.1688
1298880107 -8.58636 41.1688
1298880108 -8.58616 41.1688
1298880109 -8.58597 41.1687
1298880110 -8.58577 41.1687
1298880111 -8.58559 41.1687
1298880112 -8.58541 41.1686
1298880113 -8.58526 41.1686
1298880114 -8.58514 41.1686
1298880115 -8.58502 41.1686
1298880116 -8.5849 41.1685
1298880117 -8.5848 41.1685
1298880118 -8.58469 41.1685
1298880119 -8.58459 41.1685
1298880120 -8.58448 41.1685
1298880121 -8.58438 41.1685
1298880122 -8.58427 41.1685
1298880123 -8.58419 41.1684
1298880124 -8.5841 41.1684
1298880125 -8.584 41.1684
1298880126 -8.58392 41.1684
1298880127 -8.58384 41.1684
1298880128 -8.58379 41.1684
1298880129 -8.58373 41.1684
1298880130 -8.58366 41.1684
1298880131 -8.58355 41.1684
1298880132 -8.58343 41.1684
1298880133 -8.58332 41.1684
1298880134 -8.5832 41.1684
1298880135 -8.58306 41.1684
1298880136 -8.58292 41.1684
1298880137 -8.58278 41.1683
1298880138 -8.58263 41.1683
1298880139 -8.58249 41.1683
1298880140 -8.58235 41.1683
1298880141 -8.58221 41.1683
1298880142 -8.58209 41.1683
1298880143 -8.582 41.1682
1298880144 -8.58191 41.1682
1298880145 -8.58182 41.1682
1298880146 -8.5818 41.1681
1298880147 -8.58181 41.1681
1298880148 -8.58187 41.168
1298880149 -8.58193 41.1679
1298880150 -8.582 41.1678
1298880151 -8.58208 41.1677
1298880152 -8.58215 41.1676
1298880153 -8.58221 41.1675
1298880154 -8.58226 41.1674
1298880155 -8.58232 41.1673
1298880156 -8.58237 41.1672
1298880157 -8.5824 41.1671
1298880158 -8.58241 41.167
1298880159 -8.58237 41.1669
1298880160 -8.58232 41.1668
1298880161 -8.58226 41.1667
1298880162 -8.5822 41.1666
1298880163 -8.58215 41.1665
1298880164 -8.58206 41.1665
1298880165 -8.58195 41.1664
1298880166 -8.58182 41.1663
1298880167 -8.58168 41.1662
1298880168 -8.58155 41.1661
1298880169 -8.58144 41.1661
1298880170 -8.58135 41.166
1298880171 -8.58129 41.166
1298880172 -8.58127 41.1659
1298880173 -8.58126 41.1659
1298880174 -8.58128 41.1659
1298880175 -8.58135 41.1658
1298880176 -8.58143 41.1658
1298880177 -8.58154 41.1658
1298880178 -8.58165 41.1657
1298880179 -8.58179 41.1657
1298880180 -8.58192 41.1657
1298880181 -8.58205 41.1656
1298880182 -8.58217 41.1656
1298880183 -8.58225 41.1655
1298880184 -8.58231 41.1655
1298880185 -8.58239 41.1654
1298880186 -8.58249 41.1653
1298880187 -8.58259 41.1653
1298880188 -8.58269 41.1652
1298880189 -8.58281 41.1652
1298880190 -8.58295 41.1651
1298880191 -8.58308 41.1651
1298880192 -8.58317 41.1651
1298880193 -8.58324 41.165
1298880194 -8.58328 41.165
1298880195 -8.58326 41.165
1298880196 -8.58325 41.1649
1298880197 -8.58321 41.1648
1298880198 -8.58317 41.1648
1298880199 -8.58314 41.1647
1298880200 -8.5831 41.1646
1298880201 -8.58306 41.1645
1298880202 -8.58301 41.1644
1298880203 -8.58296 41.1644
1298880204 -8.5829 41.1643
1298880205 -8.58286 41.1642
1298880206 -8.58282 41.1642
1298880207 -8.5828 41.1641
1298880208 -8.58276 41.1641
1298880209 -8.58272 41.1641
1298880210 -8.58269 41.1642
1298880211 -8.58268 41.1643
1298880212 -8.58271 41.1643
1298880213 -8.58272 41.1643
1298880214 -8.58274 41.1643
1298880215 -8.58275 41.1643
1298880216 -8.58275 41.1643
1298880217 -8.58275 41.1643
1298880218 -8.58275 41.1643
1298880219 -8.58275 41.1643
1298880220 -8.58275 41.1643
1298880221 -8.58274 41.1643
1298880222 -8.58274 41.1643
1298880223 -8.58274 41.1643
1298880224 -8.58274 41.1643
1298880225 -8.58274 41.1643
1298880226 -8.58274 41.1643
1298880227 -8.58273 41.1643
1298880228 -8.58273 41.1643
1298880229 -8.58273 41.1643
1298880230 -8.58273 41.1643
1298880231 -8.58273 41.1643
1298880232 -8.58273 41.1643
1298880233 -8.58273 41.1643
1298880234 -8.58273 41.1643
1298880235 -8.58273 41.1643
1298880236 -8.58274 41.1643
1298880237 -8.58274 41.1643
1298880238 -8.58274 41.1643
1298880239 -8.58274 41.1643
1298880240 -8.58274 41.1643
1298880241 -8.58274 41.1643
1298880242 -8.58274 41.1643
1298880243 -8.58274 41.1643
1298880244 -8.58274 41.1643
1298880245 -8.58274 41.1643
1298880246 -8.58274 41.1643
1298880247 -8.58274 41.1643
1298880248 -8.58274 41.1643
1298880249 -8.58274 41.1643
1298880250 -8.58275 41.1643
1298880251 -8.58275 41.1643
1298880252 -8.58275 41.1643
1298880253 -8.58275 41.1643
1298880254 -8.58275 41.1643
1298880255 -8.58275 41.1643
1298880256 -8.58278 41.1644
1298880257 -8.58282 41.1644
1298880258 -8.58287 41.1644
1298880259 -8.5829 41.1644
1298880260 -8.58295 41.1645
1298880261 -8.583 41.1645
1298880262 -8.58305 41.1646
1298880263 -8.58308 41.1646
1298880264 -8.58312 41.1647
1298880265 -8.58317 41.1647
1298880266 -8.58317 41.1647
1298880267 -8.58317 41.1647
1298880268 -8.58317 41.1647
1298880269 -8.58317 41.1647
1298880270 -8.58316 41.1647
1298880271 -8.58316 41.1647
1298880272 -8.58316 41.1647
1298880273 -8.58316 41.1647
1298880274 -8.58316 41.1647
1298880275 -8.58316 41.1647
1298880276 -8.58316 41.1647
1298880277 -8.58316 41.1647
1298880278 -8.58316 41.1647
1298880279 -8.58316 41.1647
1298880280 -8.58315 41.1647
1298880281 -8.58315 41.1647
1298880282 -8.58315 41.1647
1298880283 -8.58315 41.1647
1298880284 -8.58315 41.1647
1298880285 -8.58315 41.1647
1298880286 -8.58315 41.1647
1298880287 -8.58315 41.1647
1298880288 -8.58315 41.1647
1298880289 -8.58315 41.1647
1298880290 -8.58315 41.1647
1298880291 -8.58314 41.1647
1298880292 -8.58314 41.1647
1298880293 -8.58314 41.1647
1298880294 -8.58314 41.1647
1298880295 -8.58314 41.1647
1298880296 -8.58314 41.1647
1298880297 -8.58314 41.1647
1298880298 -8.58314 41.1647
1298880299 -8.58314 41.1647
1298880300 -8.58314 41.1647
1298880301 -8.58314 41.1647
1298880302 -8.58314 41.1647
1298880303 -8.58314 41.1647
1298880304 -8.58314 41.1647
1298880305 -8.58314 41.1647
1298880306 -8.58314 41.1647
1298880307 -8.58314 41.1647
1298880308 -8.58315 41.1648
1298880309 -8.58317 41.1648
1298880310 -8.58317 41.1648
1298880311 -8.5832 41.1649
1298880312 -8.58322 41.165
1298880313 -8.58323 41.165
1298880314 -8.5832 41.165
1298880315 -8.58315 41.1651
1298880316 -8.58307 41.1651
1298880317 -8.58296 41.1651
1298880318 -8.58283 41.1652
1298880319 -8.58271 41.1652
1298880320 -8.58258 41.1653
1298880321 -8.58245 41.1654
1298880322 -8.58231 41.1654
1298880323 -8.58217 41.1654
1298880324 -8.58206 41.1654
1298880325 -8.58196 41.1654
1298880326 -8.58187 41.1654
1298880327 -8.58182 41.1654
1298880328 -8.58181 41.1655
1298880329 -8.58183 41.1656
1298880330 -8.5819 41.1656
1298880331 -8.58199 41.1656
1298880332 -8.58208 41.1656
1298880333 -8.58217 41.1656
1298880334 -8.58224 41.1655
1298880335 -8.5823 41.1655
1298880336 -8.58237 41.1654
1298880337 -8.58246 41.1653
1298880338 -8.58257 41.1653
1298880339 -8.58268 41.1652
1298880340 -8.58281 41.1652
1298880341 -8.58294 41.1651
1298880342 -8.58309 41.1651
1298880343 -8.58324 41.165
1298880344 -8.58339 41.165
1298880345 -8.58355 41.1649
1298880346 -8.58372 41.1649
1298880347 -8.58389 41.1648
1298880348 -8.58404 41.1647
1298880349 -8.58418 41.1647
1298880350 -8.5843 41.1647
1298880351 -8.5844 41.1646
1298880352 -8.58447 41.1645
1298880353 -8.58452 41.1645
1298880354 -8.58458 41.1644
1298880355 -8.58462 41.1643
1298880356 -8.58468 41.1642
1298880357 -8.58474 41.1641
1298880358 -8.58481 41.164
1298880359 -8.58488 41.1638
1298880360 -8.58496 41.1637
1298880361 -8.58503 41.1636
1298880362 -8.58511 41.1635
1298880363 -8.5852 41.1633
1298880364 -8.58528 41.1632
1298880365 -8.58536 41.163
1298880366 -8.58545 41.1629
1298880367 -8.58553 41.1627
1298880368 -8.58562 41.1625
1298880369 -8.58571 41.1624
1298880370 -8.58579 41.1622
1298880371 -8.58588 41.1621
1298880372 -8.58596 41.1619
1298880373 -8.58602 41.1618
1298880374 -8.58605 41.1617
1298880375 -8.58606 41.1615
1298880376 -8.58605 41.1614
1298880377 -8.586 41.1612
1298880378 -8.58594 41.1611
1298880379 -8.58586 41.1609
1298880380 -8.58575 41.1608
1298880381 -8.58563 41.1607
1298880382 -8.5855 41.1605
1298880383 -8.58538 41.1604
1298880384 -8.58524 41.1602
1298880385 -8.58512 41.1601
1298880386 -8.58499 41.1599
1298880387 -8.58487 41.1598
1298880388 -8.58475 41.1597
1298880389 -8.58464 41.1596
1298880390 -8.58454 41.1595
1298880391 -8.58446 41.1594
1298880392 -8.5844 41.1593
1298880393 -8.58434 41.1593
1298880394 -8.5843 41.1592
1298880395 -8.58425 41.1592
1298880396 -8.58419 41.1593
1298880397 -8.58413 41.1593
1298880398 -8.58406 41.1594
1298880399 -8.58396 41.1595
1298880400 -8.58386 41.1596
1298880401 -8.58376 41.1597
1298880402 -8.58365 41.1598
1298880403 -8.58354 41.1599
1298880404 -8.58344 41.16
1298880405 -8.58335 41.16
1298880406 -8.58328 41.1601
1298880407 -8.58321 41.1602
1298880408 -8.58314 41.1602
1298880409 -8.58306 41.1602
1298880410 -8.58296 41.1602
1298880411 -8.58286 41.1602
1298880412 -8.58275 41.1602
1298880413 -8.58264 41.1601
1298880414 -8.58255 41.1601
1298880415 -8.58248 41.1602
1298880416 -8.58243 41.1602
1298880417 -8.58239 41.1603
1298880418 -8.58235 41.1604
1298880419 -8.58231 41.1605
1298880420 -8.58226 41.1606
1298880421 -8.58221 41.1607
1298880422 -8.58216 41.1608
1298880423 -8.58211 41.1609
1298880424 -8.58206 41.1611
1298880425 -8.58201 41.1612
1298880426 -8.58198 41.1613
1298880427 -8.58194 41.1614
1298880428 -8.58192 41.1616
1298880429 -8.58191 41.1617
1298880430 -8.58192 41.1619
1298880431 -8.58195 41.162
1298880432 -8.582 41.1621
1298880433 -8.58207 41.1623
1298880434 -8.58217 41.1624
1298880435 -8.5823 41.1625
1298880436 -8.58241 41.1626
1298880437 -8.58254 41.1627
1298880438 -8.58266 41.1628
1298880439 -8.58279 41.1628
1298880440 -8.58289 41.1629
1298880441 -8.58296 41.163
1298880442 -8.58296 41.1631
1298880443 -8.58294 41.1632
1298880444 -8.58286 41.1633
1298880445 -8.58281 41.1633
1298880446 -8.58278 41.1634
1298880447 -8.58275 41.1634
1298880448 -8.58273 41.1634
1298880449 -8.58272 41.1634
1298880450 -8.58269 41.1634
1298880451 -8.58264 41.1634
1298880452 -8.58257 41.1635
1298880453 -8.5825 41.1635
1298880454 -8.58241 41.1635
1298880455 -8.58231 41.1634
1298880456 -8.5822 41.1634
1298880457 -8.58209 41.1633
1298880458 -8.58197 41.1633
1298880459 -8.58182 41.1633
1298880460 -8.58168 41.1632
1298880461 -8.5815 41.1632
1298880462 -8.58134 41.1633
1298880463 -8.58118 41.1633
1298880464 -8.58108 41.1635
1298880465 -8.58101 41.1636
1298880466 -8.58095 41.1637
1298880467 -8.58093 41.1638
1298880468 -8.58094 41.1639
1298880469 -8.581 41.164
1298880470 -8.58107 41.1642
1298880471 -8.58118 41.1643
1298880472 -8.58129 41.1643
1298880473 -8.58142 41.1644
1298880474 -8.58153 41.1645
1298880475 -8.58164 41.1646
1298880476 -8.58173 41.1646
1298880477 -8.5818 41.1647
1298880478 -8.58185 41.1647
1298880479 -8.58189 41.1648
1298880480 -8.58191 41.1648
1298880481 -8.58195 41.1648
1298880482 -8.58199 41.1649
1298880483 -8.58204 41.165
1298880484 -8.58209 41.165
1298880485 -8.58214 41.1651
1298880486 -8.58218 41.1651
1298880487 -8.58223 41.1652
1298880488 -8.58226 41.1653
1298880489 -8.5823 41.1653
1298880490 -8.58233 41.1654
1298880491 -8.58236 41.1654
1298880492 -8.58239 41.1654
1298880493 -8.58243 41.1655
1298880494 -8.58246 41.1655
1298880495 -8.5825 41.1656
1298880496 -8.58254 41.1657
1298880497 -8.58259 41.1657
1298880498 -8.58264 41.1658
1298880499 -8.58269 41.1658
1298880500 -8.58274 41.1659
1298880501 -8.5828 41.1659
1298880502 -8.58284 41.166
1298880503 -8.58287 41.166
1298880504 -8.5829 41.166
1298880505 -8.58291 41.166
1298880506 -8.58293 41.1661
1298880507 -8.58295 41.1661
1298880508 -8.58299 41.1661
1298880509 -8.58306 41.1662
1298880510 -8.58314 41.1662
1298880511 -8.58322 41.1663
1298880512 -8.58332 41.1663
1298880513 -8.58343 41.1664
1298880514 -8.58356 41.1665
1298880515 -8.58371 41.1665
1298880516 -8.58388 41.1666
1298880517 -8.58405 41.1666
1298880518 -8.58423 41.1667
1298880519 -8.58441 41.1667
1298880520 -8.5846 41.1667
1298880521 -8.58479 41.1667
1298880522 -8.58498 41.1668
1298880523 -8.58516 41.1668
1298880524 -8.58533 41.1668
1298880525 -8.58551 41.1668
1298880526 -8.58568 41.1668
1298880527 -8.58585 41.1668
1298880528 -8.58598 41.1668
1298880529 -8.58611 41.1669
1298880530 -8.5862 41.1669
1298880531 -8.58626 41.1669
1298880532 -8.5863 41.1669
1298880533 -8.58632 41.1669
1298880534 -8.58632 41.1669
1298880535 -8.58632 41.1669
1298880536 -8.58632 41.1669
1298880537 -8.58632 41.1669
1298880538 -8.58632 41.1669
1298880539 -8.58632 41.1669
1298880540 -8.58633 41.1669
1298880541 -8.58633 41.1669
1298880542 -8.58634 41.1669
1298880543 -8.58634 41.1669
1298880544 -8.58635 41.1669
1298880545 -8.58635 41.1669
1298880546 -8.58636 41.1669
1298880547 -8.58636 41.1669
1298880548 -8.58637 41.1669
1298880549 -8.58639 41.1669
1298880550 -8.5864 41.1669
1298880551 -8.58642 41.1669
1298880552 -8.58647 41.167
1298880553 -8.58654 41.167
1298880554 -8.58661 41.167
1298880555 -8.58668 41.167
1298880556 -8.58676 41.1671
1298880557 -8.58684 41.1671
1298880558 -8.58693 41.1671
1298880559 -8.58703 41.1672
1298880560 -8.58713 41.1672
1298880561 -8.58722 41.1673
1298880562 -8.58733 41.1673
1298880563 -8.58745 41.1674
1298880564 -8.58758 41.1675
1298880565 -8.5877 41.1675
1298880566 -8.58782 41.1676
1298880567 -8.58793 41.1677
1298880568 -8.58808 41.1678
1298880569 -8.58821 41.1679
1298880570 -8.58834 41.1679
1298880571 -8.58848 41.168
1298880572 -8.5886 41.1681
1298880573 -8.58873 41.1681
1298880574 -8.58885 41.1682
1298880575 -8.58897 41.1683
1298880576 -8.58907 41.1683
1298880577 -8.58916 41.1684
1298880578 -8.58926 41.1684
1298880579 -8.58936 41.1685
1298880580 -8.58946 41.1686
1298880581 -8.58956 41.1686
1298880582 -8.58966 41.1687
1298880583 -8.58974 41.1687
1298880584 -8.58982 41.1688
1298880585 -8.58992 41.1688
1298880586 -8.59001 41.1689
1298880587 -8.59011 41.1689
1298880588 -8.59021 41.169
1298880589 -8.59032 41.1691
1298880590 -8.59042 41.1691
1298880591 -8.59053 41.1692
1298880592 -8.59064 41.1693
1298880593 -8.59076 41.1693
1298880594 -8.5909 41.1694
1298880595 -8.59103 41.1695
1298880596 -8.59117 41.1696
1298880597 -8.59131 41.1697
1298880598 -8.59145 41.1698
1298880599 -8.5916 41.1699
1298880600 -8.59174 41.17
1298880601 -8.5919 41.1701
1298880602 -8.59204 41.1702
1298880603 -8.5922 41.1703
1298880604 -8.59234 41.1704
1298880605 -8.5925 41.1705
1298880606 -8.59264 41.1706
1298880607 -8.59278 41.1707
1298880608 -8.59292 41.1708
1298880609 -8.59306 41.1709
1298880610 -8.59319 41.1709
1298880611 -8.59332 41.171
1298880612 -8.59343 41.1711
1298880613 -8.59355 41.1712
1298880614 -8.59367 41.1713
1298880615 -8.59378 41.1713
1298880616 -8.59388 41.1714
1298880617 -8.59397 41.1715
1298880618 -8.59408 41.1715
1298880619 -8.59418 41.1716
1298880620 -8.59429 41.1717
1298880621 -8.5944 41.1718
1298880622 -8.5945 41.172
1298880623 -8.59459 41.1721
1298880624 -8.59467 41.1723
1298880625 -8.59472 41.1724
1298880626 -8.59475 41.1726
1298880627 -8.59477 41.1728
1298880628 -8.59474 41.1729
1298880629 -8.59469 41.1731
1298880630 -8.59463 41.1733
1298880631 -8.59456 41.1735
1298880632 -8.59448 41.1737
1298880633 -8.59439 41.1739
1298880634 -8.5943 41.1741
1298880635 -8.5942 41.1743
1298880636 -8.59409 41.1745
1298880637 -8.59399 41.1748
1298880638 -8.59388 41.175
1298880639 -8.59379 41.1752
1298880640 -8.5937 41.1755
1298880641 -8.59361 41.1757
1298880642 -8.59354 41.1759
1298880643 -8.59349 41.1762
1298880644 -8.59343 41.1764
1298880645 -8.5934 41.1766
1298880646 -8.59336 41.1769
1298880647 -8.59333 41.1771
1298880648 -8.59329 41.1774
1298880649 -8.59326 41.1776
1298880650 -8.59324 41.1778
1298880651 -8.59322 41.1781
1298880652 -8.5932 41.1783
1298880653 -8.59317 41.1786
1298880654 -8.59315 41.1788
1298880655 -8.59313 41.1791
1298880656 -8.59311 41.1793
1298880657 -8.59308 41.1796
1298880658 -8.59307 41.1799
1298880659 -8.59304 41.1801
1298880660 -8.59301 41.1804
1298880661 -8.59298 41.1807
1298880662 -8.59297 41.181
1298880663 -8.59298 41.1812
1298880664 -8.59299 41.1815
1298880665 -8.59302 41.1818
1298880666 -8.59307 41.1821
1298880667 -8.59312 41.1824
1298880668 -8.59318 41.1827
1298880669 -8.59325 41.183
1298880670 -8.59334 41.1832
1298880671 -8.59343 41.1835
1298880672 -8.59353 41.1838
1298880673 -8.59362 41.1841
1298880674 -8.59372 41.1844
1298880675 -8.59381 41.1847
1298880676 -8.5939 41.1849
1298880677 -8.594 41.1852
1298880678 -8.59409 41.1855
1298880679 -8.59419 41.1858
1298880680 -8.59429 41.1861
1298880681 -8.59439 41.1864
1298880682 -8.59448 41.1867
1298880683 -8.59457 41.187
1298880684 -8.59466 41.1872
1298880685 -8.59473 41.1875
1298880686 -8.59478 41.1878
1298880687 -8.59481 41.1881
1298880688 -8.59481 41.1884
1298880689 -8.59479 41.1886
1298880690 -8.59475 41.1889
1298880691 -8.59468 41.1892
1298880692 -8.59458 41.1894
1298880693 -8.59446 41.1897
1298880694 -8.59431 41.1899
1298880695 -8.59415 41.1902
1298880696 -8.59396 41.1904
1298880697 -8.59375 41.1907
1298880698 -8.59352 41.1909
1298880699 -8.5933 41.1911
1298880700 -8.59307 41.1913
1298880701 -8.59283 41.1915
1298880702 -8.59262 41.1917
1298880703 -8.59244 41.192
1298880704 -8.59226 41.1922
1298880705 -8.59213 41.1924
1298880706 -8.59199 41.1927
1298880707 -8.59188 41.1929
1298880708 -8.59177 41.1932
1298880709 -8.59165 41.1934
1298880710 -8.59153 41.1936
1298880711 -8.59138 41.1939
1298880712 -8.59122 41.1941
1298880713 -8.59105 41.1943
1298880714 -8.59085 41.1945
1298880715 -8.59064 41.1947
1298880716 -8.59043 41.1949
1298880717 -8.59022 41.1951
1298880718 -8.59001 41.1953
1298880719 -8.58982 41.1955
1298880720 -8.58962 41.1957
1298880721 -8.58942 41.1959
1298880722 -8.58925 41.1961
1298880723 -8.58909 41.1963
1298880724 -8.58892 41.1964
1298880725 -8.58878 41.1966
1298880726 -8.58864 41.1968
1298880727 -8.5885 41.197
1298880728 -8.58837 41.1972
1298880729 -8.58823 41.1974
1298880730 -8.58811 41.1976
1298880731 -8.58799 41.1978
1298880732 -8.58787 41.198
1298880733 -8.58775 41.1982
1298880734 -8.58765 41.1983
1298880735 -8.58754 41.1985
1298880736 -8.58743 41.1987
1298880737 -8.58732 41.1988
1298880738 -8.58722 41.199
1298880739 -8.58711 41.1991
1298880740 -8.58699 41.1992
1298880741 -8.58686 41.1993
1298880742 -8.58673 41.1994
1298880743 -8.58659 41.1994
1298880744 -8.58645 41.1994
1298880745 -8.58632 41.1993
1298880746 -8.5862 41.1993
1298880747 -8.58611 41.1992
1298880748 -8.58605 41.1991
1298880749 -8.58605 41.1989
1298880750 -8.5861 41.1988
1298880751 -8.5862 41.1987
1298880752 -8.58633 41.1987
1298880753 -8.5865 41.1986
1298880754 -8.5867 41.1986
1298880755 -8.58691 41.1986
1298880756 -8.58712 41.1985
1298880757 -8.58733 41.1985
1298880758 -8.58755 41.1985
1298880759 -8.58776 41.1985
1298880760 -8.58799 41.1985
1298880761 -8.58825 41.1985
1298880762 -8.58852 41.1984
1298880763 -8.5888 41.1984
1298880764 -8.58907 41.1984
1298880765 -8.58935 41.1983
1298880766 -8.58962 41.1983
1298880767 -8.58989 41.1983
1298880768 -8.59016 41.1982
1298880769 -8.59041 41.1982
1298880770 -8.59064 41.1981
1298880771 -8.59087 41.198
1298880772 -8.59107 41.1979
1298880773 -8.59125 41.1978
1298880774 -8.59142 41.1976
1298880775 -8.59157 41.1975
1298880776 -8.59174 41.1973
1298880777 -8.59193 41.1972
1298880778 -8.59214 41.1971
1298880779 -8.59238 41.197
1298880780 -8.59264 41.197
1298880781 -8.59291 41.1969
1298880782 -8.59319 41.1969
1298880783 -8.59348 41.1969
1298880784 -8.59379 41.1969
1298880785 -8.59409 41.1969
1298880786 -8.59441 41.197
1298880787 -8.59472 41.197
1298880788 -8.59504 41.1971
1298880789 -8.59535 41.1972
1298880790 -8.59567 41.1973
1298880791 -8.596 41.1974
1298880792 -8.59631 41.1975
1298880793 -8.59662 41.1976
1298880794 -8.59694 41.1977
1298880795 -8.59724 41.1978
1298880796 -8.59755 41.1979
1298880797 -8.59786 41.198
1298880798 -8.59817 41.1981
1298880799 -8.59849 41.1982
1298880800 -8.59881 41.1983
1298880801 -8.59913 41.1984
1298880802 -8.59946 41.1985
1298880803 -8.59979 41.1986
1298880804 -8.60013 41.1987
1298880805 -8.60047 41.1988
1298880806 -8.60082 41.1989
1298880807 -8.60117 41.199
1298880808 -8.60153 41.199
1298880809 -8.60189 41.1991
1298880810 -8.60227 41.1992
1298880811 -8.60264 41.1992
1298880812 -8.60302 41.1993
1298880813 -8.60339 41.1994
1298880814 -8.60377 41.1995
1298880815 -8.60413 41.1995
1298880816 -8.6045 41.1996
1298880817 -8.60486 41.1997
1298880818 -8.60521 41.1998
1298880819 -8.60557 41.1999
1298880820 -8.60592 41.2
1298880821 -8.60626 41.2001
1298880822 -8.6066 41.2002
1298880823 -8.60695 41.2003
1298880824 -8.6073 41.2004
1298880825 -8.60766 41.2005
1298880826 -8.60801 41.2006
1298880827 -8.60837 41.2007
1298880828 -8.60874 41.2007
1298880829 -8.60911 41.2008
1298880830 -8.60948 41.2008
1298880831 -8.60987 41.2009
1298880832 -8.61026 41.2009
1298880833 -8.61065 41.201
1298880834 -8.61104 41.201
1298880835 -8.61143 41.201
1298880836 -8.61182 41.2011
1298880837 -8.6122 41.2012
1298880838 -8.61258 41.2012
1298880839 -8.61296 41.2013
1298880840 -8.61334 41.2014
1298880841 -8.61372 41.2015
1298880842 -8.6141 41.2015
1298880843 -8.61448 41.2016
1298880844 -8.61485 41.2017
1298880845 -8.61523 41.2018
1298880846 -8.61559 41.2019
1298880847 -8.61595 41.2021
1298880848 -8.61631 41.2022
1298880849 -8.61667 41.2023
1298880850 -8.61702 41.2024
1298880851 -8.61737 41.2026
1298880852 -8.61773 41.2027
1298880853 -8.61808 41.2028
1298880854 -8.61842 41.203
1298880855 -8.61876 41.2031
1298880856 -8.61911 41.2033
1298880857 -8.61946 41.2034
1298880858 -8.61981 41.2036
1298880859 -8.62016 41.2037
1298880860 -8.6205 41.2039
1298880861 -8.62083 41.204
1298880862 -8.62116 41.2042
1298880863 -8.62151 41.2043
1298880864 -8.62184 41.2045
1298880865 -8.62218 41.2046
1298880866 -8.62251 41.2047
1298880867 -8.62285 41.2049
1298880868 -8.62318 41.205
1298880869 -8.62351 41.2052
1298880870 -8.62384 41.2053
1298880871 -8.62417 41.2055
1298880872 -8.62448 41.2056
1298880873 -8.62481 41.2058
1298880874 -8.62512 41.2059
1298880875 -8.62544 41.206
1298880876 -8.62575 41.2062
1298880877 -8.62607 41.2063
1298880878 -8.62638 41.2065
1298880879 -8.6267 41.2066
1298880880 -8.62701 41.2067
1298880881 -8.62734 41.2068
1298880882 -8.62766 41.2069
1298880883 -8.62799 41.207
1298880884 -8.62833 41.2071
1298880885 -8.62866 41.2072
1298880886 -8.629 41.2072
1298880887 -8.62934 41.2073
1298880888 -8.62967 41.2073
1298880889 -8.63001 41.2073
1298880890 -8.63037 41.2073
1298880891 -8.63072 41.2074
1298880892 -8.63108 41.2074
1298880893 -8.63144 41.2073
1298880894 -8.6318 41.2073
1298880895 -8.63216 41.2073
1298880896 -8.63252 41.2072
1298880897 -8.63289 41.2071
1298880898 -8.63325 41.2071
1298880899 -8.63361 41.207
1298880900 -8.63397 41.2069
1298880901 -8.63433 41.2068
1298880902 -8.63469 41.2067
1298880903 -8.63506 41.2066
1298880904 -8.63542 41.2065
1298880905 -8.63578 41.2064
1298880906 -8.63614 41.2063
1298880907 -8.63651 41.2062
1298880908 -8.63687 41.2061
1298880909 -8.63722 41.206
1298880910 -8.63757 41.2059
1298880911 -8.63792 41.2058
1298880912 -8.63828 41.2057
1298880913 -8.63862 41.2055
1298880914 -8.63897 41.2054
1298880915 -8.6393 41.2053
1298880916 -8.63963 41.2052
1298880917 -8.63996 41.2052
1298880918 -8.6403 41.2051
1298880919 -8.64063 41.205
1298880920 -8.64096 41.2049
1298880921 -8.64128 41.2048
1298880922 -8.64159 41.2047
1298880923 -8.6419 41.2046
1298880924 -8.64221 41.2045
1298880925 -8.6425 41.2045
1298880926 -8.6428 41.2044
1298880927 -8.64309 41.2043
1298880928 -8.64338 41.2042
1298880929 -8.64366 41.2042
1298880930 -8.64395 41.2041
1298880931 -8.64424 41.204
1298880932 -8.64455 41.2039
1298880933 -8.64485 41.2038
1298880934 -8.64517 41.2037
1298880935 -8.64548 41.2037
1298880936 -8.64581 41.2036
1298880937 -8.64614 41.2035
1298880938 -8.64647 41.2035
1298880939 -8.6468 41.2034
1298880940 -8.64712 41.2034
1298880941 -8.64743 41.2033
1298880942 -8.64775 41.2033
1298880943 -8.64805 41.2032
1298880944 -8.64835 41.2032
1298880945 -8.64864 41.2032
1298880946 -8.64892 41.2032
1298880947 -8.6492 41.2032
1298880948 -8.64947 41.2032
1298880949 -8.64974 41.2033
1298880950 -8.65 41.2034
1298880951 -8.65024 41.2035
1298880952 -8.65047 41.2036
1298880953 -8.65068 41.2038
1298880954 -8.65087 41.2039
1298880955 -8.65104 41.2041
1298880956 -8.65119 41.2043
1298880957 -8.6513 41.2045
1298880958 -8.65141 41.2047
1298880959 -8.6515 41.2049
1298880960 -8.65158 41.2052
1298880961 -8.65165 41.2054
1298880962 -8.65169 41.2056
1298880963 -8.65171 41.2059
1298880964 -8.65171 41.2061
1298880965 -8.65169 41.2064
1298880966 -8.65166 41.2067
1298880967 -8.65162 41.2069
1298880968 -8.65158 41.2072
1298880969 -8.65155 41.2075
1298880970 -8.65152 41.2078
1298880971 -8.65151 41.2081
1298880972 -8.65151 41.2083
1298880973 -8.65154 41.2086
1298880974 -8.65157 41.2089
1298880975 -8.65164 41.2092
1298880976 -8.65172 41.2095
1298880977 -8.65182 41.2098
1298880978 -8.65193 41.2101
1298880979 -8.65206 41.2104
1298880980 -8.6522 41.2106
1298880981 -8.65232 41.2109
1298880982 -8.65246 41.2112
1298880983 -8.65259 41.2115
1298880984 -8.65272 41.2118
1298880985 -8.65285 41.2121
1298880986 -8.65298 41.2124
1298880987 -8.6531 41.2126
1298880988 -8.65323 41.2129
1298880989 -8.65336 41.2132
1298880990 -8.65347 41.2134
1298880991 -8.6536 41.2137
1298880992 -8.65372 41.214
1298880993 -8.65386 41.2142
1298880994 -8.654 41.2145
1298880995 -8.65417 41.2147
1298880996 -8.65435 41.215
1298880997 -8.65454 41.2152
1298880998 -8.65474 41.2154
1298880999 -8.65495 41.2157
1298881000 -8.65516 41.2159
1298881001 -8.65537 41.2162
1298881002 -8.6556 41.2164
1298881003 -8.65582 41.2166
1298881004 -8.65605 41.2169
1298881005 -8.65628 41.2171
1298881006 -8.65651 41.2174
1298881007 -8.65672 41.2176
1298881008 -8.65695 41.2178
1298881009 -8.65717 41.218
1298881010 -8.65739 41.2183
1298881011 -8.6576 41.2185
1298881012 -8.65782 41.2187
1298881013 -8.65804 41.2189
1298881014 -8.65825 41.2192
1298881015 -8.65846 41.2194
1298881016 -8.65868 41.2196
1298881017 -8.65889 41.2198
1298881018 -8.65911 41.2201
1298881019 -8.65931 41.2203
1298881020 -8.65953 41.2205
1298881021 -8.65975 41.2208
1298881022 -8.65996 41.221
1298881023 -8.66018 41.2212
1298881024 -8.66039 41.2214
1298881025 -8.66061 41.2217
1298881026 -8.66083 41.2219
1298881027 -8.66104 41.2221
1298881028 -8.66126 41.2223
1298881029 -8.66147 41.2226
1298881030 -8.66169 41.2228
1298881031 -8.66191 41.223
1298881032 -8.66212 41.2232
1298881033 -8.66234 41.2235
1298881034 -8.66256 41.2237
1298881035 -8.66278 41.2239
1298881036 -8.663 41.2242
1298881037 -8.66321 41.2244
1298881038 -8.66343 41.2246
1298881039 -8.66364 41.2248
1298881040 -8.66386 41.2251
1298881041 -8.66408 41.2253
1298881042 -8.6643 41.2255
1298881043 -8.66452 41.2258
1298881044 -8.66476 41.226
1298881045 -8.66498 41.2263
1298881046 -8.66522 41.2265
1298881047 -8.66544 41.2267
1298881048 -8.66569 41.2269
1298881049 -8.66594 41.2271
1298881050 -8.6662 41.2273
1298881051 -8.66647 41.2275
1298881052 -8.66674 41.2276
1298881053 -8.66701 41.2278
1298881054 -8.66725 41.228
1298881055 -8.66748 41.2282
1298881056 -8.66767 41.2284
1298881057 -8.66783 41.2286
1298881058 -8.66796 41.2288
1298881059 -8.66805 41.229
1298881060 -8.66812 41.2292
1298881061 -8.66814 41.2295
1298881062 -8.66814 41.2297
1298881063 -8.66811 41.23
1298881064 -8.66805 41.2302
1298881065 -8.66798 41.2304
1298881066 -8.6679 41.2307
1298881067 -8.66781 41.2309
1298881068 -8.6677 41.2311
1298881069 -8.66759 41.2314
1298881070 -8.66746 41.2316
1298881071 -8.66733 41.2318
1298881072 -8.66721 41.232
1298881073 -8.66708 41.2322
1298881074 -8.66696 41.2324
1298881075 -8.66686 41.2327
1298881076 -8.66677 41.2329
1298881077 -8.6667 41.2331
1298881078 -8.66667 41.2333
1298881079 -8.66667 41.2335
1298881080 -8.66669 41.2338
1298881081 -8.66675 41.234
1298881082 -8.66683 41.2342
1298881083 -8.66693 41.2344
1298881084 -8.66705 41.2346
1298881085 -8.66719 41.2348
1298881086 -8.66732 41.2349
1298881087 -8.66744 41.2351
1298881088 -8.66753 41.2353
1298881089 -8.6676 41.2355
1298881090 -8.66767 41.2357
1298881091 -8.66772 41.2359
1298881092 -8.66777 41.2361
1298881093 -8.66781 41.2363
1298881094 -8.66785 41.2365
1298881095 -8.66787 41.2367
1298881096 -8.6679 41.2369
1298881097 -8.66793 41.2371
1298881098 -8.66795 41.2373
1298881099 -8.66799 41.2375
1298881100 -8.66803 41.2377
1298881101 -8.66808 41.2379
1298881102 -8.66813 41.238
1298881103 -8.66821 41.2382
1298881104 -8.6683 41.2383
1298881105 -8.66841 41.2384
1298881106 -8.66855 41.2385
1298881107 -8.6687 41.2386
1298881108 -8.66886 41.2387
1298881109 -8.66902 41.2388
1298881110 -8.66919 41.2388
1298881111 -8.66933 41.2389
1298881112 -8.66948 41.239
1298881113 -8.66961 41.239
1298881114 -8.66974 41.2391
1298881115 -8.66986 41.2391
1298881116 -8.66998 41.2391
1298881117 -8.6701 41.2391
1298881118 -8.67022 41.2391
1298881119 -8.67033 41.2391
1298881120 -8.67042 41.239
1298881121 -8.67048 41.2389
1298881122 -8.67053 41.2388
1298881123 -8.67055 41.2387
1298881124 -8.67054 41.2386
1298881125 -8.67052 41.2385
1298881126 -8.67048 41.2383
1298881127 -8.67045 41.2382
1298881128 -8.67041 41.2381
1298881129 -8.67038 41.238
1298881130 -8.67035 41.2379
1298881131 -8.67033 41.2378
1298881132 -8.67031 41.2377
1298881133 -8.67029 41.2376
1298881134 -8.67028 41.2376
1298881135 -8.67027 41.2375
1298881136 -8.67025 41.2375
1298881137 -8.67023 41.2374
1298881138 -8.67022 41.2374
1298881139 -8.67022 41.2374
1298881140 -8.67023 41.2374
1298881141 -8.67025 41.2373
1298881142 -8.67026 41.2373
1298881143 -8.67027 41.2373
1298881144 -8.67027 41.2373
1298881145 -8.67028 41.2373
1298881146 -8.67027 41.2373
1298881147 -8.67027 41.2373
1298881148 -8.67026 41.2373
1298881149 -8.67027 41.2373
1298881150 -8.67026 41.2373
1298881151 -8.67026 41.2373
1298881152 -8.67026 41.2373
1298881153 -8.67025 41.2373
1298881154 -8.67024 41.2373
1298881155 -8.67023 41.2373
1298881156 -8.67023 41.2373
1298881157 -8.67022 41.2373
1298881158 -8.67021 41.2373
1298881159 -8.6702 41.2373
1298881160 -8.6702 41.2373
1298881161 -8.6702 41.2373
1298881162 -8.67019 41.2373
1298881163 -8.67019 41.2373
1298881164 -8.67018 41.2373
1298881165 -8.67018 41.2373
1298881166 -8.67017 41.2373
1298881167 -8.67018 41.2373
1298881168 -8.67018 41.2373
1298881169 -8.67018 41.2373
1298881170 -8.67017 41.2373
1298881171 -8.67017 41.2373
1298881172 -8.67017 41.2373
1298881173 -8.67017 41.2373
1298881174 -8.67013 41.2373
1298881175 -8.6701 41.2373
1298881176 -8.67009 41.2373
1298881177 -8.67009 41.2373
1298881178 -8.67007 41.2373
1298881179 -8.67004 41.2373
1298881180 -8.67004 41.2373
1298881181 -8.67003 41.2373
1298881182 -8.67002 41.2373
1298881183 -8.67001 41.2373
1298881184 -8.66999 41.2373
1298881185 -8.66998 41.2372
1298881186 -8.66996 41.2372
1298881187 -8.66994 41.2372
1298881188 -8.66993 41.2372
1298881189 -8.66992 41.2372
1298881190 -8.66992 41.2372
1298881191 -8.66991 41.2372
1298881192 -8.66991 41.2372
1298881193 -8.66991 41.2372
1298881194 -8.66992 41.2372
1298881195 -8.66992 41.2372
1298881196 -8.66993 41.2372
1298881197 -8.66993 41.2372
1298881198 -8.66994 41.2372
1298881199 -8.66996 41.2372
1298881200 -8.66997 41.2372
