:break:
1298880071 -8.62314 41.1702
1298880072 -8.62313 41.1701
1298880073 -8.62312 41.1701
1298880074 -8.62311 41.17
1298880075 -8.62309 41.17
1298880076 -8.62309 41.17
1298880077 -8.62308 41.17
1298880078 -8.62308 41.17
1298880079 -8.62307 41.17
1298880080 -8.62307 41.17
1298880081 -8.62307 41.1699
1298880082 -8.62307 41.1699
1298880083 -8.62307 41.1699
1298880084 -8.62307 41.1699
1298880085 -8.62307 41.1699
1298880086 -8.62307 41.1699
1298880087 -8.62307 41.1699
1298880088 -8.62307 41.1699
1298880089 -8.62307 41.1699
1298880090 -8.62307 41.1699
1298880091 -8.62307 41.1699
1298880092 -8.62307 41.1699
1298880093 -8.62306 41.1699
1298880094 -8.62306 41.1699
1298880095 -8.62307 41.1699
1298880096 -8.62307 41.1699
1298880097 -8.62307 41.1699
1298880098 -8.62307 41.1699
1298880099 -8.62306 41.1699
1298880100 -8.62304 41.1699
1298880101 -8.62302 41.1699
1298880102 -8.62296 41.1699
1298880103 -8.6229 41.1699
1298880104 -8.62283 41.1699
1298880105 -8.62278 41.1699
1298880106 -8.62273 41.17
1298880107 -8.62267 41.17
1298880108 -8.62259 41.1701
1298880109 -8.62253 41.1701
1298880110 -8.62248 41.1701
1298880111 -8.62244 41.1701
1298880112 -8.6224 41.1701
1298880113 -8.62236 41.1701
1298880114 -8.62232 41.1701
1298880115 -8.62229 41.1701
1298880116 -8.62225 41.1701
1298880117 -8.62223 41.17
1298880118 -8.62222 41.17
1298880119 -8.62222 41.17
1298880120 -8.62222 41.17
1298880121 -8.62222 41.17
1298880122 -8.62221 41.17
1298880123 -8.62221 41.17
1298880124 -8.6222 41.17
1298880125 -8.6222 41.17
1298880126 -8.6222 41.17
1298880127 -8.62219 41.17
1298880128 -8.62218 41.17
1298880129 -8.62216 41.17
1298880130 -8.62214 41.17
1298880131 -8.6221 41.17
1298880132 -8.62205 41.1699
1298880133 -8.62202 41.1699
1298880134 -8.62198 41.1699
1298880135 -8.62194 41.1698
1298880136 -8.6219 41.1698
1298880137 -8.62188 41.1698
1298880138 -8.62186 41.1697
1298880139 -8.62185 41.1697
1298880140 -8.62184 41.1697
1298880141 -8.62183 41.1697
1298880142 -8.62183 41.1697
1298880143 -8.62182 41.1697
1298880144 -8.62181 41.1697
1298880145 -8.6218 41.1697
1298880146 -8.62179 41.1697
1298880147 -8.62178 41.1697
1298880148 -8.62177 41.1696
1298880149 -8.62177 41.1696
1298880150 -8.62177 41.1696
1298880151 -8.62177 41.1696
1298880152 -8.62179 41.1695
1298880153 -8.62182 41.1695
1298880154 -8.62184 41.1694
1298880155 -8.62185 41.1694
1298880156 -8.62186 41.1694
1298880157 -8.62186 41.1694
1298880158 -8.62187 41.1693
1298880159 -8.62188 41.1693
1298880160 -8.62189 41.1693
1298880161 -8.62191 41.1692
1298880162 -8.62193 41.1692
1298880163 -8.62195 41.1691
1298880164 -8.62195 41.1691
1298880165 -8.62196 41.169
1298880166 -8.622 41.169
1298880167 -8.62204 41.169
1298880168 -8.62211 41.1689
1298880169 -8.62215 41.1688
1298880170 -8.62221 41.1688
1298880171 -8.62226 41.1687
1298880172 -8.62232 41.1686
1298880173 -8.62235 41.1685
1298880174 -8.62237 41.1685
1298880175 -8.62237 41.1684
1298880176 -8.62237 41.1683
1298880177 -8.62237 41.1682
1298880178 -8.62235 41.1682
1298880179 -8.62235 41.1681
1298880180 -8.62235 41.1681
1298880181 -8.62236 41.1681
1298880182 -8.62235 41.1681
1298880183 -8.62235 41.1681
1298880184 -8.62235 41.1681
1298880185 -8.62235 41.168
1298880186 -8.62235 41.168
1298880187 -8.62234 41.168
1298880188 -8.62233 41.1679
1298880189 -8.62233 41.1679
1298880190 -8.62236 41.1679
1298880191 -8.62241 41.1678
1298880192 -8.62246 41.1678
1298880193 -8.62252 41.1678
1298880194 -8.62259 41.1678
1298880195 -8.62267 41.1678
1298880196 -8.62274 41.1679
1298880197 -8.62281 41.1679
1298880198 -8.62289 41.1679
1298880199 -8.62296 41.1679
1298880200 -8.62303 41.1678
1298880201 -8.62305 41.1678
1298880202 -8.62307 41.1678
1298880203 -8.62309 41.1677
1298880204 -8.62311 41.1677
1298880205 -8.62312 41.1676
1298880206 -8.62312 41.1676
1298880207 -8.62314 41.1675
1298880208 -8.62316 41.1675
1298880209 -8.62319 41.1674
1298880210 -8.62322 41.1673
1298880211 -8.62324 41.1672
1298880212 -8.62327 41.1671
1298880213 -8.62329 41.1671
1298880214 -8.62332 41.167
1298880215 -8.62334 41.1669
1298880216 -8.62338 41.1668
1298880217 -8.6234 41.1667
1298880218 -8.62344 41.1666
1298880219 -8.62347 41.1665
1298880220 -8.62349 41.1664
1298880221 -8.6235 41.1663
1298880222 -8.62352 41.1663
1298880223 -8.62355 41.1662
1298880224 -8.62358 41.1661
1298880225 -8.62361 41.166
1298880226 -8.62364 41.1659
1298880227 -8.62367 41.1659
1298880228 -8.62369 41.1658
1298880229 -8.6237 41.1658
1298880230 -8.62372 41.1658
1298880231 -8.62374 41.1657
1298880232 -8.62375 41.1657
1298880233 -8.62376 41.1656
1298880234 -8.62378 41.1656
1298880235 -8.6238 41.1655
1298880236 -8.6238 41.1655
1298880237 -8.62379 41.1655
1298880238 -8.62376 41.1654
1298880239 -8.62373 41.1654
1298880240 -8.62369 41.1654
1298880241 -8.62367 41.1654
1298880242 -8.62363 41.1653
1298880243 -8.62358 41.1653
1298880244 -8.62354 41.1653
1298880245 -8.62349 41.1653
1298880246 -8.62343 41.1652
1298880247 -8.62337 41.1652
1298880248 -8.62331 41.1652
1298880249 -8.62325 41.1651
1298880250 -8.6232 41.1651
1298880251 -8.62315 41.165
1298880252 -8.62311 41.165
1298880253 -8.62306 41.165
1298880254 -8.62302 41.165
1298880255 -8.62297 41.1649
1298880256 -8.62294 41.1649
1298880257 -8.62291 41.1649
1298880258 -8.62289 41.1649
1298880259 -8.62288 41.1649
1298880260 -8.62285 41.1649
1298880261 -8.62285 41.1649
1298880262 -8.62284 41.1648
1298880263 -8.62283 41.1648
1298880264 -8.62282 41.1648
1298880265 -8.62282 41.1648
1298880266 -8.62282 41.1648
1298880267 -8.62283 41.1648
1298880268 -8.62283 41.1648
1298880269 -8.62284 41.1648
1298880270 -8.62285 41.1648
1298880271 -8.62285 41.1648
1298880272 -8.62285 41.1648
1298880273 -8.62285 41.1648
1298880274 -8.62285 41.1648
1298880275 -8.62286 41.1648
1298880276 -8.62286 41.1648
1298880277 -8.62286 41.1648
1298880278 -8.62286 41.1648
1298880279 -8.62286 41.1648
1298880280 -8.62286 41.1648
1298880281 -8.62286 41.1648
1298880282 -8.62286 41.1648
1298880283 -8.62286 41.1648
1298880284 -8.62286 41.1648
1298880285 -8.62286 41.1648
1298880286 -8.62286 41.1648
1298880287 -8.62286 41.1648
1298880288 -8.62286 41.1648
1298880289 -8.62286 41.1648
1298880290 -8.62286 41.1648
1298880291 -8.62286 41.1648
1298880292 -8.62286 41.1648
1298880293 -8.62286 41.1648
1298880294 -8.62285 41.1648
1298880295 -8.62286 41.1648
1298880296 -8.62286 41.1648
1298880297 -8.62285 41.1648
1298880298 -8.62285 41.1648
1298880299 -8.62285 41.1648
1298880300 -8.62285 41.1648
1298880301 -8.62285 41.1648
1298880302 -8.62285 41.1648
1298880303 -8.62285 41.1648
1298880304 -8.62285 41.1648
1298880305 -8.62285 41.1648
1298880306 -8.62285 41.1648
1298880307 -8.62285 41.1648
1298880308 -8.62285 41.1648
1298880309 -8.62285 41.1648
1298880310 -8.62285 41.1648
1298880311 -8.62285 41.1648
1298880312 -8.62285 41.1648
1298880313 -8.62285 41.1648
1298880314 -8.62285 41.1648
1298880315 -8.62285 41.1648
1298880316 -8.62285 41.1648
1298880317 -8.62285 41.1648
1298880318 -8.62285 41.1648
1298880319 -8.62285 41.1648
1298880320 -8.62285 41.1648
1298880321 -8.62285 41.1648
1298880322 -8.62285 41.1648
1298880323 -8.62285 41.1648
1298880324 -8.62285 41.1648
1298880325 -8.62285 41.1648
1298880326 -8.62285 41.1648
1298880327 -8.62285 41.1648
1298880328 -8.62285 41.1648
1298880329 -8.62285 41.1648
1298880330 -8.62285 41.1648
1298880331 -8.62285 41.1648
1298880332 -8.62285 41.1648
1298880333 -8.62285 41.1648
1298880334 -8.62285 41.1648
1298880335 -8.62285 41.1648
1298880336 -8.62285 41.1648
1298880337 -8.62285 41.1648
1298880338 -8.62285 41.1648
1298880339 -8.62285 41.1648
1298880340 -8.62285 41.1648
1298880341 -8.62285 41.1648
1298880342 -8.62285 41.1648
1298880343 -8.62285 41.1648
1298880344 -8.62285 41.1648
1298880345 -8.62285 41.1648
1298880346 -8.62285 41.1648
1298880347 -8.62285 41.1648
1298880348 -8.62285 41.1648
1298880349 -8.62285 41.1648
1298880350 -8.62285 41.1648
1298880351 -8.62285 41.1648
1298880352 -8.62285 41.1648
1298880353 -8.62285 41.1648
1298880354 -8.62285 41.1648
1298880355 -8.62285 41.1648
1298880356 -8.62285 41.1648
1298880357 -8.62285 41.1648
1298880358 -8.62285 41.1648
1298880359 -8.62284 41.1648
1298880360 -8.62284 41.1648
1298880361 -8.62284 41.1648
1298880362 -8.62284 41.1648
1298880363 -8.62284 41.1648
1298880364 -8.62284 41.1648
1298880365 -8.62284 41.1648
1298880366 -8.62283 41.1648
1298880367 -8.62283 41.1648
1298880368 -8.62283 41.1648
1298880369 -8.62283 41.1648
1298880370 -8.62283 41.1648
1298880371 -8.62283 41.1648
1298880372 -8.62283 41.1648
1298880373 -8.62283 41.1648
1298880374 -8.62283 41.1648
1298880375 -8.62283 41.1648
1298880376 -8.62283 41.1648
1298880377 -8.62282 41.1648
1298880378 -8.62282 41.1648
1298880379 -8.62282 41.1648
1298880380 -8.62282 41.1648
1298880381 -8.62282 41.1648
1298880382 -8.62282 41.1648
1298880383 -8.62282 41.1648
1298880384 -8.62283 41.1648
1298880385 -8.62283 41.1648
1298880386 -8.62283 41.1648
1298880387 -8.62283 41.1648
1298880388 -8.62283 41.1648
1298880389 -8.62283 41.1648
1298880390 -8.62283 41.1648
1298880391 -8.62283 41.1648
1298880392 -8.62283 41.1648
1298880393 -8.62283 41.1648
1298880394 -8.62283 41.1648
1298880395 -8.62283 41.1648
1298880396 -8.62283 41.1648
1298880397 -8.62283 41.1648
1298880398 -8.62283 41.1648
1298880399 -8.62283 41.1648
1298880400 -8.62283 41.1648
1298880401 -8.62283 41.1648
1298880402 -8.62283 41.1648
1298880403 -8.62283 41.1648
1298880404 -8.62283 41.1648
1298880405 -8.62283 41.1648
1298880406 -8.62283 41.1648
1298880407 -8.62283 41.1648
1298880408 -8.62283 41.1648
1298880409 -8.62283 41.1648
1298880410 -8.62283 41.1648
1298880411 -8.62283 41.1648
1298880412 -8.62283 41.1648
1298880413 -8.62283 41.1648
1298880414 -8.62283 41.1648
1298880415 -8.62283 41.1648
1298880416 -8.62283 41.1648
1298880417 -8.62283 41.1648
1298880418 -8.62284 41.1648
1298880419 -8.62284 41.1648
1298880420 -8.62284 41.1648
1298880421 -8.62284 41.1648
1298880422 -8.62284 41.1648
1298880423 -8.62284 41.1648
1298880424 -8.62284 41.1648
1298880425 -8.62284 41.1648
1298880426 -8.62284 41.1648
1298880427 -8.62284 41.1648
1298880428 -8.62284 41.1648
1298880429 -8.62285 41.1648
1298880430 -8.62285 41.1648
1298880431 -8.62285 41.1648
1298880432 -8.62285 41.1648
1298880433 -8.62285 41.1648
1298880434 -8.62285 41.1648
1298880435 -8.62285 41.1648
1298880436 -8.62285 41.1648
1298880437 -8.62285 41.1648
1298880438 -8.62285 41.1648
1298880439 -8.62285 41.1648
1298880440 -8.62286 41.1648
1298880441 -8.62286 41.1648
1298880442 -8.62286 41.1648
1298880443 -8.62286 41.1648
1298880444 -8.62286 41.1648
1298880445 -8.62286 41.1648
1298880446 -8.62286 41.1648
1298880447 -8.62285 41.1648
1298880448 -8.62285 41.1648
1298880449 -8.62285 41.1648
1298880450 -8.62285 41.1648
1298880451 -8.62285 41.1648
1298880452 -8.62285 41.1648
1298880453 -8.62285 41.1648
1298880454 -8.62285 41.1648
1298880455 -8.62285 41.1648
1298880456 -8.62285 41.1648
1298880457 -8.62285 41.1648
1298880458 -8.62285 41.1648
1298880459 -8.62285 41.1648
1298880460 -8.62285 41.1648
1298880461 -8.62285 41.1648
1298880462 -8.62285 41.1648
1298880463 -8.62285 41.1648
1298880464 -8.62285 41.1648
1298880465 -8.62285 41.1648
1298880466 -8.62285 41.1648
1298880467 -8.62285 41.1648
1298880468 -8.62285 41.1648
1298880469 -8.62285 41.1648
1298880470 -8.62285 41.1648
1298880471 -8.62285 41.1648
1298880472 -8.62285 41.1648
1298880473 -8.62285 41.1648
1298880474 -8.62286 41.1648
1298880475 -8.62286 41.1648
1298880476 -8.62286 41.1648
1298880477 -8.62286 41.1648
1298880478 -8.62286 41.1648
1298880479 -8.62286 41.1648
1298880480 -8.62286 41.1648
1298880481 -8.62286 41.1648
1298880482 -8.62286 41.1648
1298880483 -8.62286 41.1648
1298880484 -8.62286 41.1648
1298880485 -8.62286 41.1648
1298880486 -8.62286 41.1648
1298880487 -8.62286 41.1648
1298880488 -8.62286 41.1648
1298880489 -8.62286 41.1648
1298880490 -8.62286 41.1648
1298880491 -8.62288 41.1648
1298880492 -8.62289 41.1648
1298880493 -8.62291 41.1648
1298880494 -8.62292 41.1648
1298880495 -8.62292 41.1648
1298880496 -8.62293 41.1648
1298880497 -8.62294 41.1648
1298880498 -8.62296 41.1647
1298880499 -8.62299 41.1647
1298880500 -8.62302 41.1646
1298880501 -8.62305 41.1646
1298880502 -8.62309 41.1645
1298880503 -8.62313 41.1644
1298880504 -8.62316 41.1644
1298880505 -8.62316 41.1644
1298880506 -8.62317 41.1643
1298880507 -8.62318 41.1643
1298880508 -8.62322 41.1643
1298880509 -8.62329 41.1643
1298880510 -8.62339 41.1643
1298880511 -8.6235 41.1643
1298880512 -8.62364 41.1643
1298880513 -8.62377 41.1644
1298880514 -8.62393 41.1644
1298880515 -8.62409 41.1644
1298880516 -8.62425 41.1644
1298880517 -8.62441 41.1644
1298880518 -8.62457 41.1644
1298880519 -8.62469 41.1645
1298880520 -8.6248 41.1645
1298880521 -8.62486 41.1646
1298880522 -8.62491 41.1646
1298880523 -8.62493 41.1647
1298880524 -8.62493 41.1648
1298880525 -8.62493 41.1649
1298880526 -8.62493 41.165
1298880527 -8.62494 41.1651
1298880528 -8.62495 41.1652
1298880529 -8.62495 41.1653
1298880530 -8.62496 41.1653
1298880531 -8.62496 41.1654
1298880532 -8.62494 41.1655
1298880533 -8.62493 41.1657
1298880534 -8.62494 41.1657
1298880535 -8.62496 41.1658
1298880536 -8.62497 41.1659
1298880537 -8.62499 41.166
1298880538 -8.62501 41.1661
1298880539 -8.62503 41.1662
1298880540 -8.62505 41.1662
1298880541 -8.62507 41.1663
1298880542 -8.6251 41.1664
1298880543 -8.62512 41.1665
1298880544 -8.62515 41.1665
1298880545 -8.62517 41.1666
1298880546 -8.62519 41.1667
1298880547 -8.6252 41.1667
1298880548 -8.62521 41.1667
1298880549 -8.62521 41.1668
1298880550 -8.62523 41.1668
1298880551 -8.62523 41.1668
1298880552 -8.62525 41.1668
1298880553 -8.62526 41.1668
1298880554 -8.62526 41.1668
1298880555 -8.62526 41.1668
1298880556 -8.62527 41.1668
1298880557 -8.62527 41.1668
1298880558 -8.62527 41.1668
1298880559 -8.62528 41.1668
1298880560 -8.62528 41.1668
1298880561 -8.62528 41.1668
1298880562 -8.62528 41.1668
1298880563 -8.62529 41.1668
1298880564 -8.62529 41.1668
1298880565 -8.62529 41.1668
1298880566 -8.62529 41.1668
1298880567 -8.62529 41.1668
1298880568 -8.6253 41.1668
1298880569 -8.6253 41.1668
1298880570 -8.6253 41.1668
1298880571 -8.6253 41.1668
1298880572 -8.6253 41.1668
1298880573 -8.6253 41.1668
1298880574 -8.62529 41.1668
1298880575 -8.62529 41.1668
1298880576 -8.62529 41.1668
1298880577 -8.62529 41.1668
1298880578 -8.62529 41.1668
1298880579 -8.62529 41.1668
1298880580 -8.62529 41.1668
1298880581 -8.62529 41.1668
1298880582 -8.62528 41.1668
1298880583 -8.62528 41.1668
1298880584 -8.62528 41.1668
1298880585 -8.62528 41.1668
1298880586 -8.62528 41.1668
1298880587 -8.62528 41.1668
1298880588 -8.62528 41.1668
1298880589 -8.62528 41.1668
1298880590 -8.62528 41.1668
1298880591 -8.62528 41.1669
1298880592 -8.62528 41.1669
1298880593 -8.62528 41.1669
1298880594 -8.62528 41.1669
1298880595 -8.62528 41.1669
1298880596 -8.62528 41.1669
1298880597 -8.62528 41.1669
1298880598 -8.62528 41.1669
1298880599 -8.62528 41.1669
1298880600 -8.62528 41.1669
1298880601 -8.62528 41.1669
1298880602 -8.62529 41.1669
1298880603 -8.62529 41.1669
1298880604 -8.62529 41.1669
1298880605 -8.62529 41.1669
1298880606 -8.62529 41.1668
1298880607 -8.62529 41.1668
1298880608 -8.62529 41.1668
1298880609 -8.62528 41.1668
1298880610 -8.62528 41.1668
1298880611 -8.62528 41.1668
1298880612 -8.62528 41.1668
1298880613 -8.62528 41.1668
1298880614 -8.62528 41.1668
1298880615 -8.62527 41.1668
1298880616 -8.62527 41.1668
1298880617 -8.62527 41.1668
1298880618 -8.62526 41.1668
1298880619 -8.62527 41.1669
1298880620 -8.62527 41.1669
1298880621 -8.62527 41.1669
1298880622 -8.62527 41.1669
1298880623 -8.62525 41.167
1298880624 -8.62528 41.167
1298880625 -8.62531 41.167
1298880626 -8.62535 41.1671
1298880627 -8.62538 41.1672
1298880628 -8.62544 41.1673
1298880629 -8.62548 41.1673
1298880630 -8.6255 41.1674
1298880631 -8.6255 41.1675
1298880632 -8.62553 41.1676
1298880633 -8.62554 41.1677
1298880634 -8.62553 41.1679
1298880635 -8.62554 41.168
1298880636 -8.62556 41.1681
1298880637 -8.62556 41.1681
1298880638 -8.62555 41.1682
1298880639 -8.62549 41.1683
1298880640 -8.62544 41.1684
1298880641 -8.62535 41.1684
1298880642 -8.62527 41.1684
1298880643 -8.62516 41.1685
1298880644 -8.62504 41.1685
1298880645 -8.62493 41.1686
1298880646 -8.62483 41.1686
1298880647 -8.62471 41.1686
1298880648 -8.62459 41.1687
1298880649 -8.62448 41.1687
1298880650 -8.62436 41.1687
1298880651 -8.62425 41.1688
1298880652 -8.62413 41.1688
1298880653 -8.62402 41.1688
1298880654 -8.6239 41.1688
1298880655 -8.62377 41.1689
1298880656 -8.62366 41.1689
1298880657 -8.62355 41.1689
1298880658 -8.62346 41.169
1298880659 -8.62337 41.169
1298880660 -8.62329 41.169
1298880661 -8.6232 41.169
1298880662 -8.62311 41.169
1298880663 -8.62303 41.1691
1298880664 -8.62297 41.1691
1298880665 -8.62294 41.1691
1298880666 -8.62292 41.1692
1298880667 -8.62294 41.1692
1298880668 -8.62296 41.1693
1298880669 -8.62299 41.1694
1298880670 -8.62301 41.1695
1298880671 -8.62303 41.1696
1298880672 -8.62304 41.1697
1298880673 -8.62306 41.1698
1298880674 -8.6231 41.1699
1298880675 -8.62312 41.17
1298880676 -8.62314 41.1701
1298880677 -8.62317 41.1702
1298880678 -8.62317 41.1703
1298880679 -8.62314 41.1704
1298880680 -8.62307 41.1705
1298880681 -8.623 41.1706
1298880682 -8.62295 41.1707
1298880683 -8.62294 41.1708
1298880684 -8.62296 41.1709
1298880685 -8.623 41.171
1298880686 -8.62303 41.1711
1298880687 -8.62303 41.1712
1298880688 -8.623 41.1713
1298880689 -8.62294 41.1714
1298880690 -8.62285 41.1715
1298880691 -8.62275 41.1717
1298880692 -8.62265 41.1718
1298880693 -8.62255 41.1719
1298880694 -8.62243 41.172
1298880695 -8.62232 41.1721
1298880696 -8.62219 41.1722
1298880697 -8.62205 41.1723
1298880698 -8.62191 41.1724
1298880699 -8.62177 41.1725
1298880700 -8.62162 41.1726
1298880701 -8.62147 41.1727
1298880702 -8.62133 41.1728
1298880703 -8.62117 41.1729
1298880704 -8.62102 41.173
1298880705 -8.62087 41.1731
1298880706 -8.62071 41.1732
1298880707 -8.62056 41.1733
1298880708 -8.6204 41.1734
1298880709 -8.62023 41.1735
1298880710 -8.62005 41.1735
1298880711 -8.61986 41.1736
1298880712 -8.61966 41.1736
1298880713 -8.61945 41.1736
1298880714 -8.61924 41.1737
1298880715 -8.61901 41.1737
1298880716 -8.61878 41.1737
1298880717 -8.61853 41.1737
1298880718 -8.61828 41.1738
1298880719 -8.61802 41.1738
1298880720 -8.61775 41.1738
1298880721 -8.61747 41.1739
1298880722 -8.61719 41.1739
1298880723 -8.61691 41.1739
1298880724 -8.61663 41.174
1298880725 -8.61635 41.174
1298880726 -8.61607 41.174
1298880727 -8.61579 41.1741
1298880728 -8.61552 41.1741
1298880729 -8.61525 41.1742
1298880730 -8.61498 41.1742
1298880731 -8.61472 41.1743
1298880732 -8.61446 41.1743
1298880733 -8.6142 41.1743
1298880734 -8.61395 41.1744
1298880735 -8.61368 41.1744
1298880736 -8.61342 41.1745
1298880737 -8.61316 41.1745
1298880738 -8.61289 41.1745
1298880739 -8.61262 41.1745
1298880740 -8.61236 41.1745
1298880741 -8.6121 41.1745
1298880742 -8.61184 41.1744
1298880743 -8.61159 41.1744
1298880744 -8.61134 41.1744
1298880745 -8.61108 41.1743
1298880746 -8.61083 41.1743
1298880747 -8.61058 41.1743
1298880748 -8.61034 41.1742
1298880749 -8.61008 41.1742
1298880750 -8.60983 41.1741
1298880751 -8.60958 41.1741
1298880752 -8.60935 41.174
1298880753 -8.60911 41.1739
1298880754 -8.60888 41.1738
1298880755 -8.60865 41.1737
1298880756 -8.60844 41.1736
1298880757 -8.60824 41.1735
1298880758 -8.60804 41.1734
1298880759 -8.60786 41.1732
1298880760 -8.60768 41.1731
1298880761 -8.6075 41.173
1298880762 -8.60732 41.1728
1298880763 -8.60713 41.1727
1298880764 -8.60695 41.1725
1298880765 -8.60675 41.1724
1298880766 -8.60656 41.1723
1298880767 -8.60636 41.1722
1298880768 -8.60614 41.172
1298880769 -8.60593 41.1719
1298880770 -8.60569 41.1718
1298880771 -8.60546 41.1718
1298880772 -8.60521 41.1717
1298880773 -8.60495 41.1716
1298880774 -8.60468 41.1716
1298880775 -8.60443 41.1715
1298880776 -8.60419 41.1715
1298880777 -8.60394 41.1715
1298880778 -8.60369 41.1714
1298880779 -8.60343 41.1714
1298880780 -8.60318 41.1714
1298880781 -8.60293 41.1714
1298880782 -8.60267 41.1713
1298880783 -8.60241 41.1713
1298880784 -8.60215 41.1713
1298880785 -8.60188 41.1712
1298880786 -8.60161 41.1712
1298880787 -8.60134 41.1712
1298880788 -8.60107 41.1712
1298880789 -8.6008 41.1711
1298880790 -8.60054 41.1711
1298880791 -8.60027 41.1711
1298880792 -8.6 41.1711
1298880793 -8.59974 41.1712
1298880794 -8.59948 41.1712
1298880795 -8.59922 41.1712
1298880796 -8.59897 41.1713
1298880797 -8.59871 41.1713
1298880798 -8.59845 41.1714
1298880799 -8.59819 41.1714
1298880800 -8.59792 41.1715
1298880801 -8.59765 41.1715
1298880802 -8.59739 41.1716
1298880803 -8.59714 41.1716
1298880804 -8.59689 41.1717
1298880805 -8.59664 41.1717
1298880806 -8.59639 41.1718
1298880807 -8.59616 41.1718
1298880808 -8.59592 41.1718
1298880809 -8.59568 41.1718
1298880810 -8.59546 41.1718
1298880811 -8.59523 41.1718
1298880812 -8.59503 41.1718
1298880813 -8.59483 41.1717
1298880814 -8.59464 41.1716
1298880815 -8.59446 41.1716
1298880816 -8.59429 41.1715
1298880817 -8.59413 41.1714
1298880818 -8.59397 41.1713
1298880819 -8.59382 41.1712
1298880820 -8.59368 41.1711
1298880821 -8.59353 41.171
1298880822 -8.5934 41.1709
1298880823 -8.59325 41.1708
1298880824 -8.59311 41.1707
1298880825 -8.59296 41.1706
1298880826 -8.5928 41.1705
1298880827 -8.59264 41.1704
1298880828 -8.59247 41.1703
1298880829 -8.59231 41.1702
1298880830 -8.59216 41.1701
1298880831 -8.59199 41.17
1298880832 -8.59182 41.1699
1298880833 -8.59165 41.1697
1298880834 -8.59148 41.1696
1298880835 -8.59129 41.1695
1298880836 -8.5911 41.1694
1298880837 -8.59091 41.1693
1298880838 -8.59072 41.1691
1298880839 -8.59053 41.169
1298880840 -8.59035 41.1689
1298880841 -8.59015 41.1688
1298880842 -8.58996 41.1686
1298880843 -8.58977 41.1685
1298880844 -8.58957 41.1684
1298880845 -8.58937 41.1683
1298880846 -8.58917 41.1682
1298880847 -8.58896 41.1681
1298880848 -8.58875 41.1679
1298880849 -8.58856 41.1678
1298880850 -8.58836 41.1677
1298880851 -8.58817 41.1676
1298880852 -8.58799 41.1675
1298880853 -8.58783 41.1673
1298880854 -8.58767 41.1673
1298880855 -8.58752 41.1672
1298880856 -8.5874 41.167
1298880857 -8.58735 41.1669
1298880858 -8.58736 41.1668
1298880859 -8.58743 41.1667
1298880860 -8.58755 41.1666
1298880861 -8.58771 41.1666
1298880862 -8.58786 41.1666
1298880863 -8.58798 41.1667
1298880864 -8.58806 41.1668
1298880865 -8.58809 41.1669
1298880866 -8.58807 41.167
1298880867 -8.58803 41.1672
1298880868 -8.58798 41.1673
1298880869 -8.58793 41.1674
1298880870 -8.58788 41.1676
1298880871 -8.58783 41.1677
1298880872 -8.58777 41.1678
1298880873 -8.58772 41.168
1298880874 -8.58766 41.1681
1298880875 -8.58761 41.1682
1298880876 -8.58755 41.1684
1298880877 -8.58747 41.1685
1298880878 -8.58739 41.1687
1298880879 -8.58731 41.1689
1298880880 -8.58722 41.169
1298880881 -8.58713 41.1692
1298880882 -8.58705 41.1694
1298880883 -8.58697 41.1695
1298880884 -8.58689 41.1697
1298880885 -8.58682 41.1698
1298880886 -8.58675 41.17
1298880887 -8.58667 41.1701
1298880888 -8.58658 41.1703
1298880889 -8.5865 41.1704
1298880890 -8.58641 41.1706
1298880891 -8.58632 41.1708
1298880892 -8.58624 41.171
1298880893 -8.58616 41.1711
1298880894 -8.58609 41.1713
1298880895 -8.58601 41.1715
1298880896 -8.58593 41.1716
1298880897 -8.58585 41.1718
1298880898 -8.58577 41.1719
1298880899 -8.58568 41.1721
1298880900 -8.58559 41.1723
1298880901 -8.58551 41.1724
1298880902 -8.58543 41.1726
1298880903 -8.58535 41.1728
1298880904 -8.58528 41.1729
1298880905 -8.58521 41.1731
1298880906 -8.58514 41.1732
1298880907 -8.58507 41.1733
1298880908 -8.585 41.1735
1298880909 -8.58494 41.1736
1298880910 -8.58488 41.1737
1298880911 -8.58481 41.1738
1298880912 -8.58475 41.1739
1298880913 -8.58469 41.1741
1298880914 -8.58462 41.1742
1298880915 -8.58456 41.1743
1298880916 -8.5845 41.1745
1298880917 -8.58442 41.1746
1298880918 -8.58436 41.1747
1298880919 -8.58429 41.1749
1298880920 -8.58422 41.175
1298880921 -8.58413 41.1752
1298880922 -8.58406 41.1753
1298880923 -8.58398 41.1755
1298880924 -8.58389 41.1757
1298880925 -8.58381 41.1758
1298880926 -8.58373 41.176
1298880927 -8.58364 41.1762
1298880928 -8.58355 41.1763
1298880929 -8.58346 41.1765
1298880930 -8.58336 41.1767
1298880931 -8.58327 41.1769
1298880932 -8.58317 41.1771
1298880933 -8.58308 41.1772
1298880934 -8.58299 41.1774
1298880935 -8.5829 41.1776
1298880936 -8.58282 41.1778
1298880937 -8.58275 41.178
1298880938 -8.58269 41.1781
1298880939 -8.58263 41.1783
1298880940 -8.58258 41.1785
1298880941 -8.58254 41.1786
1298880942 -8.58247 41.1788
1298880943 -8.58242 41.1789
1298880944 -8.58236 41.1791
1298880945 -8.58231 41.1792
1298880946 -8.58225 41.1793
1298880947 -8.58219 41.1795
1298880948 -8.58216 41.1796
1298880949 -8.58212 41.1797
1298880950 -8.58209 41.1798
1298880951 -8.58207 41.1799
1298880952 -8.58204 41.1799
1298880953 -8.58201 41.18
1298880954 -8.582 41.1801
1298880955 -8.58198 41.1801
1298880956 -8.58196 41.1802
1298880957 -8.58194 41.1802
1298880958 -8.58192 41.1802
1298880959 -8.58189 41.1803
1298880960 -8.58185 41.1803
1298880961 -8.58182 41.1804
1298880962 -8.58179 41.1805
1298880963 -8.5818 41.1805
1298880964 -8.58186 41.1806
1298880965 -8.58194 41.1806
1298880966 -8.58204 41.1806
1298880967 -8.58215 41.1806
1298880968 -8.58224 41.1807
1298880969 -8.58232 41.1807
1298880970 -8.58238 41.1808
1298880971 -8.58244 41.1808
1298880972 -8.58252 41.1808
1298880973 -8.58257 41.1808
1298880974 -8.58261 41.1808
1298880975 -8.58263 41.1808
1298880976 -8.58267 41.1808
1298880977 -8.58269 41.1809
1298880978 -8.58271 41.1809
1298880979 -8.58272 41.1809
1298880980 -8.58272 41.1809
1298880981 -8.58272 41.1809
1298880982 -8.58272 41.1809
1298880983 -8.58272 41.1809
1298880984 -8.58273 41.1809
1298880985 -8.58274 41.1809
1298880986 -8.58274 41.1809
1298880987 -8.58276 41.1809
1298880988 -8.58277 41.1809
1298880989 -8.58279 41.1809
1298880990 -8.5828 41.1809
1298880991 -8.58281 41.1809
1298880992 -8.58282 41.1809
1298880993 -8.58284 41.1809
1298880994 -8.58286 41.1809
1298880995 -8.58287 41.1809
1298880996 -8.58289 41.1809
1298880997 -8.5829 41.181
1298880998 -8.5829 41.181
1298880999 -8.5829 41.181
1298881000 -8.58291 41.181
1298881001 -8.58291 41.181
1298881002 -8.58292 41.181
1298881003 -8.58293 41.181
1298881004 -8.58294 41.181
1298881005 -8.58294 41.181
1298881006 -8.58294 41.181
1298881007 -8.58294 41.181
1298881008 -8.58295 41.181
1298881009 -8.58297 41.181
1298881010 -8.58298 41.181
1298881011 -8.58298 41.181
1298881012 -8.58299 41.181
1298881013 -8.58298 41.181
1298881014 -8.58298 41.181
1298881015 -8.58298 41.181
1298881016 -8.58298 41.181
1298881017 -8.58297 41.181
1298881018 -8.58297 41.181
1298881019 -8.58297 41.181
1298881020 -8.58296 41.181
1298881021 -8.58295 41.181
1298881022 -8.58295 41.181
1298881023 -8.58295 41.181
1298881024 -8.58295 41.181
1298881025 -8.58295 41.181
1298881026 -8.58295 41.181
1298881027 -8.58295 41.181
1298881028 -8.58294 41.181
1298881029 -8.58294 41.181
1298881030 -8.58294 41.181
1298881031 -8.58296 41.181
1298881032 -8.58299 41.181
1298881033 -8.58302 41.181
1298881034 -8.58306 41.181
1298881035 -8.58309 41.1811
1298881036 -8.58311 41.1811
1298881037 -8.58314 41.1811
1298881038 -8.58317 41.1811
1298881039 -8.58324 41.1811
1298881040 -8.58328 41.181
1298881041 -8.5833 41.181
1298881042 -8.58332 41.181
1298881043 -8.58333 41.1809
1298881044 -8.58333 41.1809
1298881045 -8.58331 41.1809
1298881046 -8.58329 41.1809
1298881047 -8.58326 41.1809
1298881048 -8.58325 41.1809
1298881049 -8.58325 41.1809
1298881050 -8.58325 41.1809
1298881051 -8.58325 41.1809
1298881052 -8.58325 41.1809
1298881053 -8.58325 41.1809
1298881054 -8.58325 41.1809
1298881055 -8.58325 41.1809
1298881056 -8.58325 41.1809
1298881057 -8.58325 41.1809
1298881058 -8.58325 41.1809
1298881059 -8.58325 41.1809
1298881060 -8.58325 41.1809
1298881061 -8.58325 41.1809
1298881062 -8.58325 41.1809
1298881063 -8.58325 41.1809
1298881064 -8.58325 41.1809
1298881065 -8.58325 41.1809
1298881066 -8.58325 41.1809
1298881067 -8.58325 41.1809
1298881068 -8.58325 41.1809
1298881069 -8.58325 41.1809
1298881070 -8.58325 41.1809
1298881071 -8.58325 41.1809
1298881072 -8.58325 41.1809
1298881073 -8.58325 41.1809
1298881074 -8.58325 41.1809
1298881075 -8.58325 41.1809
1298881076 -8.58326 41.1809
1298881077 -8.58326 41.1809
1298881078 -8.58326 41.1809
1298881079 -8.58326 41.1809
1298881080 -8.58326 41.1809
1298881081 -8.58326 41.1809
1298881082 -8.58326 41.1809
1298881083 -8.58326 41.1809
1298881084 -8.58326 41.1809
1298881085 -8.58326 41.1809
1298881086 -8.58326 41.1809
1298881087 -8.58326 41.1809
1298881088 -8.58327 41.1809
1298881089 -8.58327 41.1809
1298881090 -8.58327 41.1809
1298881091 -8.58327 41.1809
1298881092 -8.58327 41.1809
1298881093 -8.58327 41.1809
1298881094 -8.58327 41.1809
1298881095 -8.58327 41.1809
1298881096 -8.58327 41.1809
1298881097 -8.58327 41.1809
1298881098 -8.58327 41.1809
1298881099 -8.58327 41.1809
1298881100 -8.58327 41.1809
1298881101 -8.58327 41.1809
1298881102 -8.58327 41.1809
1298881103 -8.58327 41.1809
1298881104 -8.58327 41.1809
1298881105 -8.58327 41.1809
1298881106 -8.58328 41.1809
1298881107 -8.58328 41.1809
1298881108 -8.58328 41.1809
1298881109 -8.58328 41.1809
1298881110 -8.58328 41.1809
1298881111 -8.58328 41.1809
1298881112 -8.58328 41.1808
1298881113 -8.58328 41.1808
1298881114 -8.58328 41.1808
1298881115 -8.58329 41.1808
1298881116 -8.58329 41.1808
1298881117 -8.58329 41.1808
1298881118 -8.58329 41.1808
1298881119 -8.58329 41.1808
1298881120 -8.58329 41.1808
1298881121 -8.58329 41.1808
1298881122 -8.58329 41.1808
1298881123 -8.58329 41.1808
1298881124 -8.58329 41.1808
1298881125 -8.58329 41.1808
1298881126 -8.58328 41.1808
1298881127 -8.58328 41.1808
1298881128 -8.58328 41.1808
1298881129 -8.58328 41.1808
1298881130 -8.58328 41.1808
1298881131 -8.58328 41.1808
1298881132 -8.58328 41.1808
1298881133 -8.58328 41.1808
1298881134 -8.58328 41.1808
1298881135 -8.58328 41.1808
1298881136 -8.58328 41.1808
1298881137 -8.58328 41.1808
1298881138 -8.58328 41.1808
1298881139 -8.58328 41.1808
1298881140 -8.58328 41.1808
1298881141 -8.58328 41.1808
1298881142 -8.58328 41.1809
1298881143 -8.58328 41.1809
1298881144 -8.58327 41.1809
1298881145 -8.58327 41.1809
1298881146 -8.58327 41.1809
1298881147 -8.58327 41.1809
1298881148 -8.58327 41.1809
1298881149 -8.58327 41.1809
1298881150 -8.58327 41.1809
1298881151 -8.58327 41.1809
1298881152 -8.58327 41.1809
1298881153 -8.58327 41.1809
1298881154 -8.58327 41.1809
1298881155 -8.58327 41.1809
1298881156 -8.58326 41.1809
1298881157 -8.58326 41.1809
1298881158 -8.58326 41.1809
1298881159 -8.58326 41.1809
1298881160 -8.58326 41.1809
1298881161 -8.58326 41.1809
1298881162 -8.58326 41.1809
1298881163 -8.58326 41.1809
1298881164 -8.58326 41.1809
1298881165 -8.58326 41.1809
1298881166 -8.58326 41.1808
1298881167 -8.58326 41.1808
1298881168 -8.58326 41.1808
1298881169 -8.58326 41.1808
1298881170 -8.58326 41.1808
1298881171 -8.58326 41.1808
1298881172 -8.58326 41.1808
1298881173 -8.58326 41.1808
1298881174 -8.58326 41.1808
1298881175 -8.58326 41.1808
1298881176 -8.58326 41.1808
1298881177 -8.58326 41.1808
1298881178 -8.58326 41.1808
1298881179 -8.58326 41.1808
1298881180 -8.58326 41.1808
1298881181 -8.58326 41.1808
1298881182 -8.58326 41.1808
1298881183 -8.58326 41.1808
1298881184 -8.58326 41.1808
1298881185 -8.58326 41.1808
1298881186 -8.58326 41.1808
1298881187 -8.58326 41.1808
1298881188 -8.58326 41.1808
1298881189 -8.58326 41.1808
1298881190 -8.58326 41.1808
1298881191 -8.58326 41.1808
1298881192 -8.58326 41.1808
1298881193 -8.58326 41.1808
1298881194 -8.58326 41.1808
1298881195 -8.58326 41.1808
1298881196 -8.58326 41.1808
1298881197 -8.58326 41.1808
1298881198 -8.58326 41.1808
1298881199 -8.58326 41.1808
1298881200 -8.58326 41.1808
