:break:
1298880169 -8.68498 41.1672
1298880170 -8.68476 41.1672
1298880171 -8.68453 41.1671
1298880172 -8.68431 41.1671
1298880173 -8.68408 41.1671
1298880174 -8.68384 41.167
1298880175 -8.68359 41.167
1298880176 -8.68334 41.1669
1298880177 -8.68315 41.1669
1298880178 -8.68298 41.1669
1298880179 -8.68287 41.1669
1298880180 -8.68279 41.1668
1298880181 -8.68272 41.1668
1298880182 -8.68269 41.1668
1298880183 -8.68267 41.1668
1298880184 -8.68266 41.1668
1298880185 -8.68266 41.1668
1298880186 -8.68265 41.1668
1298880187 -8.68265 41.1668
1298880188 -8.68265 41.1668
1298880189 -8.68265 41.1668
1298880190 -8.68266 41.1668
1298880191 -8.68266 41.1668
1298880192 -8.68265 41.1668
1298880193 -8.68265 41.1668
1298880194 -8.68265 41.1668
1298880195 -8.68265 41.1668
1298880196 -8.68264 41.1668
1298880197 -8.68263 41.1668
1298880198 -8.68262 41.1668
1298880199 -8.68262 41.1668
1298880200 -8.68262 41.1668
1298880201 -8.68259 41.1668
1298880202 -8.68253 41.1668
1298880203 -8.68245 41.1668
1298880204 -8.68236 41.1668
1298880205 -8.68225 41.1668
1298880206 -8.68211 41.1667
1298880207 -8.68197 41.1667
1298880208 -8.68181 41.1667
1298880209 -8.68163 41.1666
1298880210 -8.68143 41.1666
1298880211 -8.68121 41.1666
1298880212 -8.68099 41.1665
1298880213 -8.68077 41.1665
1298880214 -8.68053 41.1665
1298880215 -8.68028 41.1664
1298880216 -8.68004 41.1664
1298880217 -8.6798 41.1663
1298880218 -8.67956 41.1663
1298880219 -8.67931 41.1663
1298880220 -8.67906 41.1662
1298880221 -8.67881 41.1662
1298880222 -8.67856 41.1661
1298880223 -8.67833 41.1661
1298880224 -8.67814 41.1661
1298880225 -8.67797 41.166
1298880226 -8.6778 41.166
1298880227 -8.67761 41.166
1298880228 -8.67742 41.1659
1298880229 -8.67722 41.1659
1298880230 -8.677 41.1659
1298880231 -8.67676 41.1658
1298880232 -8.67653 41.1658
1298880233 -8.67627 41.1658
1298880234 -8.67601 41.1657
1298880235 -8.67573 41.1657
1298880236 -8.67545 41.1656
1298880237 -8.67516 41.1656
1298880238 -8.67488 41.1655
1298880239 -8.67461 41.1655
1298880240 -8.67434 41.1654
1298880241 -8.67408 41.1654
1298880242 -8.67383 41.1654
1298880243 -8.67357 41.1653
1298880244 -8.67331 41.1653
1298880245 -8.67306 41.1652
1298880246 -8.67282 41.1652
1298880247 -8.6726 41.1651
1298880248 -8.6724 41.1651
1298880249 -8.67222 41.1651
1298880250 -8.67208 41.1651
1298880251 -8.67197 41.165
1298880252 -8.6719 41.165
1298880253 -8.67184 41.165
1298880254 -8.67182 41.165
1298880255 -8.6718 41.165
1298880256 -8.6718 41.165
1298880257 -8.67181 41.165
1298880258 -8.67181 41.165
1298880259 -8.67182 41.165
1298880260 -8.67182 41.165
1298880261 -8.67182 41.165
1298880262 -8.67182 41.165
1298880263 -8.67183 41.165
1298880264 -8.67183 41.165
1298880265 -8.67183 41.165
1298880266 -8.67184 41.165
1298880267 -8.67183 41.165
1298880268 -8.67182 41.165
1298880269 -8.67178 41.165
1298880270 -8.67171 41.165
1298880271 -8.67163 41.165
1298880272 -8.67152 41.1649
1298880273 -8.67142 41.1649
1298880274 -8.67133 41.1649
1298880275 -8.67125 41.1649
1298880276 -8.67118 41.1649
1298880277 -8.6711 41.1649
1298880278 -8.67101 41.1649
1298880279 -8.67093 41.1649
1298880280 -8.67087 41.1648
1298880281 -8.67083 41.1649
1298880282 -8.6708 41.1649
1298880283 -8.67079 41.1649
1298880284 -8.67078 41.1649
1298880285 -8.67078 41.165
1298880286 -8.67079 41.165
1298880287 -8.67079 41.1651
1298880288 -8.6708 41.1651
1298880289 -8.67081 41.1652
1298880290 -8.67082 41.1653
1298880291 -8.67082 41.1653
1298880292 -8.67083 41.1654
1298880293 -8.67083 41.1655
1298880294 -8.67083 41.1655
1298880295 -8.67083 41.1655
1298880296 -8.67084 41.1655
1298880297 -8.67086 41.1656
1298880298 -8.67087 41.1656
1298880299 -8.67087 41.1656
1298880300 -8.67087 41.1657
1298880301 -8.67087 41.1658
1298880302 -8.67087 41.1659
1298880303 -8.67087 41.166
1298880304 -8.67088 41.1661
1298880305 -8.67089 41.1662
1298880306 -8.67089 41.1663
1298880307 -8.67091 41.1664
1298880308 -8.67092 41.1666
1298880309 -8.67092 41.1667
1298880310 -8.6709 41.1668
1298880311 -8.67086 41.1669
1298880312 -8.67079 41.1671
1298880313 -8.6707 41.1672
1298880314 -8.67058 41.1673
1298880315 -8.67046 41.1674
1298880316 -8.6703 41.1675
1298880317 -8.67014 41.1676
1298880318 -8.66997 41.1677
1298880319 -8.6698 41.1678
1298880320 -8.66964 41.1679
1298880321 -8.66947 41.168
1298880322 -8.66929 41.1681
1298880323 -8.66913 41.1683
1298880324 -8.66898 41.1684
1298880325 -8.66884 41.1685
1298880326 -8.6687 41.1686
1298880327 -8.66858 41.1686
1298880328 -8.66845 41.1687
1298880329 -8.66833 41.1688
1298880330 -8.66822 41.1689
1298880331 -8.66808 41.169
1298880332 -8.66794 41.1691
1298880333 -8.66779 41.1692
1298880334 -8.66763 41.1693
1298880335 -8.66746 41.1694
1298880336 -8.66729 41.1695
1298880337 -8.66712 41.1697
1298880338 -8.66695 41.1698
1298880339 -8.66677 41.1699
1298880340 -8.66661 41.17
1298880341 -8.66646 41.1701
1298880342 -8.66631 41.1702
1298880343 -8.66616 41.1704
1298880344 -8.66602 41.1705
1298880345 -8.6659 41.1705
1298880346 -8.6658 41.1706
1298880347 -8.66572 41.1706
1298880348 -8.66567 41.1707
1298880349 -8.66565 41.1707
1298880350 -8.66563 41.1707
1298880351 -8.66563 41.1707
1298880352 -8.66564 41.1707
1298880353 -8.66564 41.1707
1298880354 -8.66564 41.1707
1298880355 -8.66564 41.1707
1298880356 -8.66564 41.1707
1298880357 -8.66564 41.1707
1298880358 -8.66564 41.1707
1298880359 -8.66564 41.1707
1298880360 -8.66564 41.1707
1298880361 -8.66564 41.1707
1298880362 -8.66565 41.1707
1298880363 -8.66565 41.1707
1298880364 -8.66565 41.1707
1298880365 -8.66565 41.1707
1298880366 -8.66565 41.1707
1298880367 -8.66565 41.1707
1298880368 -8.66565 41.1707
1298880369 -8.66566 41.1706
1298880370 -8.66566 41.1706
1298880371 -8.66566 41.1706
1298880372 -8.66566 41.1706
1298880373 -8.66566 41.1706
1298880374 -8.66566 41.1706
1298880375 -8.66566 41.1706
1298880376 -8.66567 41.1706
1298880377 -8.66567 41.1706
1298880378 -8.66567 41.1706
1298880379 -8.66567 41.1706
1298880380 -8.66567 41.1706
1298880381 -8.66567 41.1706
1298880382 -8.66567 41.1706
1298880383 -8.66567 41.1706
1298880384 -8.66567 41.1706
1298880385 -8.66567 41.1706
1298880386 -8.66567 41.1706
1298880387 -8.66567 41.1706
1298880388 -8.66567 41.1706
1298880389 -8.66567 41.1706
1298880390 -8.66567 41.1706
1298880391 -8.66568 41.1706
1298880392 -8.66568 41.1706
1298880393 -8.66568 41.1706
1298880394 -8.66568 41.1706
1298880395 -8.66569 41.1706
1298880396 -8.66569 41.1706
1298880397 -8.66569 41.1706
1298880398 -8.66569 41.1706
1298880399 -8.66569 41.1706
1298880400 -8.66569 41.1706
1298880401 -8.66569 41.1706
1298880402 -8.6657 41.1706
1298880403 -8.6657 41.1706
1298880404 -8.6657 41.1706
1298880405 -8.6657 41.1706
1298880406 -8.66571 41.1706
1298880407 -8.66571 41.1706
1298880408 -8.66571 41.1706
1298880409 -8.66571 41.1706
1298880410 -8.66571 41.1706
1298880411 -8.66571 41.1706
1298880412 -8.66571 41.1706
1298880413 -8.66571 41.1706
1298880414 -8.66571 41.1706
1298880415 -8.66571 41.1706
1298880416 -8.66571 41.1706
1298880417 -8.66571 41.1706
1298880418 -8.66571 41.1706
1298880419 -8.66571 41.1706
1298880420 -8.66571 41.1706
1298880421 -8.66572 41.1706
1298880422 -8.66572 41.1706
1298880423 -8.66572 41.1706
1298880424 -8.66571 41.1706
1298880425 -8.66571 41.1706
1298880426 -8.66571 41.1706
1298880427 -8.66571 41.1706
1298880428 -8.6657 41.1706
1298880429 -8.6657 41.1706
1298880430 -8.6657 41.1706
1298880431 -8.6657 41.1706
1298880432 -8.66569 41.1706
1298880433 -8.66569 41.1706
1298880434 -8.66569 41.1706
1298880435 -8.66569 41.1706
1298880436 -8.66569 41.1706
1298880437 -8.66569 41.1706
1298880438 -8.66568 41.1706
1298880439 -8.66568 41.1706
1298880440 -8.66568 41.1706
1298880441 -8.66568 41.1706
1298880442 -8.66567 41.1706
1298880443 -8.66567 41.1706
1298880444 -8.66567 41.1706
1298880445 -8.66567 41.1706
1298880446 -8.66566 41.1706
1298880447 -8.66566 41.1706
1298880448 -8.66566 41.1706
1298880449 -8.66566 41.1706
1298880450 -8.66565 41.1706
1298880451 -8.66565 41.1706
1298880452 -8.66565 41.1706
1298880453 -8.66565 41.1706
1298880454 -8.66565 41.1706
1298880455 -8.66565 41.1707
1298880456 -8.66565 41.1707
1298880457 -8.66565 41.1707
1298880458 -8.66565 41.1707
1298880459 -8.66565 41.1707
1298880460 -8.66565 41.1707
1298880461 -8.66565 41.1707
1298880462 -8.66565 41.1707
1298880463 -8.66564 41.1707
1298880464 -8.66564 41.1707
1298880465 -8.66564 41.1707
1298880466 -8.66564 41.1707
1298880467 -8.66564 41.1707
1298880468 -8.66564 41.1707
1298880469 -8.66564 41.1707
1298880470 -8.66564 41.1707
1298880471 -8.66564 41.1707
1298880472 -8.66564 41.1707
1298880473 -8.66563 41.1707
1298880474 -8.66564 41.1707
1298880475 -8.66564 41.1707
1298880476 -8.66563 41.1707
1298880477 -8.66564 41.1707
1298880478 -8.66564 41.1707
1298880479 -8.66564 41.1707
1298880480 -8.66564 41.1707
1298880481 -8.66564 41.1707
1298880482 -8.66564 41.1707
1298880483 -8.66564 41.1707
1298880484 -8.66564 41.1707
1298880485 -8.66564 41.1707
1298880486 -8.66565 41.1707
1298880487 -8.66565 41.1707
1298880488 -8.66565 41.1707
1298880489 -8.66565 41.1707
1298880490 -8.66565 41.1707
1298880491 -8.66565 41.1707
1298880492 -8.66565 41.1707
1298880493 -8.66565 41.1707
1298880494 -8.66565 41.1707
1298880495 -8.66565 41.1707
1298880496 -8.66565 41.1707
1298880497 -8.66564 41.1707
1298880498 -8.66564 41.1707
1298880499 -8.66564 41.1707
1298880500 -8.66564 41.1707
1298880501 -8.66564 41.1707
1298880502 -8.66564 41.1707
1298880503 -8.66564 41.1707
1298880504 -8.66564 41.1707
1298880505 -8.66564 41.1707
1298880506 -8.66564 41.1707
1298880507 -8.66564 41.1707
1298880508 -8.66564 41.1707
1298880509 -8.66564 41.1707
1298880510 -8.66565 41.1707
1298880511 -8.66565 41.1707
1298880512 -8.66565 41.1707
1298880513 -8.66565 41.1707
1298880514 -8.66565 41.1707
1298880515 -8.66565 41.1707
1298880516 -8.66565 41.1707
1298880517 -8.66565 41.1707
1298880518 -8.66565 41.1707
1298880519 -8.66565 41.1707
1298880520 -8.66565 41.1707
1298880521 -8.66565 41.1707
1298880522 -8.66565 41.1707
1298880523 -8.66565 41.1707
1298880524 -8.66565 41.1707
1298880525 -8.66565 41.1707
1298880526 -8.66565 41.1707
1298880527 -8.66565 41.1707
1298880528 -8.66565 41.1707
1298880529 -8.66565 41.1707
1298880530 -8.66565 41.1707
1298880531 -8.66565 41.1707
1298880532 -8.66565 41.1707
1298880533 -8.66565 41.1707
1298880534 -8.66565 41.1707
1298880535 -8.66565 41.1707
1298880536 -8.66565 41.1707
1298880537 -8.66565 41.1707
1298880538 -8.66565 41.1707
1298880539 -8.66565 41.1707
1298880540 -8.66565 41.1707
1298880541 -8.66565 41.1707
1298880542 -8.66565 41.1707
1298880543 -8.66565 41.1707
1298880544 -8.66565 41.1707
1298880545 -8.66565 41.1707
1298880546 -8.66565 41.1707
1298880547 -8.66565 41.1707
1298880548 -8.66565 41.1707
1298880549 -8.66565 41.1707
1298880550 -8.66565 41.1707
1298880551 -8.66565 41.1707
1298880552 -8.66565 41.1707
1298880553 -8.66564 41.1707
1298880554 -8.66564 41.1707
1298880555 -8.66564 41.1707
1298880556 -8.66564 41.1707
1298880557 -8.66563 41.1707
1298880558 -8.66563 41.1707
1298880559 -8.66563 41.1707
1298880560 -8.66563 41.1707
1298880561 -8.66563 41.1707
1298880562 -8.66563 41.1707
1298880563 -8.66563 41.1707
1298880564 -8.66562 41.1707
1298880565 -8.66562 41.1707
1298880566 -8.66562 41.1707
1298880567 -8.66562 41.1707
1298880568 -8.66562 41.1707
1298880569 -8.66562 41.1707
1298880570 -8.66563 41.1707
1298880571 -8.66563 41.1707
1298880572 -8.66563 41.1707
1298880573 -8.66563 41.1707
1298880574 -8.66563 41.1707
1298880575 -8.66563 41.1707
1298880576 -8.66563 41.1707
1298880577 -8.66563 41.1707
1298880578 -8.66563 41.1707
1298880579 -8.66563 41.1707
1298880580 -8.66563 41.1707
1298880581 -8.66563 41.1707
1298880582 -8.66563 41.1707
1298880583 -8.66563 41.1707
1298880584 -8.66564 41.1707
1298880585 -8.66564 41.1707
1298880586 -8.66564 41.1707
1298880587 -8.66564 41.1707
1298880588 -8.66564 41.1707
1298880589 -8.66564 41.1707
1298880590 -8.66564 41.1707
1298880591 -8.66564 41.1707
1298880592 -8.66564 41.1707
1298880593 -8.66564 41.1707
1298880594 -8.66564 41.1707
1298880595 -8.66564 41.1707
1298880596 -8.66565 41.1707
1298880597 -8.66565 41.1707
1298880598 -8.66565 41.1707
1298880599 -8.66565 41.1707
1298880600 -8.66565 41.1707
1298880601 -8.66565 41.1707
1298880602 -8.66565 41.1707
1298880603 -8.66565 41.1707
1298880604 -8.66565 41.1707
1298880605 -8.66565 41.1707
1298880606 -8.66565 41.1707
1298880607 -8.66565 41.1707
1298880608 -8.66564 41.1707
1298880609 -8.6656 41.1707
1298880610 -8.66557 41.1708
1298880611 -8.66551 41.1708
1298880612 -8.66543 41.1709
1298880613 -8.66534 41.1709
1298880614 -8.66525 41.171
1298880615 -8.66516 41.171
1298880616 -8.66506 41.1711
1298880617 -8.66494 41.1711
1298880618 -8.66481 41.1712
1298880619 -8.66469 41.1712
1298880620 -8.66454 41.1712
1298880621 -8.6644 41.1712
1298880622 -8.66426 41.1712
1298880623 -8.66412 41.1712
1298880624 -8.66399 41.1712
1298880625 -8.66385 41.1712
1298880626 -8.66372 41.1711
1298880627 -8.66359 41.1711
1298880628 -8.66347 41.171
1298880629 -8.66335 41.1709
1298880630 -8.66321 41.1709
1298880631 -8.66309 41.1708
1298880632 -8.66295 41.1707
1298880633 -8.66282 41.1706
1298880634 -8.66272 41.1705
1298880635 -8.66262 41.1704
1298880636 -8.66252 41.1703
1298880637 -8.66242 41.1702
1298880638 -8.66233 41.1701
1298880639 -8.66223 41.1699
1298880640 -8.66215 41.1698
1298880641 -8.66207 41.1697
1298880642 -8.66199 41.1696
1298880643 -8.6619 41.1695
1298880644 -8.66182 41.1693
1298880645 -8.66173 41.1692
1298880646 -8.66164 41.1691
1298880647 -8.66155 41.169
1298880648 -8.66146 41.1689
1298880649 -8.66138 41.1688
1298880650 -8.66131 41.1687
1298880651 -8.66125 41.1687
1298880652 -8.6612 41.1686
1298880653 -8.66115 41.1685
1298880654 -8.66111 41.1685
1298880655 -8.66109 41.1684
1298880656 -8.66106 41.1683
1298880657 -8.66104 41.1682
1298880658 -8.66103 41.168
1298880659 -8.66103 41.1679
1298880660 -8.66105 41.1678
1298880661 -8.66107 41.1676
1298880662 -8.66111 41.1675
1298880663 -8.66114 41.1674
1298880664 -8.66118 41.1673
1298880665 -8.66122 41.1671
1298880666 -8.66126 41.167
1298880667 -8.66129 41.1669
1298880668 -8.66132 41.1668
1298880669 -8.66134 41.1667
1298880670 -8.66133 41.1667
1298880671 -8.66128 41.1666
1298880672 -8.66122 41.1666
1298880673 -8.66114 41.1665
1298880674 -8.66106 41.1665
1298880675 -8.661 41.1665
1298880676 -8.66095 41.1664
1298880677 -8.66094 41.1664
1298880678 -8.66093 41.1664
1298880679 -8.66093 41.1664
1298880680 -8.66093 41.1664
1298880681 -8.66093 41.1664
1298880682 -8.66092 41.1664
1298880683 -8.66092 41.1664
1298880684 -8.66092 41.1664
1298880685 -8.66091 41.1664
1298880686 -8.66091 41.1664
1298880687 -8.6609 41.1664
1298880688 -8.6609 41.1664
1298880689 -8.66089 41.1664
1298880690 -8.66087 41.1664
1298880691 -8.66085 41.1664
1298880692 -8.66083 41.1664
1298880693 -8.6608 41.1664
1298880694 -8.66077 41.1664
1298880695 -8.66075 41.1664
1298880696 -8.66071 41.1664
1298880697 -8.66066 41.1664
1298880698 -8.66062 41.1664
1298880699 -8.66057 41.1665
1298880700 -8.6605 41.1665
1298880701 -8.66044 41.1665
1298880702 -8.66037 41.1665
1298880703 -8.66029 41.1664
1298880704 -8.6602 41.1664
1298880705 -8.6601 41.1664
1298880706 -8.65999 41.1663
1298880707 -8.65988 41.1663
1298880708 -8.65979 41.1662
1298880709 -8.6597 41.1662
1298880710 -8.6596 41.1661
1298880711 -8.65951 41.1661
1298880712 -8.65942 41.166
1298880713 -8.65931 41.166
1298880714 -8.6592 41.1659
1298880715 -8.65908 41.1659
1298880716 -8.65896 41.1658
1298880717 -8.65883 41.1658
1298880718 -8.65871 41.1657
1298880719 -8.65859 41.1657
1298880720 -8.65847 41.1656
1298880721 -8.65835 41.1655
1298880722 -8.65823 41.1655
1298880723 -8.65812 41.1654
1298880724 -8.658 41.1654
1298880725 -8.65789 41.1653
1298880726 -8.65778 41.1654
1298880727 -8.65769 41.1654
1298880728 -8.65761 41.1655
1298880729 -8.65757 41.1656
1298880730 -8.65753 41.1657
1298880731 -8.65751 41.1658
1298880732 -8.65748 41.1659
1298880733 -8.65744 41.1661
1298880734 -8.6574 41.1662
1298880735 -8.65735 41.1664
1298880736 -8.65728 41.1665
1298880737 -8.65718 41.1666
1298880738 -8.65707 41.1668
1298880739 -8.65694 41.1669
1298880740 -8.65679 41.167
1298880741 -8.65662 41.1671
1298880742 -8.65645 41.1671
1298880743 -8.65628 41.1672
1298880744 -8.65611 41.1672
1298880745 -8.65596 41.1672
1298880746 -8.65582 41.1673
1298880747 -8.65572 41.1673
1298880748 -8.65564 41.1673
1298880749 -8.6556 41.1672
1298880750 -8.65557 41.1672
1298880751 -8.65556 41.1672
1298880752 -8.65555 41.1672
1298880753 -8.65555 41.1672
1298880754 -8.65553 41.1672
1298880755 -8.65552 41.1672
1298880756 -8.65548 41.1672
1298880757 -8.65543 41.1672
1298880758 -8.65536 41.1672
1298880759 -8.65528 41.1672
1298880760 -8.65518 41.1672
1298880761 -8.65508 41.1672
1298880762 -8.65498 41.1671
1298880763 -8.65489 41.1671
1298880764 -8.6548 41.1671
1298880765 -8.65473 41.1671
1298880766 -8.65467 41.1671
1298880767 -8.65462 41.1671
1298880768 -8.65457 41.1671
1298880769 -8.65454 41.1671
1298880770 -8.65454 41.1671
1298880771 -8.65454 41.1671
1298880772 -8.65454 41.1671
1298880773 -8.65454 41.1671
1298880774 -8.65454 41.1671
1298880775 -8.65451 41.1671
1298880776 -8.65447 41.1671
1298880777 -8.65441 41.167
1298880778 -8.65435 41.167
1298880779 -8.65426 41.167
1298880780 -8.65417 41.167
1298880781 -8.65407 41.167
1298880782 -8.65397 41.167
1298880783 -8.65387 41.167
1298880784 -8.65377 41.1669
1298880785 -8.65366 41.1669
1298880786 -8.65355 41.1669
1298880787 -8.65346 41.1669
1298880788 -8.65337 41.1669
1298880789 -8.65328 41.1669
1298880790 -8.6532 41.1668
1298880791 -8.65312 41.1668
1298880792 -8.65304 41.1668
1298880793 -8.65298 41.1668
1298880794 -8.65292 41.1668
1298880795 -8.65284 41.1668
1298880796 -8.65277 41.1668
1298880797 -8.65268 41.1668
1298880798 -8.6526 41.1668
1298880799 -8.6525 41.1668
1298880800 -8.65242 41.1667
1298880801 -8.65233 41.1667
1298880802 -8.65226 41.1667
1298880803 -8.6522 41.1667
1298880804 -8.65215 41.1667
1298880805 -8.6521 41.1666
1298880806 -8.65203 41.1666
1298880807 -8.65196 41.1666
1298880808 -8.65189 41.1666
1298880809 -8.65179 41.1666
1298880810 -8.65169 41.1666
1298880811 -8.65157 41.1665
1298880812 -8.65145 41.1665
1298880813 -8.65132 41.1665
1298880814 -8.6512 41.1665
1298880815 -8.65108 41.1665
1298880816 -8.65094 41.1665
1298880817 -8.6508 41.1664
1298880818 -8.65066 41.1664
1298880819 -8.65052 41.1664
1298880820 -8.65038 41.1664
1298880821 -8.65025 41.1664
1298880822 -8.65013 41.1663
1298880823 -8.65001 41.1663
1298880824 -8.64986 41.1663
1298880825 -8.64974 41.1663
1298880826 -8.64961 41.1662
1298880827 -8.64948 41.1662
1298880828 -8.64932 41.1662
1298880829 -8.64915 41.1662
1298880830 -8.649 41.1662
1298880831 -8.64883 41.1661
1298880832 -8.64864 41.1661
1298880833 -8.64846 41.1661
1298880834 -8.64829 41.1661
1298880835 -8.64811 41.166
1298880836 -8.64795 41.166
1298880837 -8.6478 41.166
1298880838 -8.64766 41.166
1298880839 -8.64752 41.166
1298880840 -8.64741 41.166
1298880841 -8.64731 41.1659
1298880842 -8.64722 41.1659
1298880843 -8.64715 41.1659
1298880844 -8.64709 41.1659
1298880845 -8.64704 41.1659
1298880846 -8.64697 41.1659
1298880847 -8.64691 41.1659
1298880848 -8.64685 41.1658
1298880849 -8.64678 41.1658
1298880850 -8.64671 41.1658
1298880851 -8.64664 41.1658
1298880852 -8.64658 41.1658
1298880853 -8.64652 41.1657
1298880854 -8.64644 41.1657
1298880855 -8.64636 41.1657
1298880856 -8.64629 41.1657
1298880857 -8.64623 41.1657
1298880858 -8.64617 41.1657
1298880859 -8.64612 41.1657
1298880860 -8.64607 41.1657
1298880861 -8.64604 41.1657
1298880862 -8.64601 41.1657
1298880863 -8.646 41.1657
1298880864 -8.646 41.1657
1298880865 -8.646 41.1657
1298880866 -8.646 41.1657
1298880867 -8.64601 41.1657
1298880868 -8.64601 41.1657
1298880869 -8.64601 41.1657
1298880870 -8.64601 41.1657
1298880871 -8.64601 41.1657
1298880872 -8.64601 41.1657
1298880873 -8.64601 41.1657
1298880874 -8.64601 41.1657
1298880875 -8.64602 41.1657
1298880876 -8.64602 41.1657
1298880877 -8.64602 41.1657
1298880878 -8.64602 41.1657
1298880879 -8.64602 41.1657
1298880880 -8.64602 41.1657
1298880881 -8.64602 41.1657
1298880882 -8.64602 41.1657
1298880883 -8.64601 41.1657
1298880884 -8.646 41.1657
1298880885 -8.64597 41.1657
1298880886 -8.64592 41.1657
1298880887 -8.64586 41.1656
1298880888 -8.64579 41.1656
1298880889 -8.64571 41.1656
1298880890 -8.6456 41.1656
1298880891 -8.64548 41.1656
1298880892 -8.64536 41.1656
1298880893 -8.64525 41.1656
1298880894 -8.64512 41.1655
1298880895 -8.64501 41.1655
1298880896 -8.64492 41.1655
1298880897 -8.64484 41.1655
1298880898 -8.64474 41.1655
1298880899 -8.64463 41.1654
1298880900 -8.6445 41.1654
1298880901 -8.64437 41.1654
1298880902 -8.64424 41.1654
1298880903 -8.64411 41.1654
1298880904 -8.64398 41.1653
1298880905 -8.64385 41.1653
1298880906 -8.64371 41.1653
1298880907 -8.64356 41.1653
1298880908 -8.64343 41.1652
1298880909 -8.64329 41.1652
1298880910 -8.64318 41.1652
1298880911 -8.64308 41.1652
1298880912 -8.64302 41.1652
1298880913 -8.64299 41.1652
1298880914 -8.64299 41.1652
1298880915 -8.64299 41.1652
1298880916 -8.64299 41.1652
1298880917 -8.64299 41.1652
1298880918 -8.64299 41.1652
1298880919 -8.64299 41.1652
1298880920 -8.64299 41.1652
1298880921 -8.643 41.1652
1298880922 -8.643 41.1652
1298880923 -8.643 41.1652
1298880924 -8.643 41.1652
1298880925 -8.643 41.1652
1298880926 -8.643 41.1652
1298880927 -8.643 41.1652
1298880928 -8.643 41.1652
1298880929 -8.643 41.1652
1298880930 -8.643 41.1652
1298880931 -8.64301 41.1652
1298880932 -8.64301 41.1652
1298880933 -8.64301 41.1652
1298880934 -8.64301 41.1652
1298880935 -8.64301 41.1652
1298880936 -8.64301 41.1652
1298880937 -8.64301 41.1652
1298880938 -8.64301 41.1652
1298880939 -8.64301 41.1652
1298880940 -8.64301 41.1652
1298880941 -8.64301 41.1652
1298880942 -8.64301 41.1652
1298880943 -8.643 41.1652
1298880944 -8.643 41.1652
1298880945 -8.643 41.1652
1298880946 -8.64299 41.1652
1298880947 -8.64299 41.1652
1298880948 -8.64299 41.1652
1298880949 -8.64298 41.1652
1298880950 -8.64297 41.1652
1298880951 -8.64294 41.1652
1298880952 -8.6429 41.1652
1298880953 -8.64283 41.1651
1298880954 -8.64274 41.1651
1298880955 -8.64264 41.1651
1298880956 -8.64252 41.1651
1298880957 -8.64239 41.1651
1298880958 -8.64225 41.165
1298880959 -8.64209 41.165
1298880960 -8.64194 41.165
1298880961 -8.64177 41.165
1298880962 -8.64162 41.1649
1298880963 -8.64146 41.1649
1298880964 -8.6413 41.1649
1298880965 -8.64113 41.1648
1298880966 -8.64096 41.1648
1298880967 -8.6408 41.1648
1298880968 -8.64066 41.1648
1298880969 -8.64053 41.1647
1298880970 -8.64042 41.1647
1298880971 -8.64032 41.1647
1298880972 -8.64022 41.1647
1298880973 -8.64013 41.1647
1298880974 -8.64005 41.1647
1298880975 -8.63999 41.1647
1298880976 -8.63994 41.1647
1298880977 -8.63991 41.1646
1298880978 -8.6399 41.1646
1298880979 -8.63989 41.1646
1298880980 -8.6399 41.1646
1298880981 -8.6399 41.1646
1298880982 -8.63989 41.1646
1298880983 -8.63988 41.1646
1298880984 -8.63986 41.1646
1298880985 -8.63982 41.1646
1298880986 -8.63978 41.1646
1298880987 -8.63973 41.1646
1298880988 -8.63969 41.1646
1298880989 -8.63966 41.1646
1298880990 -8.63964 41.1646
1298880991 -8.63962 41.1646
1298880992 -8.6396 41.1646
1298880993 -8.63959 41.1646
1298880994 -8.63959 41.1646
1298880995 -8.63959 41.1646
1298880996 -8.63959 41.1646
1298880997 -8.63959 41.1646
1298880998 -8.63959 41.1646
1298880999 -8.63959 41.1646
1298881000 -8.63959 41.1646
1298881001 -8.63959 41.1646
1298881002 -8.63959 41.1646
1298881003 -8.63957 41.1646
1298881004 -8.63955 41.1646
1298881005 -8.63953 41.1646
1298881006 -8.6395 41.1646
1298881007 -8.63949 41.1646
1298881008 -8.63948 41.1646
1298881009 -8.63948 41.1646
1298881010 -8.63948 41.1646
1298881011 -8.63948 41.1646
1298881012 -8.63948 41.1646
1298881013 -8.63947 41.1646
1298881014 -8.63947 41.1646
1298881015 -8.63947 41.1646
1298881016 -8.63947 41.1646
1298881017 -8.63947 41.1646
1298881018 -8.63947 41.1646
1298881019 -8.63947 41.1646
1298881020 -8.63947 41.1646
1298881021 -8.63947 41.1646
1298881022 -8.63947 41.1646
1298881023 -8.63947 41.1646
1298881024 -8.63948 41.1646
1298881025 -8.63948 41.1646
1298881026 -8.63948 41.1646
1298881027 -8.63948 41.1646
1298881028 -8.63948 41.1646
1298881029 -8.63948 41.1646
1298881030 -8.63948 41.1646
1298881031 -8.63948 41.1646
1298881032 -8.63948 41.1646
1298881033 -8.63947 41.1646
1298881034 -8.63947 41.1646
1298881035 -8.63946 41.1646
1298881036 -8.63946 41.1646
1298881037 -8.63946 41.1646
1298881038 -8.63946 41.1646
1298881039 -8.63946 41.1646
1298881040 -8.63945 41.1646
1298881041 -8.63945 41.1646
1298881042 -8.63943 41.1646
1298881043 -8.63941 41.1646
1298881044 -8.63939 41.1646
1298881045 -8.63936 41.1646
1298881046 -8.63933 41.1646
1298881047 -8.63932 41.1646
1298881048 -8.63931 41.1646
1298881049 -8.6393 41.1646
1298881050 -8.63929 41.1646
1298881051 -8.63927 41.1646
1298881052 -8.63925 41.1646
1298881053 -8.63924 41.1646
1298881054 -8.63923 41.1646
1298881055 -8.63921 41.1646
1298881056 -8.63917 41.1646
1298881057 -8.63913 41.1646
1298881058 -8.63908 41.1646
1298881059 -8.63902 41.1646
1298881060 -8.63895 41.1646
1298881061 -8.63888 41.1646
1298881062 -8.63883 41.1646
1298881063 -8.63878 41.1646
1298881064 -8.63874 41.1646
1298881065 -8.63869 41.1646
1298881066 -8.63864 41.1646
1298881067 -8.6386 41.1646
1298881068 -8.63855 41.1646
1298881069 -8.63851 41.1646
1298881070 -8.63846 41.1646
1298881071 -8.63842 41.1646
1298881072 -8.63839 41.1646
1298881073 -8.63834 41.1646
1298881074 -8.63831 41.1646
1298881075 -8.63825 41.1646
1298881076 -8.63819 41.1646
1298881077 -8.63811 41.1645
1298881078 -8.63803 41.1645
1298881079 -8.63794 41.1645
1298881080 -8.63785 41.1645
1298881081 -8.63776 41.1645
1298881082 -8.63768 41.1645
1298881083 -8.63761 41.1645
1298881084 -8.63755 41.1645
1298881085 -8.63751 41.1645
1298881086 -8.63746 41.1645
1298881087 -8.63743 41.1645
1298881088 -8.63738 41.1645
1298881089 -8.63734 41.1645
1298881090 -8.63732 41.1645
1298881091 -8.63729 41.1645
1298881092 -8.63729 41.1645
1298881093 -8.63729 41.1645
1298881094 -8.63729 41.1645
1298881095 -8.63729 41.1645
1298881096 -8.6373 41.1645
1298881097 -8.6373 41.1645
1298881098 -8.6373 41.1645
1298881099 -8.6373 41.1645
1298881100 -8.6373 41.1645
1298881101 -8.6373 41.1645
1298881102 -8.6373 41.1645
1298881103 -8.6373 41.1645
1298881104 -8.6373 41.1645
1298881105 -8.6373 41.1645
1298881106 -8.6373 41.1645
1298881107 -8.6373 41.1645
1298881108 -8.6373 41.1645
1298881109 -8.6373 41.1645
1298881110 -8.6373 41.1645
1298881111 -8.6373 41.1645
1298881112 -8.6373 41.1645
1298881113 -8.6373 41.1645
1298881114 -8.63729 41.1645
1298881115 -8.63729 41.1645
1298881116 -8.63729 41.1645
1298881117 -8.63729 41.1645
1298881118 -8.63729 41.1645
1298881119 -8.63729 41.1645
1298881120 -8.63728 41.1645
1298881121 -8.63728 41.1645
1298881122 -8.63728 41.1645
1298881123 -8.63728 41.1645
1298881124 -8.63728 41.1645
1298881125 -8.63727 41.1645
1298881126 -8.63727 41.1645
1298881127 -8.63727 41.1645
1298881128 -8.63727 41.1645
1298881129 -8.63727 41.1645
1298881130 -8.63727 41.1645
1298881131 -8.63727 41.1645
1298881132 -8.63726 41.1645
1298881133 -8.63725 41.1645
1298881134 -8.63722 41.1645
1298881135 -8.63718 41.1645
1298881136 -8.63714 41.1645
1298881137 -8.63708 41.1645
1298881138 -8.63701 41.1645
1298881139 -8.63692 41.1645
1298881140 -8.63681 41.1644
1298881141 -8.63669 41.1644
1298881142 -8.63657 41.1644
1298881143 -8.63644 41.1643
1298881144 -8.6363 41.1643
1298881145 -8.63616 41.1642
1298881146 -8.63602 41.1642
1298881147 -8.63588 41.1641
1298881148 -8.63573 41.1641
1298881149 -8.63559 41.164
1298881150 -8.63546 41.164
1298881151 -8.63534 41.1639
1298881152 -8.63521 41.1639
1298881153 -8.63509 41.1639
1298881154 -8.63497 41.1638
1298881155 -8.63483 41.1638
1298881156 -8.63471 41.1637
1298881157 -8.63458 41.1637
1298881158 -8.63446 41.1636
1298881159 -8.63433 41.1636
1298881160 -8.6342 41.1635
1298881161 -8.63407 41.1635
1298881162 -8.63392 41.1635
1298881163 -8.6338 41.1634
1298881164 -8.63368 41.1633
1298881165 -8.63357 41.1633
1298881166 -8.63348 41.1632
1298881167 -8.6334 41.1631
1298881168 -8.63334 41.163
1298881169 -8.63327 41.1629
1298881170 -8.63321 41.1628
1298881171 -8.63314 41.1628
1298881172 -8.63308 41.1627
1298881173 -8.63302 41.1626
1298881174 -8.63295 41.1625
1298881175 -8.63291 41.1625
1298881176 -8.63287 41.1624
1298881177 -8.63285 41.1624
1298881178 -8.63284 41.1624
1298881179 -8.63284 41.1624
1298881180 -8.63284 41.1624
1298881181 -8.63284 41.1624
1298881182 -8.63284 41.1624
1298881183 -8.63284 41.1624
1298881184 -8.63285 41.1624
1298881185 -8.63285 41.1624
1298881186 -8.63285 41.1624
1298881187 -8.63284 41.1624
1298881188 -8.63284 41.1624
1298881189 -8.63284 41.1624
1298881190 -8.63284 41.1624
1298881191 -8.63284 41.1624
1298881192 -8.63284 41.1624
1298881193 -8.63284 41.1624
1298881194 -8.63284 41.1624
1298881195 -8.63284 41.1624
1298881196 -8.63284 41.1624
1298881197 -8.63284 41.1624
1298881198 -8.63284 41.1624
1298881199 -8.63284 41.1624
1298881200 -8.63284 41.1624
