:break:
1298880056 -8.61096 41.1455
1298880057 -8.61096 41.1455
1298880058 -8.61097 41.1455
1298880059 -8.61097 41.1455
1298880060 -8.61097 41.1454
1298880061 -8.61097 41.1454
1298880062 -8.61098 41.1454
1298880063 -8.61098 41.1454
1298880064 -8.61098 41.1454
1298880065 -8.61099 41.1454
1298880066 -8.61099 41.1454
1298880067 -8.61099 41.1454
1298880068 -8.611 41.1454
1298880069 -8.611 41.1454
1298880070 -8.611 41.1454
1298880071 -8.61101 41.1454
1298880072 -8.61101 41.1454
1298880073 -8.61101 41.1454
1298880074 -8.61101 41.1454
1298880075 -8.61102 41.1454
1298880076 -8.61102 41.1454
1298880077 -8.61102 41.1454
1298880078 -8.61102 41.1454
1298880079 -8.61102 41.1454
1298880080 -8.61102 41.1454
1298880081 -8.61103 41.1454
1298880082 -8.61103 41.1454
1298880083 -8.61103 41.1454
1298880084 -8.61104 41.1454
1298880085 -8.61104 41.1454
1298880086 -8.61104 41.1454
1298880087 -8.61105 41.1454
1298880088 -8.61105 41.1454
1298880089 -8.61105 41.1454
1298880090 -8.61105 41.1454
1298880091 -8.61105 41.1454
1298880092 -8.61106 41.1454
1298880093 -8.61106 41.1454
1298880094 -8.61106 41.1454
1298880095 -8.61106 41.1454
1298880096 -8.61106 41.1454
1298880097 -8.61106 41.1454
1298880098 -8.61106 41.1454
1298880099 -8.61106 41.1454
1298880100 -8.61107 41.1454
1298880101 -8.61107 41.1454
1298880102 -8.61107 41.1453
1298880103 -8.61108 41.1453
1298880104 -8.61108 41.1453
1298880105 -8.61109 41.1453
1298880106 -8.61109 41.1453
1298880107 -8.6111 41.1453
1298880108 -8.6111 41.1453
1298880109 -8.61111 41.1453
1298880110 -8.61112 41.1453
1298880111 -8.61112 41.1453
1298880112 -8.61113 41.1453
1298880113 -8.61113 41.1453
1298880114 -8.61113 41.1453
1298880115 -8.61114 41.1453
1298880116 -8.61114 41.1453
1298880117 -8.61114 41.1453
1298880118 -8.61114 41.1453
1298880119 -8.61114 41.1453
1298880120 -8.61114 41.1453
1298880121 -8.61114 41.1453
1298880122 -8.61114 41.1453
1298880123 -8.61114 41.1453
1298880124 -8.61114 41.1453
1298880125 -8.61114 41.1453
1298880126 -8.61114 41.1453
1298880127 -8.61114 41.1453
1298880128 -8.61114 41.1453
1298880129 -8.61114 41.1453
1298880130 -8.61114 41.1453
1298880131 -8.61114 41.1453
1298880132 -8.61114 41.1453
1298880133 -8.61114 41.1453
1298880134 -8.61114 41.1453
1298880135 -8.61114 41.1453
1298880136 -8.61114 41.1453
1298880137 -8.61114 41.1453
1298880138 -8.61114 41.1453
1298880139 -8.61114 41.1453
1298880140 -8.61113 41.1453
1298880141 -8.61113 41.1453
1298880142 -8.61113 41.1454
1298880143 -8.61113 41.1454
1298880144 -8.61112 41.1454
1298880145 -8.61112 41.1454
1298880146 -8.61111 41.1454
1298880147 -8.61111 41.1454
1298880148 -8.6111 41.1454
1298880149 -8.6111 41.1454
1298880150 -8.6111 41.1454
1298880151 -8.61109 41.1454
1298880152 -8.61109 41.1454
1298880153 -8.61109 41.1454
1298880154 -8.61109 41.1454
1298880155 -8.61108 41.1454
1298880156 -8.61108 41.1454
1298880157 -8.61108 41.1454
1298880158 -8.61108 41.1454
1298880159 -8.61107 41.1454
1298880160 -8.61107 41.1454
1298880161 -8.61107 41.1454
1298880162 -8.61107 41.1454
1298880163 -8.61106 41.1454
1298880164 -8.61106 41.1454
1298880165 -8.61106 41.1454
1298880166 -8.61106 41.1454
1298880167 -8.61106 41.1454
1298880168 -8.61105 41.1454
1298880169 -8.61105 41.1454
1298880170 -8.61105 41.1454
1298880171 -8.61104 41.1454
1298880172 -8.61104 41.1454
1298880173 -8.61103 41.1454
1298880174 -8.61103 41.1454
1298880175 -8.61103 41.1454
1298880176 -8.61102 41.1454
1298880177 -8.61102 41.1454
1298880178 -8.61101 41.1454
1298880179 -8.61101 41.1454
1298880180 -8.61101 41.1454
1298880181 -8.611 41.1454
1298880182 -8.611 41.1454
1298880183 -8.611 41.1454
1298880184 -8.611 41.1454
1298880185 -8.611 41.1454
1298880186 -8.611 41.1454
1298880187 -8.611 41.1454
1298880188 -8.611 41.1454
1298880189 -8.611 41.1454
1298880190 -8.611 41.1454
1298880191 -8.611 41.1454
1298880192 -8.61099 41.1455
1298880193 -8.61099 41.1455
1298880194 -8.61099 41.1455
1298880195 -8.61099 41.1455
1298880196 -8.61099 41.1455
1298880197 -8.61099 41.1455
1298880198 -8.61099 41.1455
1298880199 -8.61099 41.1455
1298880200 -8.61099 41.1455
1298880201 -8.61098 41.1455
1298880202 -8.61098 41.1455
1298880203 -8.61098 41.1455
1298880204 -8.61098 41.1455
1298880205 -8.61098 41.1455
1298880206 -8.61097 41.1455
1298880207 -8.61097 41.1455
1298880208 -8.61097 41.1455
1298880209 -8.61097 41.1455
1298880210 -8.61097 41.1455
1298880211 -8.61097 41.1455
1298880212 -8.61097 41.1455
1298880213 -8.61096 41.1455
1298880214 -8.61096 41.1455
1298880215 -8.61096 41.1455
1298880216 -8.61096 41.1455
1298880217 -8.61096 41.1455
1298880218 -8.61096 41.1455
1298880219 -8.61096 41.1455
1298880220 -8.61096 41.1455
1298880221 -8.61096 41.1455
1298880222 -8.61095 41.1455
1298880223 -8.61095 41.1455
1298880224 -8.61095 41.1455
1298880225 -8.61095 41.1455
1298880226 -8.61095 41.1455
1298880227 -8.61095 41.1455
1298880228 -8.61095 41.1455
1298880229 -8.61095 41.1455
1298880230 -8.61095 41.1455
1298880231 -8.61094 41.1455
1298880232 -8.61094 41.1455
1298880233 -8.61094 41.1455
1298880234 -8.61094 41.1455
1298880235 -8.61093 41.1455
1298880236 -8.61093 41.1455
1298880237 -8.61093 41.1455
1298880238 -8.61093 41.1455
1298880239 -8.61093 41.1455
1298880240 -8.61093 41.1455
1298880241 -8.61093 41.1455
1298880242 -8.61093 41.1455
1298880243 -8.61093 41.1455
1298880244 -8.61093 41.1455
1298880245 -8.61093 41.1455
1298880246 -8.61093 41.1455
1298880247 -8.61093 41.1455
1298880248 -8.61093 41.1455
1298880249 -8.61094 41.1455
1298880250 -8.61094 41.1455
1298880251 -8.61094 41.1455
1298880252 -8.61094 41.1455
1298880253 -8.61094 41.1455
1298880254 -8.61094 41.1455
1298880255 -8.61094 41.1455
1298880256 -8.61094 41.1455
1298880257 -8.61095 41.1455
1298880258 -8.61095 41.1455
1298880259 -8.61095 41.1455
1298880260 -8.61096 41.1455
1298880261 -8.61096 41.1455
1298880262 -8.61097 41.1455
1298880263 -8.61097 41.1455
1298880264 -8.61097 41.1455
1298880265 -8.61097 41.1455
1298880266 -8.61097 41.1455
1298880267 -8.61097 41.1455
1298880268 -8.61097 41.1455
1298880269 -8.61097 41.1455
1298880270 -8.61097 41.1455
1298880271 -8.61097 41.1455
1298880272 -8.61097 41.1455
1298880273 -8.61097 41.1455
1298880274 -8.61097 41.1455
1298880275 -8.61097 41.1455
1298880276 -8.61097 41.1455
1298880277 -8.61097 41.1455
1298880278 -8.61097 41.1455
1298880279 -8.61097 41.1455
1298880280 -8.61097 41.1455
1298880281 -8.61097 41.1455
1298880282 -8.61097 41.1455
1298880283 -8.61098 41.1455
1298880284 -8.61098 41.1455
1298880285 -8.61098 41.1455
1298880286 -8.61098 41.1455
1298880287 -8.61098 41.1455
1298880288 -8.61098 41.1455
1298880289 -8.61098 41.1455
1298880290 -8.61098 41.1455
1298880291 -8.61098 41.1455
1298880292 -8.61098 41.1455
1298880293 -8.61099 41.1455
1298880294 -8.61099 41.1455
1298880295 -8.61099 41.1455
1298880296 -8.61098 41.1455
1298880297 -8.61098 41.1455
1298880298 -8.61098 41.1455
1298880299 -8.61098 41.1455
1298880300 -8.61098 41.1455
1298880301 -8.61098 41.1455
1298880302 -8.61098 41.1455
1298880303 -8.61097 41.1455
1298880304 -8.61097 41.1455
1298880305 -8.61097 41.1455
1298880306 -8.61097 41.1455
1298880307 -8.61097 41.1455
1298880308 -8.61097 41.1455
1298880309 -8.61097 41.1455
1298880310 -8.61097 41.1455
1298880311 -8.61097 41.1455
1298880312 -8.61097 41.1455
1298880313 -8.61097 41.1455
1298880314 -8.61097 41.1455
1298880315 -8.61097 41.1455
1298880316 -8.61097 41.1455
1298880317 -8.61097 41.1455
1298880318 -8.61097 41.1455
1298880319 -8.61097 41.1455
1298880320 -8.61096 41.1455
1298880321 -8.61096 41.1455
1298880322 -8.61096 41.1455
1298880323 -8.61096 41.1455
1298880324 -8.61096 41.1455
1298880325 -8.61096 41.1455
1298880326 -8.61097 41.1455
1298880327 -8.61097 41.1455
1298880328 -8.61097 41.1455
1298880329 -8.61097 41.1455
1298880330 -8.61097 41.1455
1298880331 -8.61097 41.1455
1298880332 -8.61097 41.1455
1298880333 -8.61097 41.1455
1298880334 -8.61097 41.1455
1298880335 -8.61097 41.1455
1298880336 -8.61098 41.1455
1298880337 -8.61098 41.1455
1298880338 -8.61098 41.1455
1298880339 -8.61098 41.1455
1298880340 -8.61098 41.1455
1298880341 -8.61099 41.1455
1298880342 -8.61099 41.1455
1298880343 -8.61099 41.1455
1298880344 -8.611 41.1455
1298880345 -8.611 41.1455
1298880346 -8.611 41.1455
1298880347 -8.611 41.1455
1298880348 -8.611 41.1455
1298880349 -8.611 41.1455
1298880350 -8.611 41.1455
1298880351 -8.61099 41.1455
1298880352 -8.61099 41.1455
1298880353 -8.61099 41.1455
1298880354 -8.61099 41.1455
1298880355 -8.61099 41.1455
1298880356 -8.61099 41.1455
1298880357 -8.61099 41.1455
1298880358 -8.61099 41.1455
1298880359 -8.61099 41.1455
1298880360 -8.61099 41.1455
1298880361 -8.61099 41.1455
1298880362 -8.611 41.1455
1298880363 -8.611 41.1455
1298880364 -8.611 41.1455
1298880365 -8.611 41.1455
1298880366 -8.611 41.1455
1298880367 -8.611 41.1455
1298880368 -8.611 41.1455
1298880369 -8.611 41.1455
1298880370 -8.611 41.1455
1298880371 -8.611 41.1455
1298880372 -8.611 41.1455
1298880373 -8.611 41.1455
1298880374 -8.611 41.1455
1298880375 -8.611 41.1455
1298880376 -8.611 41.1455
1298880377 -8.611 41.1455
1298880378 -8.611 41.1455
1298880379 -8.611 41.1455
1298880380 -8.611 41.1455
1298880381 -8.611 41.1455
1298880382 -8.611 41.1455
1298880383 -8.611 41.1455
1298880384 -8.611 41.1455
1298880385 -8.611 41.1455
1298880386 -8.611 41.1455
1298880387 -8.611 41.1455
1298880388 -8.611 41.1455
1298880389 -8.611 41.1455
1298880390 -8.611 41.1455
1298880391 -8.611 41.1455
1298880392 -8.611 41.1455
1298880393 -8.611 41.1455
1298880394 -8.611 41.1455
1298880395 -8.611 41.1455
1298880396 -8.611 41.1455
1298880397 -8.611 41.1455
1298880398 -8.611 41.1455
1298880399 -8.611 41.1455
1298880400 -8.611 41.1455
1298880401 -8.61099 41.1455
1298880402 -8.61098 41.1455
1298880403 -8.61098 41.1455
1298880404 -8.61098 41.1455
1298880405 -8.61098 41.1455
1298880406 -8.61098 41.1455
1298880407 -8.61098 41.1455
1298880408 -8.61098 41.1455
1298880409 -8.61097 41.1455
1298880410 -8.61097 41.1455
1298880411 -8.61097 41.1455
1298880412 -8.61097 41.1455
1298880413 -8.61097 41.1455
1298880414 -8.61097 41.1455
1298880415 -8.61097 41.1455
1298880416 -8.61097 41.1455
1298880417 -8.61097 41.1455
1298880418 -8.61097 41.1455
1298880419 -8.61097 41.1455
1298880420 -8.61097 41.1455
1298880421 -8.61097 41.1455
1298880422 -8.61097 41.1455
1298880423 -8.61097 41.1455
1298880424 -8.61096 41.1455
1298880425 -8.61096 41.1455
1298880426 -8.61096 41.1455
1298880427 -8.61096 41.1455
1298880428 -8.61096 41.1455
1298880429 -8.61096 41.1455
1298880430 -8.61096 41.1455
1298880431 -8.61095 41.1455
1298880432 -8.61095 41.1455
1298880433 -8.61095 41.1455
1298880434 -8.61095 41.1455
1298880435 -8.61095 41.1455
1298880436 -8.61095 41.1455
1298880437 -8.61095 41.1455
1298880438 -8.61095 41.1455
1298880439 -8.61095 41.1455
1298880440 -8.61095 41.1455
1298880441 -8.61095 41.1455
1298880442 -8.61096 41.1455
1298880443 -8.61096 41.1455
1298880444 -8.61096 41.1455
1298880445 -8.61096 41.1455
1298880446 -8.61096 41.1455
1298880447 -8.61096 41.1455
1298880448 -8.61095 41.1455
1298880449 -8.61095 41.1455
1298880450 -8.61094 41.1455
1298880451 -8.61094 41.1455
1298880452 -8.61093 41.1455
1298880453 -8.61093 41.1455
1298880454 -8.61092 41.1455
1298880455 -8.61092 41.1455
1298880456 -8.61092 41.1455
1298880457 -8.61091 41.1455
1298880458 -8.61091 41.1455
1298880459 -8.6109 41.1455
1298880460 -8.6109 41.1455
1298880461 -8.61089 41.1455
1298880462 -8.61089 41.1455
1298880463 -8.61088 41.1455
1298880464 -8.61088 41.1455
1298880465 -8.61088 41.1455
1298880466 -8.61088 41.1455
1298880467 -8.61088 41.1455
1298880468 -8.61088 41.1455
1298880469 -8.61088 41.1455
1298880470 -8.61088 41.1455
1298880471 -8.61088 41.1455
1298880472 -8.61088 41.1455
1298880473 -8.61088 41.1455
1298880474 -8.61088 41.1455
1298880475 -8.61088 41.1455
1298880476 -8.61088 41.1455
1298880477 -8.61088 41.1455
1298880478 -8.61088 41.1455
1298880479 -8.61088 41.1455
1298880480 -8.61088 41.1455
1298880481 -8.61088 41.1455
1298880482 -8.61088 41.1455
1298880483 -8.61088 41.1455
1298880484 -8.61089 41.1455
1298880485 -8.61089 41.1455
1298880486 -8.61089 41.1455
1298880487 -8.6109 41.1455
1298880488 -8.6109 41.1455
1298880489 -8.6109 41.1455
1298880490 -8.61091 41.1455
1298880491 -8.61091 41.1455
1298880492 -8.61091 41.1455
1298880493 -8.61091 41.1455
1298880494 -8.61091 41.1455
1298880495 -8.6109 41.1455
1298880496 -8.6109 41.1455
1298880497 -8.6109 41.1455
1298880498 -8.61089 41.1455
1298880499 -8.61089 41.1455
1298880500 -8.61089 41.1455
1298880501 -8.61089 41.1455
1298880502 -8.6109 41.1454
1298880503 -8.6109 41.1454
1298880504 -8.61091 41.1454
1298880505 -8.61091 41.1454
1298880506 -8.61091 41.1454
1298880507 -8.61091 41.1453
1298880508 -8.61092 41.1453
1298880509 -8.61092 41.1453
1298880510 -8.61093 41.1453
1298880511 -8.61093 41.1453
1298880512 -8.61093 41.1453
1298880513 -8.61093 41.1453
1298880514 -8.61093 41.1453
1298880515 -8.61092 41.1453
1298880516 -8.61092 41.1453
1298880517 -8.61091 41.1453
1298880518 -8.6109 41.1453
1298880519 -8.6109 41.1453
1298880520 -8.61089 41.1453
1298880521 -8.61089 41.1453
1298880522 -8.61088 41.1453
1298880523 -8.61088 41.1453
1298880524 -8.61088 41.1453
1298880525 -8.61088 41.1453
1298880526 -8.61088 41.1453
1298880527 -8.61087 41.1453
1298880528 -8.61087 41.1453
1298880529 -8.61087 41.1453
1298880530 -8.61086 41.1453
1298880531 -8.61085 41.1453
1298880532 -8.61081 41.1453
1298880533 -8.61079 41.1453
1298880534 -8.61078 41.1453
1298880535 -8.61079 41.1452
1298880536 -8.61079 41.1452
1298880537 -8.61082 41.1452
1298880538 -8.61085 41.1452
1298880539 -8.61088 41.1452
1298880540 -8.6109 41.1451
1298880541 -8.61094 41.1451
1298880542 -8.61097 41.1451
1298880543 -8.611 41.1451
1298880544 -8.61104 41.1451
1298880545 -8.61106 41.145
1298880546 -8.61108 41.145
1298880547 -8.61109 41.145
1298880548 -8.61109 41.145
1298880549 -8.6111 41.145
1298880550 -8.61111 41.145
1298880551 -8.61112 41.145
1298880552 -8.61115 41.145
1298880553 -8.61117 41.145
1298880554 -8.61121 41.1449
1298880555 -8.61125 41.1449
1298880556 -8.61129 41.1449
1298880557 -8.61133 41.1448
1298880558 -8.61136 41.1448
1298880559 -8.61139 41.1448
1298880560 -8.6114 41.1448
1298880561 -8.61141 41.1448
1298880562 -8.61142 41.1448
1298880563 -8.61142 41.1448
1298880564 -8.61143 41.1448
1298880565 -8.61146 41.1448
1298880566 -8.61152 41.1447
1298880567 -8.61158 41.1447
1298880568 -8.61166 41.1446
1298880569 -8.61174 41.1445
1298880570 -8.61184 41.1445
1298880571 -8.61193 41.1444
1298880572 -8.61203 41.1443
1298880573 -8.61212 41.1442
1298880574 -8.61221 41.1442
1298880575 -8.61231 41.1441
1298880576 -8.61241 41.144
1298880577 -8.61251 41.1439
1298880578 -8.61261 41.1439
1298880579 -8.61273 41.1438
1298880580 -8.61285 41.1437
1298880581 -8.61295 41.1436
1298880582 -8.61306 41.1435
1298880583 -8.61317 41.1435
1298880584 -8.61329 41.1434
1298880585 -8.6134 41.1433
1298880586 -8.61351 41.1432
1298880587 -8.61362 41.1431
1298880588 -8.61373 41.143
1298880589 -8.61384 41.1429
1298880590 -8.61393 41.1429
1298880591 -8.61401 41.1428
1298880592 -8.61409 41.1427
1298880593 -8.61417 41.1427
1298880594 -8.61421 41.1426
1298880595 -8.61423 41.1426
1298880596 -8.61424 41.1426
1298880597 -8.61426 41.1426
1298880598 -8.61428 41.1426
1298880599 -8.61429 41.1426
1298880600 -8.61429 41.1426
1298880601 -8.61429 41.1425
1298880602 -8.61428 41.1425
1298880603 -8.61427 41.1425
1298880604 -8.61427 41.1425
1298880605 -8.61426 41.1425
1298880606 -8.61426 41.1425
1298880607 -8.61426 41.1425
1298880608 -8.61426 41.1425
1298880609 -8.61425 41.1425
1298880610 -8.61425 41.1425
1298880611 -8.61424 41.1425
1298880612 -8.61424 41.1425
1298880613 -8.61426 41.1425
1298880614 -8.61428 41.1424
1298880615 -8.6143 41.1424
1298880616 -8.61429 41.1423
1298880617 -8.6143 41.1423
1298880618 -8.6143 41.1422
1298880619 -8.61435 41.1421
1298880620 -8.6144 41.142
1298880621 -8.61446 41.1419
1298880622 -8.6145 41.1418
1298880623 -8.61454 41.1417
1298880624 -8.61455 41.1416
1298880625 -8.61456 41.1415
1298880626 -8.61457 41.1414
1298880627 -8.61457 41.1413
1298880628 -8.61456 41.1412
1298880629 -8.61456 41.1412
1298880630 -8.61456 41.1411
1298880631 -8.61455 41.1411
1298880632 -8.61452 41.1411
1298880633 -8.61449 41.1411
1298880634 -8.61444 41.1411
1298880635 -8.61438 41.1411
1298880636 -8.6143 41.1411
1298880637 -8.61421 41.1411
1298880638 -8.61413 41.1411
1298880639 -8.61404 41.1411
1298880640 -8.61396 41.1411
1298880641 -8.61389 41.1411
1298880642 -8.61383 41.1411
1298880643 -8.61377 41.1411
1298880644 -8.61367 41.1412
1298880645 -8.61359 41.1412
1298880646 -8.61355 41.1412
1298880647 -8.6135 41.1412
1298880648 -8.61344 41.1412
1298880649 -8.61343 41.1412
1298880650 -8.61343 41.1412
1298880651 -8.61344 41.1412
1298880652 -8.61345 41.1412
:break:
1298880664 -8.61133 41.1417
1298880665 -8.61086 41.1413
1298880666 -8.61062 41.141
1298880667 -8.61049 41.1409
1298880668 -8.61039 41.1408
1298880669 -8.61026 41.1408
1298880670 -8.61015 41.1408
1298880671 -8.60999 41.1408
1298880672 -8.60988 41.1408
1298880673 -8.60977 41.1408
1298880674 -8.60965 41.1408
1298880675 -8.60953 41.1408
1298880676 -8.60941 41.1408
1298880677 -8.60927 41.1409
1298880678 -8.60911 41.1409
1298880679 -8.60895 41.1409
1298880680 -8.60878 41.141
1298880681 -8.6086 41.141
1298880682 -8.60841 41.1411
1298880683 -8.60821 41.1411
1298880684 -8.60801 41.1412
1298880685 -8.6078 41.1412
1298880686 -8.60758 41.1412
1298880687 -8.60735 41.1413
1298880688 -8.60712 41.1414
1298880689 -8.60689 41.1414
1298880690 -8.60665 41.1415
1298880691 -8.60643 41.1415
1298880692 -8.6062 41.1416
1298880693 -8.60596 41.1416
1298880694 -8.60574 41.1417
1298880695 -8.60551 41.1417
1298880696 -8.6053 41.1418
1298880697 -8.60507 41.1418
1298880698 -8.60485 41.1418
1298880699 -8.60464 41.1418
1298880700 -8.60442 41.1418
1298880701 -8.60422 41.1418
1298880702 -8.60401 41.1418
1298880703 -8.6038 41.1418
1298880704 -8.6036 41.1418
1298880705 -8.60338 41.1418
1298880706 -8.60316 41.1418
1298880707 -8.60294 41.1419
1298880708 -8.6027 41.1419
1298880709 -8.60247 41.1419
1298880710 -8.60224 41.1419
1298880711 -8.60201 41.142
1298880712 -8.60178 41.142
1298880713 -8.60155 41.142
1298880714 -8.60133 41.142
1298880715 -8.6011 41.142
1298880716 -8.60088 41.142
1298880717 -8.60065 41.142
1298880718 -8.60043 41.142
1298880719 -8.60021 41.142
1298880720 -8.6 41.1419
1298880721 -8.5998 41.1419
1298880722 -8.59962 41.1419
1298880723 -8.59945 41.1418
1298880724 -8.59929 41.1418
1298880725 -8.59913 41.1417
1298880726 -8.59898 41.1416
1298880727 -8.59882 41.1416
1298880728 -8.59866 41.1415
1298880729 -8.5985 41.1414
1298880730 -8.59834 41.1414
1298880731 -8.59818 41.1413
1298880732 -8.59802 41.1412
1298880733 -8.59785 41.1411
1298880734 -8.59767 41.1411
1298880735 -8.5975 41.141
1298880736 -8.59731 41.1409
1298880737 -8.59712 41.1408
1298880738 -8.59694 41.1407
1298880739 -8.59674 41.1406
1298880740 -8.59654 41.1405
1298880741 -8.59634 41.1404
1298880742 -8.59616 41.1403
1298880743 -8.59597 41.1402
1298880744 -8.5958 41.1402
1298880745 -8.59563 41.1401
1298880746 -8.59549 41.14
1298880747 -8.59535 41.14
1298880748 -8.59521 41.1399
1298880749 -8.59505 41.1399
1298880750 -8.59489 41.1399
1298880751 -8.59473 41.1399
1298880752 -8.59457 41.1399
1298880753 -8.5944 41.1399
1298880754 -8.59422 41.1399
1298880755 -8.59403 41.1399
1298880756 -8.59384 41.1399
1298880757 -8.59364 41.14
1298880758 -8.59343 41.14
1298880759 -8.59324 41.14
1298880760 -8.59303 41.14
1298880761 -8.59281 41.14
1298880762 -8.59261 41.1401
1298880763 -8.5924 41.1401
1298880764 -8.5922 41.1401
1298880765 -8.59199 41.1401
1298880766 -8.59179 41.1401
1298880767 -8.59157 41.1401
1298880768 -8.59136 41.1402
1298880769 -8.59114 41.1402
1298880770 -8.59092 41.1402
1298880771 -8.59072 41.1402
1298880772 -8.5905 41.1402
1298880773 -8.5903 41.1403
1298880774 -8.5901 41.1403
1298880775 -8.58991 41.1404
1298880776 -8.58973 41.1405
1298880777 -8.58956 41.1406
1298880778 -8.58939 41.1406
1298880779 -8.58924 41.1408
1298880780 -8.5891 41.1409
1298880781 -8.58894 41.141
1298880782 -8.58879 41.1411
1298880783 -8.58864 41.1412
1298880784 -8.58848 41.1413
1298880785 -8.58834 41.1414
1298880786 -8.58819 41.1415
1298880787 -8.58804 41.1416
1298880788 -8.58792 41.1417
1298880789 -8.58779 41.1418
1298880790 -8.58768 41.142
1298880791 -8.58758 41.1421
1298880792 -8.58748 41.1422
1298880793 -8.58738 41.1423
1298880794 -8.58728 41.1424
1298880795 -8.5872 41.1425
1298880796 -8.58712 41.1426
1298880797 -8.58704 41.1427
1298880798 -8.58697 41.1428
1298880799 -8.58689 41.1429
1298880800 -8.58682 41.143
1298880801 -8.58674 41.143
1298880802 -8.58666 41.1431
1298880803 -8.58659 41.1431
1298880804 -8.58656 41.1432
1298880805 -8.58654 41.1432
1298880806 -8.58653 41.1432
1298880807 -8.58654 41.1432
1298880808 -8.58653 41.1432
1298880809 -8.58654 41.1432
1298880810 -8.58654 41.1432
1298880811 -8.58654 41.1432
1298880812 -8.58655 41.1432
1298880813 -8.58654 41.1432
1298880814 -8.58654 41.1432
1298880815 -8.58651 41.1432
1298880816 -8.58647 41.1432
1298880817 -8.5864 41.1432
1298880818 -8.58632 41.1433
1298880819 -8.5862 41.1433
1298880820 -8.58606 41.1434
1298880821 -8.58592 41.1435
1298880822 -8.58576 41.1435
1298880823 -8.58557 41.1436
1298880824 -8.58537 41.1436
1298880825 -8.58516 41.1436
1298880826 -8.58495 41.1436
1298880827 -8.58473 41.1436
1298880828 -8.58451 41.1436
1298880829 -8.58427 41.1436
1298880830 -8.58403 41.1436
1298880831 -8.58378 41.1436
1298880832 -8.58352 41.1437
1298880833 -8.58326 41.1437
1298880834 -8.583 41.1437
1298880835 -8.58274 41.1437
1298880836 -8.58248 41.1438
1298880837 -8.58221 41.1438
1298880838 -8.58195 41.1438
1298880839 -8.5817 41.1437
1298880840 -8.58146 41.1437
1298880841 -8.58121 41.1437
1298880842 -8.58098 41.1437
1298880843 -8.58074 41.1437
1298880844 -8.58051 41.1437
1298880845 -8.58028 41.1437
1298880846 -8.58007 41.1438
1298880847 -8.57985 41.1439
1298880848 -8.57966 41.1439
1298880849 -8.57948 41.144
1298880850 -8.57929 41.1441
1298880851 -8.57911 41.1442
1298880852 -8.57893 41.1443
1298880853 -8.57874 41.1444
1298880854 -8.57856 41.1444
1298880855 -8.57837 41.1445
1298880856 -8.57819 41.1445
1298880857 -8.57803 41.1445
1298880858 -8.57788 41.1446
1298880859 -8.57773 41.1446
1298880860 -8.57759 41.1446
1298880861 -8.57742 41.1445
1298880862 -8.57725 41.1445
1298880863 -8.57708 41.1444
1298880864 -8.5769 41.1443
1298880865 -8.57671 41.1443
1298880866 -8.57652 41.1442
1298880867 -8.57633 41.1441
1298880868 -8.57615 41.144
1298880869 -8.57594 41.144
1298880870 -8.57572 41.1439
1298880871 -8.5755 41.1439
1298880872 -8.57525 41.1439
1298880873 -8.57501 41.1439
1298880874 -8.57478 41.1439
1298880875 -8.57454 41.1439
1298880876 -8.57432 41.1439
1298880877 -8.57412 41.1439
1298880878 -8.57395 41.1439
1298880879 -8.57381 41.1439
1298880880 -8.57369 41.1439
1298880881 -8.57359 41.1439
1298880882 -8.57349 41.1439
1298880883 -8.57338 41.1438
1298880884 -8.57329 41.1437
1298880885 -8.5732 41.1436
1298880886 -8.57311 41.1435
1298880887 -8.57302 41.1434
1298880888 -8.57294 41.1433
1298880889 -8.57285 41.1432
1298880890 -8.57276 41.1431
1298880891 -8.57268 41.143
1298880892 -8.57259 41.1429
1298880893 -8.5725 41.1429
1298880894 -8.57242 41.1429
1298880895 -8.57234 41.1429
1298880896 -8.57227 41.1429
1298880897 -8.57221 41.1428
1298880898 -8.57215 41.1427
1298880899 -8.57207 41.1427
1298880900 -8.57199 41.1426
1298880901 -8.5719 41.1425
1298880902 -8.57182 41.1424
1298880903 -8.57173 41.1424
1298880904 -8.57164 41.1423
1298880905 -8.57154 41.1422
1298880906 -8.57145 41.1421
1298880907 -8.57135 41.1421
1298880908 -8.57126 41.142
1298880909 -8.57116 41.1419
1298880910 -8.57107 41.1418
1298880911 -8.57097 41.1417
1298880912 -8.57086 41.1417
1298880913 -8.57076 41.1416
1298880914 -8.57066 41.1415
1298880915 -8.57056 41.1415
1298880916 -8.57045 41.1414
1298880917 -8.57035 41.1414
1298880918 -8.57025 41.1413
1298880919 -8.57014 41.1412
1298880920 -8.57002 41.1412
1298880921 -8.5699 41.1411
1298880922 -8.56979 41.141
1298880923 -8.56968 41.141
1298880924 -8.56958 41.1409
1298880925 -8.56948 41.1409
1298880926 -8.56938 41.1408
1298880927 -8.56927 41.1408
1298880928 -8.56918 41.1407
1298880929 -8.56907 41.1407
1298880930 -8.56896 41.1407
1298880931 -8.56886 41.1406
1298880932 -8.56877 41.1406
1298880933 -8.56866 41.1406
1298880934 -8.56855 41.1406
1298880935 -8.56843 41.1405
1298880936 -8.56832 41.1405
1298880937 -8.56822 41.1405
1298880938 -8.56813 41.1405
1298880939 -8.56806 41.1405
1298880940 -8.568 41.1404
1298880941 -8.56793 41.1404
1298880942 -8.56786 41.1404
1298880943 -8.56778 41.1404
1298880944 -8.5677 41.1403
1298880945 -8.56763 41.1403
1298880946 -8.56755 41.1403
1298880947 -8.56746 41.1402
1298880948 -8.56737 41.1402
1298880949 -8.56728 41.1402
1298880950 -8.56718 41.1402
1298880951 -8.56709 41.1402
1298880952 -8.56699 41.1402
1298880953 -8.56688 41.1402
1298880954 -8.56679 41.1402
1298880955 -8.5667 41.1403
1298880956 -8.56661 41.1403
1298880957 -8.56652 41.1403
1298880958 -8.56643 41.1403
1298880959 -8.56637 41.1403
1298880960 -8.56633 41.1403
1298880961 -8.56629 41.1403
1298880962 -8.56627 41.1403
1298880963 -8.56626 41.1403
1298880964 -8.56626 41.1403
1298880965 -8.56626 41.1403
1298880966 -8.56627 41.1403
1298880967 -8.56627 41.1403
1298880968 -8.56626 41.1403
1298880969 -8.56624 41.1403
1298880970 -8.56619 41.1403
1298880971 -8.56612 41.1403
1298880972 -8.56604 41.1404
1298880973 -8.56595 41.1404
1298880974 -8.56587 41.1404
1298880975 -8.56579 41.1404
1298880976 -8.56571 41.1404
1298880977 -8.56566 41.1404
1298880978 -8.56561 41.1403
1298880979 -8.56554 41.1403
1298880980 -8.56548 41.1402
1298880981 -8.56539 41.1401
1298880982 -8.56531 41.1401
1298880983 -8.56523 41.14
1298880984 -8.56517 41.14
1298880985 -8.56512 41.1399
1298880986 -8.56509 41.1399
1298880987 -8.56508 41.1399
1298880988 -8.56507 41.1399
1298880989 -8.56504 41.1399
1298880990 -8.565 41.1399
1298880991 -8.56494 41.1399
1298880992 -8.56487 41.1399
1298880993 -8.56479 41.1399
1298880994 -8.56469 41.14
1298880995 -8.56458 41.14
1298880996 -8.56447 41.14
1298880997 -8.56436 41.1401
1298880998 -8.56425 41.1401
1298880999 -8.56414 41.1401
1298881000 -8.56403 41.1402
1298881001 -8.56394 41.1402
1298881002 -8.56385 41.1402
1298881003 -8.56379 41.1403
1298881004 -8.56372 41.1403
1298881005 -8.56368 41.1403
1298881006 -8.56363 41.1402
1298881007 -8.56358 41.1402
1298881008 -8.56353 41.1401
1298881009 -8.56346 41.1401
1298881010 -8.56339 41.14
1298881011 -8.56331 41.1399
1298881012 -8.56325 41.1398
1298881013 -8.56319 41.1397
1298881014 -8.56311 41.1397
1298881015 -8.56305 41.1396
1298881016 -8.563 41.1395
1298881017 -8.56294 41.1394
1298881018 -8.5629 41.1393
1298881019 -8.56287 41.1393
1298881020 -8.56285 41.1393
1298881021 -8.56285 41.1392
1298881022 -8.56284 41.1392
1298881023 -8.56285 41.1392
1298881024 -8.56285 41.1392
1298881025 -8.56285 41.1392
1298881026 -8.56285 41.1392
1298881027 -8.56285 41.1392
1298881028 -8.56286 41.1392
1298881029 -8.56286 41.1392
1298881030 -8.56286 41.1392
1298881031 -8.56286 41.1392
1298881032 -8.56286 41.1392
1298881033 -8.56286 41.1392
1298881034 -8.56286 41.1392
1298881035 -8.56286 41.1392
1298881036 -8.56286 41.1392
1298881037 -8.56286 41.1392
1298881038 -8.56286 41.1392
1298881039 -8.56286 41.1392
1298881040 -8.56286 41.1392
1298881041 -8.56286 41.1392
1298881042 -8.56286 41.1392
1298881043 -8.56286 41.1392
1298881044 -8.56286 41.1392
1298881045 -8.56285 41.1392
1298881046 -8.56285 41.1392
1298881047 -8.56285 41.1392
1298881048 -8.56285 41.1392
1298881049 -8.56285 41.1392
1298881050 -8.56285 41.1392
1298881051 -8.56285 41.1392
1298881052 -8.56285 41.1392
1298881053 -8.56285 41.1392
1298881054 -8.56285 41.1392
1298881055 -8.56285 41.1392
1298881056 -8.56284 41.1392
1298881057 -8.56282 41.1392
1298881058 -8.56281 41.1392
1298881059 -8.5628 41.1392
1298881060 -8.5628 41.1392
1298881061 -8.56281 41.1392
1298881062 -8.56283 41.1392
1298881063 -8.56283 41.1392
1298881064 -8.56284 41.1392
1298881065 -8.56286 41.1392
1298881066 -8.56287 41.1392
1298881067 -8.56287 41.1392
1298881068 -8.56287 41.1392
1298881069 -8.56286 41.1392
1298881070 -8.56286 41.1393
1298881071 -8.56288 41.1393
1298881072 -8.56291 41.1394
1298881073 -8.56294 41.1394
1298881074 -8.563 41.1395
1298881075 -8.56305 41.1396
1298881076 -8.56311 41.1397
1298881077 -8.56319 41.1398
1298881078 -8.56328 41.1399
1298881079 -8.56337 41.14
1298881080 -8.56345 41.1401
1298881081 -8.56354 41.1402
1298881082 -8.56363 41.1402
1298881083 -8.56371 41.1403
1298881084 -8.56377 41.1404
1298881085 -8.56382 41.1405
1298881086 -8.56389 41.1405
1298881087 -8.56394 41.1406
1298881088 -8.564 41.1407
1298881089 -8.56404 41.1407
1298881090 -8.56409 41.1408
1298881091 -8.56411 41.1408
1298881092 -8.56412 41.1409
1298881093 -8.56413 41.1409
1298881094 -8.56414 41.1409
1298881095 -8.56414 41.1409
1298881096 -8.56414 41.1409
1298881097 -8.56414 41.1409
1298881098 -8.56414 41.1409
1298881099 -8.56416 41.1409
1298881100 -8.56419 41.1409
1298881101 -8.56425 41.1409
1298881102 -8.56429 41.1409
1298881103 -8.56434 41.1408
1298881104 -8.56437 41.1408
1298881105 -8.5644 41.1408
1298881106 -8.56443 41.1408
1298881107 -8.56446 41.1408
1298881108 -8.56452 41.1408
1298881109 -8.56459 41.1407
1298881110 -8.56468 41.1407
1298881111 -8.56478 41.1407
1298881112 -8.56488 41.1407
1298881113 -8.56497 41.1407
1298881114 -8.56506 41.1406
1298881115 -8.56515 41.1406
1298881116 -8.56526 41.1406
1298881117 -8.56536 41.1406
1298881118 -8.56548 41.1405
1298881119 -8.56561 41.1405
1298881120 -8.56572 41.1405
1298881121 -8.56584 41.1405
1298881122 -8.56595 41.1404
1298881123 -8.56605 41.1404
1298881124 -8.56615 41.1404
1298881125 -8.56624 41.1403
1298881126 -8.56634 41.1403
1298881127 -8.56643 41.1403
1298881128 -8.56653 41.1403
1298881129 -8.56666 41.1403
1298881130 -8.56678 41.1403
1298881131 -8.56694 41.1402
1298881132 -8.56706 41.1402
1298881133 -8.5672 41.1402
1298881134 -8.56733 41.1402
1298881135 -8.56745 41.1403
1298881136 -8.56753 41.1403
1298881137 -8.56758 41.1403
1298881138 -8.5676 41.1403
1298881139 -8.5676 41.1403
1298881140 -8.5676 41.1403
1298881141 -8.5676 41.1403
1298881142 -8.5676 41.1403
1298881143 -8.56762 41.1403
1298881144 -8.56765 41.1403
1298881145 -8.56769 41.1403
1298881146 -8.56774 41.1403
1298881147 -8.56777 41.1404
1298881148 -8.56779 41.1404
1298881149 -8.56781 41.1404
1298881150 -8.56784 41.1404
1298881151 -8.56786 41.1404
1298881152 -8.5679 41.1405
1298881153 -8.56794 41.1405
1298881154 -8.56798 41.1405
1298881155 -8.56806 41.1405
1298881156 -8.56813 41.1405
1298881157 -8.56821 41.1405
1298881158 -8.56829 41.1405
1298881159 -8.56838 41.1406
1298881160 -8.56846 41.1406
1298881161 -8.56852 41.1406
1298881162 -8.56859 41.1406
1298881163 -8.56866 41.1406
1298881164 -8.56874 41.1406
1298881165 -8.56882 41.1407
1298881166 -8.5689 41.1407
1298881167 -8.56898 41.1407
1298881168 -8.56907 41.1407
1298881169 -8.56915 41.1408
1298881170 -8.56924 41.1408
1298881171 -8.56933 41.1408
1298881172 -8.56941 41.1408
1298881173 -8.56949 41.1409
1298881174 -8.56958 41.1409
1298881175 -8.56967 41.141
1298881176 -8.56976 41.141
1298881177 -8.56986 41.1411
1298881178 -8.56997 41.1411
1298881179 -8.57008 41.1412
1298881180 -8.57018 41.1412
1298881181 -8.57028 41.1413
1298881182 -8.57038 41.1414
1298881183 -8.57049 41.1414
1298881184 -8.5706 41.1415
1298881185 -8.57071 41.1416
1298881186 -8.57081 41.1416
1298881187 -8.57092 41.1417
1298881188 -8.57102 41.1418
1298881189 -8.57114 41.1419
1298881190 -8.57125 41.1419
1298881191 -8.57137 41.142
1298881192 -8.57148 41.1421
1298881193 -8.57158 41.1422
1298881194 -8.57167 41.1422
1298881195 -8.57175 41.1423
1298881196 -8.57183 41.1424
1298881197 -8.57192 41.1425
1298881198 -8.572 41.1426
1298881199 -8.57209 41.1427
1298881200 -8.57218 41.1428
