:break:
1298880053 -8.56894 41.1663
1298880054 -8.56894 41.1663
1298880055 -8.56894 41.1663
1298880056 -8.56894 41.1663
1298880057 -8.56894 41.1663
1298880058 -8.56894 41.1663
1298880059 -8.56894 41.1663
1298880060 -8.56894 41.1663
1298880061 -8.56894 41.1663
1298880062 -8.56894 41.1663
1298880063 -8.56894 41.1663
1298880064 -8.56894 41.1663
1298880065 -8.56894 41.1663
1298880066 -8.56894 41.1663
1298880067 -8.56894 41.1663
1298880068 -8.56894 41.1663
1298880069 -8.56894 41.1663
1298880070 -8.56894 41.1663
1298880071 -8.56894 41.1663
1298880072 -8.56894 41.1663
1298880073 -8.56894 41.1663
1298880074 -8.56894 41.1663
1298880075 -8.56894 41.1663
1298880076 -8.56894 41.1663
1298880077 -8.56894 41.1663
1298880078 -8.56894 41.1663
1298880079 -8.56894 41.1663
1298880080 -8.56894 41.1663
1298880081 -8.56894 41.1663
1298880082 -8.56894 41.1663
1298880083 -8.56894 41.1663
1298880084 -8.56894 41.1663
1298880085 -8.56894 41.1663
1298880086 -8.56894 41.1663
1298880087 -8.56894 41.1663
1298880088 -8.56894 41.1663
1298880089 -8.56894 41.1663
1298880090 -8.56894 41.1663
1298880091 -8.56894 41.1663
1298880092 -8.56894 41.1663
1298880093 -8.56894 41.1663
1298880094 -8.56894 41.1663
1298880095 -8.56894 41.1663
1298880096 -8.56894 41.1663
1298880097 -8.56894 41.1663
1298880098 -8.56894 41.1663
1298880099 -8.56894 41.1663
1298880100 -8.56894 41.1663
1298880101 -8.56894 41.1663
1298880102 -8.56894 41.1663
1298880103 -8.56894 41.1663
1298880104 -8.56894 41.1663
1298880105 -8.56894 41.1663
1298880106 -8.56894 41.1663
1298880107 -8.56894 41.1663
1298880108 -8.56894 41.1663
1298880109 -8.56894 41.1663
1298880110 -8.56894 41.1663
1298880111 -8.56894 41.1663
1298880112 -8.56894 41.1663
1298880113 -8.56894 41.1663
1298880114 -8.56894 41.1663
1298880115 -8.56894 41.1663
1298880116 -8.56894 41.1663
1298880117 -8.56894 41.1663
1298880118 -8.56894 41.1663
1298880119 -8.56894 41.1663
1298880120 -8.56894 41.1663
1298880121 -8.56894 41.1663
1298880122 -8.56894 41.1663
1298880123 -8.56894 41.1663
1298880124 -8.56894 41.1663
1298880125 -8.56894 41.1663
1298880126 -8.56894 41.1663
1298880127 -8.56894 41.1663
1298880128 -8.56894 41.1663
1298880129 -8.56894 41.1663
1298880130 -8.56894 41.1663
1298880131 -8.56894 41.1663
1298880132 -8.56894 41.1663
1298880133 -8.56894 41.1663
1298880134 -8.56894 41.1663
1298880135 -8.56894 41.1663
1298880136 -8.56894 41.1663
1298880137 -8.56894 41.1663
1298880138 -8.56894 41.1663
1298880139 -8.56894 41.1663
1298880140 -8.56893 41.1663
1298880141 -8.56893 41.1663
1298880142 -8.56893 41.1663
1298880143 -8.56893 41.1663
1298880144 -8.56893 41.1663
1298880145 -8.56893 41.1663
1298880146 -8.56893 41.1663
1298880147 -8.56893 41.1663
1298880148 -8.56893 41.1663
1298880149 -8.56893 41.1663
1298880150 -8.56893 41.1663
1298880151 -8.56893 41.1663
1298880152 -8.56893 41.1663
1298880153 -8.56893 41.1663
1298880154 -8.56892 41.1663
1298880155 -8.56892 41.1663
1298880156 -8.56892 41.1663
1298880157 -8.56892 41.1663
1298880158 -8.56892 41.1663
1298880159 -8.56892 41.1663
1298880160 -8.56892 41.1663
1298880161 -8.56892 41.1663
1298880162 -8.56892 41.1663
1298880163 -8.56892 41.1663
1298880164 -8.56892 41.1663
1298880165 -8.56892 41.1663
1298880166 -8.56892 41.1663
1298880167 -8.56892 41.1663
1298880168 -8.56892 41.1663
1298880169 -8.56892 41.1663
1298880170 -8.56892 41.1663
1298880171 -8.56892 41.1663
1298880172 -8.56892 41.1663
1298880173 -8.56892 41.1663
1298880174 -8.56893 41.1663
1298880175 -8.56893 41.1663
1298880176 -8.56893 41.1663
1298880177 -8.56893 41.1663
1298880178 -8.56893 41.1663
1298880179 -8.56893 41.1663
1298880180 -8.56893 41.1663
1298880181 -8.56893 41.1663
1298880182 -8.56893 41.1663
1298880183 -8.56893 41.1663
1298880184 -8.56893 41.1663
1298880185 -8.56893 41.1663
1298880186 -8.56893 41.1663
1298880187 -8.56893 41.1663
1298880188 -8.56893 41.1663
1298880189 -8.56893 41.1663
1298880190 -8.56893 41.1663
1298880191 -8.56893 41.1663
1298880192 -8.56893 41.1663
1298880193 -8.56893 41.1663
1298880194 -8.56893 41.1663
1298880195 -8.56893 41.1663
1298880196 -8.56893 41.1663
1298880197 -8.56894 41.1663
1298880198 -8.56894 41.1663
1298880199 -8.56894 41.1663
1298880200 -8.56894 41.1663
1298880201 -8.56894 41.1663
1298880202 -8.56894 41.1663
1298880203 -8.56894 41.1663
1298880204 -8.56894 41.1663
1298880205 -8.56894 41.1663
1298880206 -8.56894 41.1663
1298880207 -8.56894 41.1663
1298880208 -8.56894 41.1663
1298880209 -8.56894 41.1663
1298880210 -8.56894 41.1663
1298880211 -8.56894 41.1663
1298880212 -8.56893 41.1663
1298880213 -8.56892 41.1663
1298880214 -8.5689 41.1664
1298880215 -8.56888 41.1664
1298880216 -8.56886 41.1664
1298880217 -8.56886 41.1664
1298880218 -8.56886 41.1664
1298880219 -8.56886 41.1664
1298880220 -8.56886 41.1664
1298880221 -8.56886 41.1664
1298880222 -8.56887 41.1664
1298880223 -8.56887 41.1664
1298880224 -8.56887 41.1664
1298880225 -8.56887 41.1664
1298880226 -8.56887 41.1664
1298880227 -8.56887 41.1664
1298880228 -8.56887 41.1664
1298880229 -8.56888 41.1664
1298880230 -8.56888 41.1664
1298880231 -8.56888 41.1664
1298880232 -8.56888 41.1664
1298880233 -8.56888 41.1664
1298880234 -8.56888 41.1664
1298880235 -8.56888 41.1664
1298880236 -8.56888 41.1664
1298880237 -8.56888 41.1664
1298880238 -8.56888 41.1664
1298880239 -8.56888 41.1664
1298880240 -8.56888 41.1664
1298880241 -8.56888 41.1664
1298880242 -8.56888 41.1664
1298880243 -8.56888 41.1664
1298880244 -8.56888 41.1664
1298880245 -8.56889 41.1664
1298880246 -8.56889 41.1664
1298880247 -8.56889 41.1664
1298880248 -8.56889 41.1664
1298880249 -8.56889 41.1664
1298880250 -8.56889 41.1664
1298880251 -8.56889 41.1664
1298880252 -8.56889 41.1664
1298880253 -8.56889 41.1664
1298880254 -8.56889 41.1664
1298880255 -8.56889 41.1664
1298880256 -8.56889 41.1664
1298880257 -8.56889 41.1664
1298880258 -8.56889 41.1664
1298880259 -8.56889 41.1664
1298880260 -8.56889 41.1664
1298880261 -8.56889 41.1664
1298880262 -8.56889 41.1664
1298880263 -8.56889 41.1664
1298880264 -8.56889 41.1664
1298880265 -8.56889 41.1664
1298880266 -8.56889 41.1664
1298880267 -8.56889 41.1664
1298880268 -8.56889 41.1664
1298880269 -8.56889 41.1664
1298880270 -8.56889 41.1664
1298880271 -8.56889 41.1664
1298880272 -8.56889 41.1664
1298880273 -8.56889 41.1664
1298880274 -8.56889 41.1664
1298880275 -8.56889 41.1664
1298880276 -8.56889 41.1664
1298880277 -8.56889 41.1664
1298880278 -8.56889 41.1664
1298880279 -8.56889 41.1664
1298880280 -8.56889 41.1664
1298880281 -8.56889 41.1664
1298880282 -8.56889 41.1664
1298880283 -8.56889 41.1664
1298880284 -8.56889 41.1664
1298880285 -8.56889 41.1664
1298880286 -8.56889 41.1664
1298880287 -8.56889 41.1664
1298880288 -8.56889 41.1664
1298880289 -8.56889 41.1664
1298880290 -8.56889 41.1664
1298880291 -8.56889 41.1664
1298880292 -8.56889 41.1664
1298880293 -8.56889 41.1664
1298880294 -8.56889 41.1664
1298880295 -8.56889 41.1664
1298880296 -8.56889 41.1664
1298880297 -8.56889 41.1664
1298880298 -8.56889 41.1663
1298880299 -8.56889 41.1663
1298880300 -8.56889 41.1663
1298880301 -8.56888 41.1663
1298880302 -8.56888 41.1663
1298880303 -8.56888 41.1663
1298880304 -8.56888 41.1663
1298880305 -8.56888 41.1663
1298880306 -8.56888 41.1663
1298880307 -8.56888 41.1663
1298880308 -8.56888 41.1663
1298880309 -8.56888 41.1663
1298880310 -8.56888 41.1663
1298880311 -8.56888 41.1663
1298880312 -8.56888 41.1663
1298880313 -8.56888 41.1663
1298880314 -8.56888 41.1663
1298880315 -8.56888 41.1663
1298880316 -8.56888 41.1663
1298880317 -8.56888 41.1663
1298880318 -8.56888 41.1663
1298880319 -8.56888 41.1663
1298880320 -8.56888 41.1663
1298880321 -8.56888 41.1663
1298880322 -8.56888 41.1663
1298880323 -8.56888 41.1663
1298880324 -8.56888 41.1663
1298880325 -8.56888 41.1663
1298880326 -8.56888 41.1664
1298880327 -8.56888 41.1664
1298880328 -8.56887 41.1664
1298880329 -8.56887 41.1664
1298880330 -8.56887 41.1664
1298880331 -8.56887 41.1664
1298880332 -8.56887 41.1664
1298880333 -8.56887 41.1664
1298880334 -8.56887 41.1664
1298880335 -8.56887 41.1664
1298880336 -8.56887 41.1664
1298880337 -8.56887 41.1664
1298880338 -8.56887 41.1664
1298880339 -8.56887 41.1664
1298880340 -8.56887 41.1664
1298880341 -8.56887 41.1664
1298880342 -8.56887 41.1664
1298880343 -8.56887 41.1664
1298880344 -8.56887 41.1664
1298880345 -8.56886 41.1664
1298880346 -8.56886 41.1664
1298880347 -8.56886 41.1664
1298880348 -8.56886 41.1664
1298880349 -8.56886 41.1664
1298880350 -8.56886 41.1664
1298880351 -8.56886 41.1664
1298880352 -8.56886 41.1664
1298880353 -8.56887 41.1664
1298880354 -8.56887 41.1664
1298880355 -8.56887 41.1664
1298880356 -8.56887 41.1664
1298880357 -8.56887 41.1664
1298880358 -8.56887 41.1664
1298880359 -8.56887 41.1664
1298880360 -8.56887 41.1664
1298880361 -8.56887 41.1664
1298880362 -8.56887 41.1664
1298880363 -8.56887 41.1664
1298880364 -8.56887 41.1664
1298880365 -8.56887 41.1664
1298880366 -8.56887 41.1664
1298880367 -8.56887 41.1664
1298880368 -8.56888 41.1664
1298880369 -8.56888 41.1664
1298880370 -8.56888 41.1664
1298880371 -8.56888 41.1664
1298880372 -8.56888 41.1664
1298880373 -8.56888 41.1664
1298880374 -8.56888 41.1664
1298880375 -8.56888 41.1664
1298880376 -8.56888 41.1664
1298880377 -8.56888 41.1664
1298880378 -8.56888 41.1664
1298880379 -8.56888 41.1664
1298880380 -8.56888 41.1664
1298880381 -8.56888 41.1664
1298880382 -8.56888 41.1664
1298880383 -8.56888 41.1664
1298880384 -8.56888 41.1664
1298880385 -8.56888 41.1664
1298880386 -8.56888 41.1664
1298880387 -8.56888 41.1664
1298880388 -8.56888 41.1664
1298880389 -8.56888 41.1664
1298880390 -8.56888 41.1664
1298880391 -8.56888 41.1664
1298880392 -8.56888 41.1664
1298880393 -8.56888 41.1664
1298880394 -8.56888 41.1664
1298880395 -8.56888 41.1663
1298880396 -8.56888 41.1663
1298880397 -8.56888 41.1663
1298880398 -8.56889 41.1663
1298880399 -8.56889 41.1663
1298880400 -8.56888 41.1663
1298880401 -8.56887 41.1663
1298880402 -8.56885 41.1663
1298880403 -8.56881 41.1663
1298880404 -8.56877 41.1663
1298880405 -8.56873 41.1663
1298880406 -8.56868 41.1662
1298880407 -8.5686 41.1662
1298880408 -8.56852 41.1662
1298880409 -8.56844 41.1662
1298880410 -8.56836 41.1662
1298880411 -8.56827 41.1662
1298880412 -8.56818 41.1662
1298880413 -8.56811 41.1661
1298880414 -8.56805 41.1661
1298880415 -8.56801 41.166
1298880416 -8.56797 41.1659
1298880417 -8.56793 41.1658
1298880418 -8.56788 41.1657
1298880419 -8.56785 41.1657
1298880420 -8.5678 41.1656
1298880421 -8.56776 41.1655
1298880422 -8.56771 41.1654
1298880423 -8.56767 41.1653
1298880424 -8.56761 41.1652
1298880425 -8.56756 41.1651
1298880426 -8.56751 41.165
1298880427 -8.56745 41.1648
1298880428 -8.56739 41.1647
1298880429 -8.56733 41.1646
1298880430 -8.56726 41.1645
1298880431 -8.5672 41.1644
1298880432 -8.56714 41.1643
1298880433 -8.56707 41.1641
1298880434 -8.56702 41.164
1298880435 -8.56696 41.1639
1298880436 -8.56692 41.1638
1298880437 -8.56688 41.1637
1298880438 -8.56685 41.1636
1298880439 -8.56683 41.1635
1298880440 -8.56682 41.1633
1298880441 -8.56681 41.1632
1298880442 -8.56681 41.1631
1298880443 -8.5668 41.163
1298880444 -8.56679 41.1629
1298880445 -8.56678 41.1628
1298880446 -8.56678 41.1627
1298880447 -8.56678 41.1625
1298880448 -8.56678 41.1624
1298880449 -8.56678 41.1623
1298880450 -8.56678 41.1622
1298880451 -8.56678 41.162
1298880452 -8.56679 41.1619
1298880453 -8.5668 41.1619
1298880454 -8.56681 41.1618
1298880455 -8.56683 41.1617
1298880456 -8.56686 41.1616
1298880457 -8.56688 41.1615
1298880458 -8.56691 41.1614
1298880459 -8.56696 41.1613
1298880460 -8.567 41.1612
1298880461 -8.56705 41.1611
1298880462 -8.5671 41.161
1298880463 -8.56716 41.1609
1298880464 -8.56724 41.1608
1298880465 -8.56732 41.1607
1298880466 -8.5674 41.1606
1298880467 -8.56749 41.1605
1298880468 -8.56759 41.1604
1298880469 -8.56769 41.1604
1298880470 -8.56778 41.1603
1298880471 -8.56787 41.1602
1298880472 -8.56796 41.1601
1298880473 -8.56804 41.1601
1298880474 -8.56811 41.16
1298880475 -8.56815 41.16
1298880476 -8.56819 41.16
1298880477 -8.56821 41.16
1298880478 -8.56822 41.16
1298880479 -8.56822 41.16
1298880480 -8.56822 41.16
1298880481 -8.56822 41.16
1298880482 -8.56822 41.16
1298880483 -8.56822 41.16
1298880484 -8.56823 41.16
1298880485 -8.56823 41.1601
1298880486 -8.56823 41.1601
1298880487 -8.56822 41.1601
1298880488 -8.56823 41.1601
1298880489 -8.56823 41.1601
1298880490 -8.56823 41.1601
1298880491 -8.56824 41.1602
1298880492 -8.56824 41.1602
1298880493 -8.56824 41.1602
1298880494 -8.56824 41.1602
1298880495 -8.56824 41.1602
1298880496 -8.56824 41.1602
1298880497 -8.56824 41.1602
1298880498 -8.56824 41.1603
1298880499 -8.56824 41.1603
1298880500 -8.56824 41.1603
1298880501 -8.56825 41.1603
1298880502 -8.56826 41.1603
1298880503 -8.56827 41.1603
1298880504 -8.56828 41.1603
1298880505 -8.56828 41.1603
1298880506 -8.56828 41.1603
1298880507 -8.56829 41.1603
1298880508 -8.5683 41.1604
1298880509 -8.56831 41.1604
1298880510 -8.5683 41.1604
1298880511 -8.5683 41.1604
1298880512 -8.5683 41.1604
1298880513 -8.56831 41.1604
1298880514 -8.56832 41.1604
1298880515 -8.56832 41.1604
1298880516 -8.56833 41.1604
1298880517 -8.56834 41.1604
1298880518 -8.56834 41.1604
1298880519 -8.56834 41.1604
1298880520 -8.56834 41.1604
1298880521 -8.56833 41.1605
1298880522 -8.56832 41.1605
1298880523 -8.56831 41.1605
1298880524 -8.56831 41.1605
1298880525 -8.56831 41.1605
1298880526 -8.56831 41.1605
1298880527 -8.56831 41.1605
1298880528 -8.56831 41.1605
1298880529 -8.56831 41.1605
1298880530 -8.56832 41.1605
1298880531 -8.56832 41.1605
1298880532 -8.56832 41.1605
1298880533 -8.56832 41.1605
1298880534 -8.56832 41.1605
1298880535 -8.56832 41.1605
1298880536 -8.56833 41.1605
1298880537 -8.56833 41.1605
1298880538 -8.56833 41.1605
1298880539 -8.56833 41.1605
1298880540 -8.56834 41.1605
1298880541 -8.56834 41.1605
1298880542 -8.56834 41.1605
1298880543 -8.56835 41.1605
1298880544 -8.56835 41.1605
1298880545 -8.56835 41.1605
1298880546 -8.56835 41.1605
1298880547 -8.56836 41.1605
1298880548 -8.56836 41.1605
1298880549 -8.56837 41.1605
1298880550 -8.56837 41.1605
1298880551 -8.56838 41.1605
1298880552 -8.56838 41.1605
1298880553 -8.56839 41.1605
1298880554 -8.5684 41.1605
1298880555 -8.5684 41.1605
1298880556 -8.56841 41.1605
1298880557 -8.56841 41.1605
1298880558 -8.56841 41.1605
1298880559 -8.56841 41.1605
1298880560 -8.56842 41.1605
1298880561 -8.56842 41.1605
1298880562 -8.56843 41.1605
1298880563 -8.56843 41.1605
1298880564 -8.56843 41.1605
1298880565 -8.56843 41.1605
1298880566 -8.56843 41.1605
1298880567 -8.56844 41.1605
1298880568 -8.56843 41.1605
1298880569 -8.56843 41.1605
1298880570 -8.56843 41.1605
1298880571 -8.56843 41.1605
1298880572 -8.56843 41.1605
1298880573 -8.56843 41.1605
1298880574 -8.56843 41.1605
1298880575 -8.56843 41.1605
1298880576 -8.56844 41.1605
1298880577 -8.56843 41.1605
1298880578 -8.56843 41.1605
1298880579 -8.56844 41.1605
1298880580 -8.56844 41.1605
1298880581 -8.56844 41.1605
1298880582 -8.56844 41.1605
1298880583 -8.56843 41.1605
1298880584 -8.56843 41.1605
1298880585 -8.56843 41.1605
1298880586 -8.56842 41.1605
1298880587 -8.56842 41.1605
1298880588 -8.56842 41.1605
1298880589 -8.56842 41.1605
1298880590 -8.56842 41.1605
1298880591 -8.56842 41.1605
1298880592 -8.56842 41.1605
1298880593 -8.56842 41.1605
1298880594 -8.56841 41.1605
1298880595 -8.56842 41.1605
1298880596 -8.56842 41.1605
1298880597 -8.56841 41.1605
1298880598 -8.56841 41.1605
1298880599 -8.56841 41.1605
1298880600 -8.56841 41.1605
1298880601 -8.56841 41.1605
1298880602 -8.56841 41.1605
1298880603 -8.56841 41.1605
1298880604 -8.56841 41.1605
1298880605 -8.56841 41.1605
1298880606 -8.56841 41.1605
1298880607 -8.56841 41.1605
1298880608 -8.56841 41.1605
1298880609 -8.56841 41.1605
1298880610 -8.56841 41.1605
1298880611 -8.56841 41.1605
1298880612 -8.5684 41.1605
1298880613 -8.5684 41.1605
1298880614 -8.56841 41.1605
1298880615 -8.56841 41.1605
1298880616 -8.56841 41.1605
1298880617 -8.56841 41.1605
1298880618 -8.5684 41.1605
1298880619 -8.5684 41.1605
1298880620 -8.5684 41.1605
1298880621 -8.5684 41.1605
1298880622 -8.5684 41.1605
1298880623 -8.5684 41.1605
1298880624 -8.5684 41.1605
1298880625 -8.5684 41.1605
1298880626 -8.5684 41.1605
1298880627 -8.5684 41.1605
1298880628 -8.56841 41.1605
1298880629 -8.56841 41.1605
1298880630 -8.56841 41.1605
1298880631 -8.56841 41.1605
1298880632 -8.56841 41.1605
1298880633 -8.56841 41.1605
1298880634 -8.56841 41.1605
1298880635 -8.56841 41.1605
1298880636 -8.56841 41.1605
1298880637 -8.56841 41.1604
1298880638 -8.56841 41.1604
1298880639 -8.56841 41.1604
1298880640 -8.56841 41.1603
1298880641 -8.56841 41.1603
1298880642 -8.5684 41.1602
1298880643 -8.5684 41.1602
1298880644 -8.56837 41.1601
1298880645 -8.56833 41.1601
1298880646 -8.56831 41.16
1298880647 -8.56828 41.16
1298880648 -8.56827 41.16
1298880649 -8.56826 41.16
1298880650 -8.56828 41.1599
1298880651 -8.56831 41.1599
1298880652 -8.56836 41.1599
1298880653 -8.56842 41.1598
1298880654 -8.5685 41.1598
1298880655 -8.56859 41.1597
1298880656 -8.56869 41.1597
1298880657 -8.56878 41.1596
1298880658 -8.56889 41.1595
1298880659 -8.569 41.1595
1298880660 -8.56911 41.1594
1298880661 -8.56921 41.1593
1298880662 -8.56933 41.1592
1298880663 -8.56945 41.1592
1298880664 -8.56957 41.1591
1298880665 -8.56967 41.159
1298880666 -8.56978 41.1589
1298880667 -8.56988 41.1589
1298880668 -8.56995 41.1588
1298880669 -8.57002 41.1588
1298880670 -8.57008 41.1588
1298880671 -8.57011 41.1589
1298880672 -8.57013 41.1589
1298880673 -8.57016 41.159
1298880674 -8.57018 41.159
1298880675 -8.5702 41.1591
1298880676 -8.57021 41.1592
1298880677 -8.57022 41.1593
1298880678 -8.57021 41.1594
1298880679 -8.57023 41.1595
1298880680 -8.57025 41.1596
1298880681 -8.57025 41.1597
1298880682 -8.57026 41.1598
1298880683 -8.57026 41.1598
1298880684 -8.57027 41.1599
1298880685 -8.57029 41.16
1298880686 -8.57029 41.16
1298880687 -8.57032 41.1601
1298880688 -8.57037 41.1601
1298880689 -8.5704 41.1602
1298880690 -8.57043 41.1602
1298880691 -8.57045 41.1602
1298880692 -8.57047 41.1602
1298880693 -8.57047 41.1602
1298880694 -8.57047 41.1602
1298880695 -8.57047 41.1602
1298880696 -8.57047 41.1602
1298880697 -8.57048 41.1602
1298880698 -8.5705 41.1602
1298880699 -8.57055 41.1602
1298880700 -8.57061 41.1602
1298880701 -8.57068 41.1601
1298880702 -8.57075 41.1601
1298880703 -8.57082 41.16
1298880704 -8.57088 41.16
1298880705 -8.57096 41.1599
1298880706 -8.57103 41.1598
1298880707 -8.57111 41.1597
1298880708 -8.57118 41.1597
1298880709 -8.57125 41.1596
1298880710 -8.57133 41.1595
1298880711 -8.57141 41.1595
1298880712 -8.57151 41.1594
1298880713 -8.5716 41.1594
1298880714 -8.5717 41.1595
1298880715 -8.57181 41.1595
1298880716 -8.57192 41.1595
1298880717 -8.57202 41.1596
1298880718 -8.57214 41.1597
1298880719 -8.57226 41.1597
1298880720 -8.57239 41.1598
1298880721 -8.57253 41.1599
1298880722 -8.57266 41.16
1298880723 -8.57281 41.16
1298880724 -8.57296 41.1601
1298880725 -8.5731 41.1602
1298880726 -8.57325 41.1603
1298880727 -8.57339 41.1604
1298880728 -8.57353 41.1605
1298880729 -8.57365 41.1606
1298880730 -8.57377 41.1608
1298880731 -8.57389 41.1609
1298880732 -8.57398 41.161
1298880733 -8.57407 41.1612
1298880734 -8.57415 41.1613
1298880735 -8.57423 41.1615
1298880736 -8.5743 41.1616
1298880737 -8.57438 41.1618
1298880738 -8.57446 41.1619
1298880739 -8.57454 41.162
1298880740 -8.57463 41.1622
1298880741 -8.57472 41.1623
1298880742 -8.5748 41.1625
1298880743 -8.57489 41.1626
1298880744 -8.57498 41.1628
1298880745 -8.57509 41.1629
1298880746 -8.57521 41.163
1298880747 -8.57534 41.1631
1298880748 -8.57547 41.1632
1298880749 -8.57559 41.1634
1298880750 -8.57569 41.1635
1298880751 -8.57579 41.1636
1298880752 -8.57588 41.1637
1298880753 -8.57597 41.1638
1298880754 -8.57604 41.1639
1298880755 -8.57609 41.164
1298880756 -8.57615 41.1641
1298880757 -8.5762 41.1642
1298880758 -8.57624 41.1643
1298880759 -8.57629 41.1644
1298880760 -8.57633 41.1645
1298880761 -8.57638 41.1646
1298880762 -8.57642 41.1647
1298880763 -8.57647 41.1648
1298880764 -8.57653 41.1649
1298880765 -8.5766 41.165
1298880766 -8.57667 41.1651
1298880767 -8.57676 41.1652
1298880768 -8.57686 41.1653
1298880769 -8.57695 41.1653
1298880770 -8.57703 41.1654
1298880771 -8.57708 41.1655
1298880772 -8.57712 41.1655
1298880773 -8.57714 41.1656
1298880774 -8.57717 41.1657
1298880775 -8.57723 41.1658
1298880776 -8.5773 41.1658
1298880777 -8.57739 41.1658
1298880778 -8.57749 41.1659
1298880779 -8.57759 41.1659
1298880780 -8.57769 41.1658
1298880781 -8.57779 41.1659
1298880782 -8.57788 41.1659
1298880783 -8.57796 41.1659
1298880784 -8.57803 41.166
1298880785 -8.5781 41.166
1298880786 -8.57814 41.166
1298880787 -8.57818 41.1661
1298880788 -8.57821 41.1661
1298880789 -8.57823 41.1661
1298880790 -8.57825 41.1661
1298880791 -8.5783 41.1661
1298880792 -8.57834 41.1661
1298880793 -8.57839 41.1661
1298880794 -8.57842 41.1661
1298880795 -8.57848 41.166
1298880796 -8.57854 41.166
1298880797 -8.57861 41.1659
1298880798 -8.57868 41.1658
1298880799 -8.57876 41.1658
1298880800 -8.57882 41.1657
1298880801 -8.57888 41.1657
1298880802 -8.57894 41.1656
1298880803 -8.57901 41.1656
1298880804 -8.57907 41.1655
1298880805 -8.57912 41.1654
1298880806 -8.57918 41.1654
1298880807 -8.57922 41.1654
1298880808 -8.57927 41.1654
1298880809 -8.57931 41.1654
1298880810 -8.57936 41.1654
1298880811 -8.5794 41.1654
1298880812 -8.57946 41.1655
1298880813 -8.57951 41.1655
1298880814 -8.57957 41.1655
1298880815 -8.57962 41.1656
1298880816 -8.57969 41.1656
1298880817 -8.57979 41.1656
1298880818 -8.57989 41.1657
1298880819 -8.57998 41.1657
1298880820 -8.58007 41.1657
1298880821 -8.58017 41.1658
1298880822 -8.58026 41.1658
1298880823 -8.58035 41.1658
1298880824 -8.58043 41.1658
1298880825 -8.5805 41.1659
1298880826 -8.58058 41.1659
1298880827 -8.58066 41.1659
1298880828 -8.58073 41.166
1298880829 -8.58079 41.166
1298880830 -8.58083 41.166
1298880831 -8.58085 41.166
1298880832 -8.58087 41.166
1298880833 -8.58089 41.166
1298880834 -8.5809 41.1661
1298880835 -8.58092 41.1661
1298880836 -8.58093 41.1661
1298880837 -8.58092 41.1661
1298880838 -8.58089 41.1661
1298880839 -8.58085 41.1662
1298880840 -8.58081 41.1662
1298880841 -8.58076 41.1662
1298880842 -8.58072 41.1663
1298880843 -8.58066 41.1663
1298880844 -8.5806 41.1664
1298880845 -8.58053 41.1664
1298880846 -8.58045 41.1665
1298880847 -8.58038 41.1665
1298880848 -8.5803 41.1666
1298880849 -8.58023 41.1666
1298880850 -8.58016 41.1667
1298880851 -8.58009 41.1668
1298880852 -8.58001 41.1669
1298880853 -8.57995 41.167
1298880854 -8.57989 41.1671
1298880855 -8.57984 41.1672
1298880856 -8.57979 41.1673
1298880857 -8.57976 41.1674
1298880858 -8.57974 41.1675
1298880859 -8.57972 41.1676
1298880860 -8.57971 41.1677
1298880861 -8.57971 41.1678
1298880862 -8.57971 41.1679
1298880863 -8.57972 41.168
1298880864 -8.57974 41.1681
1298880865 -8.57976 41.1681
1298880866 -8.57981 41.1682
1298880867 -8.57986 41.1682
1298880868 -8.57994 41.1682
1298880869 -8.58003 41.1682
1298880870 -8.58012 41.1683
1298880871 -8.58022 41.1683
1298880872 -8.58032 41.1683
1298880873 -8.58043 41.1683
1298880874 -8.58054 41.1683
1298880875 -8.58065 41.1683
1298880876 -8.58076 41.1683
1298880877 -8.58086 41.1683
1298880878 -8.58093 41.1684
1298880879 -8.58101 41.1684
1298880880 -8.58107 41.1685
1298880881 -8.58115 41.1685
1298880882 -8.58123 41.1685
1298880883 -8.58132 41.1685
1298880884 -8.5814 41.1685
1298880885 -8.58149 41.1685
1298880886 -8.58157 41.1685
1298880887 -8.58166 41.1684
1298880888 -8.58174 41.1684
1298880889 -8.58182 41.1684
1298880890 -8.58188 41.1684
1298880891 -8.58194 41.1684
1298880892 -8.582 41.1684
1298880893 -8.58205 41.1684
1298880894 -8.58209 41.1684
1298880895 -8.58211 41.1684
1298880896 -8.58214 41.1684
1298880897 -8.58215 41.1684
1298880898 -8.58215 41.1684
1298880899 -8.58215 41.1684
1298880900 -8.58215 41.1684
1298880901 -8.58215 41.1684
1298880902 -8.58215 41.1684
1298880903 -8.58215 41.1684
1298880904 -8.58215 41.1684
1298880905 -8.58215 41.1684
1298880906 -8.58215 41.1684
1298880907 -8.58215 41.1684
1298880908 -8.58215 41.1684
1298880909 -8.58215 41.1684
1298880910 -8.58216 41.1684
1298880911 -8.58216 41.1684
1298880912 -8.58216 41.1684
1298880913 -8.58216 41.1684
1298880914 -8.58216 41.1684
1298880915 -8.58216 41.1684
1298880916 -8.58216 41.1684
1298880917 -8.58216 41.1684
1298880918 -8.58217 41.1684
1298880919 -8.58217 41.1684
1298880920 -8.58217 41.1684
1298880921 -8.58217 41.1684
1298880922 -8.58217 41.1684
1298880923 -8.58217 41.1684
1298880924 -8.58217 41.1684
1298880925 -8.58217 41.1684
1298880926 -8.58217 41.1684
1298880927 -8.58217 41.1683
1298880928 -8.58218 41.1683
1298880929 -8.58218 41.1683
1298880930 -8.58218 41.1683
1298880931 -8.58218 41.1683
1298880932 -8.58218 41.1683
1298880933 -8.58218 41.1683
1298880934 -8.58218 41.1683
1298880935 -8.58219 41.1683
1298880936 -8.58219 41.1683
1298880937 -8.58219 41.1683
1298880938 -8.58219 41.1683
1298880939 -8.58219 41.1683
1298880940 -8.58219 41.1683
1298880941 -8.58219 41.1683
1298880942 -8.58219 41.1683
1298880943 -8.58219 41.1683
1298880944 -8.58219 41.1683
1298880945 -8.58219 41.1683
1298880946 -8.58219 41.1683
1298880947 -8.58219 41.1683
1298880948 -8.58219 41.1683
1298880949 -8.58218 41.1683
1298880950 -8.58218 41.1683
1298880951 -8.58218 41.1683
1298880952 -8.58218 41.1683
1298880953 -8.58217 41.1683
1298880954 -8.58216 41.1683
1298880955 -8.58211 41.1683
1298880956 -8.58207 41.1683
1298880957 -8.582 41.1682
1298880958 -8.58193 41.1682
1298880959 -8.58191 41.1682
1298880960 -8.5819 41.1681
1298880961 -8.5819 41.1681
1298880962 -8.58192 41.168
1298880963 -8.58196 41.168
1298880964 -8.58201 41.1679
1298880965 -8.58208 41.1678
1298880966 -8.58213 41.1678
1298880967 -8.58217 41.1677
1298880968 -8.58221 41.1676
1298880969 -8.58224 41.1676
1298880970 -8.58226 41.1675
1298880971 -8.58228 41.1674
1298880972 -8.58232 41.1673
1298880973 -8.58235 41.1673
1298880974 -8.58237 41.1672
1298880975 -8.58238 41.1671
1298880976 -8.58238 41.167
1298880977 -8.58236 41.1669
1298880978 -8.58233 41.1668
1298880979 -8.58229 41.1668
1298880980 -8.58226 41.1667
1298880981 -8.58222 41.1666
1298880982 -8.58218 41.1666
1298880983 -8.58216 41.1665
1298880984 -8.58211 41.1665
1298880985 -8.58206 41.1665
1298880986 -8.582 41.1664
1298880987 -8.58193 41.1664
1298880988 -8.58187 41.1663
1298880989 -8.58181 41.1663
1298880990 -8.58173 41.1663
1298880991 -8.58167 41.1662
1298880992 -8.5816 41.1662
1298880993 -8.58154 41.1661
1298880994 -8.58146 41.1661
1298880995 -8.58142 41.1661
1298880996 -8.58138 41.1661
1298880997 -8.58134 41.166
1298880998 -8.5813 41.166
1298880999 -8.58127 41.166
1298881000 -8.58123 41.166
1298881001 -8.58119 41.166
1298881002 -8.58117 41.166
1298881003 -8.58115 41.166
1298881004 -8.58113 41.166
1298881005 -8.5811 41.166
1298881006 -8.58106 41.1659
1298881007 -8.581 41.1659
1298881008 -8.58092 41.1659
1298881009 -8.58083 41.1659
1298881010 -8.58073 41.1659
1298881011 -8.58061 41.1658
1298881012 -8.58048 41.1658
1298881013 -8.58036 41.1657
1298881014 -8.58022 41.1657
1298881015 -8.5801 41.1657
1298881016 -8.57996 41.1656
1298881017 -8.57984 41.1656
1298881018 -8.57973 41.1656
1298881019 -8.57962 41.1655
1298881020 -8.57953 41.1654
1298881021 -8.57944 41.1654
1298881022 -8.57938 41.1653
1298881023 -8.57933 41.1653
1298881024 -8.5793 41.1653
1298881025 -8.57924 41.1653
1298881026 -8.57919 41.1653
1298881027 -8.57913 41.1654
1298881028 -8.57906 41.1654
1298881029 -8.579 41.1655
1298881030 -8.57893 41.1656
1298881031 -8.57884 41.1656
1298881032 -8.57876 41.1657
1298881033 -8.57866 41.1658
1298881034 -8.57858 41.1659
1298881035 -8.57849 41.1659
1298881036 -8.57842 41.166
1298881037 -8.57837 41.166
1298881038 -8.57831 41.1661
1298881039 -8.57826 41.1661
1298881040 -8.57821 41.166
1298881041 -8.57814 41.166
1298881042 -8.57808 41.166
1298881043 -8.57802 41.1659
1298881044 -8.57794 41.1659
1298881045 -8.57788 41.1658
1298881046 -8.57784 41.1658
1298881047 -8.57782 41.1657
1298881048 -8.57781 41.1657
1298881049 -8.5778 41.1657
1298881050 -8.57778 41.1657
1298881051 -8.57776 41.1657
1298881052 -8.57775 41.1656
1298881053 -8.57773 41.1656
1298881054 -8.57771 41.1655
1298881055 -8.57768 41.1654
1298881056 -8.57761 41.1654
1298881057 -8.5775 41.1653
1298881058 -8.57739 41.1653
1298881059 -8.57726 41.1653
1298881060 -8.57714 41.1653
1298881061 -8.57702 41.1652
1298881062 -8.57691 41.1651
1298881063 -8.5768 41.165
1298881064 -8.57671 41.1649
1298881065 -8.57663 41.1648
1298881066 -8.57657 41.1646
1298881067 -8.5765 41.1645
1298881068 -8.57642 41.1643
1298881069 -8.57634 41.1641
1298881070 -8.57626 41.1639
1298881071 -8.57617 41.1638
1298881072 -8.57606 41.1636
1298881073 -8.57594 41.1634
1298881074 -8.57578 41.1632
1298881075 -8.57563 41.1631
1298881076 -8.57547 41.1629
1298881077 -8.57532 41.1627
1298881078 -8.57516 41.1625
1298881079 -8.57499 41.1623
1298881080 -8.57483 41.1621
1298881081 -8.5747 41.1619
1298881082 -8.57457 41.1617
1298881083 -8.57445 41.1615
1298881084 -8.57433 41.1613
1298881085 -8.5742 41.1611
1298881086 -8.57407 41.1608
1298881087 -8.57391 41.1606
1298881088 -8.57373 41.1604
1298881089 -8.57353 41.1603
1298881090 -8.57332 41.1601
1298881091 -8.5731 41.16
1298881092 -8.5729 41.1599
1298881093 -8.57269 41.1598
1298881094 -8.5725 41.1596
1298881095 -8.57233 41.1596
1298881096 -8.57219 41.1595
1298881097 -8.57208 41.1594
1298881098 -8.572 41.1593
1298881099 -8.57193 41.1592
1298881100 -8.57187 41.1591
1298881101 -8.57178 41.1591
1298881102 -8.57168 41.1591
1298881103 -8.57156 41.1591
1298881104 -8.57149 41.1592
1298881105 -8.57142 41.1592
1298881106 -8.57136 41.1593
1298881107 -8.57129 41.1594
1298881108 -8.57123 41.1595
1298881109 -8.57114 41.1596
1298881110 -8.57106 41.1597
1298881111 -8.57096 41.1598
1298881112 -8.57086 41.1599
1298881113 -8.57076 41.16
1298881114 -8.57067 41.1601
1298881115 -8.57059 41.1602
1298881116 -8.5705 41.1602
1298881117 -8.57041 41.1602
1298881118 -8.57036 41.1601
1298881119 -8.57033 41.1601
1298881120 -8.5703 41.1601
1298881121 -8.57029 41.16
1298881122 -8.57027 41.16
1298881123 -8.57027 41.1599
1298881124 -8.57027 41.1598
1298881125 -8.57026 41.1597
1298881126 -8.57026 41.1597
1298881127 -8.57025 41.1596
1298881128 -8.57023 41.1595
1298881129 -8.57021 41.1594
1298881130 -8.57021 41.1593
1298881131 -8.57021 41.1592
1298881132 -8.57021 41.1592
1298881133 -8.57021 41.1591
1298881134 -8.57019 41.159
1298881135 -8.57018 41.1589
1298881136 -8.5702 41.1589
1298881137 -8.57021 41.1588
1298881138 -8.57024 41.1587
1298881139 -8.57028 41.1587
1298881140 -8.5703 41.1586
1298881141 -8.57032 41.1586
1298881142 -8.57033 41.1586
1298881143 -8.57032 41.1586
1298881144 -8.57032 41.1586
1298881145 -8.57032 41.1586
1298881146 -8.57032 41.1586
1298881147 -8.57031 41.1586
1298881148 -8.57031 41.1585
1298881149 -8.57031 41.1585
1298881150 -8.57031 41.1586
1298881151 -8.5703 41.1586
1298881152 -8.5703 41.1586
1298881153 -8.5703 41.1586
1298881154 -8.5703 41.1585
1298881155 -8.5703 41.1585
1298881156 -8.57031 41.1585
1298881157 -8.57033 41.1585
1298881158 -8.57036 41.1585
1298881159 -8.57038 41.1584
1298881160 -8.57043 41.1584
1298881161 -8.57047 41.1583
1298881162 -8.5705 41.1583
1298881163 -8.57055 41.1582
1298881164 -8.57061 41.1581
1298881165 -8.57066 41.158
1298881166 -8.57075 41.158
1298881167 -8.57084 41.1579
1298881168 -8.57094 41.1579
1298881169 -8.57105 41.1579
1298881170 -8.57118 41.1578
1298881171 -8.5713 41.1578
1298881172 -8.57143 41.1579
1298881173 -8.57156 41.1579
1298881174 -8.57165 41.1579
1298881175 -8.57174 41.158
1298881176 -8.57183 41.1581
1298881177 -8.57187 41.1582
1298881178 -8.5719 41.1583
1298881179 -8.57189 41.1584
1298881180 -8.57187 41.1585
1298881181 -8.57184 41.1586
1298881182 -8.57182 41.1587
1298881183 -8.57177 41.1588
1298881184 -8.57174 41.1589
1298881185 -8.57171 41.1589
1298881186 -8.57166 41.159
1298881187 -8.57162 41.1591
1298881188 -8.57158 41.1592
1298881189 -8.57156 41.1593
1298881190 -8.57158 41.1594
1298881191 -8.57163 41.1594
1298881192 -8.57171 41.1595
1298881193 -8.57181 41.1595
1298881194 -8.57192 41.1596
1298881195 -8.57203 41.1596
1298881196 -8.57214 41.1597
1298881197 -8.57227 41.1597
1298881198 -8.57239 41.1598
1298881199 -8.57252 41.1599
1298881200 -8.57265 41.16
