:break:
1298880904 -8.54385 41.1829
1298880905 -8.54384 41.1829
1298880906 -8.54384 41.1829
1298880907 -8.54383 41.1829
1298880908 -8.54383 41.1829
1298880909 -8.54382 41.1829
1298880910 -8.54381 41.1829
1298880911 -8.5438 41.1829
1298880912 -8.5438 41.1829
1298880913 -8.54378 41.1829
1298880914 -8.54379 41.1829
1298880915 -8.5438 41.1829
1298880916 -8.54381 41.1829
1298880917 -8.54383 41.1829
1298880918 -8.54384 41.1829
1298880919 -8.54384 41.1829
1298880920 -8.54383 41.1829
1298880921 -8.54383 41.1829
1298880922 -8.54382 41.1829
1298880923 -8.5438 41.1829
1298880924 -8.54382 41.1829
1298880925 -8.54382 41.1829
1298880926 -8.54382 41.1829
1298880927 -8.54383 41.1829
1298880928 -8.54391 41.1829
1298880929 -8.54392 41.1829
1298880930 -8.54394 41.1829
1298880931 -8.54394 41.1829
1298880932 -8.54395 41.1829
1298880933 -8.54396 41.1829
1298880934 -8.54394 41.1829
1298880935 -8.54393 41.1829
1298880936 -8.54393 41.1829
1298880937 -8.54393 41.1829
1298880938 -8.54394 41.183
1298880939 -8.54392 41.183
1298880940 -8.54391 41.183
1298880941 -8.54389 41.183
1298880942 -8.54387 41.1831
1298880943 -8.54384 41.1831
1298880944 -8.54383 41.1831
1298880945 -8.54381 41.1832
1298880946 -8.54378 41.1832
1298880947 -8.54376 41.1833
1298880948 -8.54374 41.1833
1298880949 -8.54371 41.1834
1298880950 -8.54368 41.1834
1298880951 -8.54365 41.1835
1298880952 -8.54362 41.1836
1298880953 -8.54357 41.1836
1298880954 -8.54354 41.1836
1298880955 -8.54349 41.1836
1298880956 -8.54345 41.1836
1298880957 -8.54341 41.1836
1298880958 -8.54336 41.1836
1298880959 -8.54333 41.1836
1298880960 -8.5433 41.1835
1298880961 -8.54328 41.1834
1298880962 -8.54324 41.1834
1298880963 -8.54321 41.1833
1298880964 -8.54318 41.1832
1298880965 -8.54314 41.1832
1298880966 -8.54311 41.1831
1298880967 -8.54308 41.183
1298880968 -8.54304 41.1829
1298880969 -8.54301 41.1829
1298880970 -8.54297 41.1828
1298880971 -8.54293 41.1827
1298880972 -8.5429 41.1826
1298880973 -8.54286 41.1825
1298880974 -8.54282 41.1825
1298880975 -8.54278 41.1824
1298880976 -8.54275 41.1823
1298880977 -8.5427 41.1822
1298880978 -8.54267 41.1821
1298880979 -8.54266 41.182
1298880980 -8.54267 41.1819
1298880981 -8.54269 41.1818
1298880982 -8.54269 41.1818
1298880983 -8.54266 41.1817
1298880984 -8.54264 41.1816
1298880985 -8.54264 41.1815
1298880986 -8.54265 41.1814
1298880987 -8.54267 41.1813
1298880988 -8.5427 41.1812
1298880989 -8.54274 41.1811
1298880990 -8.54278 41.181
1298880991 -8.54284 41.1809
1298880992 -8.5429 41.1808
1298880993 -8.54296 41.1807
1298880994 -8.54303 41.1806
1298880995 -8.54311 41.1805
1298880996 -8.54318 41.1804
1298880997 -8.54325 41.1803
1298880998 -8.54333 41.1802
1298880999 -8.5434 41.1801
1298881000 -8.54348 41.18
1298881001 -8.54355 41.1799
1298881002 -8.54362 41.1798
1298881003 -8.54369 41.1797
1298881004 -8.54376 41.1796
1298881005 -8.54383 41.1795
1298881006 -8.54391 41.1794
1298881007 -8.54397 41.1793
1298881008 -8.54403 41.1792
1298881009 -8.54409 41.1791
1298881010 -8.54412 41.1791
1298881011 -8.54415 41.179
1298881012 -8.54418 41.1789
1298881013 -8.54421 41.1788
1298881014 -8.54427 41.1788
1298881015 -8.54432 41.1787
1298881016 -8.54435 41.1786
1298881017 -8.54433 41.1786
1298881018 -8.54429 41.1785
1298881019 -8.54424 41.1784
1298881020 -8.5442 41.1784
1298881021 -8.54416 41.1783
1298881022 -8.54411 41.1782
1298881023 -8.54407 41.1782
1298881024 -8.54401 41.1781
1298881025 -8.54394 41.178
1298881026 -8.54388 41.178
1298881027 -8.5438 41.1779
1298881028 -8.54372 41.1778
1298881029 -8.54364 41.1777
1298881030 -8.54355 41.1777
1298881031 -8.54347 41.1776
1298881032 -8.54339 41.1775
1298881033 -8.54332 41.1774
1298881034 -8.54327 41.1774
1298881035 -8.54322 41.1773
1298881036 -8.5432 41.1773
1298881037 -8.54318 41.1772
1298881038 -8.54317 41.1772
1298881039 -8.54317 41.1772
1298881040 -8.54317 41.1772
1298881041 -8.54317 41.1772
1298881042 -8.54317 41.1772
1298881043 -8.54317 41.1772
1298881044 -8.54317 41.1772
1298881045 -8.54317 41.1772
1298881046 -8.54317 41.1772
1298881047 -8.54317 41.1772
1298881048 -8.54317 41.1772
1298881049 -8.54316 41.1772
1298881050 -8.54316 41.1772
1298881051 -8.54316 41.1772
1298881052 -8.54316 41.1772
1298881053 -8.54316 41.1772
1298881054 -8.54316 41.1772
1298881055 -8.54316 41.1772
1298881056 -8.54316 41.1772
1298881057 -8.54316 41.1772
1298881058 -8.54315 41.1772
1298881059 -8.54315 41.1772
1298881060 -8.54315 41.1772
1298881061 -8.54315 41.1772
1298881062 -8.54315 41.1772
1298881063 -8.54315 41.1772
1298881064 -8.54315 41.1772
1298881065 -8.54315 41.1772
1298881066 -8.54315 41.1772
1298881067 -8.54315 41.1772
1298881068 -8.54315 41.1772
1298881069 -8.54315 41.1772
1298881070 -8.54315 41.1772
1298881071 -8.54315 41.1772
1298881072 -8.54315 41.1772
1298881073 -8.54315 41.1772
1298881074 -8.54315 41.1772
1298881075 -8.54315 41.1772
1298881076 -8.54313 41.1772
1298881077 -8.54312 41.1772
1298881078 -8.5431 41.1771
1298881079 -8.54307 41.1771
1298881080 -8.54303 41.177
1298881081 -8.54301 41.1769
1298881082 -8.54297 41.1769
1298881083 -8.54293 41.1768
1298881084 -8.54289 41.1767
1298881085 -8.54285 41.1766
1298881086 -8.54281 41.1766
1298881087 -8.54276 41.1765
1298881088 -8.54272 41.1764
1298881089 -8.54266 41.1763
1298881090 -8.5426 41.1762
1298881091 -8.54255 41.1761
1298881092 -8.54249 41.176
1298881093 -8.54245 41.1759
1298881094 -8.5424 41.1758
1298881095 -8.54235 41.1757
1298881096 -8.54231 41.1757
1298881097 -8.54226 41.1756
1298881098 -8.54221 41.1755
1298881099 -8.54216 41.1754
1298881100 -8.54211 41.1753
1298881101 -8.54205 41.1752
1298881102 -8.54201 41.1751
1298881103 -8.54196 41.175
1298881104 -8.54191 41.1749
1298881105 -8.54185 41.1749
1298881106 -8.54181 41.1748
1298881107 -8.54177 41.1747
1298881108 -8.54175 41.1746
1298881109 -8.54173 41.1745
1298881110 -8.54174 41.1744
1298881111 -8.54176 41.1743
1298881112 -8.5418 41.1742
1298881113 -8.54185 41.1742
1298881114 -8.54192 41.1741
1298881115 -8.54195 41.174
1298881116 -8.54195 41.1739
1298881117 -8.54195 41.1738
1298881118 -8.54196 41.1738
1298881119 -8.54199 41.1737
1298881120 -8.54202 41.1736
1298881121 -8.54205 41.1735
1298881122 -8.54208 41.1735
1298881123 -8.5421 41.1734
1298881124 -8.54212 41.1733
1298881125 -8.54213 41.1733
1298881126 -8.54213 41.1733
1298881127 -8.54213 41.1733
1298881128 -8.54213 41.1733
1298881129 -8.54213 41.1733
1298881130 -8.54213 41.1733
1298881131 -8.54213 41.1733
1298881132 -8.54213 41.1733
1298881133 -8.54213 41.1733
1298881134 -8.54213 41.1733
1298881135 -8.54213 41.1733
1298881136 -8.54213 41.1733
1298881137 -8.54213 41.1733
1298881138 -8.54213 41.1733
1298881139 -8.54213 41.1733
1298881140 -8.54213 41.1733
1298881141 -8.54213 41.1733
1298881142 -8.54213 41.1733
1298881143 -8.54213 41.1733
1298881144 -8.54213 41.1733
1298881145 -8.54213 41.1733
1298881146 -8.54214 41.1733
1298881147 -8.54214 41.1733
1298881148 -8.54215 41.1733
1298881149 -8.54216 41.1732
1298881150 -8.54217 41.1732
1298881151 -8.54218 41.1732
1298881152 -8.5422 41.1731
1298881153 -8.54222 41.1731
1298881154 -8.54224 41.173
1298881155 -8.54226 41.173
1298881156 -8.54229 41.1729
1298881157 -8.54231 41.1728
1298881158 -8.54233 41.1728
1298881159 -8.54236 41.1727
1298881160 -8.54239 41.1726
1298881161 -8.54241 41.1725
1298881162 -8.54245 41.1725
1298881163 -8.54248 41.1724
1298881164 -8.54251 41.1723
1298881165 -8.54255 41.1722
1298881166 -8.54258 41.1721
1298881167 -8.54262 41.172
1298881168 -8.54266 41.1719
1298881169 -8.5427 41.1718
1298881170 -8.54275 41.1717
1298881171 -8.54279 41.1715
1298881172 -8.54283 41.1714
1298881173 -8.54287 41.1713
1298881174 -8.54291 41.1712
1298881175 -8.54294 41.1711
1298881176 -8.54298 41.171
1298881177 -8.54302 41.1709
1298881178 -8.54306 41.1708
1298881179 -8.5431 41.1707
1298881180 -8.54313 41.1706
1298881181 -8.54317 41.1705
1298881182 -8.54321 41.1704
1298881183 -8.54323 41.1702
1298881184 -8.54326 41.1701
1298881185 -8.54328 41.17
1298881186 -8.5433 41.1699
1298881187 -8.54332 41.1698
1298881188 -8.54335 41.1697
1298881189 -8.54337 41.1696
1298881190 -8.54339 41.1695
1298881191 -8.54341 41.1693
1298881192 -8.54342 41.1692
1298881193 -8.54344 41.1692
1298881194 -8.54346 41.1691
1298881195 -8.54348 41.169
1298881196 -8.5435 41.1689
1298881197 -8.54353 41.1689
1298881198 -8.54355 41.1689
1298881199 -8.54355 41.1689
1298881200 -8.54356 41.1689
