:break:
1298880053 -8.67714 41.1839
1298880054 -8.67721 41.184
1298880055 -8.67729 41.1841
1298880056 -8.67736 41.1841
1298880057 -8.67741 41.1842
1298880058 -8.67746 41.1843
1298880059 -8.6775 41.1844
1298880060 -8.67753 41.1844
1298880061 -8.67756 41.1845
1298880062 -8.67758 41.1845
1298880063 -8.67758 41.1845
1298880064 -8.67758 41.1845
1298880065 -8.67758 41.1845
1298880066 -8.67758 41.1845
1298880067 -8.67758 41.1845
1298880068 -8.67758 41.1845
1298880069 -8.67758 41.1845
1298880070 -8.67757 41.1845
1298880071 -8.67757 41.1845
1298880072 -8.67757 41.1845
1298880073 -8.67757 41.1845
1298880074 -8.67757 41.1845
1298880075 -8.67757 41.1845
1298880076 -8.67757 41.1845
1298880077 -8.67756 41.1845
1298880078 -8.67756 41.1845
1298880079 -8.67756 41.1845
1298880080 -8.67756 41.1845
1298880081 -8.67756 41.1845
1298880082 -8.67756 41.1845
1298880083 -8.67756 41.1845
1298880084 -8.67756 41.1845
1298880085 -8.67756 41.1845
1298880086 -8.67756 41.1845
1298880087 -8.67756 41.1845
1298880088 -8.67756 41.1845
1298880089 -8.67756 41.1845
1298880090 -8.67756 41.1845
1298880091 -8.67756 41.1845
1298880092 -8.67756 41.1845
1298880093 -8.67756 41.1845
1298880094 -8.67756 41.1845
1298880095 -8.67756 41.1845
1298880096 -8.67756 41.1845
1298880097 -8.67756 41.1845
1298880098 -8.67756 41.1845
1298880099 -8.67756 41.1845
1298880100 -8.67756 41.1845
1298880101 -8.67755 41.1845
1298880102 -8.67755 41.1845
1298880103 -8.67755 41.1845
1298880104 -8.67755 41.1845
1298880105 -8.67755 41.1845
1298880106 -8.67755 41.1845
1298880107 -8.67755 41.1845
1298880108 -8.67755 41.1845
1298880109 -8.67755 41.1845
1298880110 -8.67755 41.1845
1298880111 -8.67755 41.1845
1298880112 -8.67755 41.1845
1298880113 -8.67755 41.1845
1298880114 -8.67755 41.1845
1298880115 -8.67755 41.1845
1298880116 -8.67755 41.1845
1298880117 -8.67755 41.1845
1298880118 -8.67756 41.1845
1298880119 -8.67757 41.1845
1298880120 -8.67758 41.1845
1298880121 -8.67758 41.1846
1298880122 -8.67759 41.1846
1298880123 -8.6776 41.1846
1298880124 -8.67762 41.1847
1298880125 -8.67763 41.1847
1298880126 -8.67764 41.1847
1298880127 -8.67763 41.1847
1298880128 -8.67762 41.1846
1298880129 -8.67761 41.1846
1298880130 -8.67762 41.1846
1298880131 -8.67764 41.1846
1298880132 -8.67764 41.1846
1298880133 -8.67763 41.1846
1298880134 -8.67761 41.1846
1298880135 -8.67758 41.1845
1298880136 -8.67756 41.1845
1298880137 -8.67751 41.1844
1298880138 -8.67747 41.1843
1298880139 -8.67742 41.1842
1298880140 -8.6774 41.1842
1298880141 -8.67738 41.1842
1298880142 -8.67738 41.1841
1298880143 -8.67738 41.1841
1298880144 -8.67738 41.1841
1298880145 -8.67737 41.1841
1298880146 -8.67737 41.1841
1298880147 -8.67738 41.1841
1298880148 -8.67738 41.1841
1298880149 -8.67739 41.1841
1298880150 -8.6774 41.184
1298880151 -8.6774 41.184
1298880152 -8.6774 41.184
1298880153 -8.67742 41.184
1298880154 -8.67743 41.184
1298880155 -8.67745 41.184
1298880156 -8.67748 41.1839
1298880157 -8.67749 41.1839
1298880158 -8.67749 41.1838
1298880159 -8.67747 41.1838
1298880160 -8.67742 41.1837
1298880161 -8.67734 41.1837
1298880162 -8.67725 41.1837
1298880163 -8.67715 41.1837
1298880164 -8.67704 41.1837
1298880165 -8.67693 41.1837
1298880166 -8.67681 41.1837
1298880167 -8.67669 41.1837
1298880168 -8.67659 41.1836
1298880169 -8.67647 41.1836
1298880170 -8.67636 41.1835
1298880171 -8.67624 41.1834
1298880172 -8.67613 41.1834
1298880173 -8.67601 41.1833
1298880174 -8.67589 41.1832
1298880175 -8.67578 41.1832
1298880176 -8.67568 41.1831
1298880177 -8.67559 41.183
1298880178 -8.67551 41.1829
1298880179 -8.67543 41.1828
1298880180 -8.67536 41.1828
1298880181 -8.67531 41.1827
1298880182 -8.67527 41.1825
1298880183 -8.67525 41.1824
1298880184 -8.67524 41.1823
1298880185 -8.67523 41.1823
1298880186 -8.67523 41.1822
1298880187 -8.67524 41.1821
1298880188 -8.67524 41.182
1298880189 -8.67524 41.182
1298880190 -8.67525 41.1819
1298880191 -8.67528 41.1819
1298880192 -8.67533 41.1819
1298880193 -8.67542 41.1818
1298880194 -8.6755 41.1819
1298880195 -8.6756 41.1819
1298880196 -8.67572 41.1819
1298880197 -8.67587 41.182
1298880198 -8.67601 41.182
1298880199 -8.67614 41.1821
1298880200 -8.67626 41.1822
1298880201 -8.67637 41.1822
1298880202 -8.67647 41.1822
1298880203 -8.67655 41.1823
1298880204 -8.67659 41.1823
1298880205 -8.67659 41.1824
1298880206 -8.67655 41.1825
1298880207 -8.67648 41.1826
1298880208 -8.67641 41.1827
1298880209 -8.67633 41.1828
1298880210 -8.67626 41.1829
1298880211 -8.67619 41.183
1298880212 -8.67613 41.1831
1298880213 -8.67605 41.1833
1298880214 -8.67596 41.1834
1298880215 -8.67588 41.1835
1298880216 -8.6758 41.1836
1298880217 -8.67573 41.1838
1298880218 -8.67565 41.1839
1298880219 -8.67559 41.184
1298880220 -8.67553 41.184
1298880221 -8.67548 41.1841
1298880222 -8.67542 41.1842
1298880223 -8.67536 41.1843
1298880224 -8.67531 41.1844
1298880225 -8.67525 41.1845
1298880226 -8.67522 41.1845
1298880227 -8.67517 41.1846
1298880228 -8.67513 41.1847
1298880229 -8.67507 41.1847
1298880230 -8.67501 41.1848
1298880231 -8.67494 41.1849
1298880232 -8.67487 41.185
1298880233 -8.67478 41.1851
1298880234 -8.67469 41.1851
1298880235 -8.67461 41.1852
1298880236 -8.67451 41.1853
1298880237 -8.67442 41.1854
1298880238 -8.67433 41.1855
1298880239 -8.67423 41.1856
1298880240 -8.67413 41.1857
1298880241 -8.67403 41.1858
1298880242 -8.67392 41.1859
1298880243 -8.67381 41.186
1298880244 -8.6737 41.1862
1298880245 -8.67358 41.1863
1298880246 -8.67345 41.1864
1298880247 -8.67332 41.1865
1298880248 -8.67317 41.1866
1298880249 -8.673 41.1867
1298880250 -8.67283 41.1867
1298880251 -8.67264 41.1868
1298880252 -8.67245 41.1869
1298880253 -8.67226 41.1869
1298880254 -8.67206 41.1869
1298880255 -8.67184 41.1869
1298880256 -8.67164 41.1869
1298880257 -8.67143 41.1869
1298880258 -8.67121 41.1869
1298880259 -8.671 41.1869
1298880260 -8.67078 41.1869
1298880261 -8.67056 41.1869
1298880262 -8.67034 41.1869
1298880263 -8.67012 41.1869
1298880264 -8.66991 41.1869
1298880265 -8.6697 41.1869
1298880266 -8.66948 41.1869
1298880267 -8.66928 41.187
1298880268 -8.66906 41.187
1298880269 -8.66885 41.187
1298880270 -8.66863 41.187
1298880271 -8.66841 41.187
1298880272 -8.6682 41.187
1298880273 -8.66797 41.187
1298880274 -8.66776 41.1871
1298880275 -8.66753 41.1871
1298880276 -8.66731 41.187
1298880277 -8.66708 41.187
1298880278 -8.66686 41.1869
1298880279 -8.66668 41.1868
1298880280 -8.66649 41.1867
1298880281 -8.66632 41.1866
1298880282 -8.66615 41.1865
1298880283 -8.666 41.1864
1298880284 -8.66586 41.1863
1298880285 -8.66571 41.1861
1298880286 -8.66557 41.186
1298880287 -8.66542 41.1859
1298880288 -8.66527 41.1858
1298880289 -8.66513 41.1857
1298880290 -8.665 41.1856
1298880291 -8.66487 41.1855
1298880292 -8.66475 41.1854
1298880293 -8.66462 41.1853
1298880294 -8.6645 41.1852
1298880295 -8.66438 41.1851
1298880296 -8.66426 41.185
1298880297 -8.66415 41.1849
1298880298 -8.66403 41.1848
1298880299 -8.6639 41.1847
1298880300 -8.66379 41.1846
1298880301 -8.66366 41.1845
1298880302 -8.66354 41.1844
1298880303 -8.66343 41.1843
1298880304 -8.66331 41.1842
1298880305 -8.66319 41.1841
1298880306 -8.66309 41.1841
1298880307 -8.66297 41.184
1298880308 -8.66286 41.1839
1298880309 -8.66275 41.1838
1298880310 -8.66264 41.1837
1298880311 -8.66253 41.1836
1298880312 -8.6624 41.1835
1298880313 -8.66228 41.1834
1298880314 -8.66215 41.1833
1298880315 -8.66202 41.1832
1298880316 -8.66189 41.1831
1298880317 -8.66175 41.183
1298880318 -8.66161 41.1828
1298880319 -8.66146 41.1827
1298880320 -8.66132 41.1826
1298880321 -8.66118 41.1825
1298880322 -8.66103 41.1824
1298880323 -8.66088 41.1823
1298880324 -8.66074 41.1821
1298880325 -8.66059 41.182
1298880326 -8.66044 41.1819
1298880327 -8.66029 41.1818
1298880328 -8.66012 41.1816
1298880329 -8.65996 41.1815
1298880330 -8.6598 41.1814
1298880331 -8.65964 41.1812
1298880332 -8.65947 41.1811
1298880333 -8.6593 41.181
1298880334 -8.65912 41.1808
1298880335 -8.65895 41.1807
1298880336 -8.65878 41.1805
1298880337 -8.65861 41.1804
1298880338 -8.65845 41.1803
1298880339 -8.6583 41.1801
1298880340 -8.65813 41.18
1298880341 -8.65798 41.1799
1298880342 -8.65783 41.1798
1298880343 -8.65769 41.1796
1298880344 -8.65757 41.1795
1298880345 -8.65746 41.1794
1298880346 -8.65737 41.1794
1298880347 -8.65729 41.1793
1298880348 -8.65722 41.1792
1298880349 -8.65715 41.1791
1298880350 -8.65711 41.1791
1298880351 -8.65707 41.1791
1298880352 -8.65705 41.179
1298880353 -8.65704 41.179
1298880354 -8.65702 41.179
1298880355 -8.657 41.179
1298880356 -8.65698 41.179
1298880357 -8.65697 41.179
1298880358 -8.65696 41.179
1298880359 -8.65696 41.179
1298880360 -8.65696 41.1789
1298880361 -8.65696 41.1789
1298880362 -8.65696 41.1789
1298880363 -8.65696 41.1789
1298880364 -8.65696 41.1789
1298880365 -8.65696 41.1789
1298880366 -8.65696 41.1789
1298880367 -8.65696 41.1789
1298880368 -8.65696 41.1789
1298880369 -8.65696 41.1789
1298880370 -8.65696 41.1789
1298880371 -8.65696 41.1789
1298880372 -8.65696 41.1789
1298880373 -8.65696 41.1789
1298880374 -8.65696 41.1789
1298880375 -8.65696 41.1789
1298880376 -8.65696 41.1789
1298880377 -8.65696 41.1789
1298880378 -8.65695 41.1789
1298880379 -8.65694 41.1789
1298880380 -8.65692 41.1788
1298880381 -8.6569 41.1788
1298880382 -8.65687 41.1788
1298880383 -8.65682 41.1787
1298880384 -8.65677 41.1787
1298880385 -8.6567 41.1786
1298880386 -8.65663 41.1785
1298880387 -8.65657 41.1785
1298880388 -8.65651 41.1784
1298880389 -8.65643 41.1783
1298880390 -8.65637 41.1783
1298880391 -8.65632 41.1782
1298880392 -8.65628 41.1782
1298880393 -8.65625 41.1782
1298880394 -8.65624 41.1782
1298880395 -8.65622 41.1781
1298880396 -8.65621 41.1781
1298880397 -8.6562 41.1781
1298880398 -8.6562 41.1781
1298880399 -8.65619 41.1781
1298880400 -8.65619 41.1781
1298880401 -8.65618 41.1781
1298880402 -8.65618 41.1781
1298880403 -8.65618 41.178
1298880404 -8.65618 41.178
1298880405 -8.65618 41.178
1298880406 -8.65619 41.178
1298880407 -8.65619 41.178
1298880408 -8.65621 41.178
1298880409 -8.65623 41.1779
1298880410 -8.65626 41.1779
1298880411 -8.65633 41.1779
1298880412 -8.65641 41.1778
1298880413 -8.6565 41.1778
1298880414 -8.6566 41.1777
1298880415 -8.6567 41.1777
1298880416 -8.65682 41.1777
1298880417 -8.65696 41.1776
1298880418 -8.6571 41.1776
1298880419 -8.65724 41.1776
1298880420 -8.6574 41.1775
1298880421 -8.65756 41.1775
1298880422 -8.65772 41.1775
1298880423 -8.65788 41.1775
1298880424 -8.65805 41.1774
1298880425 -8.65823 41.1774
1298880426 -8.65841 41.1774
1298880427 -8.65859 41.1774
1298880428 -8.65879 41.1773
1298880429 -8.65899 41.1773
1298880430 -8.65918 41.1773
1298880431 -8.65938 41.1773
1298880432 -8.65957 41.1772
1298880433 -8.65976 41.1772
1298880434 -8.65994 41.1772
1298880435 -8.66013 41.1772
1298880436 -8.66031 41.1771
1298880437 -8.66049 41.1771
1298880438 -8.66066 41.1771
1298880439 -8.66084 41.1771
1298880440 -8.66102 41.177
1298880441 -8.6612 41.177
1298880442 -8.66137 41.177
1298880443 -8.66154 41.177
1298880444 -8.66169 41.177
1298880445 -8.66184 41.177
1298880446 -8.66196 41.1771
1298880447 -8.66205 41.1771
1298880448 -8.66212 41.1772
1298880449 -8.66218 41.1772
1298880450 -8.66222 41.1772
1298880451 -8.66226 41.1773
1298880452 -8.6623 41.1773
1298880453 -8.66234 41.1773
1298880454 -8.66237 41.1774
1298880455 -8.6624 41.1774
1298880456 -8.66243 41.1775
1298880457 -8.66245 41.1775
1298880458 -8.66247 41.1775
1298880459 -8.66248 41.1775
1298880460 -8.6625 41.1776
1298880461 -8.66251 41.1776
1298880462 -8.66253 41.1776
1298880463 -8.66254 41.1776
1298880464 -8.66256 41.1776
1298880465 -8.66256 41.1776
1298880466 -8.66256 41.1776
1298880467 -8.66256 41.1776
1298880468 -8.66256 41.1776
1298880469 -8.66256 41.1776
1298880470 -8.66256 41.1776
1298880471 -8.66256 41.1776
1298880472 -8.66256 41.1776
1298880473 -8.66256 41.1776
1298880474 -8.66256 41.1776
1298880475 -8.66257 41.1776
1298880476 -8.66256 41.1776
1298880477 -8.66257 41.1776
1298880478 -8.66257 41.1776
1298880479 -8.66257 41.1776
1298880480 -8.66257 41.1776
1298880481 -8.66257 41.1776
1298880482 -8.66257 41.1776
1298880483 -8.66257 41.1776
1298880484 -8.66257 41.1776
1298880485 -8.66256 41.1776
1298880486 -8.66256 41.1776
1298880487 -8.66256 41.1777
1298880488 -8.66256 41.1777
1298880489 -8.66256 41.1777
1298880490 -8.66256 41.1777
1298880491 -8.66256 41.1777
1298880492 -8.66256 41.1777
1298880493 -8.66256 41.1777
1298880494 -8.66255 41.1777
1298880495 -8.66255 41.1777
1298880496 -8.66255 41.1777
1298880497 -8.66255 41.1777
1298880498 -8.66255 41.1777
1298880499 -8.66255 41.1777
1298880500 -8.66255 41.1777
1298880501 -8.66255 41.1777
1298880502 -8.66255 41.1777
1298880503 -8.66254 41.1777
1298880504 -8.66255 41.1777
1298880505 -8.66255 41.1777
1298880506 -8.66258 41.1777
1298880507 -8.66261 41.1777
1298880508 -8.66264 41.1777
1298880509 -8.66268 41.1778
1298880510 -8.66273 41.1778
1298880511 -8.66276 41.1779
1298880512 -8.6628 41.1779
1298880513 -8.66282 41.1779
1298880514 -8.66286 41.178
1298880515 -8.66291 41.178
1298880516 -8.66294 41.178
1298880517 -8.66299 41.178
1298880518 -8.66303 41.178
1298880519 -8.66308 41.1779
1298880520 -8.66313 41.1779
1298880521 -8.66318 41.1778
1298880522 -8.66325 41.1777
1298880523 -8.66331 41.1777
1298880524 -8.66338 41.1776
1298880525 -8.66345 41.1775
1298880526 -8.66351 41.1775
1298880527 -8.66356 41.1774
1298880528 -8.66359 41.1774
1298880529 -8.66362 41.1773
1298880530 -8.66368 41.1773
1298880531 -8.66372 41.1772
1298880532 -8.66376 41.1772
1298880533 -8.66379 41.1772
1298880534 -8.66381 41.1772
1298880535 -8.66382 41.1772
1298880536 -8.66383 41.1772
1298880537 -8.66384 41.1771
1298880538 -8.66384 41.1771
1298880539 -8.66384 41.1771
1298880540 -8.66384 41.1771
1298880541 -8.66383 41.1771
1298880542 -8.66381 41.1771
1298880543 -8.6638 41.1771
1298880544 -8.6638 41.1771
1298880545 -8.66379 41.1771
1298880546 -8.66379 41.1771
1298880547 -8.66377 41.1771
1298880548 -8.66376 41.1772
1298880549 -8.66375 41.1772
1298880550 -8.66374 41.1772
1298880551 -8.66373 41.1772
1298880552 -8.66373 41.1772
1298880553 -8.66373 41.1772
1298880554 -8.66373 41.1772
1298880555 -8.66373 41.1772
1298880556 -8.66373 41.1772
1298880557 -8.66373 41.1772
1298880558 -8.66373 41.1772
1298880559 -8.66373 41.1772
1298880560 -8.66373 41.1772
1298880561 -8.66373 41.1772
1298880562 -8.66373 41.1772
1298880563 -8.66373 41.1772
1298880564 -8.66373 41.1772
1298880565 -8.66373 41.1772
1298880566 -8.66373 41.1772
1298880567 -8.66374 41.1772
1298880568 -8.66374 41.1772
1298880569 -8.66374 41.1772
1298880570 -8.66374 41.1772
1298880571 -8.66374 41.1772
1298880572 -8.66374 41.1772
1298880573 -8.66374 41.1772
1298880574 -8.66375 41.1772
1298880575 -8.66375 41.1772
1298880576 -8.66375 41.1772
1298880577 -8.66375 41.1772
1298880578 -8.66375 41.1772
1298880579 -8.66375 41.1772
1298880580 -8.66376 41.1772
1298880581 -8.66376 41.1772
1298880582 -8.66376 41.1772
1298880583 -8.66376 41.1772
1298880584 -8.66376 41.1772
1298880585 -8.66376 41.1772
1298880586 -8.66376 41.1772
1298880587 -8.66376 41.1772
1298880588 -8.66376 41.1772
1298880589 -8.66376 41.1772
1298880590 -8.66377 41.1772
1298880591 -8.66377 41.1772
1298880592 -8.66377 41.1772
1298880593 -8.66377 41.1772
1298880594 -8.66378 41.1772
1298880595 -8.66378 41.1772
1298880596 -8.66378 41.1772
1298880597 -8.66378 41.1772
1298880598 -8.66378 41.1772
1298880599 -8.66378 41.1772
1298880600 -8.66379 41.1772
1298880601 -8.66379 41.1772
1298880602 -8.66379 41.1772
1298880603 -8.66379 41.1772
1298880604 -8.66379 41.1772
1298880605 -8.66379 41.1772
1298880606 -8.66379 41.1772
1298880607 -8.66379 41.1772
1298880608 -8.66379 41.1772
1298880609 -8.66379 41.1772
1298880610 -8.66379 41.1772
1298880611 -8.66379 41.1772
1298880612 -8.66378 41.1772
1298880613 -8.66378 41.1772
1298880614 -8.66378 41.1772
1298880615 -8.66378 41.1772
1298880616 -8.66378 41.1772
1298880617 -8.66378 41.1772
1298880618 -8.66378 41.1772
1298880619 -8.66378 41.1772
1298880620 -8.66378 41.1772
1298880621 -8.66377 41.1772
1298880622 -8.66377 41.1772
1298880623 -8.66377 41.1772
1298880624 -8.66377 41.1772
1298880625 -8.66377 41.1772
1298880626 -8.66377 41.1772
1298880627 -8.66377 41.1772
1298880628 -8.66377 41.1772
1298880629 -8.66377 41.1772
1298880630 -8.66377 41.1772
1298880631 -8.66377 41.1772
1298880632 -8.66377 41.1772
1298880633 -8.66376 41.1772
1298880634 -8.66376 41.1772
1298880635 -8.66376 41.1772
1298880636 -8.66376 41.1772
1298880637 -8.66376 41.1772
1298880638 -8.66376 41.1772
1298880639 -8.66376 41.1772
1298880640 -8.66376 41.1772
1298880641 -8.66376 41.1772
1298880642 -8.66376 41.1772
1298880643 -8.66376 41.1772
1298880644 -8.66376 41.1772
1298880645 -8.66376 41.1772
1298880646 -8.66376 41.1772
1298880647 -8.66376 41.1772
1298880648 -8.66376 41.1772
1298880649 -8.66376 41.1772
1298880650 -8.66376 41.1772
1298880651 -8.66376 41.1772
1298880652 -8.66376 41.1772
1298880653 -8.66377 41.1772
1298880654 -8.66377 41.1772
1298880655 -8.66377 41.1772
1298880656 -8.66377 41.1772
1298880657 -8.66377 41.1772
1298880658 -8.66377 41.1772
1298880659 -8.66377 41.1772
1298880660 -8.66377 41.1772
1298880661 -8.66377 41.1772
1298880662 -8.66377 41.1772
1298880663 -8.66377 41.1772
1298880664 -8.66377 41.1772
1298880665 -8.66377 41.1772
1298880666 -8.66377 41.1772
1298880667 -8.66377 41.1772
1298880668 -8.66377 41.1772
1298880669 -8.66377 41.1772
1298880670 -8.66377 41.1772
1298880671 -8.66377 41.1772
1298880672 -8.66377 41.1772
1298880673 -8.66377 41.1772
1298880674 -8.66377 41.1772
1298880675 -8.66377 41.1772
1298880676 -8.66377 41.1772
1298880677 -8.66377 41.1772
1298880678 -8.66377 41.1772
1298880679 -8.66377 41.1772
1298880680 -8.66377 41.1772
1298880681 -8.66377 41.1772
1298880682 -8.66377 41.1772
1298880683 -8.66377 41.1772
1298880684 -8.66377 41.1772
1298880685 -8.66377 41.1772
1298880686 -8.66377 41.1772
1298880687 -8.66377 41.1772
1298880688 -8.66378 41.1772
1298880689 -8.66378 41.1772
1298880690 -8.66377 41.1772
1298880691 -8.66377 41.1772
1298880692 -8.66378 41.1772
1298880693 -8.66378 41.1772
1298880694 -8.66378 41.1772
1298880695 -8.66378 41.1772
1298880696 -8.66378 41.1772
1298880697 -8.66379 41.1772
1298880698 -8.66379 41.1772
1298880699 -8.66378 41.1772
1298880700 -8.66378 41.1772
1298880701 -8.66378 41.1772
1298880702 -8.66379 41.1772
1298880703 -8.66379 41.1772
1298880704 -8.66379 41.1772
1298880705 -8.66379 41.1772
1298880706 -8.66379 41.1772
1298880707 -8.66379 41.1772
1298880708 -8.66379 41.1772
1298880709 -8.66379 41.1772
1298880710 -8.66379 41.1772
1298880711 -8.6638 41.1772
1298880712 -8.6638 41.1772
1298880713 -8.6638 41.1772
1298880714 -8.6638 41.1772
1298880715 -8.6638 41.1772
1298880716 -8.6638 41.1772
1298880717 -8.6638 41.1772
1298880718 -8.6638 41.1772
1298880719 -8.6638 41.1772
1298880720 -8.6638 41.1772
1298880721 -8.6638 41.1772
1298880722 -8.6638 41.1772
1298880723 -8.6638 41.1772
1298880724 -8.6638 41.1772
1298880725 -8.6638 41.1772
1298880726 -8.6638 41.1772
1298880727 -8.6638 41.1772
1298880728 -8.6638 41.1772
1298880729 -8.6638 41.1772
1298880730 -8.6638 41.1772
1298880731 -8.6638 41.1772
1298880732 -8.6638 41.1772
1298880733 -8.6638 41.1772
1298880734 -8.6638 41.1772
1298880735 -8.66379 41.1772
1298880736 -8.66379 41.1772
1298880737 -8.66379 41.1772
1298880738 -8.66379 41.1772
1298880739 -8.66379 41.1772
1298880740 -8.66379 41.1772
1298880741 -8.66379 41.1772
1298880742 -8.66378 41.1772
1298880743 -8.66378 41.1772
1298880744 -8.66378 41.1772
1298880745 -8.66378 41.1772
1298880746 -8.66378 41.1772
1298880747 -8.66378 41.1772
1298880748 -8.66378 41.1772
1298880749 -8.66377 41.1772
1298880750 -8.66377 41.1772
1298880751 -8.66377 41.1772
1298880752 -8.66377 41.1772
1298880753 -8.66376 41.1772
1298880754 -8.66376 41.1772
1298880755 -8.66376 41.1772
1298880756 -8.66376 41.1772
1298880757 -8.66376 41.1772
1298880758 -8.66376 41.1772
1298880759 -8.66375 41.1772
1298880760 -8.66375 41.1772
1298880761 -8.66374 41.1772
1298880762 -8.66374 41.1772
1298880763 -8.66374 41.1772
1298880764 -8.66373 41.1772
1298880765 -8.66373 41.1772
1298880766 -8.66372 41.1772
1298880767 -8.66372 41.1772
1298880768 -8.66371 41.1772
1298880769 -8.66372 41.1772
1298880770 -8.66374 41.1772
1298880771 -8.66376 41.1772
1298880772 -8.66377 41.1772
1298880773 -8.66377 41.1772
1298880774 -8.66376 41.1772
1298880775 -8.66376 41.1772
1298880776 -8.66376 41.1772
1298880777 -8.66378 41.1772
1298880778 -8.6638 41.1772
1298880779 -8.66382 41.1772
1298880780 -8.66385 41.1772
1298880781 -8.66389 41.1771
1298880782 -8.66393 41.1771
1298880783 -8.66399 41.177
1298880784 -8.66404 41.177
1298880785 -8.66411 41.1769
1298880786 -8.66417 41.1768
1298880787 -8.66423 41.1768
1298880788 -8.66428 41.1767
1298880789 -8.66432 41.1766
1298880790 -8.66433 41.1766
1298880791 -8.66429 41.1765
1298880792 -8.66421 41.1765
1298880793 -8.66411 41.1764
1298880794 -8.66399 41.1764
1298880795 -8.66387 41.1764
1298880796 -8.66375 41.1764
1298880797 -8.66363 41.1763
1298880798 -8.66352 41.1763
1298880799 -8.66341 41.1762
1298880800 -8.6633 41.1762
1298880801 -8.66319 41.1761
1298880802 -8.66308 41.1761
1298880803 -8.66297 41.176
1298880804 -8.66285 41.1759
1298880805 -8.66273 41.1759
1298880806 -8.66262 41.1758
1298880807 -8.66251 41.1757
1298880808 -8.6624 41.1755
1298880809 -8.66231 41.1754
1298880810 -8.66222 41.1753
1298880811 -8.66215 41.1752
1298880812 -8.66209 41.1751
1298880813 -8.66204 41.175
1298880814 -8.66201 41.1749
1298880815 -8.66199 41.1748
1298880816 -8.66197 41.1747
1298880817 -8.66197 41.1746
1298880818 -8.66196 41.1745
1298880819 -8.66196 41.1744
1298880820 -8.66195 41.1743
1298880821 -8.66195 41.1742
1298880822 -8.66196 41.1741
1298880823 -8.66198 41.174
1298880824 -8.66201 41.1739
1298880825 -8.66206 41.1738
1298880826 -8.66212 41.1737
1298880827 -8.66219 41.1736
1298880828 -8.66225 41.1736
1298880829 -8.66231 41.1735
1298880830 -8.66236 41.1734
1298880831 -8.6624 41.1733
1298880832 -8.66245 41.1733
1298880833 -8.66248 41.1732
1298880834 -8.66253 41.1732
1298880835 -8.66257 41.1731
1298880836 -8.66261 41.1731
1298880837 -8.66265 41.173
1298880838 -8.66269 41.173
1298880839 -8.66273 41.1729
1298880840 -8.66277 41.1729
1298880841 -8.66282 41.1728
1298880842 -8.66284 41.1728
1298880843 -8.66286 41.1728
1298880844 -8.66288 41.1727
1298880845 -8.66291 41.1727
1298880846 -8.66292 41.1727
1298880847 -8.66292 41.1727
1298880848 -8.66293 41.1727
1298880849 -8.66293 41.1727
1298880850 -8.66292 41.1727
1298880851 -8.66291 41.1728
1298880852 -8.6629 41.1728
1298880853 -8.66289 41.1728
1298880854 -8.66288 41.1728
1298880855 -8.66287 41.1728
1298880856 -8.66287 41.1728
1298880857 -8.66287 41.1728
1298880858 -8.66286 41.1728
1298880859 -8.66284 41.1728
1298880860 -8.66281 41.1728
1298880861 -8.66276 41.1728
1298880862 -8.66272 41.1728
1298880863 -8.66267 41.1727
1298880864 -8.66263 41.1727
1298880865 -8.6626 41.1726
1298880866 -8.66258 41.1726
1298880867 -8.66255 41.1725
1298880868 -8.66253 41.1725
1298880869 -8.6625 41.1724
1298880870 -8.66247 41.1724
1298880871 -8.66243 41.1723
1298880872 -8.66237 41.1722
1298880873 -8.66232 41.1722
1298880874 -8.66225 41.1721
1298880875 -8.66219 41.172
1298880876 -8.66215 41.172
1298880877 -8.6621 41.1719
1298880878 -8.66205 41.1719
1298880879 -8.66201 41.1718
1298880880 -8.66198 41.1718
1298880881 -8.66193 41.1717
1298880882 -8.66189 41.1717
1298880883 -8.66184 41.1716
1298880884 -8.66179 41.1716
1298880885 -8.66175 41.1715
1298880886 -8.66171 41.1715
1298880887 -8.66166 41.1714
1298880888 -8.66164 41.1714
1298880889 -8.6616 41.1714
1298880890 -8.66158 41.1714
1298880891 -8.66157 41.1714
1298880892 -8.66157 41.1714
1298880893 -8.66156 41.1714
1298880894 -8.66156 41.1714
1298880895 -8.66156 41.1714
1298880896 -8.66155 41.1714
1298880897 -8.66155 41.1714
1298880898 -8.66155 41.1714
1298880899 -8.66155 41.1714
1298880900 -8.66155 41.1714
1298880901 -8.66155 41.1714
1298880902 -8.66154 41.1714
1298880903 -8.66153 41.1714
1298880904 -8.66153 41.1715
1298880905 -8.66153 41.1715
1298880906 -8.66153 41.1715
1298880907 -8.66153 41.1715
1298880908 -8.66154 41.1715
1298880909 -8.66154 41.1715
1298880910 -8.66155 41.1714
1298880911 -8.66155 41.1714
1298880912 -8.66154 41.1715
1298880913 -8.66154 41.1715
1298880914 -8.66154 41.1715
1298880915 -8.66155 41.1715
1298880916 -8.66155 41.1714
1298880917 -8.66155 41.1714
1298880918 -8.66155 41.1714
1298880919 -8.66156 41.1714
1298880920 -8.66156 41.1714
1298880921 -8.66156 41.1714
1298880922 -8.66156 41.1714
1298880923 -8.66156 41.1714
1298880924 -8.66156 41.1714
1298880925 -8.66156 41.1714
1298880926 -8.66155 41.1714
1298880927 -8.66155 41.1714
1298880928 -8.66155 41.1714
1298880929 -8.66155 41.1714
1298880930 -8.66155 41.1714
1298880931 -8.66154 41.1714
1298880932 -8.66152 41.1714
1298880933 -8.66151 41.1714
1298880934 -8.66148 41.1714
1298880935 -8.66146 41.1713
1298880936 -8.66143 41.1713
1298880937 -8.6614 41.1713
1298880938 -8.66137 41.1712
1298880939 -8.66134 41.1712
1298880940 -8.66129 41.1711
1298880941 -8.66125 41.1711
1298880942 -8.6612 41.171
1298880943 -8.66114 41.1709
1298880944 -8.66109 41.1709
1298880945 -8.66103 41.1708
1298880946 -8.66099 41.1707
1298880947 -8.66095 41.1707
1298880948 -8.66093 41.1706
1298880949 -8.66093 41.1706
1298880950 -8.66093 41.1706
1298880951 -8.66093 41.1706
1298880952 -8.66093 41.1706
1298880953 -8.66093 41.1706
1298880954 -8.66093 41.1706
1298880955 -8.66092 41.1706
1298880956 -8.6609 41.1705
1298880957 -8.66087 41.1705
1298880958 -8.66084 41.1705
1298880959 -8.66079 41.1704
1298880960 -8.66075 41.1704
1298880961 -8.6607 41.1703
1298880962 -8.66065 41.1703
1298880963 -8.66059 41.1702
1298880964 -8.66054 41.1702
1298880965 -8.66047 41.1701
1298880966 -8.66039 41.1701
1298880967 -8.66031 41.1701
1298880968 -8.66023 41.17
1298880969 -8.66015 41.1699
1298880970 -8.66007 41.1699
1298880971 -8.66 41.1698
1298880972 -8.65992 41.1698
1298880973 -8.65984 41.1697
1298880974 -8.65976 41.1697
1298880975 -8.65968 41.1696
1298880976 -8.65963 41.1696
1298880977 -8.65959 41.1696
1298880978 -8.65953 41.1695
1298880979 -8.65945 41.1695
1298880980 -8.6594 41.1695
1298880981 -8.65935 41.1694
1298880982 -8.65932 41.1694
1298880983 -8.6593 41.1694
1298880984 -8.65929 41.1694
1298880985 -8.65927 41.1694
1298880986 -8.65925 41.1694
1298880987 -8.65924 41.1694
1298880988 -8.65919 41.1694
1298880989 -8.65914 41.1693
1298880990 -8.6591 41.1693
1298880991 -8.65904 41.1693
1298880992 -8.65899 41.1693
1298880993 -8.65893 41.1692
1298880994 -8.65886 41.1692
1298880995 -8.65879 41.1692
1298880996 -8.65873 41.1691
1298880997 -8.65867 41.1691
1298880998 -8.65861 41.1691
1298880999 -8.65859 41.1691
1298881000 -8.65856 41.1691
1298881001 -8.65853 41.1691
1298881002 -8.65852 41.1691
1298881003 -8.65851 41.1691
1298881004 -8.65851 41.1691
1298881005 -8.65851 41.1691
1298881006 -8.6585 41.1691
1298881007 -8.6585 41.1691
1298881008 -8.6585 41.1691
1298881009 -8.6585 41.1691
1298881010 -8.6585 41.1691
1298881011 -8.6585 41.1691
1298881012 -8.65849 41.1691
1298881013 -8.65848 41.1691
1298881014 -8.65847 41.1691
1298881015 -8.65845 41.1691
1298881016 -8.65842 41.1691
1298881017 -8.65839 41.1691
1298881018 -8.65836 41.1691
1298881019 -8.65833 41.1691
1298881020 -8.6583 41.1692
1298881021 -8.65826 41.1692
1298881022 -8.65822 41.1693
1298881023 -8.65816 41.1694
1298881024 -8.65812 41.1694
1298881025 -8.65806 41.1695
1298881026 -8.658 41.1695
1298881027 -8.65795 41.1696
1298881028 -8.65789 41.1697
1298881029 -8.65783 41.1697
1298881030 -8.65777 41.1698
1298881031 -8.65771 41.1699
1298881032 -8.65767 41.1699
1298881033 -8.65762 41.17
1298881034 -8.65759 41.17
1298881035 -8.65755 41.1701
1298881036 -8.65753 41.1701
1298881037 -8.65751 41.1701
1298881038 -8.65751 41.1701
1298881039 -8.65751 41.1701
1298881040 -8.65751 41.1701
1298881041 -8.65751 41.1701
1298881042 -8.65751 41.1701
1298881043 -8.65751 41.1701
1298881044 -8.6575 41.1701
1298881045 -8.65748 41.1701
1298881046 -8.65745 41.1702
1298881047 -8.65742 41.1702
1298881048 -8.65739 41.1702
1298881049 -8.65735 41.1703
1298881050 -8.65731 41.1703
1298881051 -8.65727 41.1704
1298881052 -8.65724 41.1704
1298881053 -8.6572 41.1705
1298881054 -8.65716 41.1705
1298881055 -8.65713 41.1706
1298881056 -8.65708 41.1706
1298881057 -8.65703 41.1707
1298881058 -8.65698 41.1707
1298881059 -8.65694 41.1708
1298881060 -8.65689 41.1708
1298881061 -8.65684 41.1709
1298881062 -8.65678 41.1709
1298881063 -8.65673 41.1709
1298881064 -8.65668 41.1708
1298881065 -8.65661 41.1708
1298881066 -8.65655 41.1708
1298881067 -8.65648 41.1707
1298881068 -8.65641 41.1707
1298881069 -8.65633 41.1707
1298881070 -8.65627 41.1707
1298881071 -8.65622 41.1706
1298881072 -8.65616 41.1706
1298881073 -8.65611 41.1706
1298881074 -8.65605 41.1706
1298881075 -8.65597 41.1705
1298881076 -8.6559 41.1705
1298881077 -8.65582 41.1705
1298881078 -8.65572 41.1704
1298881079 -8.65563 41.1704
1298881080 -8.65554 41.1704
1298881081 -8.65545 41.1703
1298881082 -8.65536 41.1703
1298881083 -8.65527 41.1702
1298881084 -8.65517 41.1702
1298881085 -8.65507 41.1701
1298881086 -8.65496 41.1701
1298881087 -8.65484 41.17
1298881088 -8.65473 41.17
1298881089 -8.65462 41.1699
1298881090 -8.65451 41.1699
1298881091 -8.6544 41.1698
1298881092 -8.65429 41.1698
1298881093 -8.65419 41.1697
1298881094 -8.65409 41.1697
1298881095 -8.654 41.1696
1298881096 -8.65391 41.1696
1298881097 -8.65382 41.1696
1298881098 -8.65372 41.1695
1298881099 -8.65362 41.1695
1298881100 -8.65351 41.1695
1298881101 -8.65339 41.1694
1298881102 -8.65326 41.1694
1298881103 -8.65312 41.1694
1298881104 -8.65298 41.1694
1298881105 -8.65283 41.1694
1298881106 -8.6527 41.1693
1298881107 -8.65256 41.1693
1298881108 -8.65243 41.1693
1298881109 -8.65229 41.1692
1298881110 -8.65217 41.1692
1298881111 -8.65203 41.1692
1298881112 -8.6519 41.1692
1298881113 -8.65177 41.1692
1298881114 -8.65164 41.1691
1298881115 -8.65151 41.1691
1298881116 -8.65138 41.1691
1298881117 -8.65124 41.1691
1298881118 -8.65111 41.169
1298881119 -8.65097 41.169
1298881120 -8.65085 41.169
1298881121 -8.65073 41.169
1298881122 -8.65061 41.1689
1298881123 -8.6505 41.169
1298881124 -8.65041 41.169
1298881125 -8.65033 41.169
1298881126 -8.65026 41.1691
1298881127 -8.65018 41.1691
1298881128 -8.6501 41.1692
1298881129 -8.65004 41.1693
1298881130 -8.64995 41.1693
1298881131 -8.64984 41.1694
1298881132 -8.64974 41.1695
1298881133 -8.64962 41.1695
1298881134 -8.64951 41.1696
1298881135 -8.6494 41.1697
1298881136 -8.6493 41.1698
1298881137 -8.64918 41.1698
1298881138 -8.64908 41.1699
1298881139 -8.64899 41.17
1298881140 -8.64891 41.17
1298881141 -8.64883 41.1701
1298881142 -8.64875 41.1701
1298881143 -8.64866 41.1702
1298881144 -8.64858 41.1703
1298881145 -8.64849 41.1703
1298881146 -8.6484 41.1704
1298881147 -8.64832 41.1704
1298881148 -8.64823 41.1705
1298881149 -8.64815 41.1705
1298881150 -8.64808 41.1706
1298881151 -8.64802 41.1706
1298881152 -8.64796 41.1707
1298881153 -8.64789 41.1707
1298881154 -8.64783 41.1706
1298881155 -8.64777 41.1706
1298881156 -8.6477 41.1706
1298881157 -8.64763 41.1705
1298881158 -8.64756 41.1704
1298881159 -8.64749 41.1704
1298881160 -8.64742 41.1703
1298881161 -8.64733 41.1702
1298881162 -8.64724 41.1702
1298881163 -8.64716 41.1701
1298881164 -8.64707 41.17
1298881165 -8.64698 41.17
1298881166 -8.64689 41.1699
1298881167 -8.6468 41.1698
1298881168 -8.64671 41.1697
1298881169 -8.64663 41.1697
1298881170 -8.64654 41.1696
1298881171 -8.64646 41.1695
1298881172 -8.64639 41.1695
1298881173 -8.64633 41.1694
1298881174 -8.64627 41.1693
1298881175 -8.64621 41.1693
1298881176 -8.64614 41.1693
1298881177 -8.64607 41.1693
1298881178 -8.646 41.1693
1298881179 -8.64594 41.1693
1298881180 -8.64588 41.1694
1298881181 -8.64582 41.1694
1298881182 -8.64577 41.1695
1298881183 -8.64572 41.1695
1298881184 -8.64569 41.1695
1298881185 -8.64565 41.1695
1298881186 -8.64563 41.1695
1298881187 -8.64562 41.1695
1298881188 -8.6456 41.1695
1298881189 -8.64558 41.1695
1298881190 -8.64556 41.1695
1298881191 -8.64554 41.1695
1298881192 -8.64553 41.1695
1298881193 -8.64552 41.1695
1298881194 -8.64552 41.1695
1298881195 -8.64552 41.1695
1298881196 -8.6455 41.1695
1298881197 -8.64548 41.1695
1298881198 -8.64546 41.1695
1298881199 -8.64545 41.1695
1298881200 -8.64542 41.1695
