:break:
1298880028 -8.62757 41.1577
1298880029 -8.62757 41.1577
1298880030 -8.62757 41.1577
1298880031 -8.62757 41.1577
1298880032 -8.62757 41.1577
1298880033 -8.62757 41.1577
1298880034 -8.62757 41.1577
1298880035 -8.62758 41.1577
1298880036 -8.62758 41.1577
1298880037 -8.62758 41.1577
1298880038 -8.62758 41.1577
1298880039 -8.62758 41.1577
1298880040 -8.62758 41.1577
1298880041 -8.62759 41.1577
1298880042 -8.62759 41.1577
1298880043 -8.62759 41.1577
1298880044 -8.62759 41.1577
1298880045 -8.62759 41.1577
1298880046 -8.62759 41.1577
1298880047 -8.62759 41.1577
1298880048 -8.6276 41.1577
1298880049 -8.6276 41.1577
1298880050 -8.6276 41.1577
1298880051 -8.6276 41.1577
1298880052 -8.6276 41.1577
1298880053 -8.6276 41.1577
1298880054 -8.6276 41.1577
1298880055 -8.6276 41.1577
1298880056 -8.6276 41.1577
1298880057 -8.6276 41.1577
1298880058 -8.6276 41.1577
1298880059 -8.6276 41.1577
1298880060 -8.6276 41.1577
1298880061 -8.6276 41.1577
1298880062 -8.6276 41.1577
1298880063 -8.62761 41.1577
1298880064 -8.62761 41.1577
1298880065 -8.62761 41.1577
1298880066 -8.62761 41.1577
1298880067 -8.62761 41.1577
1298880068 -8.62761 41.1577
1298880069 -8.62761 41.1577
1298880070 -8.62761 41.1577
1298880071 -8.62761 41.1577
1298880072 -8.62761 41.1577
1298880073 -8.62761 41.1577
1298880074 -8.62761 41.1577
1298880075 -8.62761 41.1577
1298880076 -8.62761 41.1577
1298880077 -8.62761 41.1577
1298880078 -8.62761 41.1577
1298880079 -8.62761 41.1577
1298880080 -8.62761 41.1577
1298880081 -8.62761 41.1577
1298880082 -8.6276 41.1577
1298880083 -8.6276 41.1577
1298880084 -8.6276 41.1577
1298880085 -8.6276 41.1577
1298880086 -8.6276 41.1577
1298880087 -8.6276 41.1577
1298880088 -8.6276 41.1577
1298880089 -8.6276 41.1577
1298880090 -8.6276 41.1577
1298880091 -8.62759 41.1577
1298880092 -8.62759 41.1577
1298880093 -8.62759 41.1577
1298880094 -8.62759 41.1577
1298880095 -8.62759 41.1577
1298880096 -8.62759 41.1577
1298880097 -8.62759 41.1577
1298880098 -8.62759 41.1577
1298880099 -8.62759 41.1577
1298880100 -8.62758 41.1577
1298880101 -8.62758 41.1577
1298880102 -8.62758 41.1577
1298880103 -8.62758 41.1577
1298880104 -8.62758 41.1577
1298880105 -8.62758 41.1577
1298880106 -8.62758 41.1577
1298880107 -8.62758 41.1577
1298880108 -8.62758 41.1577
1298880109 -8.62758 41.1577
1298880110 -8.62757 41.1577
1298880111 -8.62757 41.1577
1298880112 -8.62757 41.1577
1298880113 -8.62757 41.1577
1298880114 -8.62757 41.1577
1298880115 -8.62757 41.1577
1298880116 -8.62757 41.1577
1298880117 -8.62758 41.1577
1298880118 -8.62758 41.1577
1298880119 -8.62758 41.1577
1298880120 -8.62758 41.1577
1298880121 -8.62758 41.1577
1298880122 -8.62758 41.1577
1298880123 -8.62758 41.1577
1298880124 -8.62758 41.1577
1298880125 -8.62757 41.1577
1298880126 -8.62757 41.1577
1298880127 -8.62757 41.1577
1298880128 -8.62757 41.1577
1298880129 -8.62757 41.1577
1298880130 -8.62757 41.1577
1298880131 -8.62757 41.1577
1298880132 -8.62757 41.1577
1298880133 -8.62756 41.1577
1298880134 -8.62756 41.1577
1298880135 -8.62756 41.1577
1298880136 -8.62756 41.1577
1298880137 -8.62755 41.1577
1298880138 -8.62755 41.1577
1298880139 -8.62755 41.1577
1298880140 -8.62755 41.1577
1298880141 -8.62754 41.1577
1298880142 -8.62754 41.1577
1298880143 -8.62754 41.1577
1298880144 -8.62754 41.1577
1298880145 -8.62754 41.1577
1298880146 -8.62754 41.1577
1298880147 -8.62753 41.1577
1298880148 -8.62753 41.1577
1298880149 -8.62753 41.1577
1298880150 -8.62753 41.1577
1298880151 -8.62753 41.1577
1298880152 -8.62753 41.1577
1298880153 -8.62753 41.1577
1298880154 -8.62753 41.1577
1298880155 -8.62753 41.1577
1298880156 -8.62753 41.1577
1298880157 -8.62753 41.1577
1298880158 -8.62753 41.1577
1298880159 -8.62753 41.1577
1298880160 -8.62753 41.1577
1298880161 -8.62753 41.1577
1298880162 -8.62753 41.1577
1298880163 -8.62753 41.1577
1298880164 -8.62753 41.1577
1298880165 -8.62753 41.1577
1298880166 -8.62753 41.1577
1298880167 -8.62753 41.1577
1298880168 -8.62753 41.1577
1298880169 -8.62753 41.1577
1298880170 -8.62752 41.1577
1298880171 -8.62753 41.1577
1298880172 -8.62753 41.1577
1298880173 -8.62753 41.1577
1298880174 -8.62753 41.1577
1298880175 -8.62753 41.1577
1298880176 -8.62753 41.1577
1298880177 -8.62753 41.1577
1298880178 -8.62753 41.1577
1298880179 -8.62753 41.1577
1298880180 -8.62753 41.1577
1298880181 -8.62753 41.1577
1298880182 -8.62753 41.1577
1298880183 -8.62753 41.1577
1298880184 -8.62753 41.1577
1298880185 -8.62753 41.1577
1298880186 -8.62753 41.1577
1298880187 -8.62753 41.1577
1298880188 -8.62753 41.1577
1298880189 -8.62753 41.1577
1298880190 -8.62753 41.1577
1298880191 -8.62753 41.1577
1298880192 -8.62753 41.1577
1298880193 -8.62753 41.1577
1298880194 -8.62753 41.1577
1298880195 -8.62753 41.1577
1298880196 -8.62753 41.1577
1298880197 -8.62753 41.1577
1298880198 -8.62753 41.1577
1298880199 -8.62753 41.1577
1298880200 -8.62752 41.1577
1298880201 -8.62752 41.1577
1298880202 -8.62752 41.1577
1298880203 -8.62752 41.1577
1298880204 -8.62751 41.1577
1298880205 -8.62751 41.1577
1298880206 -8.62751 41.1577
1298880207 -8.62751 41.1577
1298880208 -8.62751 41.1577
1298880209 -8.6275 41.1577
1298880210 -8.6275 41.1577
1298880211 -8.62751 41.1577
1298880212 -8.62751 41.1577
1298880213 -8.62751 41.1577
1298880214 -8.62751 41.1577
1298880215 -8.62751 41.1577
1298880216 -8.62751 41.1577
1298880217 -8.62751 41.1577
1298880218 -8.62751 41.1577
1298880219 -8.62751 41.1577
1298880220 -8.62751 41.1577
1298880221 -8.62751 41.1577
1298880222 -8.6275 41.1577
1298880223 -8.6275 41.1577
1298880224 -8.6275 41.1577
1298880225 -8.6275 41.1577
1298880226 -8.6275 41.1577
1298880227 -8.6275 41.1577
1298880228 -8.6275 41.1577
1298880229 -8.6275 41.1577
1298880230 -8.6275 41.1577
1298880231 -8.6275 41.1577
1298880232 -8.6275 41.1577
1298880233 -8.6275 41.1577
1298880234 -8.62751 41.1577
1298880235 -8.62751 41.1577
1298880236 -8.62751 41.1577
1298880237 -8.62751 41.1577
1298880238 -8.62752 41.1577
1298880239 -8.62752 41.1577
1298880240 -8.62752 41.1577
1298880241 -8.62753 41.1577
1298880242 -8.62753 41.1577
1298880243 -8.62753 41.1577
1298880244 -8.62753 41.1577
1298880245 -8.62753 41.1577
1298880246 -8.62753 41.1577
1298880247 -8.62753 41.1577
1298880248 -8.62753 41.1577
1298880249 -8.62753 41.1577
1298880250 -8.62753 41.1577
1298880251 -8.62753 41.1577
1298880252 -8.62753 41.1577
1298880253 -8.62753 41.1577
1298880254 -8.62753 41.1577
1298880255 -8.62753 41.1577
1298880256 -8.62752 41.1577
1298880257 -8.62752 41.1576
1298880258 -8.62752 41.1576
1298880259 -8.62751 41.1576
1298880260 -8.62751 41.1576
1298880261 -8.62751 41.1576
1298880262 -8.6275 41.1576
1298880263 -8.6275 41.1576
1298880264 -8.6275 41.1576
1298880265 -8.62749 41.1576
1298880266 -8.62749 41.1576
1298880267 -8.62749 41.1576
1298880268 -8.62749 41.1576
1298880269 -8.62749 41.1576
1298880270 -8.62749 41.1576
1298880271 -8.62749 41.1576
1298880272 -8.62748 41.1576
1298880273 -8.62748 41.1576
1298880274 -8.62748 41.1576
1298880275 -8.62748 41.1576
1298880276 -8.62747 41.1576
1298880277 -8.62747 41.1576
1298880278 -8.62747 41.1576
1298880279 -8.62747 41.1576
1298880280 -8.62747 41.1576
1298880281 -8.62746 41.1576
1298880282 -8.62746 41.1576
1298880283 -8.62746 41.1576
1298880284 -8.62746 41.1576
1298880285 -8.62745 41.1576
1298880286 -8.62745 41.1576
1298880287 -8.62745 41.1576
1298880288 -8.62745 41.1576
1298880289 -8.62745 41.1576
1298880290 -8.62745 41.1576
1298880291 -8.62745 41.1576
1298880292 -8.62746 41.1576
1298880293 -8.62746 41.1576
1298880294 -8.62746 41.1576
1298880295 -8.62746 41.1576
1298880296 -8.62746 41.1576
1298880297 -8.62747 41.1576
1298880298 -8.62747 41.1576
1298880299 -8.62748 41.1576
1298880300 -8.62749 41.1576
1298880301 -8.62749 41.1576
1298880302 -8.6275 41.1576
1298880303 -8.6275 41.1576
1298880304 -8.6275 41.1576
1298880305 -8.62751 41.1576
1298880306 -8.62751 41.1576
1298880307 -8.62752 41.1576
1298880308 -8.62753 41.1576
1298880309 -8.62753 41.1576
1298880310 -8.62753 41.1576
1298880311 -8.62754 41.1576
1298880312 -8.62754 41.1576
1298880313 -8.62755 41.1576
1298880314 -8.62756 41.1576
1298880315 -8.62756 41.1576
1298880316 -8.62756 41.1576
1298880317 -8.62757 41.1576
1298880318 -8.62757 41.1576
1298880319 -8.62757 41.1576
1298880320 -8.62758 41.1576
1298880321 -8.62759 41.1576
1298880322 -8.62759 41.1576
1298880323 -8.62759 41.1576
1298880324 -8.62759 41.1576
1298880325 -8.62759 41.1576
1298880326 -8.62759 41.1576
1298880327 -8.6276 41.1576
1298880328 -8.6276 41.1576
1298880329 -8.6276 41.1576
1298880330 -8.6276 41.1576
1298880331 -8.6276 41.1576
1298880332 -8.62759 41.1576
1298880333 -8.62759 41.1576
1298880334 -8.62759 41.1576
1298880335 -8.62759 41.1576
1298880336 -8.62759 41.1576
1298880337 -8.62759 41.1576
1298880338 -8.62759 41.1576
1298880339 -8.62759 41.1576
1298880340 -8.62759 41.1576
1298880341 -8.62759 41.1576
1298880342 -8.62759 41.1576
1298880343 -8.62759 41.1576
1298880344 -8.62758 41.1576
1298880345 -8.62758 41.1576
1298880346 -8.62758 41.1576
1298880347 -8.62758 41.1576
1298880348 -8.62758 41.1576
1298880349 -8.62758 41.1576
1298880350 -8.62758 41.1576
1298880351 -8.62758 41.1576
1298880352 -8.62758 41.1576
1298880353 -8.62758 41.1576
1298880354 -8.62758 41.1576
1298880355 -8.62758 41.1576
1298880356 -8.62758 41.1576
1298880357 -8.62758 41.1576
1298880358 -8.62758 41.1576
1298880359 -8.62758 41.1576
1298880360 -8.62758 41.1576
1298880361 -8.62758 41.1576
1298880362 -8.62758 41.1576
1298880363 -8.62758 41.1576
1298880364 -8.62758 41.1576
1298880365 -8.62757 41.1576
1298880366 -8.62757 41.1576
1298880367 -8.62757 41.1576
1298880368 -8.62757 41.1576
1298880369 -8.62756 41.1576
1298880370 -8.62756 41.1576
1298880371 -8.62756 41.1576
1298880372 -8.62756 41.1576
1298880373 -8.62755 41.1576
1298880374 -8.62755 41.1576
1298880375 -8.62755 41.1576
1298880376 -8.62755 41.1576
1298880377 -8.62755 41.1576
1298880378 -8.62755 41.1576
1298880379 -8.62755 41.1576
1298880380 -8.62755 41.1576
1298880381 -8.62755 41.1576
1298880382 -8.62755 41.1576
1298880383 -8.62755 41.1576
1298880384 -8.62756 41.1576
1298880385 -8.62756 41.1576
1298880386 -8.62756 41.1576
1298880387 -8.62756 41.1576
1298880388 -8.62756 41.1576
1298880389 -8.62757 41.1576
1298880390 -8.62757 41.1576
1298880391 -8.62757 41.1576
1298880392 -8.62757 41.1576
1298880393 -8.62757 41.1576
1298880394 -8.62756 41.1576
1298880395 -8.62756 41.1576
1298880396 -8.62757 41.1576
1298880397 -8.62757 41.1576
1298880398 -8.62756 41.1576
1298880399 -8.62756 41.1576
1298880400 -8.62756 41.1576
1298880401 -8.62756 41.1576
1298880402 -8.62756 41.1576
1298880403 -8.62757 41.1576
1298880404 -8.6276 41.1576
1298880405 -8.62762 41.1576
1298880406 -8.62765 41.1576
1298880407 -8.62769 41.1576
1298880408 -8.62772 41.1576
1298880409 -8.62774 41.1577
1298880410 -8.62781 41.1577
1298880411 -8.62783 41.1578
1298880412 -8.62787 41.1578
1298880413 -8.6279 41.1578
1298880414 -8.62789 41.1579
1298880415 -8.62788 41.1579
1298880416 -8.62789 41.158
1298880417 -8.62789 41.158
1298880418 -8.6279 41.158
1298880419 -8.62792 41.1581
1298880420 -8.62793 41.1581
1298880421 -8.62794 41.1581
1298880422 -8.62795 41.1581
1298880423 -8.62795 41.1581
1298880424 -8.62794 41.1581
1298880425 -8.62793 41.1581
1298880426 -8.62793 41.1581
1298880427 -8.62793 41.1581
1298880428 -8.62792 41.1582
1298880429 -8.62792 41.1582
1298880430 -8.62791 41.1582
1298880431 -8.62791 41.1582
1298880432 -8.62791 41.1582
1298880433 -8.62791 41.1582
1298880434 -8.62791 41.1582
1298880435 -8.62791 41.1582
1298880436 -8.62792 41.1582
1298880437 -8.62793 41.1582
1298880438 -8.62794 41.1582
1298880439 -8.62797 41.1582
1298880440 -8.62795 41.1583
1298880441 -8.62792 41.1584
1298880442 -8.62789 41.1584
1298880443 -8.62784 41.1584
1298880444 -8.62778 41.1585
1298880445 -8.62773 41.1585
1298880446 -8.62768 41.1585
1298880447 -8.62761 41.1585
1298880448 -8.62753 41.1586
1298880449 -8.62744 41.1586
1298880450 -8.62735 41.1587
1298880451 -8.62726 41.1587
1298880452 -8.62717 41.1588
1298880453 -8.62709 41.1588
1298880454 -8.627 41.1588
1298880455 -8.62691 41.1589
1298880456 -8.62682 41.1589
1298880457 -8.62673 41.1589
1298880458 -8.62664 41.159
1298880459 -8.62655 41.159
1298880460 -8.62646 41.1591
1298880461 -8.62638 41.1591
1298880462 -8.62628 41.1591
1298880463 -8.62618 41.1592
1298880464 -8.6261 41.1592
1298880465 -8.62596 41.1593
1298880466 -8.62587 41.1593
1298880467 -8.62579 41.1593
1298880468 -8.62572 41.1594
1298880469 -8.62565 41.1594
1298880470 -8.62557 41.1595
1298880471 -8.62549 41.1595
1298880472 -8.62542 41.1595
1298880473 -8.62535 41.1595
1298880474 -8.62528 41.1596
1298880475 -8.62522 41.1596
1298880476 -8.62517 41.1596
1298880477 -8.62512 41.1597
1298880478 -8.62509 41.1597
1298880479 -8.62505 41.1597
1298880480 -8.62502 41.1597
1298880481 -8.62501 41.1597
1298880482 -8.62499 41.1597
1298880483 -8.62498 41.1597
1298880484 -8.62497 41.1597
1298880485 -8.62497 41.1597
1298880486 -8.62496 41.1598
1298880487 -8.62497 41.1598
1298880488 -8.62497 41.1598
1298880489 -8.62496 41.1598
1298880490 -8.62496 41.1598
1298880491 -8.62495 41.1598
1298880492 -8.62493 41.1598
1298880493 -8.62489 41.1598
1298880494 -8.62484 41.1598
1298880495 -8.62478 41.1598
1298880496 -8.62472 41.1599
1298880497 -8.62465 41.1599
1298880498 -8.62457 41.1599
1298880499 -8.62449 41.1599
1298880500 -8.62441 41.16
1298880501 -8.62432 41.16
1298880502 -8.62423 41.1601
1298880503 -8.62414 41.1602
1298880504 -8.62403 41.1602
1298880505 -8.62395 41.1602
1298880506 -8.62386 41.1603
1298880507 -8.62378 41.1603
1298880508 -8.62368 41.1603
1298880509 -8.62358 41.1603
1298880510 -8.62343 41.1603
1298880511 -8.62331 41.1603
1298880512 -8.62321 41.1603
1298880513 -8.62309 41.1603
1298880514 -8.62298 41.1604
1298880515 -8.62287 41.1604
1298880516 -8.62276 41.1604
1298880517 -8.62266 41.1604
1298880518 -8.62256 41.1604
1298880519 -8.62247 41.1604
1298880520 -8.6224 41.1604
1298880521 -8.62233 41.1604
1298880522 -8.62226 41.1604
1298880523 -8.6222 41.1604
1298880524 -8.62212 41.1604
1298880525 -8.62204 41.1604
1298880526 -8.62195 41.1604
1298880527 -8.62185 41.1603
1298880528 -8.62175 41.1603
1298880529 -8.62165 41.1603
1298880530 -8.62155 41.1603
1298880531 -8.62146 41.1603
1298880532 -8.62138 41.1603
1298880533 -8.62131 41.1603
1298880534 -8.62125 41.1603
1298880535 -8.62121 41.1603
1298880536 -8.62119 41.1604
1298880537 -8.62118 41.1604
1298880538 -8.62118 41.1605
1298880539 -8.62119 41.1605
1298880540 -8.62119 41.1606
1298880541 -8.6212 41.1606
1298880542 -8.6212 41.1606
1298880543 -8.6212 41.1607
1298880544 -8.62119 41.1607
1298880545 -8.62119 41.1608
1298880546 -8.62118 41.1608
1298880547 -8.62118 41.1608
1298880548 -8.62118 41.1608
1298880549 -8.62118 41.1609
1298880550 -8.62118 41.1609
1298880551 -8.62118 41.1609
1298880552 -8.62118 41.1609
1298880553 -8.62118 41.1609
1298880554 -8.62118 41.1609
1298880555 -8.62118 41.1609
1298880556 -8.62118 41.1609
1298880557 -8.62118 41.1609
1298880558 -8.62118 41.161
1298880559 -8.62117 41.161
1298880560 -8.62115 41.1611
1298880561 -8.62115 41.1611
1298880562 -8.62113 41.1612
1298880563 -8.62112 41.1612
1298880564 -8.6211 41.1613
1298880565 -8.62109 41.1614
1298880566 -8.62109 41.1614
1298880567 -8.62108 41.1615
1298880568 -8.62107 41.1615
1298880569 -8.62106 41.1616
1298880570 -8.62106 41.1617
1298880571 -8.62105 41.1618
1298880572 -8.62102 41.1618
1298880573 -8.62102 41.1619
1298880574 -8.62102 41.162
1298880575 -8.62102 41.162
1298880576 -8.62101 41.1621
1298880577 -8.62102 41.1621
1298880578 -8.62101 41.1622
1298880579 -8.621 41.1622
1298880580 -8.621 41.1623
1298880581 -8.62099 41.1623
1298880582 -8.62099 41.1623
1298880583 -8.621 41.1624
1298880584 -8.62101 41.1624
1298880585 -8.62101 41.1624
1298880586 -8.62102 41.1624
1298880587 -8.62102 41.1624
1298880588 -8.62103 41.1624
1298880589 -8.62104 41.1625
1298880590 -8.62104 41.1625
1298880591 -8.62104 41.1625
1298880592 -8.62103 41.1625
1298880593 -8.62101 41.1625
1298880594 -8.62096 41.1626
1298880595 -8.62094 41.1627
1298880596 -8.62093 41.1627
1298880597 -8.62091 41.1628
1298880598 -8.6209 41.1629
1298880599 -8.62088 41.163
1298880600 -8.62087 41.163
1298880601 -8.62086 41.1631
1298880602 -8.62085 41.1632
1298880603 -8.62083 41.1632
1298880604 -8.62082 41.1633
1298880605 -8.62081 41.1633
1298880606 -8.62079 41.1634
1298880607 -8.62078 41.1634
1298880608 -8.62078 41.1635
1298880609 -8.62077 41.1635
1298880610 -8.62076 41.1635
1298880611 -8.62075 41.1635
1298880612 -8.62073 41.1635
1298880613 -8.62073 41.1636
1298880614 -8.62072 41.1636
1298880615 -8.62071 41.1636
1298880616 -8.6207 41.1636
1298880617 -8.62069 41.1637
1298880618 -8.62068 41.1638
1298880619 -8.62067 41.1638
1298880620 -8.62066 41.1639
1298880621 -8.62066 41.164
1298880622 -8.62065 41.1641
1298880623 -8.62064 41.1641
1298880624 -8.62063 41.1642
1298880625 -8.62062 41.1643
1298880626 -8.62061 41.1644
1298880627 -8.62061 41.1645
1298880628 -8.62062 41.1645
1298880629 -8.62063 41.1646
1298880630 -8.62063 41.1647
1298880631 -8.62064 41.1647
1298880632 -8.62063 41.1648
1298880633 -8.62062 41.1649
1298880634 -8.62061 41.165
1298880635 -8.6206 41.1651
1298880636 -8.62059 41.1651
1298880637 -8.62057 41.1652
1298880638 -8.62054 41.1653
1298880639 -8.62053 41.1654
1298880640 -8.62052 41.1655
1298880641 -8.62051 41.1656
1298880642 -8.6205 41.1657
1298880643 -8.62049 41.1658
1298880644 -8.62048 41.1659
1298880645 -8.62046 41.166
1298880646 -8.62044 41.1661
1298880647 -8.62043 41.1662
1298880648 -8.62043 41.1663
1298880649 -8.62042 41.1664
1298880650 -8.6204 41.1665
1298880651 -8.62039 41.1666
1298880652 -8.62039 41.1667
1298880653 -8.62038 41.1668
1298880654 -8.62035 41.1669
1298880655 -8.62033 41.167
1298880656 -8.62031 41.1671
1298880657 -8.62029 41.1671
1298880658 -8.62028 41.1672
1298880659 -8.62028 41.1673
1298880660 -8.62028 41.1673
1298880661 -8.62028 41.1674
1298880662 -8.62026 41.1674
1298880663 -8.62023 41.1675
1298880664 -8.6202 41.1675
1298880665 -8.62016 41.1675
1298880666 -8.62008 41.1675
1298880667 -8.62001 41.1675
1298880668 -8.61995 41.1676
1298880669 -8.61989 41.1676
1298880670 -8.61982 41.1676
1298880671 -8.61977 41.1676
1298880672 -8.61973 41.1676
1298880673 -8.6197 41.1676
1298880674 -8.61969 41.1677
1298880675 -8.6197 41.1677
1298880676 -8.6197 41.1677
1298880677 -8.61969 41.1678
1298880678 -8.61964 41.1679
1298880679 -8.61964 41.168
1298880680 -8.61964 41.1681
1298880681 -8.61965 41.1682
1298880682 -8.61966 41.1682
1298880683 -8.61967 41.1683
1298880684 -8.61968 41.1684
1298880685 -8.61968 41.1685
1298880686 -8.61969 41.1686
1298880687 -8.61969 41.1687
1298880688 -8.61969 41.1687
1298880689 -8.61969 41.1688
1298880690 -8.61968 41.1688
1298880691 -8.61964 41.1688
1298880692 -8.61961 41.1689
1298880693 -8.61954 41.1689
1298880694 -8.61948 41.1689
1298880695 -8.61941 41.169
1298880696 -8.61934 41.169
1298880697 -8.61926 41.1691
1298880698 -8.61917 41.1691
1298880699 -8.61909 41.1692
1298880700 -8.619 41.1692
1298880701 -8.6189 41.1693
1298880702 -8.61882 41.1693
1298880703 -8.61874 41.1694
1298880704 -8.61865 41.1694
1298880705 -8.61855 41.1695
1298880706 -8.61846 41.1695
1298880707 -8.61836 41.1695
1298880708 -8.61826 41.1696
1298880709 -8.61815 41.1696
1298880710 -8.61805 41.1697
1298880711 -8.61797 41.1697
1298880712 -8.61788 41.1698
1298880713 -8.61782 41.1698
1298880714 -8.61778 41.1699
1298880715 -8.61774 41.1699
1298880716 -8.61772 41.1699
1298880717 -8.6177 41.1699
1298880718 -8.61768 41.1699
1298880719 -8.61767 41.1699
1298880720 -8.61765 41.1699
1298880721 -8.61764 41.17
1298880722 -8.61763 41.17
1298880723 -8.61763 41.17
1298880724 -8.61764 41.17
1298880725 -8.61767 41.17
1298880726 -8.6177 41.1701
1298880727 -8.61773 41.1701
1298880728 -8.61778 41.1701
1298880729 -8.61783 41.1702
1298880730 -8.61789 41.1702
1298880731 -8.61794 41.1703
1298880732 -8.618 41.1703
1298880733 -8.61809 41.1704
1298880734 -8.61817 41.1704
1298880735 -8.61824 41.1705
1298880736 -8.61829 41.1706
1298880737 -8.61836 41.1706
1298880738 -8.61846 41.1707
1298880739 -8.61853 41.1707
1298880740 -8.61861 41.1708
1298880741 -8.6187 41.1708
1298880742 -8.61879 41.1709
1298880743 -8.61889 41.1709
1298880744 -8.61898 41.171
1298880745 -8.61904 41.171
1298880746 -8.61908 41.1711
1298880747 -8.61912 41.1711
1298880748 -8.61916 41.1712
1298880749 -8.61918 41.1712
1298880750 -8.61923 41.1713
1298880751 -8.61927 41.1713
1298880752 -8.6193 41.1713
1298880753 -8.61932 41.1713
1298880754 -8.61931 41.1713
1298880755 -8.61928 41.1714
1298880756 -8.61924 41.1714
1298880757 -8.61921 41.1714
1298880758 -8.61917 41.1715
1298880759 -8.61912 41.1715
1298880760 -8.61905 41.1716
1298880761 -8.61897 41.1716
1298880762 -8.61888 41.1716
1298880763 -8.61879 41.1716
1298880764 -8.61868 41.1716
1298880765 -8.61856 41.1717
1298880766 -8.61845 41.1717
1298880767 -8.61834 41.1717
1298880768 -8.61822 41.1717
1298880769 -8.6181 41.1717
1298880770 -8.61799 41.1717
1298880771 -8.61787 41.1718
1298880772 -8.61775 41.1718
1298880773 -8.61764 41.1718
1298880774 -8.61752 41.1718
1298880775 -8.6174 41.1718
1298880776 -8.61727 41.1718
1298880777 -8.61715 41.1718
1298880778 -8.61703 41.1718
1298880779 -8.61692 41.1718
1298880780 -8.61681 41.1718
1298880781 -8.61673 41.1718
1298880782 -8.61665 41.1718
1298880783 -8.61659 41.1718
1298880784 -8.61654 41.1718
1298880785 -8.6165 41.1718
1298880786 -8.61648 41.1718
1298880787 -8.61648 41.1719
1298880788 -8.61649 41.1719
1298880789 -8.61651 41.172
1298880790 -8.61653 41.172
1298880791 -8.61655 41.1721
1298880792 -8.61658 41.1722
1298880793 -8.61662 41.1723
1298880794 -8.61664 41.1723
1298880795 -8.61666 41.1724
1298880796 -8.61669 41.1725
1298880797 -8.61672 41.1726
1298880798 -8.61674 41.1726
1298880799 -8.61676 41.1727
1298880800 -8.61678 41.1728
1298880801 -8.6168 41.1729
1298880802 -8.61683 41.1729
1298880803 -8.61684 41.173
1298880804 -8.61686 41.1731
1298880805 -8.61687 41.1731
1298880806 -8.61688 41.1732
1298880807 -8.61688 41.1733
1298880808 -8.61687 41.1733
1298880809 -8.61685 41.1734
1298880810 -8.61684 41.1734
1298880811 -8.61683 41.1734
1298880812 -8.61682 41.1734
1298880813 -8.61681 41.1735
1298880814 -8.61682 41.1735
1298880815 -8.61683 41.1735
1298880816 -8.61681 41.1735
1298880817 -8.61679 41.1736
1298880818 -8.61676 41.1736
1298880819 -8.61673 41.1736
1298880820 -8.61669 41.1736
1298880821 -8.61665 41.1736
1298880822 -8.61662 41.1736
1298880823 -8.61659 41.1736
1298880824 -8.61655 41.1736
1298880825 -8.61653 41.1736
1298880826 -8.61651 41.1736
1298880827 -8.61649 41.1736
1298880828 -8.61648 41.1736
1298880829 -8.61647 41.1736
1298880830 -8.61646 41.1736
1298880831 -8.61646 41.1736
1298880832 -8.61646 41.1736
1298880833 -8.61645 41.1736
1298880834 -8.61644 41.1736
1298880835 -8.61643 41.1736
1298880836 -8.61642 41.1737
1298880837 -8.61641 41.1737
1298880838 -8.61641 41.1737
1298880839 -8.61641 41.1737
1298880840 -8.6164 41.1737
1298880841 -8.6164 41.1737
1298880842 -8.6164 41.1737
1298880843 -8.6164 41.1737
1298880844 -8.6164 41.1737
1298880845 -8.6164 41.1737
1298880846 -8.61639 41.1737
1298880847 -8.61639 41.1737
1298880848 -8.61638 41.1737
1298880849 -8.61638 41.1737
1298880850 -8.61638 41.1737
1298880851 -8.61638 41.1737
1298880852 -8.61639 41.1737
1298880853 -8.61639 41.1737
1298880854 -8.61639 41.1737
1298880855 -8.6164 41.1737
1298880856 -8.6164 41.1737
1298880857 -8.6164 41.1737
1298880858 -8.6164 41.1737
1298880859 -8.61641 41.1737
1298880860 -8.61641 41.1737
1298880861 -8.61641 41.1737
1298880862 -8.61642 41.1737
1298880863 -8.61642 41.1736
1298880864 -8.61642 41.1736
1298880865 -8.61642 41.1736
1298880866 -8.61642 41.1736
1298880867 -8.61643 41.1737
1298880868 -8.61643 41.1736
1298880869 -8.61643 41.1736
1298880870 -8.61643 41.1736
1298880871 -8.61643 41.1736
1298880872 -8.61643 41.1736
1298880873 -8.61644 41.1736
1298880874 -8.61644 41.1736
1298880875 -8.61644 41.1736
1298880876 -8.61644 41.1736
1298880877 -8.61645 41.1736
1298880878 -8.61645 41.1736
1298880879 -8.61645 41.1736
1298880880 -8.61646 41.1737
1298880881 -8.61646 41.1737
1298880882 -8.61646 41.1737
1298880883 -8.61646 41.1737
1298880884 -8.61646 41.1737
1298880885 -8.61646 41.1737
1298880886 -8.61646 41.1737
1298880887 -8.61647 41.1737
1298880888 -8.61647 41.1737
1298880889 -8.61647 41.1737
1298880890 -8.61647 41.1737
1298880891 -8.61647 41.1737
1298880892 -8.61647 41.1737
1298880893 -8.61647 41.1737
1298880894 -8.61647 41.1737
1298880895 -8.61647 41.1737
1298880896 -8.61647 41.1737
1298880897 -8.61647 41.1737
1298880898 -8.61648 41.1737
1298880899 -8.61648 41.1737
1298880900 -8.61648 41.1737
1298880901 -8.61648 41.1737
1298880902 -8.61649 41.1737
1298880903 -8.61649 41.1737
1298880904 -8.61649 41.1737
1298880905 -8.61649 41.1737
1298880906 -8.6165 41.1737
1298880907 -8.6165 41.1737
1298880908 -8.6165 41.1737
1298880909 -8.61651 41.1737
1298880910 -8.61651 41.1737
1298880911 -8.61651 41.1737
1298880912 -8.61651 41.1737
1298880913 -8.61652 41.1737
1298880914 -8.61652 41.1737
1298880915 -8.61652 41.1737
1298880916 -8.61651 41.1737
1298880917 -8.61651 41.1737
1298880918 -8.61651 41.1737
1298880919 -8.61651 41.1737
1298880920 -8.61651 41.1737
1298880921 -8.61651 41.1737
1298880922 -8.61651 41.1737
1298880923 -8.61651 41.1737
1298880924 -8.61651 41.1737
1298880925 -8.61651 41.1737
1298880926 -8.61651 41.1737
1298880927 -8.61651 41.1737
1298880928 -8.61651 41.1737
1298880929 -8.61651 41.1737
1298880930 -8.61651 41.1737
1298880931 -8.61651 41.1737
1298880932 -8.6165 41.1737
1298880933 -8.6165 41.1737
1298880934 -8.6165 41.1737
1298880935 -8.6165 41.1737
1298880936 -8.6165 41.1737
1298880937 -8.6165 41.1737
1298880938 -8.61649 41.1737
1298880939 -8.61648 41.1737
1298880940 -8.61647 41.1737
1298880941 -8.61647 41.1737
1298880942 -8.61647 41.1737
1298880943 -8.61646 41.1736
1298880944 -8.61646 41.1736
1298880945 -8.61647 41.1736
1298880946 -8.61647 41.1736
1298880947 -8.61647 41.1736
1298880948 -8.61647 41.1736
1298880949 -8.61647 41.1736
1298880950 -8.61646 41.1736
1298880951 -8.61646 41.1736
1298880952 -8.61646 41.1736
1298880953 -8.61646 41.1736
1298880954 -8.61646 41.1736
1298880955 -8.61646 41.1736
1298880956 -8.61646 41.1736
1298880957 -8.61646 41.1736
1298880958 -8.61646 41.1736
1298880959 -8.61646 41.1736
1298880960 -8.61646 41.1736
1298880961 -8.61646 41.1736
1298880962 -8.61646 41.1736
1298880963 -8.61646 41.1736
1298880964 -8.61646 41.1736
1298880965 -8.61646 41.1736
1298880966 -8.61646 41.1736
1298880967 -8.61646 41.1736
1298880968 -8.61646 41.1736
1298880969 -8.61646 41.1736
1298880970 -8.61647 41.1736
1298880971 -8.61647 41.1736
1298880972 -8.61647 41.1736
1298880973 -8.61647 41.1736
1298880974 -8.61647 41.1736
1298880975 -8.61647 41.1736
1298880976 -8.61648 41.1736
1298880977 -8.61648 41.1736
1298880978 -8.61648 41.1736
1298880979 -8.61648 41.1736
1298880980 -8.61648 41.1736
1298880981 -8.61648 41.1736
1298880982 -8.61647 41.1736
1298880983 -8.61647 41.1736
1298880984 -8.61647 41.1736
1298880985 -8.61647 41.1736
1298880986 -8.61647 41.1736
1298880987 -8.61648 41.1736
1298880988 -8.61648 41.1736
1298880989 -8.61647 41.1736
1298880990 -8.61647 41.1737
1298880991 -8.61648 41.1737
1298880992 -8.61648 41.1737
1298880993 -8.61648 41.1737
1298880994 -8.61649 41.1737
1298880995 -8.61649 41.1737
1298880996 -8.61649 41.1737
1298880997 -8.61649 41.1737
1298880998 -8.61649 41.1737
1298880999 -8.61649 41.1737
1298881000 -8.61649 41.1737
1298881001 -8.61649 41.1737
1298881002 -8.61649 41.1737
1298881003 -8.61649 41.1737
1298881004 -8.61649 41.1737
1298881005 -8.61649 41.1737
1298881006 -8.6165 41.1737
1298881007 -8.6165 41.1737
1298881008 -8.6165 41.1737
1298881009 -8.6165 41.1737
1298881010 -8.6165 41.1737
1298881011 -8.61651 41.1737
1298881012 -8.61651 41.1737
1298881013 -8.61651 41.1737
1298881014 -8.61651 41.1737
1298881015 -8.61651 41.1736
1298881016 -8.61651 41.1736
1298881017 -8.61651 41.1736
1298881018 -8.61651 41.1736
1298881019 -8.61651 41.1736
1298881020 -8.61651 41.1736
1298881021 -8.61651 41.1736
1298881022 -8.61651 41.1736
1298881023 -8.61651 41.1736
1298881024 -8.61651 41.1736
1298881025 -8.61651 41.1736
1298881026 -8.61651 41.1736
1298881027 -8.61651 41.1736
1298881028 -8.61651 41.1736
1298881029 -8.61651 41.1736
1298881030 -8.6165 41.1736
1298881031 -8.6165 41.1736
1298881032 -8.6165 41.1736
1298881033 -8.6165 41.1736
1298881034 -8.6165 41.1736
1298881035 -8.6165 41.1736
1298881036 -8.6165 41.1736
1298881037 -8.6165 41.1736
1298881038 -8.6165 41.1737
1298881039 -8.6165 41.1737
1298881040 -8.6165 41.1737
1298881041 -8.6165 41.1737
1298881042 -8.6165 41.1737
1298881043 -8.6165 41.1737
1298881044 -8.6165 41.1737
1298881045 -8.6165 41.1737
1298881046 -8.61649 41.1737
1298881047 -8.61649 41.1737
1298881048 -8.61649 41.1737
1298881049 -8.61649 41.1737
1298881050 -8.61649 41.1737
1298881051 -8.61648 41.1737
1298881052 -8.61648 41.1737
1298881053 -8.61648 41.1737
1298881054 -8.61648 41.1737
1298881055 -8.61648 41.1737
1298881056 -8.61648 41.1737
1298881057 -8.61647 41.1737
1298881058 -8.61647 41.1737
1298881059 -8.61647 41.1737
1298881060 -8.61647 41.1737
1298881061 -8.61646 41.1737
1298881062 -8.61646 41.1737
1298881063 -8.61646 41.1737
1298881064 -8.61646 41.1737
1298881065 -8.61646 41.1737
1298881066 -8.61645 41.1737
1298881067 -8.61645 41.1737
1298881068 -8.61645 41.1737
1298881069 -8.61644 41.1737
1298881070 -8.61644 41.1737
1298881071 -8.61643 41.1737
1298881072 -8.61643 41.1737
1298881073 -8.61642 41.1737
1298881074 -8.61642 41.1737
1298881075 -8.61642 41.1737
1298881076 -8.61641 41.1737
1298881077 -8.61641 41.1737
1298881078 -8.61641 41.1737
1298881079 -8.61641 41.1737
1298881080 -8.61641 41.1736
1298881081 -8.61641 41.1736
1298881082 -8.6164 41.1736
1298881083 -8.6164 41.1736
1298881084 -8.61639 41.1736
1298881085 -8.61639 41.1736
1298881086 -8.61639 41.1736
1298881087 -8.61638 41.1736
1298881088 -8.61638 41.1736
1298881089 -8.61637 41.1736
1298881090 -8.61637 41.1736
1298881091 -8.61637 41.1736
1298881092 -8.61637 41.1736
1298881093 -8.61637 41.1736
1298881094 -8.61637 41.1736
1298881095 -8.61637 41.1736
1298881096 -8.61638 41.1736
1298881097 -8.61638 41.1736
1298881098 -8.61638 41.1736
1298881099 -8.61638 41.1736
1298881100 -8.61638 41.1736
1298881101 -8.61638 41.1736
1298881102 -8.61639 41.1736
1298881103 -8.61639 41.1736
1298881104 -8.61639 41.1736
1298881105 -8.61639 41.1736
1298881106 -8.6164 41.1736
1298881107 -8.6164 41.1736
1298881108 -8.6164 41.1736
1298881109 -8.61641 41.1736
1298881110 -8.61641 41.1736
1298881111 -8.61641 41.1736
1298881112 -8.61642 41.1736
1298881113 -8.61642 41.1736
1298881114 -8.61643 41.1736
1298881115 -8.61643 41.1736
1298881116 -8.61643 41.1736
1298881117 -8.61644 41.1736
1298881118 -8.61645 41.1736
1298881119 -8.61646 41.1737
1298881120 -8.61646 41.1737
1298881121 -8.61646 41.1737
1298881122 -8.61646 41.1737
1298881123 -8.61647 41.1737
1298881124 -8.61647 41.1737
1298881125 -8.61647 41.1737
1298881126 -8.61647 41.1737
1298881127 -8.61647 41.1737
1298881128 -8.61647 41.1736
1298881129 -8.61647 41.1736
1298881130 -8.61647 41.1736
1298881131 -8.61647 41.1736
1298881132 -8.61647 41.1736
1298881133 -8.61647 41.1736
1298881134 -8.61647 41.1736
1298881135 -8.61647 41.1736
1298881136 -8.61647 41.1736
1298881137 -8.61647 41.1736
1298881138 -8.61647 41.1737
1298881139 -8.61647 41.1737
1298881140 -8.61647 41.1737
1298881141 -8.61647 41.1737
1298881142 -8.61647 41.1737
1298881143 -8.61647 41.1736
1298881144 -8.61647 41.1736
1298881145 -8.61647 41.1736
1298881146 -8.61647 41.1736
1298881147 -8.61647 41.1736
1298881148 -8.61647 41.1736
1298881149 -8.61647 41.1736
1298881150 -8.61647 41.1736
1298881151 -8.61647 41.1736
1298881152 -8.61647 41.1736
1298881153 -8.61647 41.1736
1298881154 -8.61647 41.1736
1298881155 -8.61647 41.1736
1298881156 -8.61647 41.1736
1298881157 -8.61647 41.1736
1298881158 -8.61647 41.1736
1298881159 -8.61647 41.1736
1298881160 -8.61646 41.1736
1298881161 -8.61646 41.1736
1298881162 -8.61646 41.1736
1298881163 -8.61646 41.1736
1298881164 -8.61646 41.1736
1298881165 -8.61646 41.1736
1298881166 -8.61646 41.1736
1298881167 -8.61646 41.1736
1298881168 -8.61646 41.1736
1298881169 -8.61646 41.1736
1298881170 -8.61646 41.1736
1298881171 -8.61646 41.1736
1298881172 -8.61646 41.1736
1298881173 -8.61646 41.1736
1298881174 -8.61646 41.1736
1298881175 -8.61646 41.1736
1298881176 -8.61646 41.1736
1298881177 -8.61646 41.1736
1298881178 -8.61646 41.1736
1298881179 -8.61646 41.1736
1298881180 -8.61645 41.1736
1298881181 -8.61645 41.1736
1298881182 -8.61645 41.1736
1298881183 -8.61645 41.1736
1298881184 -8.61645 41.1736
1298881185 -8.61645 41.1736
1298881186 -8.61644 41.1736
1298881187 -8.61645 41.1736
1298881188 -8.61645 41.1736
1298881189 -8.61645 41.1736
1298881190 -8.61645 41.1736
1298881191 -8.61645 41.1736
1298881192 -8.61645 41.1736
1298881193 -8.61645 41.1736
1298881194 -8.61645 41.1736
1298881195 -8.61645 41.1736
1298881196 -8.61645 41.1736
1298881197 -8.61645 41.1736
1298881198 -8.61645 41.1736
1298881199 -8.61645 41.1736
1298881200 -8.61645 41.1736
