:break:
1298880455 -8.55118 41.1607
1298880456 -8.55116 41.1607
1298880457 -8.55116 41.1607
1298880458 -8.55115 41.1607
1298880459 -8.55115 41.1607
1298880460 -8.55116 41.1607
:break:
1298880478 -8.55118 41.1607
1298880479 -8.55118 41.1607
1298880480 -8.55118 41.1607
1298880481 -8.55118 41.1607
1298880482 -8.55118 41.1607
1298880483 -8.55118 41.1607
1298880484 -8.55117 41.1607
1298880485 -8.55117 41.1607
1298880486 -8.55117 41.1607
1298880487 -8.55117 41.1607
1298880488 -8.55117 41.1607
1298880489 -8.55117 41.1607
1298880490 -8.55116 41.1607
1298880491 -8.55116 41.1607
1298880492 -8.55117 41.1607
1298880493 -8.55117 41.1607
1298880494 -8.55117 41.1607
1298880495 -8.55117 41.1607
1298880496 -8.55117 41.1607
1298880497 -8.55117 41.1607
1298880498 -8.55118 41.1607
1298880499 -8.55118 41.1607
1298880500 -8.55118 41.1607
1298880501 -8.55118 41.1607
1298880502 -8.55118 41.1607
1298880503 -8.55118 41.1607
1298880504 -8.55118 41.1607
1298880505 -8.55118 41.1607
1298880506 -8.55118 41.1607
1298880507 -8.55118 41.1607
1298880508 -8.55117 41.1606
1298880509 -8.55117 41.1606
1298880510 -8.55116 41.1606
1298880511 -8.55118 41.1606
1298880512 -8.5512 41.1606
1298880513 -8.55125 41.1606
1298880514 -8.55131 41.1606
1298880515 -8.55137 41.1605
1298880516 -8.55144 41.1605
1298880517 -8.55153 41.1605
1298880518 -8.55164 41.1605
1298880519 -8.55175 41.1605
1298880520 -8.55185 41.1604
1298880521 -8.55199 41.1604
1298880522 -8.55213 41.1604
1298880523 -8.55228 41.1604
1298880524 -8.55241 41.1604
1298880525 -8.55255 41.1603
1298880526 -8.55268 41.1603
1298880527 -8.55281 41.1603
1298880528 -8.55293 41.1602
1298880529 -8.55307 41.1602
1298880530 -8.55319 41.1602
1298880531 -8.5533 41.1601
1298880532 -8.55342 41.1601
1298880533 -8.55353 41.16
1298880534 -8.55364 41.16
1298880535 -8.55376 41.16
1298880536 -8.55388 41.1599
1298880537 -8.554 41.1599
1298880538 -8.55411 41.1598
1298880539 -8.55423 41.1598
1298880540 -8.55435 41.1598
1298880541 -8.55446 41.1597
1298880542 -8.55458 41.1597
1298880543 -8.55481 41.1596
1298880544 -8.55485 41.1596
1298880545 -8.55494 41.1595
1298880546 -8.55503 41.1595
1298880547 -8.55512 41.1594
1298880548 -8.55521 41.1593
1298880549 -8.55531 41.1593
1298880550 -8.55542 41.1592
1298880551 -8.55554 41.1592
1298880552 -8.55566 41.1591
1298880553 -8.5558 41.159
1298880554 -8.55593 41.159
1298880555 -8.55607 41.1589
1298880556 -8.55621 41.1588
1298880557 -8.55635 41.1587
1298880558 -8.5565 41.1587
1298880559 -8.55663 41.1586
1298880560 -8.55676 41.1586
1298880561 -8.55688 41.1585
1298880562 -8.55699 41.1584
1298880563 -8.55708 41.1584
1298880564 -8.55716 41.1584
1298880565 -8.55724 41.1583
1298880566 -8.55733 41.1583
1298880567 -8.55741 41.1583
1298880568 -8.55749 41.1582
1298880569 -8.55758 41.1582
1298880570 -8.55767 41.1581
1298880571 -8.55776 41.158
1298880572 -8.55786 41.158
1298880573 -8.55795 41.1579
1298880574 -8.55804 41.1578
1298880575 -8.55812 41.1577
1298880576 -8.55819 41.1576
1298880577 -8.55826 41.1575
1298880578 -8.55833 41.1574
1298880579 -8.55841 41.1573
1298880580 -8.55848 41.1572
1298880581 -8.55854 41.1571
1298880582 -8.5586 41.157
1298880583 -8.55866 41.1569
1298880584 -8.55873 41.1567
1298880585 -8.55879 41.1566
1298880586 -8.55885 41.1565
1298880587 -8.55891 41.1564
1298880588 -8.55896 41.1563
1298880589 -8.55903 41.1562
1298880590 -8.55907 41.1561
1298880591 -8.55913 41.156
1298880592 -8.55917 41.1559
1298880593 -8.55922 41.1559
1298880594 -8.55926 41.1558
1298880595 -8.55931 41.1557
1298880596 -8.55935 41.1557
1298880597 -8.5594 41.1556
1298880598 -8.55944 41.1556
1298880599 -8.5595 41.1555
1298880600 -8.55957 41.1555
1298880601 -8.55962 41.1556
1298880602 -8.55968 41.1556
1298880603 -8.55975 41.1557
1298880604 -8.55983 41.1557
1298880605 -8.5599 41.1558
1298880606 -8.55998 41.1559
1298880607 -8.56006 41.1559
1298880608 -8.56013 41.156
1298880609 -8.56021 41.1561
1298880610 -8.56029 41.1561
1298880611 -8.56038 41.1561
1298880612 -8.56049 41.1562
1298880613 -8.56061 41.1562
1298880614 -8.56073 41.1562
1298880615 -8.56084 41.1563
1298880616 -8.56094 41.1563
1298880617 -8.56106 41.1563
1298880618 -8.56117 41.1564
1298880619 -8.56129 41.1564
1298880620 -8.5614 41.1565
1298880621 -8.56149 41.1565
1298880622 -8.56158 41.1566
1298880623 -8.56166 41.1566
1298880624 -8.56173 41.1567
1298880625 -8.56178 41.1568
1298880626 -8.56184 41.1569
1298880627 -8.56191 41.157
1298880628 -8.56196 41.1571
1298880629 -8.56202 41.1572
1298880630 -8.56204 41.1573
1298880631 -8.56204 41.1574
1298880632 -8.562 41.1575
1298880633 -8.56193 41.1575
1298880634 -8.56182 41.1576
1298880635 -8.56167 41.1576
1298880636 -8.56152 41.1576
1298880637 -8.56137 41.1577
1298880638 -8.56122 41.1577
1298880639 -8.56112 41.1578
1298880640 -8.56105 41.1579
1298880641 -8.56103 41.158
1298880642 -8.56103 41.1581
1298880643 -8.56109 41.1582
1298880644 -8.56117 41.1583
1298880645 -8.56127 41.1584
1298880646 -8.56139 41.1584
1298880647 -8.56155 41.1585
1298880648 -8.5617 41.1585
1298880649 -8.56187 41.1586
1298880650 -8.56204 41.1586
1298880651 -8.56222 41.1587
1298880652 -8.56239 41.1587
1298880653 -8.56257 41.1588
1298880654 -8.56275 41.1588
1298880655 -8.56293 41.1588
1298880656 -8.56313 41.1588
1298880657 -8.56334 41.1588
1298880658 -8.56354 41.1588
1298880659 -8.56376 41.1588
1298880660 -8.56399 41.1588
1298880661 -8.56422 41.1588
1298880662 -8.56445 41.1587
1298880663 -8.56469 41.1587
1298880664 -8.56491 41.1586
1298880665 -8.56515 41.1586
1298880666 -8.56539 41.1585
1298880667 -8.56562 41.1585
1298880668 -8.56587 41.1584
1298880669 -8.5661 41.1584
1298880670 -8.56634 41.1584
1298880671 -8.56657 41.1584
1298880672 -8.56679 41.1584
1298880673 -8.56699 41.1584
1298880674 -8.56716 41.1585
:break:
1298880678 -8.568 41.1586
1298880679 -8.56826 41.1585
1298880680 -8.56853 41.1585
1298880681 -8.56879 41.1585
1298880682 -8.56903 41.1584
1298880683 -8.56924 41.1584
1298880684 -8.56943 41.1583
1298880685 -8.56961 41.1582
1298880686 -8.56976 41.1581
1298880687 -8.56989 41.1581
1298880688 -8.57 41.158
1298880689 -8.57011 41.1579
1298880690 -8.57023 41.1578
1298880691 -8.57035 41.1577
1298880692 -8.57046 41.1576
1298880693 -8.57056 41.1576
1298880694 -8.57065 41.1575
1298880695 -8.57073 41.1574
1298880696 -8.57081 41.1574
1298880697 -8.57089 41.1573
1298880698 -8.57097 41.1573
1298880699 -8.57107 41.1572
1298880700 -8.57116 41.1572
1298880701 -8.57127 41.1571
1298880702 -8.57138 41.1571
1298880703 -8.5715 41.1571
1298880704 -8.57163 41.1571
1298880705 -8.57175 41.1572
1298880706 -8.57185 41.1572
1298880707 -8.57193 41.1573
1298880708 -8.57198 41.1574
1298880709 -8.57201 41.1575
1298880710 -8.57202 41.1576
1298880711 -8.57203 41.1577
1298880712 -8.57204 41.1577
1298880713 -8.57204 41.1578
1298880714 -8.57204 41.1579
1298880715 -8.57203 41.158
1298880716 -8.57202 41.1581
1298880717 -8.57201 41.1582
1298880718 -8.57199 41.1583
1298880719 -8.57196 41.1584
1298880720 -8.57193 41.1585
1298880721 -8.57189 41.1586
1298880722 -8.57185 41.1587
1298880723 -8.57181 41.1588
1298880724 -8.57177 41.1589
1298880725 -8.57174 41.1589
1298880726 -8.5717 41.159
1298880727 -8.57165 41.1591
1298880728 -8.57159 41.1591
1298880729 -8.57153 41.1592
1298880730 -8.57147 41.1593
1298880731 -8.57141 41.1593
1298880732 -8.57136 41.1594
1298880733 -8.57129 41.1595
1298880734 -8.57123 41.1596
1298880735 -8.57116 41.1597
1298880736 -8.57109 41.1597
1298880737 -8.57101 41.1598
1298880738 -8.57093 41.1599
1298880739 -8.57085 41.16
1298880740 -8.57076 41.16
1298880741 -8.57067 41.1601
1298880742 -8.57059 41.1602
1298880743 -8.57051 41.1603
1298880744 -8.57044 41.1603
1298880745 -8.57036 41.1604
1298880746 -8.57029 41.1605
1298880747 -8.5702 41.1605
1298880748 -8.57012 41.1606
1298880749 -8.57002 41.1607
1298880750 -8.56994 41.1608
1298880751 -8.56985 41.1609
1298880752 -8.56977 41.1609
1298880753 -8.56969 41.161
1298880754 -8.56962 41.1611
1298880755 -8.56955 41.1612
1298880756 -8.56949 41.1613
1298880757 -8.56942 41.1614
1298880758 -8.56938 41.1615
1298880759 -8.56932 41.1616
1298880760 -8.56928 41.1617
1298880761 -8.56924 41.1618
1298880762 -8.56922 41.1619
1298880763 -8.56921 41.162
1298880764 -8.56922 41.162
1298880765 -8.56924 41.1621
1298880766 -8.56929 41.1621
1298880767 -8.56935 41.1622
1298880768 -8.56942 41.1622
1298880769 -8.56951 41.1623
1298880770 -8.56961 41.1623
1298880771 -8.56972 41.1624
1298880772 -8.56984 41.1624
1298880773 -8.56994 41.1625
1298880774 -8.57006 41.1626
1298880775 -8.57016 41.1626
1298880776 -8.57026 41.1627
1298880777 -8.57034 41.1627
1298880778 -8.57039 41.1627
1298880779 -8.57042 41.1628
1298880780 -8.57044 41.1628
1298880781 -8.57045 41.1629
1298880782 -8.57043 41.163
1298880783 -8.57041 41.1631
1298880784 -8.57038 41.1631
1298880785 -8.57036 41.1632
1298880786 -8.57033 41.1633
1298880787 -8.57032 41.1635
1298880788 -8.57031 41.1636
1298880789 -8.57033 41.1637
1298880790 -8.57035 41.1638
1298880791 -8.57037 41.1639
1298880792 -8.57038 41.164
1298880793 -8.57041 41.1641
1298880794 -8.57046 41.1642
1298880795 -8.5705 41.1643
1298880796 -8.57055 41.1644
1298880797 -8.5706 41.1645
1298880798 -8.57065 41.1645
1298880799 -8.5707 41.1646
1298880800 -8.57075 41.1647
1298880801 -8.57081 41.1647
1298880802 -8.57086 41.1648
1298880803 -8.57094 41.1648
1298880804 -8.57102 41.1648
1298880805 -8.57108 41.1649
1298880806 -8.57114 41.1649
1298880807 -8.57119 41.1649
1298880808 -8.57121 41.1649
1298880809 -8.57122 41.165
1298880810 -8.57122 41.165
1298880811 -8.5712 41.1651
1298880812 -8.57118 41.1651
1298880813 -8.57114 41.1652
1298880814 -8.57111 41.1653
1298880815 -8.57109 41.1654
1298880816 -8.57104 41.1655
1298880817 -8.57099 41.1655
1298880818 -8.57094 41.1656
1298880819 -8.57091 41.1657
1298880820 -8.57086 41.1658
1298880821 -8.57082 41.1658
1298880822 -8.57075 41.1659
1298880823 -8.57067 41.1659
1298880824 -8.57059 41.166
1298880825 -8.57052 41.166
1298880826 -8.57044 41.166
1298880827 -8.57038 41.1661
1298880828 -8.57033 41.1661
1298880829 -8.5703 41.1661
1298880830 -8.57029 41.1661
1298880831 -8.57029 41.1661
1298880832 -8.57029 41.1661
1298880833 -8.57029 41.1661
1298880834 -8.57029 41.1661
1298880835 -8.57029 41.1661
1298880836 -8.57029 41.1661
1298880837 -8.57029 41.1661
1298880838 -8.57029 41.1661
1298880839 -8.57029 41.1661
1298880840 -8.57029 41.1661
1298880841 -8.57029 41.1661
1298880842 -8.57029 41.1661
1298880843 -8.57029 41.1661
1298880844 -8.57029 41.1661
1298880845 -8.57029 41.1661
1298880846 -8.57029 41.1661
1298880847 -8.57029 41.166
1298880848 -8.57029 41.166
1298880849 -8.57029 41.166
1298880850 -8.57029 41.166
1298880851 -8.57029 41.166
1298880852 -8.57029 41.166
1298880853 -8.57029 41.166
1298880854 -8.57029 41.166
1298880855 -8.57025 41.166
1298880856 -8.5702 41.1661
1298880857 -8.57015 41.1661
1298880858 -8.5701 41.1661
1298880859 -8.57004 41.1661
1298880860 -8.56998 41.1661
1298880861 -8.56992 41.1661
1298880862 -8.56985 41.1661
1298880863 -8.56979 41.1661
1298880864 -8.56972 41.1662
1298880865 -8.56965 41.1662
1298880866 -8.56957 41.1662
1298880867 -8.56948 41.1662
1298880868 -8.56939 41.1662
1298880869 -8.5693 41.1663
1298880870 -8.56922 41.1663
1298880871 -8.56915 41.1663
1298880872 -8.56909 41.1663
1298880873 -8.56903 41.1663
1298880874 -8.56897 41.1664
1298880875 -8.56894 41.1664
1298880876 -8.56891 41.1664
1298880877 -8.56888 41.1664
1298880878 -8.56888 41.1664
1298880879 -8.56887 41.1664
1298880880 -8.56887 41.1664
1298880881 -8.56887 41.1664
1298880882 -8.56887 41.1664
1298880883 -8.56886 41.1664
1298880884 -8.56886 41.1664
1298880885 -8.56886 41.1664
1298880886 -8.56886 41.1664
1298880887 -8.56886 41.1664
1298880888 -8.56886 41.1664
1298880889 -8.56886 41.1664
1298880890 -8.56886 41.1664
1298880891 -8.56886 41.1664
1298880892 -8.56886 41.1664
1298880893 -8.56886 41.1664
1298880894 -8.56885 41.1664
1298880895 -8.56885 41.1664
1298880896 -8.56885 41.1664
1298880897 -8.56885 41.1664
1298880898 -8.56885 41.1664
1298880899 -8.56885 41.1664
1298880900 -8.56885 41.1664
1298880901 -8.56885 41.1664
1298880902 -8.56885 41.1664
1298880903 -8.56885 41.1664
1298880904 -8.56885 41.1664
1298880905 -8.56885 41.1664
1298880906 -8.56885 41.1664
1298880907 -8.56885 41.1664
1298880908 -8.56885 41.1664
1298880909 -8.56885 41.1664
1298880910 -8.56885 41.1664
1298880911 -8.56885 41.1664
1298880912 -8.56885 41.1664
1298880913 -8.56885 41.1664
1298880914 -8.56885 41.1664
1298880915 -8.56885 41.1664
1298880916 -8.56885 41.1664
1298880917 -8.56885 41.1664
1298880918 -8.56885 41.1664
1298880919 -8.56885 41.1664
1298880920 -8.56885 41.1664
1298880921 -8.56885 41.1664
1298880922 -8.56886 41.1664
1298880923 -8.56886 41.1664
1298880924 -8.56886 41.1664
1298880925 -8.56886 41.1664
1298880926 -8.56886 41.1664
1298880927 -8.56886 41.1664
1298880928 -8.56886 41.1664
1298880929 -8.56886 41.1664
1298880930 -8.56886 41.1664
1298880931 -8.56886 41.1664
1298880932 -8.56886 41.1664
1298880933 -8.56886 41.1664
1298880934 -8.56886 41.1664
1298880935 -8.56886 41.1664
1298880936 -8.56886 41.1664
1298880937 -8.56886 41.1664
1298880938 -8.56886 41.1664
1298880939 -8.56886 41.1664
1298880940 -8.56886 41.1664
1298880941 -8.56886 41.1664
1298880942 -8.56886 41.1664
1298880943 -8.56886 41.1664
1298880944 -8.56886 41.1664
1298880945 -8.56886 41.1664
1298880946 -8.56886 41.1664
1298880947 -8.56886 41.1664
1298880948 -8.56886 41.1664
1298880949 -8.56886 41.1664
1298880950 -8.56887 41.1664
1298880951 -8.56887 41.1664
1298880952 -8.56887 41.1664
1298880953 -8.56887 41.1664
1298880954 -8.56887 41.1664
1298880955 -8.56887 41.1664
1298880956 -8.56887 41.1664
1298880957 -8.56887 41.1664
1298880958 -8.56887 41.1664
1298880959 -8.56887 41.1664
1298880960 -8.56887 41.1664
1298880961 -8.56888 41.1664
1298880962 -8.56888 41.1664
1298880963 -8.56888 41.1664
1298880964 -8.56888 41.1664
1298880965 -8.56888 41.1664
1298880966 -8.56888 41.1664
1298880967 -8.56888 41.1664
1298880968 -8.56888 41.1664
1298880969 -8.56888 41.1664
1298880970 -8.56888 41.1664
1298880971 -8.56888 41.1664
1298880972 -8.56888 41.1664
1298880973 -8.56888 41.1664
1298880974 -8.56888 41.1664
1298880975 -8.56887 41.1664
1298880976 -8.56887 41.1664
1298880977 -8.56887 41.1664
1298880978 -8.56887 41.1664
1298880979 -8.56887 41.1664
1298880980 -8.56887 41.1664
1298880981 -8.56887 41.1664
1298880982 -8.56887 41.1664
1298880983 -8.56887 41.1664
1298880984 -8.56886 41.1664
1298880985 -8.56886 41.1664
1298880986 -8.56886 41.1664
1298880987 -8.56886 41.1664
1298880988 -8.56886 41.1664
1298880989 -8.56886 41.1664
1298880990 -8.56886 41.1664
1298880991 -8.56886 41.1664
1298880992 -8.56886 41.1664
1298880993 -8.56886 41.1664
1298880994 -8.56886 41.1664
1298880995 -8.56886 41.1664
1298880996 -8.56886 41.1664
1298880997 -8.56886 41.1664
1298880998 -8.56886 41.1664
1298880999 -8.56886 41.1664
1298881000 -8.56886 41.1664
1298881001 -8.56886 41.1664
1298881002 -8.56886 41.1664
1298881003 -8.56886 41.1664
1298881004 -8.56886 41.1664
1298881005 -8.56886 41.1664
1298881006 -8.56886 41.1664
1298881007 -8.56886 41.1664
1298881008 -8.56886 41.1664
1298881009 -8.56886 41.1664
1298881010 -8.56886 41.1664
1298881011 -8.56886 41.1664
1298881012 -8.56886 41.1664
1298881013 -8.56886 41.1664
1298881014 -8.56886 41.1664
1298881015 -8.56886 41.1664
1298881016 -8.56887 41.1664
1298881017 -8.56887 41.1664
1298881018 -8.56887 41.1664
1298881019 -8.56887 41.1664
1298881020 -8.56887 41.1664
1298881021 -8.56887 41.1664
1298881022 -8.56887 41.1664
1298881023 -8.56887 41.1664
1298881024 -8.56887 41.1664
1298881025 -8.56887 41.1664
1298881026 -8.56887 41.1664
1298881027 -8.56887 41.1664
1298881028 -8.56887 41.1664
1298881029 -8.56887 41.1664
1298881030 -8.56887 41.1664
1298881031 -8.56887 41.1664
1298881032 -8.56887 41.1664
1298881033 -8.56887 41.1664
1298881034 -8.56887 41.1664
1298881035 -8.56887 41.1664
1298881036 -8.56887 41.1664
1298881037 -8.56888 41.1664
1298881038 -8.56888 41.1664
1298881039 -8.56888 41.1664
1298881040 -8.56888 41.1664
1298881041 -8.56888 41.1664
1298881042 -8.56888 41.1664
1298881043 -8.56887 41.1664
1298881044 -8.56887 41.1664
1298881045 -8.56887 41.1664
1298881046 -8.56887 41.1664
1298881047 -8.56887 41.1664
1298881048 -8.56887 41.1664
1298881049 -8.56887 41.1664
1298881050 -8.56887 41.1664
1298881051 -8.56887 41.1664
1298881052 -8.56887 41.1664
1298881053 -8.56887 41.1664
1298881054 -8.56887 41.1664
1298881055 -8.56887 41.1664
1298881056 -8.56887 41.1664
1298881057 -8.56887 41.1664
1298881058 -8.56887 41.1664
1298881059 -8.56887 41.1664
1298881060 -8.56887 41.1664
1298881061 -8.56887 41.1664
1298881062 -8.56887 41.1664
1298881063 -8.56887 41.1664
1298881064 -8.56887 41.1664
1298881065 -8.56887 41.1664
1298881066 -8.56887 41.1664
1298881067 -8.56887 41.1664
1298881068 -8.56887 41.1664
1298881069 -8.56887 41.1664
1298881070 -8.56887 41.1664
1298881071 -8.56887 41.1664
1298881072 -8.56887 41.1664
1298881073 -8.56887 41.1664
1298881074 -8.56887 41.1664
1298881075 -8.56887 41.1664
1298881076 -8.56887 41.1664
1298881077 -8.56887 41.1664
1298881078 -8.56887 41.1664
1298881079 -8.56887 41.1664
1298881080 -8.56887 41.1664
1298881081 -8.56887 41.1664
1298881082 -8.56887 41.1664
1298881083 -8.56887 41.1664
1298881084 -8.56887 41.1664
1298881085 -8.56887 41.1664
1298881086 -8.56887 41.1664
1298881087 -8.56887 41.1664
1298881088 -8.56887 41.1664
1298881089 -8.56887 41.1664
1298881090 -8.56887 41.1664
1298881091 -8.56887 41.1664
1298881092 -8.56887 41.1664
1298881093 -8.56887 41.1664
1298881094 -8.56887 41.1664
1298881095 -8.56887 41.1664
1298881096 -8.56887 41.1664
1298881097 -8.56887 41.1664
1298881098 -8.56887 41.1664
1298881099 -8.56887 41.1664
1298881100 -8.56887 41.1664
1298881101 -8.56887 41.1664
1298881102 -8.56887 41.1663
1298881103 -8.56887 41.1663
1298881104 -8.56887 41.1663
1298881105 -8.56887 41.1663
1298881106 -8.56887 41.1663
1298881107 -8.56887 41.1663
1298881108 -8.56887 41.1663
1298881109 -8.56887 41.1663
1298881110 -8.56887 41.1663
1298881111 -8.56887 41.1663
1298881112 -8.56887 41.1663
1298881113 -8.56887 41.1663
1298881114 -8.56887 41.1663
1298881115 -8.56887 41.1663
1298881116 -8.56887 41.1663
1298881117 -8.56887 41.1663
1298881118 -8.56887 41.1663
1298881119 -8.56887 41.1663
1298881120 -8.56887 41.1663
1298881121 -8.56887 41.1663
1298881122 -8.56887 41.1663
1298881123 -8.56888 41.1663
1298881124 -8.56888 41.1663
1298881125 -8.56888 41.1663
1298881126 -8.56888 41.1663
1298881127 -8.56888 41.1663
1298881128 -8.56888 41.1663
1298881129 -8.56888 41.1663
1298881130 -8.56888 41.1663
1298881131 -8.56888 41.1663
1298881132 -8.56888 41.1663
1298881133 -8.56888 41.1663
1298881134 -8.56888 41.1663
1298881135 -8.56889 41.1663
1298881136 -8.56889 41.1663
1298881137 -8.56889 41.1663
1298881138 -8.56889 41.1663
1298881139 -8.56889 41.1663
1298881140 -8.56889 41.1663
1298881141 -8.56889 41.1663
1298881142 -8.56889 41.1663
1298881143 -8.56889 41.1663
1298881144 -8.56889 41.1663
1298881145 -8.56889 41.1663
1298881146 -8.56889 41.1663
1298881147 -8.56889 41.1663
1298881148 -8.56889 41.1663
1298881149 -8.56889 41.1663
1298881150 -8.56889 41.1663
1298881151 -8.56889 41.1663
1298881152 -8.5689 41.1663
1298881153 -8.5689 41.1663
1298881154 -8.5689 41.1663
1298881155 -8.5689 41.1663
1298881156 -8.5689 41.1663
1298881157 -8.5689 41.1663
1298881158 -8.5689 41.1663
1298881159 -8.5689 41.1663
1298881160 -8.5689 41.1663
1298881161 -8.5689 41.1663
1298881162 -8.5689 41.1663
1298881163 -8.5689 41.1663
1298881164 -8.5689 41.1663
1298881165 -8.5689 41.1663
1298881166 -8.5689 41.1663
1298881167 -8.5689 41.1663
1298881168 -8.5689 41.1663
1298881169 -8.5689 41.1663
1298881170 -8.56889 41.1663
1298881171 -8.56889 41.1663
1298881172 -8.56889 41.1663
1298881173 -8.56889 41.1663
1298881174 -8.56888 41.1663
1298881175 -8.56888 41.1663
1298881176 -8.56888 41.1663
1298881177 -8.56888 41.1663
1298881178 -8.56888 41.1663
1298881179 -8.56887 41.1663
1298881180 -8.56887 41.1663
1298881181 -8.56887 41.1663
1298881182 -8.56887 41.1663
1298881183 -8.56887 41.1663
1298881184 -8.56887 41.1663
1298881185 -8.56887 41.1663
1298881186 -8.56887 41.1663
1298881187 -8.56887 41.1663
1298881188 -8.56887 41.1663
1298881189 -8.56887 41.1663
1298881190 -8.56887 41.1663
1298881191 -8.56887 41.1663
1298881192 -8.56887 41.1663
1298881193 -8.56887 41.1663
1298881194 -8.56887 41.1663
1298881195 -8.56887 41.1663
1298881196 -8.56887 41.1663
1298881197 -8.56887 41.1663
1298881198 -8.56887 41.1663
1298881199 -8.56888 41.1663
1298881200 -8.56888 41.1663
