:break:
1298880073 -8.62372 41.1579
1298880074 -8.6237 41.1579
1298880075 -8.62369 41.1579
1298880076 -8.62367 41.1578
1298880077 -8.62367 41.1578
1298880078 -8.62366 41.1578
1298880079 -8.62366 41.1578
1298880080 -8.62365 41.1578
1298880081 -8.62363 41.1578
1298880082 -8.62362 41.1578
1298880083 -8.62361 41.1578
1298880084 -8.6236 41.1578
1298880085 -8.62359 41.1578
1298880086 -8.62359 41.1578
1298880087 -8.62358 41.1578
1298880088 -8.62358 41.1578
1298880089 -8.62358 41.1578
1298880090 -8.62359 41.1578
1298880091 -8.62359 41.1578
1298880092 -8.62359 41.1578
1298880093 -8.6236 41.1578
1298880094 -8.6236 41.1578
1298880095 -8.6236 41.1578
1298880096 -8.62361 41.1578
1298880097 -8.62361 41.1578
1298880098 -8.62362 41.1578
1298880099 -8.62362 41.1578
1298880100 -8.62362 41.1578
1298880101 -8.62362 41.1578
1298880102 -8.62362 41.1578
1298880103 -8.62361 41.1578
1298880104 -8.62361 41.1578
1298880105 -8.62362 41.1578
1298880106 -8.62362 41.1578
1298880107 -8.62363 41.1578
1298880108 -8.62363 41.1578
1298880109 -8.62363 41.1578
1298880110 -8.62363 41.1578
1298880111 -8.62363 41.1578
1298880112 -8.62362 41.1578
1298880113 -8.62361 41.1578
1298880114 -8.6236 41.1578
1298880115 -8.6236 41.1578
1298880116 -8.6236 41.1578
1298880117 -8.6236 41.1578
1298880118 -8.62359 41.1578
1298880119 -8.62359 41.1578
1298880120 -8.62359 41.1578
1298880121 -8.62359 41.1578
1298880122 -8.62359 41.1578
1298880123 -8.62359 41.1578
1298880124 -8.62358 41.1578
1298880125 -8.62358 41.1578
1298880126 -8.62354 41.1579
1298880127 -8.62353 41.158
1298880128 -8.62352 41.158
1298880129 -8.62349 41.1581
1298880130 -8.62347 41.1582
1298880131 -8.62344 41.1583
1298880132 -8.62343 41.1583
1298880133 -8.62341 41.1584
1298880134 -8.6234 41.1584
1298880135 -8.6234 41.1584
1298880136 -8.62339 41.1585
1298880137 -8.62338 41.1585
1298880138 -8.62338 41.1585
1298880139 -8.62338 41.1585
1298880140 -8.62337 41.1585
1298880141 -8.62337 41.1585
1298880142 -8.62338 41.1585
1298880143 -8.62338 41.1585
1298880144 -8.62338 41.1585
1298880145 -8.62338 41.1585
1298880146 -8.62338 41.1585
1298880147 -8.6234 41.1585
1298880148 -8.62343 41.1585
1298880149 -8.62348 41.1586
1298880150 -8.62353 41.1586
1298880151 -8.62359 41.1587
1298880152 -8.62367 41.1587
1298880153 -8.62376 41.1588
1298880154 -8.62385 41.1588
1298880155 -8.62395 41.1589
1298880156 -8.62407 41.1589
1298880157 -8.62417 41.159
1298880158 -8.62427 41.1591
1298880159 -8.62435 41.1591
1298880160 -8.62442 41.1592
1298880161 -8.62447 41.1592
1298880162 -8.6245 41.1593
1298880163 -8.62454 41.1593
1298880164 -8.62456 41.1594
1298880165 -8.62458 41.1595
1298880166 -8.62462 41.1595
1298880167 -8.62465 41.1597
1298880168 -8.62466 41.1598
1298880169 -8.62469 41.1599
1298880170 -8.62472 41.16
1298880171 -8.62475 41.1601
1298880172 -8.62478 41.1602
1298880173 -8.62478 41.1603
1298880174 -8.62479 41.1604
1298880175 -8.6248 41.1605
1298880176 -8.6248 41.1606
1298880177 -8.6248 41.1608
1298880178 -8.62479 41.1609
1298880179 -8.6248 41.161
1298880180 -8.62481 41.1611
1298880181 -8.62481 41.1612
1298880182 -8.62482 41.1613
1298880183 -8.62483 41.1614
1298880184 -8.62483 41.1615
1298880185 -8.62484 41.1615
1298880186 -8.62485 41.1616
1298880187 -8.62486 41.1616
1298880188 -8.62486 41.1616
1298880189 -8.62485 41.1617
1298880190 -8.62484 41.1617
1298880191 -8.62484 41.1617
1298880192 -8.62484 41.1617
1298880193 -8.62484 41.1617
1298880194 -8.62484 41.1617
1298880195 -8.62483 41.1617
1298880196 -8.62483 41.1617
1298880197 -8.62483 41.1617
1298880198 -8.62481 41.1618
1298880199 -8.62483 41.1618
1298880200 -8.62484 41.1618
1298880201 -8.62487 41.1618
1298880202 -8.62494 41.1618
1298880203 -8.62501 41.1618
1298880204 -8.6251 41.1619
1298880205 -8.62519 41.1619
1298880206 -8.62531 41.1619
1298880207 -8.62543 41.1619
1298880208 -8.62556 41.162
1298880209 -8.62569 41.162
1298880210 -8.62583 41.162
1298880211 -8.62597 41.1621
1298880212 -8.62611 41.1621
1298880213 -8.62625 41.1621
1298880214 -8.62639 41.1621
1298880215 -8.62654 41.1622
1298880216 -8.62669 41.1622
1298880217 -8.62683 41.1622
1298880218 -8.62699 41.1623
1298880219 -8.62714 41.1623
1298880220 -8.62727 41.1623
1298880221 -8.6274 41.1624
1298880222 -8.62752 41.1624
1298880223 -8.6276 41.1624
1298880224 -8.62763 41.1624
1298880225 -8.62764 41.1624
1298880226 -8.62764 41.1624
1298880227 -8.62764 41.1624
1298880228 -8.62765 41.1624
1298880229 -8.6277 41.1624
1298880230 -8.6277 41.1624
1298880231 -8.62772 41.1625
1298880232 -8.62771 41.1625
1298880233 -8.62769 41.1626
1298880234 -8.62768 41.1626
1298880235 -8.62767 41.1627
1298880236 -8.62767 41.1628
1298880237 -8.62767 41.1628
1298880238 -8.62767 41.1628
1298880239 -8.62767 41.1629
1298880240 -8.62766 41.1629
1298880241 -8.62765 41.1629
1298880242 -8.62764 41.163
1298880243 -8.62763 41.163
1298880244 -8.62762 41.1631
1298880245 -8.62761 41.1631
1298880246 -8.6276 41.1631
1298880247 -8.6276 41.1632
1298880248 -8.62759 41.1632
1298880249 -8.62758 41.1632
1298880250 -8.62757 41.1632
1298880251 -8.62757 41.1632
1298880252 -8.62756 41.1633
1298880253 -8.62756 41.1633
1298880254 -8.62755 41.1633
1298880255 -8.62755 41.1633
1298880256 -8.62755 41.1633
1298880257 -8.62755 41.1633
1298880258 -8.62755 41.1633
1298880259 -8.62755 41.1633
1298880260 -8.62755 41.1633
1298880261 -8.62755 41.1633
1298880262 -8.62755 41.1633
1298880263 -8.62755 41.1633
1298880264 -8.62756 41.1633
1298880265 -8.62756 41.1633
1298880266 -8.62756 41.1633
1298880267 -8.62756 41.1633
1298880268 -8.62756 41.1633
1298880269 -8.62756 41.1633
1298880270 -8.62756 41.1633
1298880271 -8.62756 41.1633
1298880272 -8.62756 41.1633
1298880273 -8.62755 41.1633
1298880274 -8.62753 41.1634
1298880275 -8.62752 41.1634
1298880276 -8.6275 41.1635
1298880277 -8.62747 41.1636
1298880278 -8.62745 41.1637
1298880279 -8.62742 41.1638
1298880280 -8.62738 41.1639
1298880281 -8.62735 41.164
1298880282 -8.62732 41.1641
1298880283 -8.62729 41.1642
1298880284 -8.62726 41.1643
1298880285 -8.62723 41.1644
1298880286 -8.6272 41.1645
1298880287 -8.62718 41.1646
1298880288 -8.6272 41.1647
1298880289 -8.62725 41.1647
1298880290 -8.62732 41.1647
1298880291 -8.6274 41.1647
1298880292 -8.62749 41.1647
1298880293 -8.62759 41.1648
1298880294 -8.62769 41.1648
1298880295 -8.62781 41.1648
1298880296 -8.62794 41.1648
1298880297 -8.62809 41.1648
1298880298 -8.62825 41.1648
1298880299 -8.62845 41.1649
1298880300 -8.62866 41.1649
1298880301 -8.62886 41.1649
1298880302 -8.62906 41.1649
1298880303 -8.62925 41.165
1298880304 -8.62943 41.165
1298880305 -8.62961 41.165
1298880306 -8.62979 41.165
1298880307 -8.62997 41.1651
1298880308 -8.63013 41.1651
1298880309 -8.63029 41.1651
1298880310 -8.63044 41.1651
1298880311 -8.63059 41.1651
1298880312 -8.63073 41.165
1298880313 -8.63086 41.165
1298880314 -8.63097 41.165
1298880315 -8.63108 41.1649
1298880316 -8.63117 41.1649
1298880317 -8.63123 41.1648
1298880318 -8.6313 41.1648
1298880319 -8.63134 41.1648
1298880320 -8.63138 41.1648
1298880321 -8.63141 41.1647
1298880322 -8.63141 41.1647
1298880323 -8.63142 41.1647
1298880324 -8.63142 41.1647
1298880325 -8.63143 41.1648
1298880326 -8.63142 41.1648
1298880327 -8.63143 41.1648
1298880328 -8.63143 41.1648
1298880329 -8.63143 41.1648
1298880330 -8.63144 41.1648
1298880331 -8.63144 41.1648
1298880332 -8.63144 41.1648
1298880333 -8.63145 41.1648
1298880334 -8.63145 41.1648
1298880335 -8.63145 41.1648
1298880336 -8.63146 41.1648
1298880337 -8.63146 41.1648
1298880338 -8.63146 41.1648
1298880339 -8.63147 41.1648
1298880340 -8.63146 41.1648
1298880341 -8.63146 41.1648
1298880342 -8.63147 41.1648
1298880343 -8.63147 41.1648
1298880344 -8.63149 41.1647
1298880345 -8.63152 41.1647
1298880346 -8.63157 41.1647
1298880347 -8.63161 41.1647
1298880348 -8.63168 41.1647
1298880349 -8.63176 41.1646
1298880350 -8.63186 41.1646
1298880351 -8.63196 41.1645
1298880352 -8.63204 41.1645
1298880353 -8.63216 41.1644
1298880354 -8.63227 41.1644
1298880355 -8.63239 41.1643
1298880356 -8.6325 41.1642
1298880357 -8.63263 41.1642
1298880358 -8.63276 41.1641
1298880359 -8.63291 41.1641
1298880360 -8.63305 41.164
1298880361 -8.63318 41.1639
1298880362 -8.63331 41.1639
1298880363 -8.63343 41.1638
1298880364 -8.63356 41.1638
1298880365 -8.63368 41.1637
1298880366 -8.63381 41.1637
1298880367 -8.63392 41.1637
1298880368 -8.63406 41.1637
1298880369 -8.6342 41.1637
1298880370 -8.63435 41.1637
1298880371 -8.63452 41.1638
1298880372 -8.6347 41.1638
1298880373 -8.63488 41.1638
1298880374 -8.63506 41.1639
1298880375 -8.63522 41.1639
1298880376 -8.63539 41.164
1298880377 -8.63555 41.164
1298880378 -8.63573 41.1641
1298880379 -8.63591 41.1641
1298880380 -8.63608 41.1642
1298880381 -8.63626 41.1643
1298880382 -8.63645 41.1643
1298880383 -8.63663 41.1644
1298880384 -8.63681 41.1644
1298880385 -8.63699 41.1645
1298880386 -8.63718 41.1645
1298880387 -8.63738 41.1646
1298880388 -8.63759 41.1646
1298880389 -8.6378 41.1646
1298880390 -8.63799 41.1647
1298880391 -8.63819 41.1647
1298880392 -8.6384 41.1647
1298880393 -8.63861 41.1647
1298880394 -8.6388 41.1647
1298880395 -8.63899 41.1648
1298880396 -8.63918 41.1649
1298880397 -8.63935 41.1649
1298880398 -8.6395 41.1651
1298880399 -8.63966 41.1652
1298880400 -8.63982 41.1653
1298880401 -8.63999 41.1654
1298880402 -8.64017 41.1656
1298880403 -8.64033 41.1657
1298880404 -8.64049 41.1658
1298880405 -8.64064 41.166
1298880406 -8.64081 41.1661
1298880407 -8.64097 41.1662
1298880408 -8.64114 41.1664
1298880409 -8.64131 41.1665
1298880410 -8.64148 41.1666
1298880411 -8.64166 41.1668
1298880412 -8.64183 41.1669
1298880413 -8.642 41.1671
1298880414 -8.64217 41.1672
1298880415 -8.64234 41.1674
1298880416 -8.6425 41.1675
1298880417 -8.64267 41.1677
1298880418 -8.64283 41.1678
1298880419 -8.643 41.1679
1298880420 -8.64315 41.1681
1298880421 -8.64331 41.1682
1298880422 -8.64346 41.1683
1298880423 -8.64361 41.1684
1298880424 -8.64374 41.1685
1298880425 -8.64387 41.1687
1298880426 -8.64399 41.1688
1298880427 -8.64411 41.1689
1298880428 -8.64423 41.169
1298880429 -8.64434 41.1691
1298880430 -8.64445 41.1692
1298880431 -8.64455 41.1692
1298880432 -8.64464 41.1693
1298880433 -8.64474 41.1694
1298880434 -8.64485 41.1695
1298880435 -8.64497 41.1696
1298880436 -8.64509 41.1697
1298880437 -8.64522 41.1698
1298880438 -8.64536 41.17
1298880439 -8.64551 41.1701
1298880440 -8.64567 41.1702
1298880441 -8.64583 41.1703
1298880442 -8.64598 41.1705
1298880443 -8.64616 41.1706
1298880444 -8.64634 41.1707
1298880445 -8.64651 41.1709
1298880446 -8.64668 41.171
1298880447 -8.64686 41.1712
1298880448 -8.64703 41.1713
1298880449 -8.64721 41.1715
1298880450 -8.64738 41.1716
1298880451 -8.64754 41.1717
1298880452 -8.64771 41.1719
1298880453 -8.64788 41.172
1298880454 -8.64805 41.1721
1298880455 -8.64823 41.1723
1298880456 -8.64841 41.1724
1298880457 -8.64859 41.1726
1298880458 -8.64876 41.1727
1298880459 -8.64894 41.1729
1298880460 -8.64912 41.173
1298880461 -8.6493 41.1732
1298880462 -8.64948 41.1733
1298880463 -8.64967 41.1734
1298880464 -8.64985 41.1736
1298880465 -8.65004 41.1737
1298880466 -8.65022 41.1739
1298880467 -8.65039 41.174
1298880468 -8.65058 41.1742
1298880469 -8.65076 41.1743
1298880470 -8.65094 41.1745
1298880471 -8.65111 41.1746
1298880472 -8.65128 41.1748
1298880473 -8.65145 41.1749
1298880474 -8.65161 41.175
1298880475 -8.65177 41.1752
1298880476 -8.65193 41.1753
1298880477 -8.65208 41.1754
1298880478 -8.65224 41.1755
1298880479 -8.65238 41.1757
1298880480 -8.65254 41.1758
1298880481 -8.65267 41.1759
1298880482 -8.65282 41.176
1298880483 -8.65295 41.1762
1298880484 -8.6531 41.1763
1298880485 -8.65324 41.1764
1298880486 -8.65338 41.1765
1298880487 -8.65353 41.1767
1298880488 -8.65367 41.1768
1298880489 -8.65381 41.1769
1298880490 -8.65394 41.177
1298880491 -8.65408 41.1771
1298880492 -8.6542 41.1772
1298880493 -8.65433 41.1773
1298880494 -8.65445 41.1774
1298880495 -8.65456 41.1775
1298880496 -8.65466 41.1776
1298880497 -8.65475 41.1777
1298880498 -8.65481 41.1777
1298880499 -8.65487 41.1778
1298880500 -8.65491 41.1778
1298880501 -8.65495 41.1779
1298880502 -8.65498 41.1779
1298880503 -8.65498 41.1779
1298880504 -8.65498 41.1779
1298880505 -8.65498 41.1779
1298880506 -8.65498 41.1779
1298880507 -8.65498 41.1779
1298880508 -8.65498 41.1779
1298880509 -8.65499 41.1779
1298880510 -8.65499 41.178
1298880511 -8.65501 41.178
1298880512 -8.65503 41.1781
1298880513 -8.65505 41.1781
1298880514 -8.65507 41.1782
1298880515 -8.65511 41.1782
1298880516 -8.65517 41.1783
1298880517 -8.65524 41.1783
1298880518 -8.65532 41.1784
1298880519 -8.6554 41.1784
1298880520 -8.6555 41.1784
1298880521 -8.6556 41.1784
1298880522 -8.6557 41.1783
1298880523 -8.65579 41.1783
1298880524 -8.65587 41.1782
1298880525 -8.65594 41.1782
1298880526 -8.65599 41.1781
1298880527 -8.65606 41.178
1298880528 -8.65611 41.178
1298880529 -8.65618 41.1779
1298880530 -8.65627 41.1779
1298880531 -8.65638 41.1778
1298880532 -8.6565 41.1778
1298880533 -8.65661 41.1777
1298880534 -8.65673 41.1777
1298880535 -8.65686 41.1776
1298880536 -8.65696 41.1776
1298880537 -8.65707 41.1776
1298880538 -8.65717 41.1775
1298880539 -8.65725 41.1775
1298880540 -8.65733 41.1775
1298880541 -8.65739 41.1775
1298880542 -8.65742 41.1775
1298880543 -8.65744 41.1775
1298880544 -8.65746 41.1775
1298880545 -8.65746 41.1775
1298880546 -8.65746 41.1775
1298880547 -8.65747 41.1775
1298880548 -8.65746 41.1775
1298880549 -8.65747 41.1775
1298880550 -8.65747 41.1775
1298880551 -8.65747 41.1775
1298880552 -8.65747 41.1775
1298880553 -8.65747 41.1775
1298880554 -8.65747 41.1775
1298880555 -8.65746 41.1775
1298880556 -8.65746 41.1775
1298880557 -8.65746 41.1775
1298880558 -8.65746 41.1775
1298880559 -8.65746 41.1775
1298880560 -8.65746 41.1775
1298880561 -8.65746 41.1775
1298880562 -8.65747 41.1775
1298880563 -8.65747 41.1775
1298880564 -8.65747 41.1775
1298880565 -8.65748 41.1775
1298880566 -8.6575 41.1775
1298880567 -8.65751 41.1775
1298880568 -8.65752 41.1775
1298880569 -8.65752 41.1775
1298880570 -8.65752 41.1775
1298880571 -8.65752 41.1775
1298880572 -8.65752 41.1775
1298880573 -8.65752 41.1775
1298880574 -8.65752 41.1775
1298880575 -8.65752 41.1775
1298880576 -8.65753 41.1775
1298880577 -8.65753 41.1775
1298880578 -8.65753 41.1775
1298880579 -8.65753 41.1775
1298880580 -8.65754 41.1775
1298880581 -8.65756 41.1775
1298880582 -8.65759 41.1774
1298880583 -8.6576 41.1774
1298880584 -8.6576 41.1774
1298880585 -8.6576 41.1774
1298880586 -8.6576 41.1774
1298880587 -8.6576 41.1774
1298880588 -8.6576 41.1774
1298880589 -8.6576 41.1774
1298880590 -8.6576 41.1774
1298880591 -8.65761 41.1774
1298880592 -8.65762 41.1774
1298880593 -8.65762 41.1774
1298880594 -8.65762 41.1774
1298880595 -8.65763 41.1774
1298880596 -8.65763 41.1774
1298880597 -8.65763 41.1774
1298880598 -8.65763 41.1774
1298880599 -8.65763 41.1774
1298880600 -8.65762 41.1774
1298880601 -8.6576 41.1773
1298880602 -8.65757 41.1773
1298880603 -8.65753 41.1772
1298880604 -8.6575 41.1772
1298880605 -8.65745 41.1771
1298880606 -8.65741 41.177
1298880607 -8.65735 41.177
1298880608 -8.65731 41.1769
1298880609 -8.65726 41.1768
1298880610 -8.6572 41.1767
1298880611 -8.65714 41.1766
1298880612 -8.6571 41.1766
1298880613 -8.65705 41.1765
1298880614 -8.65702 41.1764
1298880615 -8.65696 41.1764
1298880616 -8.65694 41.1763
1298880617 -8.65693 41.1763
1298880618 -8.65695 41.1762
1298880619 -8.65698 41.1762
1298880620 -8.65704 41.1762
1298880621 -8.65711 41.1762
1298880622 -8.65717 41.1762
1298880623 -8.65725 41.1762
1298880624 -8.65733 41.1762
1298880625 -8.6574 41.1762
1298880626 -8.65744 41.1762
1298880627 -8.65746 41.1762
1298880628 -8.65748 41.1762
1298880629 -8.65748 41.1762
1298880630 -8.65748 41.1762
1298880631 -8.65749 41.1761
1298880632 -8.65748 41.1761
1298880633 -8.65749 41.1761
1298880634 -8.65749 41.1761
1298880635 -8.65751 41.1761
1298880636 -8.65752 41.1761
1298880637 -8.65757 41.176
1298880638 -8.65762 41.176
1298880639 -8.6577 41.176
1298880640 -8.65778 41.176
1298880641 -8.65787 41.176
1298880642 -8.65793 41.176
1298880643 -8.65797 41.176
1298880644 -8.658 41.176
1298880645 -8.65801 41.176
1298880646 -8.65801 41.1759
1298880647 -8.65799 41.1759
1298880648 -8.65796 41.1759
1298880649 -8.65794 41.1759
1298880650 -8.65789 41.1759
1298880651 -8.65785 41.1759
1298880652 -8.65778 41.1759
1298880653 -8.65773 41.1759
1298880654 -8.65768 41.1759
1298880655 -8.65763 41.1759
1298880656 -8.65758 41.1759
1298880657 -8.65752 41.1759
1298880658 -8.65747 41.1759
1298880659 -8.65742 41.1759
1298880660 -8.6574 41.1759
1298880661 -8.65739 41.1759
1298880662 -8.6574 41.1759
1298880663 -8.6574 41.1759
1298880664 -8.6574 41.1759
1298880665 -8.6574 41.1759
1298880666 -8.6574 41.1759
1298880667 -8.6574 41.1759
1298880668 -8.6574 41.1759
1298880669 -8.6574 41.1759
1298880670 -8.6574 41.1759
1298880671 -8.65741 41.1759
1298880672 -8.65741 41.1759
1298880673 -8.65741 41.1759
1298880674 -8.6574 41.1759
1298880675 -8.6574 41.1759
1298880676 -8.65738 41.1759
1298880677 -8.65736 41.1759
1298880678 -8.65735 41.1759
1298880679 -8.65735 41.176
1298880680 -8.65736 41.176
1298880681 -8.65737 41.1761
1298880682 -8.65738 41.1761
1298880683 -8.65738 41.1761
1298880684 -8.65739 41.1761
1298880685 -8.65738 41.1762
1298880686 -8.65739 41.1762
1298880687 -8.65738 41.1762
1298880688 -8.65738 41.1762
1298880689 -8.65738 41.1762
1298880690 -8.65737 41.1762
1298880691 -8.65735 41.1762
1298880692 -8.65733 41.1762
1298880693 -8.65729 41.1762
1298880694 -8.65724 41.1762
1298880695 -8.65716 41.1762
1298880696 -8.65709 41.1762
1298880697 -8.65703 41.1762
1298880698 -8.65697 41.1762
1298880699 -8.65692 41.1762
1298880700 -8.65688 41.1762
1298880701 -8.65685 41.1762
1298880702 -8.6568 41.1761
1298880703 -8.65677 41.1761
1298880704 -8.65672 41.176
1298880705 -8.65669 41.176
1298880706 -8.65665 41.176
1298880707 -8.65662 41.1759
1298880708 -8.65658 41.1759
1298880709 -8.65652 41.176
1298880710 -8.65646 41.176
1298880711 -8.65639 41.176
1298880712 -8.65629 41.176
1298880713 -8.65618 41.1761
1298880714 -8.65606 41.1761
1298880715 -8.65597 41.1761
1298880716 -8.65586 41.1762
1298880717 -8.65577 41.1762
1298880718 -8.65569 41.1763
1298880719 -8.65561 41.1763
1298880720 -8.65553 41.1763
1298880721 -8.65548 41.1763
1298880722 -8.65544 41.1763
1298880723 -8.65539 41.1763
1298880724 -8.65535 41.1763
1298880725 -8.65529 41.1763
1298880726 -8.65525 41.1762
1298880727 -8.65519 41.1762
1298880728 -8.65512 41.1761
1298880729 -8.65504 41.176
1298880730 -8.65496 41.1759
1298880731 -8.65488 41.1759
1298880732 -8.6548 41.1758
1298880733 -8.65471 41.1758
1298880734 -8.65463 41.1757
1298880735 -8.65455 41.1756
1298880736 -8.65448 41.1756
1298880737 -8.6544 41.1755
1298880738 -8.65433 41.1755
1298880739 -8.65425 41.1754
1298880740 -8.65418 41.1753
1298880741 -8.65409 41.1753
1298880742 -8.65403 41.1752
1298880743 -8.65397 41.1751
1298880744 -8.65392 41.1751
1298880745 -8.65388 41.1751
1298880746 -8.65381 41.175
1298880747 -8.65375 41.175
1298880748 -8.65371 41.1749
1298880749 -8.65366 41.1749
1298880750 -8.65364 41.1749
1298880751 -8.65363 41.1749
1298880752 -8.65363 41.1749
1298880753 -8.65362 41.1748
1298880754 -8.6536 41.1748
1298880755 -8.65359 41.1748
1298880756 -8.65359 41.1748
1298880757 -8.65358 41.1748
1298880758 -8.65358 41.1748
1298880759 -8.65358 41.1748
1298880760 -8.65358 41.1748
1298880761 -8.65359 41.1748
1298880762 -8.6536 41.1748
1298880763 -8.65363 41.1747
1298880764 -8.65367 41.1747
1298880765 -8.65372 41.1746
1298880766 -8.65377 41.1746
1298880767 -8.65381 41.1746
1298880768 -8.65386 41.1745
1298880769 -8.6539 41.1745
1298880770 -8.65393 41.1744
1298880771 -8.65397 41.1744
1298880772 -8.654 41.1743
1298880773 -8.65405 41.1743
1298880774 -8.65409 41.1743
1298880775 -8.65412 41.1742
1298880776 -8.65416 41.1742
1298880777 -8.65419 41.1742
1298880778 -8.65424 41.1741
1298880779 -8.65427 41.1741
1298880780 -8.65432 41.174
1298880781 -8.65436 41.174
1298880782 -8.65438 41.1739
1298880783 -8.65442 41.1739
1298880784 -8.65445 41.1739
1298880785 -8.65447 41.1739
1298880786 -8.65448 41.1738
1298880787 -8.65449 41.1738
1298880788 -8.6545 41.1738
1298880789 -8.6545 41.1738
1298880790 -8.6545 41.1738
1298880791 -8.65451 41.1738
1298880792 -8.65451 41.1738
1298880793 -8.65451 41.1738
1298880794 -8.65452 41.1738
1298880795 -8.65452 41.1738
1298880796 -8.65452 41.1738
1298880797 -8.65452 41.1738
1298880798 -8.65453 41.1738
1298880799 -8.65453 41.1738
1298880800 -8.65453 41.1738
1298880801 -8.65453 41.1738
1298880802 -8.65453 41.1738
1298880803 -8.65453 41.1738
1298880804 -8.65453 41.1738
1298880805 -8.65453 41.1738
1298880806 -8.65453 41.1738
1298880807 -8.65453 41.1738
1298880808 -8.65453 41.1738
1298880809 -8.65453 41.1738
1298880810 -8.65453 41.1738
1298880811 -8.65453 41.1738
1298880812 -8.65453 41.1738
1298880813 -8.65453 41.1738
1298880814 -8.65453 41.1738
1298880815 -8.65453 41.1738
1298880816 -8.65454 41.1738
1298880817 -8.65454 41.1738
1298880818 -8.65454 41.1738
1298880819 -8.65454 41.1738
1298880820 -8.65454 41.1738
1298880821 -8.65454 41.1738
1298880822 -8.65454 41.1738
1298880823 -8.65454 41.1738
1298880824 -8.65454 41.1738
1298880825 -8.65454 41.1738
1298880826 -8.65454 41.1738
1298880827 -8.65454 41.1738
1298880828 -8.65454 41.1738
1298880829 -8.65454 41.1738
1298880830 -8.65454 41.1738
1298880831 -8.65454 41.1738
1298880832 -8.65454 41.1738
1298880833 -8.65454 41.1738
1298880834 -8.65454 41.1738
1298880835 -8.65454 41.1738
1298880836 -8.65454 41.1738
1298880837 -8.65454 41.1738
1298880838 -8.65454 41.1738
1298880839 -8.65454 41.1738
1298880840 -8.65454 41.1738
1298880841 -8.65454 41.1738
1298880842 -8.65454 41.1738
1298880843 -8.65454 41.1738
1298880844 -8.65453 41.1738
1298880845 -8.65453 41.1738
1298880846 -8.65453 41.1738
1298880847 -8.65453 41.1738
1298880848 -8.65453 41.1738
1298880849 -8.65453 41.1738
1298880850 -8.65453 41.1738
1298880851 -8.65454 41.1738
1298880852 -8.65454 41.1738
1298880853 -8.65454 41.1738
1298880854 -8.65454 41.1738
1298880855 -8.65454 41.1738
1298880856 -8.65454 41.1738
1298880857 -8.65454 41.1738
1298880858 -8.65454 41.1738
1298880859 -8.65454 41.1738
1298880860 -8.65454 41.1738
1298880861 -8.65454 41.1738
1298880862 -8.65455 41.1738
1298880863 -8.65455 41.1738
1298880864 -8.65455 41.1738
1298880865 -8.65455 41.1738
1298880866 -8.65455 41.1739
1298880867 -8.65455 41.1739
1298880868 -8.65456 41.1739
1298880869 -8.65456 41.1739
1298880870 -8.65456 41.1739
1298880871 -8.65456 41.1739
1298880872 -8.65456 41.1739
1298880873 -8.65456 41.1739
1298880874 -8.65456 41.1739
1298880875 -8.65456 41.1739
1298880876 -8.65456 41.1739
1298880877 -8.65456 41.1739
1298880878 -8.65456 41.1739
1298880879 -8.65456 41.1739
1298880880 -8.65456 41.1739
1298880881 -8.65456 41.1739
1298880882 -8.65456 41.1739
1298880883 -8.65456 41.1739
1298880884 -8.65456 41.1739
1298880885 -8.65456 41.1739
1298880886 -8.65457 41.1739
1298880887 -8.65457 41.1739
1298880888 -8.65457 41.1739
1298880889 -8.65457 41.1739
1298880890 -8.65457 41.1739
1298880891 -8.65457 41.1739
1298880892 -8.65457 41.1739
1298880893 -8.65457 41.1739
1298880894 -8.65457 41.1739
1298880895 -8.65457 41.1738
1298880896 -8.65457 41.1738
1298880897 -8.65457 41.1738
1298880898 -8.65456 41.1738
1298880899 -8.65456 41.1738
1298880900 -8.65456 41.1738
1298880901 -8.65456 41.1738
1298880902 -8.65456 41.1738
1298880903 -8.65456 41.1738
1298880904 -8.65456 41.1738
1298880905 -8.65456 41.1738
1298880906 -8.65455 41.1738
1298880907 -8.65455 41.1738
1298880908 -8.65455 41.1738
1298880909 -8.65455 41.1738
1298880910 -8.65455 41.1738
1298880911 -8.65455 41.1738
1298880912 -8.65455 41.1738
1298880913 -8.65455 41.1738
1298880914 -8.65455 41.1738
1298880915 -8.65455 41.1738
1298880916 -8.65455 41.1738
1298880917 -8.65455 41.1738
1298880918 -8.65455 41.1738
1298880919 -8.65455 41.1738
1298880920 -8.65456 41.1738
1298880921 -8.65456 41.1738
1298880922 -8.65456 41.1738
1298880923 -8.65456 41.1738
1298880924 -8.65456 41.1738
1298880925 -8.65457 41.1738
1298880926 -8.65457 41.1738
1298880927 -8.65457 41.1738
1298880928 -8.65457 41.1738
1298880929 -8.65457 41.1738
1298880930 -8.65457 41.1738
1298880931 -8.65457 41.1738
1298880932 -8.65457 41.1738
1298880933 -8.65458 41.1738
1298880934 -8.65458 41.1738
1298880935 -8.65458 41.1738
1298880936 -8.65458 41.1738
1298880937 -8.65458 41.1738
1298880938 -8.65458 41.1738
1298880939 -8.65458 41.1738
1298880940 -8.65458 41.1738
1298880941 -8.65458 41.1738
1298880942 -8.65458 41.1738
1298880943 -8.65458 41.1738
1298880944 -8.65458 41.1738
1298880945 -8.65458 41.1738
1298880946 -8.65458 41.1738
1298880947 -8.65458 41.1738
1298880948 -8.65459 41.1738
1298880949 -8.65459 41.1738
1298880950 -8.6546 41.1738
1298880951 -8.6546 41.1737
1298880952 -8.65461 41.1737
1298880953 -8.65462 41.1737
1298880954 -8.65462 41.1737
1298880955 -8.65462 41.1737
1298880956 -8.65462 41.1737
1298880957 -8.65462 41.1737
1298880958 -8.65462 41.1737
1298880959 -8.65462 41.1737
1298880960 -8.65462 41.1737
1298880961 -8.65462 41.1737
1298880962 -8.65462 41.1737
1298880963 -8.65462 41.1737
1298880964 -8.65462 41.1737
1298880965 -8.65463 41.1737
1298880966 -8.65463 41.1737
1298880967 -8.65463 41.1737
1298880968 -8.65463 41.1737
1298880969 -8.65463 41.1737
1298880970 -8.65463 41.1737
1298880971 -8.65463 41.1737
1298880972 -8.65463 41.1737
1298880973 -8.65463 41.1737
1298880974 -8.65463 41.1737
1298880975 -8.65463 41.1737
1298880976 -8.65463 41.1737
1298880977 -8.65463 41.1737
1298880978 -8.65463 41.1737
1298880979 -8.65463 41.1737
1298880980 -8.65464 41.1737
1298880981 -8.65464 41.1737
1298880982 -8.65464 41.1737
1298880983 -8.65464 41.1737
1298880984 -8.65464 41.1737
1298880985 -8.65464 41.1737
1298880986 -8.65464 41.1737
1298880987 -8.65464 41.1737
1298880988 -8.65464 41.1737
1298880989 -8.65464 41.1737
1298880990 -8.65465 41.1737
1298880991 -8.65465 41.1737
1298880992 -8.65465 41.1737
1298880993 -8.65465 41.1737
1298880994 -8.65465 41.1737
1298880995 -8.65465 41.1737
1298880996 -8.65464 41.1737
1298880997 -8.65464 41.1737
1298880998 -8.65464 41.1737
1298880999 -8.65464 41.1737
1298881000 -8.65464 41.1737
1298881001 -8.65464 41.1737
1298881002 -8.65464 41.1737
1298881003 -8.65463 41.1737
1298881004 -8.65463 41.1737
1298881005 -8.65463 41.1737
1298881006 -8.65462 41.1737
1298881007 -8.65462 41.1737
1298881008 -8.65462 41.1737
1298881009 -8.65462 41.1737
1298881010 -8.65462 41.1737
1298881011 -8.65462 41.1737
1298881012 -8.65462 41.1737
1298881013 -8.65462 41.1737
1298881014 -8.65462 41.1737
1298881015 -8.65462 41.1737
1298881016 -8.65462 41.1737
1298881017 -8.65462 41.1738
1298881018 -8.65461 41.1738
1298881019 -8.65461 41.1738
1298881020 -8.65461 41.1738
1298881021 -8.65461 41.1738
1298881022 -8.65461 41.1738
1298881023 -8.65461 41.1738
1298881024 -8.65461 41.1738
1298881025 -8.65461 41.1738
1298881026 -8.65462 41.1738
1298881027 -8.65462 41.1738
1298881028 -8.65462 41.1738
1298881029 -8.65462 41.1738
1298881030 -8.65462 41.1738
1298881031 -8.65462 41.1738
1298881032 -8.65462 41.1738
1298881033 -8.65462 41.1738
1298881034 -8.65462 41.1738
1298881035 -8.65462 41.1738
1298881036 -8.65462 41.1738
1298881037 -8.65462 41.1738
1298881038 -8.65462 41.1738
1298881039 -8.65462 41.1738
1298881040 -8.65462 41.1738
1298881041 -8.65462 41.1738
1298881042 -8.65462 41.1738
1298881043 -8.65462 41.1738
1298881044 -8.65462 41.1738
1298881045 -8.65462 41.1738
1298881046 -8.65462 41.1738
1298881047 -8.65462 41.1738
1298881048 -8.65462 41.1738
1298881049 -8.65462 41.1738
1298881050 -8.65462 41.1738
1298881051 -8.65462 41.1738
1298881052 -8.65462 41.1738
1298881053 -8.65462 41.1738
1298881054 -8.65462 41.1738
1298881055 -8.65462 41.1738
1298881056 -8.65462 41.1738
1298881057 -8.65462 41.1738
1298881058 -8.65462 41.1738
1298881059 -8.65462 41.1738
1298881060 -8.65462 41.1738
1298881061 -8.65462 41.1738
1298881062 -8.65461 41.1738
1298881063 -8.65461 41.1738
1298881064 -8.65461 41.1738
1298881065 -8.65461 41.1738
1298881066 -8.65461 41.1738
1298881067 -8.65461 41.1738
1298881068 -8.65461 41.1738
1298881069 -8.65461 41.1738
1298881070 -8.65461 41.1738
1298881071 -8.65461 41.1738
1298881072 -8.65461 41.1738
1298881073 -8.65461 41.1738
1298881074 -8.65461 41.1738
1298881075 -8.65461 41.1738
1298881076 -8.65461 41.1738
1298881077 -8.65461 41.1738
1298881078 -8.65461 41.1738
1298881079 -8.65461 41.1738
1298881080 -8.65461 41.1738
1298881081 -8.65461 41.1738
1298881082 -8.65461 41.1738
1298881083 -8.65461 41.1738
1298881084 -8.65461 41.1738
1298881085 -8.65462 41.1738
1298881086 -8.65462 41.1738
1298881087 -8.65462 41.1738
1298881088 -8.65462 41.1738
1298881089 -8.65462 41.1738
1298881090 -8.65462 41.1738
1298881091 -8.65462 41.1738
1298881092 -8.65462 41.1738
1298881093 -8.65462 41.1738
1298881094 -8.65462 41.1738
1298881095 -8.65462 41.1738
1298881096 -8.65462 41.1738
1298881097 -8.65462 41.1738
1298881098 -8.65462 41.1738
1298881099 -8.65462 41.1738
1298881100 -8.65462 41.1738
1298881101 -8.65462 41.1738
1298881102 -8.65462 41.1738
1298881103 -8.65462 41.1738
1298881104 -8.65462 41.1738
1298881105 -8.65462 41.1738
1298881106 -8.65462 41.1738
1298881107 -8.65462 41.1738
1298881108 -8.65462 41.1738
1298881109 -8.65462 41.1738
1298881110 -8.65462 41.1738
1298881111 -8.65462 41.1738
1298881112 -8.65462 41.1738
1298881113 -8.65462 41.1738
1298881114 -8.65462 41.1738
1298881115 -8.65462 41.1738
1298881116 -8.65462 41.1738
1298881117 -8.65462 41.1738
1298881118 -8.65462 41.1738
1298881119 -8.65462 41.1738
1298881120 -8.65462 41.1738
1298881121 -8.65463 41.1738
1298881122 -8.65463 41.1738
1298881123 -8.65463 41.1738
1298881124 -8.65462 41.1738
1298881125 -8.65462 41.1738
1298881126 -8.65463 41.1738
1298881127 -8.65463 41.1738
1298881128 -8.65463 41.1738
1298881129 -8.65463 41.1738
1298881130 -8.65463 41.1738
1298881131 -8.65463 41.1738
1298881132 -8.65463 41.1738
1298881133 -8.65463 41.1738
1298881134 -8.65463 41.1738
1298881135 -8.65463 41.1738
1298881136 -8.65463 41.1738
1298881137 -8.65463 41.1738
1298881138 -8.65463 41.1738
1298881139 -8.65463 41.1738
1298881140 -8.65463 41.1738
1298881141 -8.65463 41.1738
1298881142 -8.65463 41.1738
1298881143 -8.65463 41.1738
1298881144 -8.65463 41.1738
1298881145 -8.65463 41.1738
1298881146 -8.65463 41.1738
1298881147 -8.65463 41.1738
1298881148 -8.65463 41.1738
1298881149 -8.65463 41.1738
1298881150 -8.65462 41.1738
1298881151 -8.65462 41.1738
1298881152 -8.65462 41.1738
1298881153 -8.65462 41.1738
1298881154 -8.65462 41.1738
1298881155 -8.65463 41.1738
1298881156 -8.65463 41.1738
1298881157 -8.65463 41.1738
1298881158 -8.65463 41.1738
1298881159 -8.65463 41.1738
1298881160 -8.65463 41.1738
1298881161 -8.65463 41.1738
1298881162 -8.65463 41.1738
1298881163 -8.65463 41.1738
1298881164 -8.65463 41.1738
1298881165 -8.65463 41.1738
1298881166 -8.65463 41.1738
1298881167 -8.65463 41.1738
1298881168 -8.65463 41.1738
1298881169 -8.65463 41.1738
1298881170 -8.65463 41.1738
1298881171 -8.65463 41.1738
1298881172 -8.65463 41.1738
1298881173 -8.65464 41.1738
1298881174 -8.65464 41.1737
1298881175 -8.65464 41.1737
1298881176 -8.65464 41.1737
1298881177 -8.65464 41.1737
1298881178 -8.65464 41.1737
1298881179 -8.65464 41.1737
1298881180 -8.65464 41.1737
1298881181 -8.65464 41.1737
1298881182 -8.65464 41.1737
1298881183 -8.65463 41.1737
1298881184 -8.65463 41.1737
1298881185 -8.65463 41.1737
1298881186 -8.65463 41.1737
1298881187 -8.65463 41.1737
1298881188 -8.65463 41.1737
1298881189 -8.65462 41.1737
1298881190 -8.65462 41.1737
1298881191 -8.65462 41.1737
1298881192 -8.65462 41.1737
1298881193 -8.65462 41.1737
1298881194 -8.65462 41.1737
1298881195 -8.65462 41.1737
1298881196 -8.65461 41.1737
1298881197 -8.65461 41.1737
1298881198 -8.6546 41.1737
1298881199 -8.6546 41.1738
1298881200 -8.6546 41.1738
