:break:
1298880033 -8.619 41.1501
1298880034 -8.61899 41.1501
1298880035 -8.61899 41.1501
1298880036 -8.61899 41.1501
1298880037 -8.619 41.1501
1298880038 -8.61904 41.1501
1298880039 -8.61906 41.15
1298880040 -8.61907 41.15
1298880041 -8.61906 41.15
1298880042 -8.61905 41.1501
1298880043 -8.61904 41.1501
1298880044 -8.61904 41.1501
1298880045 -8.61902 41.1501
1298880046 -8.619 41.1501
1298880047 -8.61899 41.1501
1298880048 -8.61899 41.1501
1298880049 -8.61899 41.1501
1298880050 -8.61899 41.1501
1298880051 -8.61899 41.1501
1298880052 -8.61899 41.1501
1298880053 -8.61899 41.1501
1298880054 -8.61899 41.1501
1298880055 -8.61899 41.1501
1298880056 -8.61899 41.1501
1298880057 -8.61899 41.1501
1298880058 -8.619 41.1501
1298880059 -8.619 41.1501
1298880060 -8.61899 41.1501
1298880061 -8.61899 41.1501
1298880062 -8.61899 41.1501
1298880063 -8.619 41.1501
1298880064 -8.619 41.1501
1298880065 -8.619 41.1501
1298880066 -8.619 41.1501
1298880067 -8.619 41.1501
1298880068 -8.619 41.1501
1298880069 -8.61901 41.1501
1298880070 -8.61902 41.1501
1298880071 -8.61901 41.1501
1298880072 -8.61901 41.1501
1298880073 -8.619 41.1501
1298880074 -8.619 41.1502
1298880075 -8.619 41.1502
1298880076 -8.61899 41.1502
1298880077 -8.61899 41.1502
1298880078 -8.619 41.1502
1298880079 -8.619 41.1502
1298880080 -8.61901 41.1502
1298880081 -8.61901 41.1502
1298880082 -8.61901 41.1502
1298880083 -8.619 41.1501
1298880084 -8.61901 41.1501
1298880085 -8.61901 41.1501
1298880086 -8.61902 41.1501
1298880087 -8.61902 41.1501
1298880088 -8.61903 41.1501
1298880089 -8.61904 41.1501
1298880090 -8.61905 41.1501
1298880091 -8.61906 41.1501
1298880092 -8.61907 41.1501
1298880093 -8.61908 41.1501
1298880094 -8.61908 41.1501
1298880095 -8.61908 41.1501
1298880096 -8.61909 41.1501
1298880097 -8.61908 41.1501
1298880098 -8.61908 41.1501
1298880099 -8.61908 41.1501
1298880100 -8.61908 41.1501
1298880101 -8.61909 41.1501
1298880102 -8.6191 41.1501
1298880103 -8.61911 41.1501
1298880104 -8.61911 41.1501
1298880105 -8.61912 41.1501
1298880106 -8.61912 41.1501
1298880107 -8.61912 41.1501
1298880108 -8.61913 41.1501
1298880109 -8.61913 41.1501
1298880110 -8.61913 41.1501
1298880111 -8.61912 41.1501
1298880112 -8.61912 41.1501
1298880113 -8.61912 41.1501
1298880114 -8.61912 41.1501
1298880115 -8.61913 41.1501
1298880116 -8.61913 41.1501
1298880117 -8.61913 41.1501
1298880118 -8.61914 41.1501
1298880119 -8.61914 41.1501
1298880120 -8.61914 41.1501
1298880121 -8.61915 41.1501
1298880122 -8.61915 41.1501
1298880123 -8.61915 41.1501
1298880124 -8.61915 41.1501
1298880125 -8.61915 41.1501
1298880126 -8.61916 41.1501
1298880127 -8.61916 41.1501
1298880128 -8.61916 41.1501
1298880129 -8.61917 41.1501
1298880130 -8.61916 41.1501
1298880131 -8.61916 41.1501
1298880132 -8.61915 41.1501
1298880133 -8.61913 41.1501
1298880134 -8.6191 41.1501
1298880135 -8.61908 41.1501
1298880136 -8.61908 41.1501
1298880137 -8.61906 41.1501
1298880138 -8.61905 41.1501
1298880139 -8.61906 41.15
1298880140 -8.61905 41.15
1298880141 -8.61901 41.15
1298880142 -8.61894 41.15
1298880143 -8.6189 41.15
1298880144 -8.6189 41.15
1298880145 -8.61895 41.15
1298880146 -8.61896 41.15
1298880147 -8.61897 41.15
1298880148 -8.61898 41.15
1298880149 -8.61897 41.1499
1298880150 -8.61895 41.1499
1298880151 -8.61892 41.1499
1298880152 -8.61888 41.1499
1298880153 -8.6188 41.1499
1298880154 -8.61866 41.15
1298880155 -8.61853 41.1501
1298880156 -8.61848 41.1501
1298880157 -8.61842 41.1501
1298880158 -8.61837 41.1501
1298880159 -8.61833 41.1501
1298880160 -8.61825 41.1501
1298880161 -8.61818 41.1502
1298880162 -8.61814 41.1502
1298880163 -8.61809 41.1501
1298880164 -8.618 41.15
1298880165 -8.61786 41.1502
1298880166 -8.61784 41.1502
1298880167 -8.61782 41.1502
1298880168 -8.61781 41.1502
1298880169 -8.61779 41.1502
1298880170 -8.61777 41.1502
1298880171 -8.61773 41.1502
1298880172 -8.6177 41.1502
1298880173 -8.61766 41.1502
1298880174 -8.61763 41.1502
1298880175 -8.61762 41.1502
1298880176 -8.61756 41.1502
1298880177 -8.61753 41.1502
1298880178 -8.61751 41.1502
1298880179 -8.61746 41.1502
:break:
1298880183 -8.61736 41.1502
1298880184 -8.61716 41.1501
1298880185 -8.61709 41.1501
1298880186 -8.61703 41.1501
1298880187 -8.61698 41.15
1298880188 -8.61687 41.15
1298880189 -8.61677 41.1499
1298880190 -8.61668 41.1499
1298880191 -8.61665 41.1499
1298880192 -8.61673 41.1498
1298880193 -8.61673 41.1497
1298880194 -8.61671 41.1496
1298880195 -8.61668 41.1496
1298880196 -8.61665 41.1495
1298880197 -8.61664 41.1495
1298880198 -8.61661 41.1494
1298880199 -8.61658 41.1494
1298880200 -8.61656 41.1493
1298880201 -8.61655 41.1493
1298880202 -8.61654 41.1492
1298880203 -8.61647 41.1492
1298880204 -8.61643 41.1491
1298880205 -8.6164 41.1491
1298880206 -8.61632 41.149
1298880207 -8.61628 41.1489
1298880208 -8.61627 41.1489
1298880209 -8.61627 41.1489
1298880210 -8.61626 41.1489
1298880211 -8.61626 41.1489
1298880212 -8.61628 41.1488
1298880213 -8.61628 41.1488
1298880214 -8.61627 41.1488
1298880215 -8.61627 41.1488
1298880216 -8.61625 41.1487
1298880217 -8.61622 41.1487
1298880218 -8.61619 41.1486
1298880219 -8.61616 41.1486
1298880220 -8.61613 41.1485
1298880221 -8.6161 41.1484
1298880222 -8.61607 41.1484
1298880223 -8.61603 41.1483
1298880224 -8.61597 41.1483
1298880225 -8.61591 41.1483
1298880226 -8.61585 41.1483
1298880227 -8.61582 41.1483
1298880228 -8.61578 41.1483
1298880229 -8.61575 41.1484
1298880230 -8.61572 41.1484
1298880231 -8.61569 41.1484
1298880232 -8.61565 41.1485
1298880233 -8.61559 41.1485
1298880234 -8.61555 41.1486
1298880235 -8.61545 41.1487
1298880236 -8.61537 41.1488
1298880237 -8.61529 41.1488
1298880238 -8.61521 41.1489
1298880239 -8.61517 41.1489
1298880240 -8.61512 41.1489
1298880241 -8.61511 41.1489
1298880242 -8.61511 41.1489
1298880243 -8.61523 41.1487
1298880244 -8.61523 41.1488
1298880245 -8.61521 41.1488
1298880246 -8.61515 41.1489
1298880247 -8.61506 41.1491
1298880248 -8.61499 41.1492
1298880249 -8.61492 41.1493
1298880250 -8.61487 41.1493
1298880251 -8.61485 41.1494
1298880252 -8.61497 41.1495
1298880253 -8.61494 41.1496
1298880254 -8.61492 41.1498
1298880255 -8.61488 41.15
1298880256 -8.61485 41.1501
1298880257 -8.61482 41.1502
1298880258 -8.61482 41.1503
1298880259 -8.6148 41.1504
1298880260 -8.61478 41.1505
1298880261 -8.61477 41.1505
1298880262 -8.61474 41.1506
1298880263 -8.61469 41.1507
1298880264 -8.61473 41.1507
1298880265 -8.61465 41.1509
1298880266 -8.61467 41.151
1298880267 -8.61472 41.151
1298880268 -8.61476 41.151
1298880269 -8.61476 41.151
1298880270 -8.61472 41.151
1298880271 -8.61467 41.1511
1298880272 -8.61461 41.1512
1298880273 -8.61464 41.1512
1298880274 -8.61452 41.1514
1298880275 -8.61446 41.1515
1298880276 -8.61442 41.1515
1298880277 -8.61436 41.1515
1298880278 -8.61429 41.1515
1298880279 -8.6142 41.1515
1298880280 -8.61412 41.1515
1298880281 -8.61403 41.1515
1298880282 -8.61397 41.1515
1298880283 -8.61395 41.1515
1298880284 -8.61397 41.1516
1298880285 -8.61395 41.1516
1298880286 -8.61395 41.1516
1298880287 -8.61399 41.1515
1298880288 -8.61401 41.1515
1298880289 -8.61396 41.1516
1298880290 -8.61395 41.1516
1298880291 -8.61396 41.1516
1298880292 -8.61394 41.1517
1298880293 -8.61395 41.1516
1298880294 -8.61393 41.1517
1298880295 -8.61393 41.1517
1298880296 -8.61395 41.1517
1298880297 -8.61389 41.1519
1298880298 -8.61384 41.152
1298880299 -8.61379 41.152
1298880300 -8.61377 41.1521
1298880301 -8.61377 41.1522
1298880302 -8.61377 41.1522
1298880303 -8.61377 41.1523
1298880304 -8.61377 41.1523
1298880305 -8.61377 41.1524
1298880306 -8.61378 41.1524
1298880307 -8.61376 41.1524
1298880308 -8.61374 41.1524
1298880309 -8.61372 41.1525
1298880310 -8.61371 41.1525
1298880311 -8.61369 41.1525
1298880312 -8.61365 41.1525
1298880313 -8.61359 41.1525
1298880314 -8.61355 41.1526
1298880315 -8.61352 41.1526
1298880316 -8.6135 41.1527
1298880317 -8.61352 41.1527
1298880318 -8.61358 41.1527
1298880319 -8.61358 41.1527
1298880320 -8.61357 41.1527
1298880321 -8.61354 41.1528
1298880322 -8.61351 41.1528
1298880323 -8.6135 41.1529
1298880324 -8.61356 41.153
1298880325 -8.61355 41.153
1298880326 -8.61357 41.1531
1298880327 -8.61354 41.1531
1298880328 -8.61351 41.1532
1298880329 -8.61346 41.1533
1298880330 -8.61341 41.1533
1298880331 -8.61336 41.1534
1298880332 -8.61331 41.1534
1298880333 -8.61328 41.1534
1298880334 -8.61324 41.1534
1298880335 -8.61341 41.1534
1298880336 -8.61342 41.1534
1298880337 -8.61341 41.1534
1298880338 -8.61341 41.1534
1298880339 -8.61341 41.1534
1298880340 -8.6134 41.1535
1298880341 -8.61341 41.1535
1298880342 -8.61341 41.1535
1298880343 -8.61341 41.1535
1298880344 -8.61341 41.1535
1298880345 -8.61341 41.1535
1298880346 -8.61342 41.1535
1298880347 -8.61343 41.1535
1298880348 -8.61344 41.1535
:break:
1298880351 -8.61345 41.1534
1298880352 -8.61345 41.1534
1298880353 -8.61343 41.1534
1298880354 -8.61341 41.1534
1298880355 -8.61341 41.1534
1298880356 -8.61344 41.1534
1298880357 -8.61343 41.1535
1298880358 -8.61343 41.1535
1298880359 -8.61341 41.1535
1298880360 -8.61337 41.1535
1298880361 -8.61337 41.1536
1298880362 -8.61336 41.1536
1298880363 -8.61331 41.1537
1298880364 -8.61323 41.1538
1298880365 -8.61318 41.1538
1298880366 -8.6131 41.1538
1298880367 -8.61301 41.1538
1298880368 -8.61291 41.1538
1298880369 -8.61278 41.1538
1298880370 -8.61265 41.1538
1298880371 -8.6126 41.1538
1298880372 -8.61252 41.1537
1298880373 -8.61236 41.1538
1298880374 -8.61223 41.1538
1298880375 -8.61209 41.1538
1298880376 -8.61197 41.1538
1298880377 -8.61185 41.1538
1298880378 -8.61171 41.1537
1298880379 -8.61156 41.1537
1298880380 -8.61142 41.1537
1298880381 -8.61126 41.1537
1298880382 -8.6111 41.1537
1298880383 -8.61094 41.1537
1298880384 -8.61079 41.1537
1298880385 -8.61063 41.1537
1298880386 -8.61048 41.1537
1298880387 -8.61033 41.1537
1298880388 -8.61016 41.1537
1298880389 -8.61 41.1537
1298880390 -8.60984 41.1537
1298880391 -8.60969 41.1537
1298880392 -8.60953 41.1537
1298880393 -8.60936 41.1537
1298880394 -8.60922 41.1537
1298880395 -8.60908 41.1537
1298880396 -8.60893 41.1536
1298880397 -8.60881 41.1536
1298880398 -8.60868 41.1537
1298880399 -8.60854 41.1537
1298880400 -8.60843 41.1536
1298880401 -8.60831 41.1536
1298880402 -8.60819 41.1536
:break:
1298880404 -8.60784 41.1535
1298880405 -8.6077 41.1535
1298880406 -8.60756 41.1535
1298880407 -8.60744 41.1535
1298880408 -8.60732 41.1535
1298880409 -8.6072 41.1535
1298880410 -8.60707 41.1535
1298880411 -8.60696 41.1535
1298880412 -8.60685 41.1534
1298880413 -8.60673 41.1534
1298880414 -8.60663 41.1534
1298880415 -8.60653 41.1534
1298880416 -8.60644 41.1534
1298880417 -8.60636 41.1534
1298880418 -8.60629 41.1533
1298880419 -8.6062 41.1532
1298880420 -8.60612 41.1532
1298880421 -8.60606 41.1531
1298880422 -8.60605 41.153
1298880423 -8.60605 41.1529
1298880424 -8.60607 41.1528
1298880425 -8.60611 41.1527
1298880426 -8.60617 41.1526
1298880427 -8.60623 41.1525
1298880428 -8.6063 41.1525
1298880429 -8.60638 41.1524
1298880430 -8.60645 41.1524
1298880431 -8.60655 41.1524
1298880432 -8.60665 41.1523
1298880433 -8.60671 41.1523
1298880434 -8.60676 41.1522
1298880435 -8.60684 41.1522
1298880436 -8.60691 41.1521
1298880437 -8.60697 41.152
1298880438 -8.60703 41.1519
1298880439 -8.60709 41.1518
1298880440 -8.60715 41.1517
1298880441 -8.60724 41.1516
1298880442 -8.60729 41.1515
1298880443 -8.60734 41.1514
1298880444 -8.60736 41.1513
1298880445 -8.60741 41.1513
1298880446 -8.60749 41.1512
1298880447 -8.60742 41.1511
1298880448 -8.60734 41.1511
1298880449 -8.60731 41.1511
1298880450 -8.6073 41.1511
1298880451 -8.6073 41.1511
1298880452 -8.60728 41.151
1298880453 -8.60724 41.151
1298880454 -8.60718 41.151
1298880455 -8.60711 41.1509
1298880456 -8.60705 41.1509
1298880457 -8.607 41.1509
1298880458 -8.60694 41.1508
1298880459 -8.60693 41.1508
1298880460 -8.60692 41.1508
1298880461 -8.60691 41.1507
1298880462 -8.60691 41.1507
1298880463 -8.60691 41.1507
1298880464 -8.60691 41.1506
1298880465 -8.60692 41.1506
1298880466 -8.60693 41.1506
1298880467 -8.60693 41.1505
1298880468 -8.60694 41.1505
1298880469 -8.60695 41.1505
1298880470 -8.60696 41.1505
1298880471 -8.60696 41.1505
1298880472 -8.60698 41.1505
1298880473 -8.60701 41.1505
1298880474 -8.60702 41.1504
1298880475 -8.60704 41.1504
1298880476 -8.60705 41.1504
1298880477 -8.60708 41.1504
1298880478 -8.60707 41.1504
1298880479 -8.60708 41.1504
1298880480 -8.60709 41.1504
1298880481 -8.60709 41.1504
1298880482 -8.60709 41.1504
1298880483 -8.6071 41.1504
1298880484 -8.6071 41.1504
1298880485 -8.6071 41.1504
1298880486 -8.60709 41.1504
1298880487 -8.60709 41.1504
1298880488 -8.60708 41.1504
1298880489 -8.60708 41.1503
1298880490 -8.60709 41.1503
1298880491 -8.60709 41.1503
1298880492 -8.60709 41.1503
1298880493 -8.60709 41.1503
1298880494 -8.60709 41.1503
1298880495 -8.6071 41.1503
1298880496 -8.6071 41.1503
1298880497 -8.6071 41.1503
1298880498 -8.6071 41.1503
1298880499 -8.6071 41.1503
1298880500 -8.6071 41.1503
1298880501 -8.6071 41.1503
1298880502 -8.6071 41.1503
1298880503 -8.60709 41.1503
1298880504 -8.60709 41.1503
1298880505 -8.60709 41.1503
1298880506 -8.60709 41.1503
1298880507 -8.60709 41.1503
1298880508 -8.60709 41.1503
1298880509 -8.60709 41.1503
1298880510 -8.60708 41.1503
1298880511 -8.60708 41.1503
1298880512 -8.60708 41.1503
1298880513 -8.60708 41.1503
1298880514 -8.60707 41.1503
1298880515 -8.60708 41.1503
1298880516 -8.60708 41.1503
1298880517 -8.60708 41.1503
1298880518 -8.60707 41.1503
1298880519 -8.60706 41.1503
1298880520 -8.60706 41.1503
1298880521 -8.60706 41.1503
1298880522 -8.60705 41.1502
1298880523 -8.60706 41.1502
1298880524 -8.60705 41.1502
1298880525 -8.60706 41.1502
1298880526 -8.60706 41.1502
1298880527 -8.60707 41.1502
1298880528 -8.60708 41.1503
1298880529 -8.60708 41.1503
1298880530 -8.60709 41.1503
1298880531 -8.6071 41.1503
1298880532 -8.6071 41.1503
1298880533 -8.60711 41.1503
1298880534 -8.60711 41.1503
1298880535 -8.60711 41.1503
1298880536 -8.60711 41.1503
1298880537 -8.60711 41.1503
1298880538 -8.60712 41.1503
1298880539 -8.60713 41.1503
1298880540 -8.60713 41.1503
1298880541 -8.60714 41.1503
1298880542 -8.60715 41.1503
1298880543 -8.60715 41.1503
1298880544 -8.60716 41.1503
1298880545 -8.60717 41.1503
1298880546 -8.60717 41.1503
1298880547 -8.60717 41.1503
1298880548 -8.60717 41.1503
1298880549 -8.60718 41.1503
1298880550 -8.60718 41.1503
1298880551 -8.60718 41.1503
1298880552 -8.60717 41.1503
1298880553 -8.60717 41.1503
1298880554 -8.60717 41.1503
1298880555 -8.60717 41.1503
1298880556 -8.60717 41.1502
1298880557 -8.60717 41.1502
1298880558 -8.60717 41.1502
1298880559 -8.60717 41.1502
1298880560 -8.60718 41.1502
1298880561 -8.60718 41.1502
1298880562 -8.60717 41.1502
1298880563 -8.60717 41.1502
1298880564 -8.60717 41.1502
1298880565 -8.60718 41.1502
1298880566 -8.60718 41.1502
1298880567 -8.60718 41.1502
1298880568 -8.60718 41.1502
1298880569 -8.60718 41.1502
1298880570 -8.60718 41.1502
1298880571 -8.60718 41.1502
1298880572 -8.60718 41.1502
1298880573 -8.60718 41.1502
1298880574 -8.60717 41.1502
1298880575 -8.60717 41.1502
1298880576 -8.60716 41.1503
1298880577 -8.60716 41.1503
1298880578 -8.60715 41.1503
1298880579 -8.60715 41.1503
1298880580 -8.60714 41.1503
1298880581 -8.60714 41.1503
1298880582 -8.60714 41.1503
1298880583 -8.60713 41.1503
1298880584 -8.60713 41.1503
1298880585 -8.60713 41.1503
1298880586 -8.60712 41.1503
1298880587 -8.60712 41.1503
1298880588 -8.60712 41.1503
1298880589 -8.60711 41.1503
1298880590 -8.60711 41.1503
1298880591 -8.60711 41.1503
1298880592 -8.60712 41.1503
1298880593 -8.60712 41.1503
1298880594 -8.60713 41.1503
1298880595 -8.60713 41.1503
1298880596 -8.60714 41.1503
1298880597 -8.60715 41.1503
1298880598 -8.60715 41.1503
1298880599 -8.60716 41.1503
1298880600 -8.60717 41.1503
1298880601 -8.60718 41.1503
1298880602 -8.60718 41.1503
1298880603 -8.60719 41.1503
1298880604 -8.60719 41.1503
1298880605 -8.60719 41.1503
1298880606 -8.60719 41.1503
1298880607 -8.60719 41.1503
1298880608 -8.60719 41.1503
1298880609 -8.6072 41.1503
1298880610 -8.6072 41.1503
1298880611 -8.6072 41.1503
1298880612 -8.6072 41.1503
1298880613 -8.6072 41.1504
1298880614 -8.6072 41.1503
1298880615 -8.6072 41.1503
1298880616 -8.6072 41.1503
1298880617 -8.6072 41.1503
1298880618 -8.6072 41.1503
1298880619 -8.60719 41.1503
1298880620 -8.60718 41.1503
1298880621 -8.60717 41.1503
1298880622 -8.60717 41.1503
1298880623 -8.60716 41.1503
1298880624 -8.60715 41.1503
1298880625 -8.60715 41.1503
1298880626 -8.60714 41.1503
1298880627 -8.60714 41.1503
1298880628 -8.60715 41.1503
1298880629 -8.60715 41.1503
1298880630 -8.60715 41.1503
1298880631 -8.60716 41.1503
1298880632 -8.60717 41.1503
1298880633 -8.60718 41.1503
1298880634 -8.60718 41.1503
1298880635 -8.60718 41.1503
1298880636 -8.60717 41.1503
1298880637 -8.60715 41.1503
1298880638 -8.60712 41.1503
1298880639 -8.6071 41.1503
1298880640 -8.60708 41.1503
1298880641 -8.60707 41.1503
1298880642 -8.60706 41.1503
1298880643 -8.60706 41.1503
1298880644 -8.60705 41.1503
1298880645 -8.60705 41.1503
1298880646 -8.60705 41.1503
1298880647 -8.60705 41.1503
1298880648 -8.60706 41.1503
1298880649 -8.60706 41.1503
1298880650 -8.60706 41.1503
1298880651 -8.60706 41.1503
1298880652 -8.60706 41.1503
1298880653 -8.60707 41.1503
1298880654 -8.60707 41.1503
1298880655 -8.60706 41.1503
1298880656 -8.60706 41.1503
1298880657 -8.60705 41.1503
1298880658 -8.60703 41.1502
1298880659 -8.60703 41.1502
1298880660 -8.60702 41.1502
1298880661 -8.60702 41.1502
1298880662 -8.60702 41.1502
1298880663 -8.60702 41.1502
1298880664 -8.60702 41.1502
1298880665 -8.60703 41.1502
1298880666 -8.60704 41.1502
1298880667 -8.60705 41.1502
1298880668 -8.60705 41.1502
1298880669 -8.60706 41.1502
1298880670 -8.60706 41.1503
1298880671 -8.60708 41.1503
1298880672 -8.60709 41.1503
1298880673 -8.60711 41.1503
1298880674 -8.60711 41.1503
1298880675 -8.60712 41.1504
1298880676 -8.60714 41.1504
1298880677 -8.60716 41.1504
1298880678 -8.60719 41.1504
1298880679 -8.6072 41.1504
1298880680 -8.60721 41.1505
1298880681 -8.60723 41.1505
1298880682 -8.60724 41.1505
1298880683 -8.60726 41.1505
1298880684 -8.60727 41.1505
1298880685 -8.60728 41.1505
1298880686 -8.60728 41.1505
1298880687 -8.60729 41.1505
1298880688 -8.60729 41.1505
1298880689 -8.60729 41.1505
1298880690 -8.60728 41.1505
1298880691 -8.60729 41.1505
1298880692 -8.60729 41.1505
1298880693 -8.60728 41.1505
1298880694 -8.60726 41.1505
1298880695 -8.60726 41.1505
1298880696 -8.60726 41.1505
1298880697 -8.60726 41.1505
1298880698 -8.60726 41.1505
1298880699 -8.60726 41.1504
1298880700 -8.60726 41.1504
1298880701 -8.60725 41.1504
1298880702 -8.60724 41.1504
1298880703 -8.60723 41.1504
1298880704 -8.60723 41.1504
1298880705 -8.60722 41.1504
1298880706 -8.60721 41.1504
1298880707 -8.60721 41.1504
1298880708 -8.6072 41.1504
1298880709 -8.6072 41.1504
1298880710 -8.60719 41.1504
1298880711 -8.60718 41.1504
1298880712 -8.60717 41.1504
1298880713 -8.60716 41.1503
1298880714 -8.60715 41.1503
1298880715 -8.60714 41.1503
1298880716 -8.60713 41.1503
1298880717 -8.60712 41.1503
1298880718 -8.60711 41.1503
1298880719 -8.6071 41.1503
1298880720 -8.60709 41.1503
1298880721 -8.60708 41.1503
1298880722 -8.60708 41.1503
1298880723 -8.60707 41.1503
1298880724 -8.60706 41.1502
1298880725 -8.60706 41.1502
1298880726 -8.60705 41.1502
1298880727 -8.60705 41.1502
1298880728 -8.60704 41.1502
1298880729 -8.60704 41.1502
1298880730 -8.60703 41.1502
1298880731 -8.60703 41.1502
1298880732 -8.60703 41.1502
1298880733 -8.60703 41.1502
1298880734 -8.60702 41.1502
1298880735 -8.60702 41.1502
1298880736 -8.60702 41.1502
1298880737 -8.60702 41.1502
1298880738 -8.60702 41.1502
1298880739 -8.60702 41.1502
1298880740 -8.60702 41.1502
1298880741 -8.60702 41.1502
1298880742 -8.60702 41.1502
1298880743 -8.60702 41.1502
1298880744 -8.60702 41.1502
1298880745 -8.60702 41.1502
1298880746 -8.60702 41.1502
1298880747 -8.60702 41.1502
1298880748 -8.60702 41.1502
1298880749 -8.60702 41.1502
1298880750 -8.60703 41.1502
1298880751 -8.60703 41.1502
1298880752 -8.60704 41.1502
1298880753 -8.60704 41.1502
1298880754 -8.60704 41.1502
1298880755 -8.60705 41.1502
1298880756 -8.60705 41.1503
1298880757 -8.60705 41.1503
1298880758 -8.60706 41.1503
1298880759 -8.60706 41.1503
1298880760 -8.60707 41.1503
1298880761 -8.60707 41.1503
1298880762 -8.60707 41.1503
1298880763 -8.60707 41.1503
1298880764 -8.60707 41.1503
1298880765 -8.60707 41.1503
1298880766 -8.60707 41.1503
1298880767 -8.60707 41.1503
1298880768 -8.60708 41.1503
1298880769 -8.60708 41.1503
1298880770 -8.60708 41.1503
1298880771 -8.60708 41.1503
1298880772 -8.60708 41.1503
1298880773 -8.60709 41.1503
1298880774 -8.6071 41.1503
1298880775 -8.60711 41.1503
1298880776 -8.60711 41.1503
1298880777 -8.60711 41.1503
1298880778 -8.60713 41.1503
1298880779 -8.60714 41.1503
1298880780 -8.60714 41.1503
1298880781 -8.60715 41.1503
1298880782 -8.60715 41.1503
1298880783 -8.60716 41.1503
1298880784 -8.60716 41.1503
1298880785 -8.60716 41.1503
1298880786 -8.60716 41.1503
1298880787 -8.60717 41.1503
1298880788 -8.60717 41.1503
1298880789 -8.60717 41.1503
1298880790 -8.60717 41.1503
1298880791 -8.60717 41.1503
1298880792 -8.60716 41.1503
1298880793 -8.60716 41.1503
1298880794 -8.60715 41.1503
1298880795 -8.60715 41.1503
1298880796 -8.60715 41.1503
1298880797 -8.60714 41.1502
1298880798 -8.60714 41.1502
1298880799 -8.60714 41.1502
1298880800 -8.60714 41.1502
1298880801 -8.60713 41.1502
1298880802 -8.60713 41.1502
1298880803 -8.60713 41.1502
1298880804 -8.60713 41.1502
1298880805 -8.60713 41.1502
1298880806 -8.60713 41.1502
1298880807 -8.60713 41.1502
1298880808 -8.60713 41.1502
1298880809 -8.60713 41.1502
1298880810 -8.60712 41.1502
1298880811 -8.60711 41.1502
1298880812 -8.60711 41.1502
1298880813 -8.60711 41.1502
1298880814 -8.60711 41.1502
1298880815 -8.6071 41.1502
1298880816 -8.6071 41.1502
1298880817 -8.6071 41.1502
1298880818 -8.6071 41.1502
1298880819 -8.6071 41.1502
1298880820 -8.6071 41.1502
1298880821 -8.6071 41.1503
1298880822 -8.6071 41.1503
1298880823 -8.6071 41.1503
1298880824 -8.6071 41.1503
1298880825 -8.6071 41.1503
1298880826 -8.6071 41.1503
1298880827 -8.6071 41.1503
1298880828 -8.6071 41.1503
1298880829 -8.6071 41.1503
1298880830 -8.6071 41.1503
1298880831 -8.60711 41.1503
1298880832 -8.60711 41.1503
1298880833 -8.60711 41.1503
1298880834 -8.60711 41.1503
1298880835 -8.60711 41.1503
1298880836 -8.60711 41.1503
1298880837 -8.60711 41.1503
1298880838 -8.60711 41.1503
1298880839 -8.60711 41.1503
1298880840 -8.60711 41.1503
1298880841 -8.60711 41.1503
1298880842 -8.60712 41.1503
1298880843 -8.60712 41.1503
1298880844 -8.60712 41.1503
1298880845 -8.60713 41.1503
1298880846 -8.60713 41.1503
1298880847 -8.60714 41.1503
1298880848 -8.60715 41.1503
1298880849 -8.60715 41.1503
1298880850 -8.60715 41.1503
1298880851 -8.60716 41.1503
1298880852 -8.60717 41.1503
1298880853 -8.60717 41.1503
1298880854 -8.60717 41.1503
1298880855 -8.60718 41.1503
1298880856 -8.60718 41.1503
1298880857 -8.60718 41.1503
1298880858 -8.60718 41.1503
1298880859 -8.60718 41.1503
1298880860 -8.60718 41.1503
1298880861 -8.60717 41.1503
1298880862 -8.60717 41.1503
1298880863 -8.60717 41.1503
1298880864 -8.60717 41.1503
1298880865 -8.60716 41.1503
1298880866 -8.60716 41.1503
1298880867 -8.60715 41.1503
1298880868 -8.60716 41.1503
1298880869 -8.60716 41.1503
1298880870 -8.60716 41.1503
1298880871 -8.60716 41.1503
1298880872 -8.60716 41.1503
1298880873 -8.60716 41.1503
1298880874 -8.60716 41.1503
1298880875 -8.60716 41.1503
1298880876 -8.60716 41.1503
1298880877 -8.60716 41.1503
1298880878 -8.60715 41.1503
1298880879 -8.60715 41.1503
1298880880 -8.60716 41.1503
1298880881 -8.60716 41.1503
1298880882 -8.60716 41.1503
1298880883 -8.60716 41.1503
1298880884 -8.60716 41.1503
1298880885 -8.60717 41.1503
1298880886 -8.60717 41.1503
1298880887 -8.60717 41.1503
1298880888 -8.60717 41.1503
1298880889 -8.60717 41.1503
1298880890 -8.60717 41.1503
1298880891 -8.60718 41.1503
1298880892 -8.60719 41.1504
1298880893 -8.60719 41.1504
1298880894 -8.60719 41.1504
1298880895 -8.60719 41.1504
1298880896 -8.6072 41.1504
1298880897 -8.6072 41.1504
1298880898 -8.6072 41.1504
1298880899 -8.6072 41.1504
1298880900 -8.60721 41.1504
1298880901 -8.60722 41.1504
1298880902 -8.60722 41.1504
1298880903 -8.60722 41.1504
1298880904 -8.60723 41.1504
1298880905 -8.60723 41.1504
1298880906 -8.60723 41.1504
1298880907 -8.60724 41.1504
1298880908 -8.60724 41.1504
1298880909 -8.60724 41.1504
1298880910 -8.60724 41.1504
1298880911 -8.60724 41.1504
1298880912 -8.60724 41.1504
1298880913 -8.60724 41.1504
1298880914 -8.60723 41.1504
1298880915 -8.60722 41.1504
1298880916 -8.60722 41.1504
1298880917 -8.60722 41.1504
1298880918 -8.60721 41.1504
1298880919 -8.60721 41.1504
1298880920 -8.6072 41.1504
1298880921 -8.6072 41.1504
1298880922 -8.6072 41.1504
1298880923 -8.6072 41.1504
1298880924 -8.6072 41.1504
1298880925 -8.6072 41.1504
1298880926 -8.6072 41.1504
1298880927 -8.6072 41.1504
1298880928 -8.6072 41.1504
1298880929 -8.6072 41.1504
1298880930 -8.6072 41.1504
1298880931 -8.60721 41.1504
1298880932 -8.60721 41.1504
1298880933 -8.60721 41.1504
1298880934 -8.60721 41.1504
1298880935 -8.6072 41.1504
1298880936 -8.6072 41.1504
1298880937 -8.6072 41.1504
1298880938 -8.6072 41.1504
1298880939 -8.60719 41.1504
1298880940 -8.60719 41.1504
1298880941 -8.60718 41.1504
1298880942 -8.60718 41.1504
1298880943 -8.60717 41.1504
1298880944 -8.60717 41.1504
1298880945 -8.60716 41.1504
1298880946 -8.60716 41.1504
1298880947 -8.60716 41.1504
1298880948 -8.60715 41.1503
1298880949 -8.60715 41.1503
1298880950 -8.60714 41.1503
1298880951 -8.60713 41.1503
1298880952 -8.60713 41.1503
1298880953 -8.60712 41.1503
1298880954 -8.60712 41.1503
1298880955 -8.60712 41.1503
1298880956 -8.60712 41.1503
1298880957 -8.60711 41.1503
1298880958 -8.60711 41.1503
1298880959 -8.60711 41.1503
1298880960 -8.60711 41.1503
1298880961 -8.60711 41.1503
1298880962 -8.60711 41.1503
1298880963 -8.60711 41.1503
1298880964 -8.60711 41.1503
1298880965 -8.60711 41.1503
1298880966 -8.60711 41.1503
1298880967 -8.60711 41.1503
1298880968 -8.60711 41.1503
1298880969 -8.60712 41.1503
1298880970 -8.60712 41.1503
1298880971 -8.60712 41.1503
1298880972 -8.60712 41.1503
1298880973 -8.60712 41.1503
1298880974 -8.60712 41.1503
1298880975 -8.60711 41.1503
1298880976 -8.60711 41.1503
1298880977 -8.60711 41.1503
1298880978 -8.60711 41.1503
1298880979 -8.6071 41.1503
1298880980 -8.6071 41.1503
1298880981 -8.6071 41.1503
1298880982 -8.60709 41.1503
1298880983 -8.60709 41.1503
1298880984 -8.60708 41.1503
1298880985 -8.60707 41.1503
1298880986 -8.60707 41.1502
1298880987 -8.60707 41.1502
1298880988 -8.60707 41.1502
1298880989 -8.60707 41.1502
1298880990 -8.60708 41.1502
1298880991 -8.60708 41.1502
1298880992 -8.60709 41.1502
1298880993 -8.6071 41.1502
1298880994 -8.6071 41.1503
1298880995 -8.60711 41.1503
1298880996 -8.60711 41.1503
1298880997 -8.60712 41.1503
1298880998 -8.60712 41.1503
1298880999 -8.60713 41.1503
1298881000 -8.60714 41.1503
1298881001 -8.60714 41.1503
1298881002 -8.60715 41.1503
1298881003 -8.60715 41.1503
1298881004 -8.60714 41.1502
1298881005 -8.60714 41.1502
1298881006 -8.60715 41.1502
1298881007 -8.60715 41.1502
1298881008 -8.60715 41.1502
1298881009 -8.60715 41.1502
1298881010 -8.60715 41.1502
1298881011 -8.60716 41.1502
1298881012 -8.60716 41.1502
1298881013 -8.60717 41.1502
1298881014 -8.60717 41.1502
1298881015 -8.60718 41.1502
1298881016 -8.60718 41.1502
1298881017 -8.60718 41.1502
1298881018 -8.60719 41.1502
1298881019 -8.60719 41.1503
1298881020 -8.6072 41.1503
1298881021 -8.6072 41.1503
1298881022 -8.6072 41.1503
1298881023 -8.6072 41.1503
1298881024 -8.6072 41.1503
1298881025 -8.6072 41.1503
1298881026 -8.60719 41.1503
1298881027 -8.60719 41.1503
1298881028 -8.60718 41.1503
1298881029 -8.60718 41.1503
1298881030 -8.60718 41.1503
1298881031 -8.60718 41.1503
1298881032 -8.60718 41.1503
1298881033 -8.60717 41.1503
1298881034 -8.60717 41.1503
1298881035 -8.60717 41.1503
1298881036 -8.60716 41.1503
1298881037 -8.60716 41.1503
1298881038 -8.60716 41.1503
1298881039 -8.60716 41.1503
1298881040 -8.60716 41.1503
1298881041 -8.60716 41.1503
1298881042 -8.60716 41.1503
1298881043 -8.60715 41.1503
1298881044 -8.60715 41.1503
1298881045 -8.60715 41.1503
1298881046 -8.60715 41.1503
1298881047 -8.60715 41.1503
1298881048 -8.60715 41.1503
1298881049 -8.60715 41.1503
1298881050 -8.60714 41.1503
1298881051 -8.60714 41.1503
1298881052 -8.60715 41.1503
1298881053 -8.60715 41.1503
1298881054 -8.60714 41.1503
1298881055 -8.60714 41.1503
1298881056 -8.60715 41.1503
1298881057 -8.60715 41.1503
1298881058 -8.60716 41.1503
1298881059 -8.60717 41.1503
1298881060 -8.60718 41.1503
1298881061 -8.6072 41.1503
1298881062 -8.6072 41.1503
1298881063 -8.60721 41.1503
1298881064 -8.60722 41.1503
1298881065 -8.60722 41.1503
1298881066 -8.60723 41.1503
1298881067 -8.60724 41.1503
1298881068 -8.60725 41.1503
1298881069 -8.60726 41.1504
1298881070 -8.60727 41.1504
1298881071 -8.60728 41.1504
1298881072 -8.60728 41.1504
1298881073 -8.60729 41.1504
1298881074 -8.60729 41.1504
1298881075 -8.60729 41.1504
1298881076 -8.60729 41.1504
1298881077 -8.60728 41.1504
1298881078 -8.60727 41.1503
1298881079 -8.60727 41.1503
1298881080 -8.60726 41.1503
1298881081 -8.60726 41.1503
1298881082 -8.60725 41.1503
1298881083 -8.60724 41.1503
1298881084 -8.60723 41.1503
1298881085 -8.60723 41.1503
1298881086 -8.60722 41.1503
1298881087 -8.60721 41.1503
1298881088 -8.60721 41.1503
1298881089 -8.6072 41.1503
1298881090 -8.6072 41.1503
1298881091 -8.6072 41.1502
1298881092 -8.60719 41.1502
1298881093 -8.60719 41.1502
1298881094 -8.60719 41.1502
1298881095 -8.60718 41.1502
1298881096 -8.60718 41.1502
1298881097 -8.60718 41.1502
1298881098 -8.60719 41.1502
1298881099 -8.60719 41.1502
1298881100 -8.60719 41.1502
1298881101 -8.60719 41.1502
1298881102 -8.60719 41.1502
1298881103 -8.6072 41.1503
1298881104 -8.6072 41.1503
1298881105 -8.6072 41.1503
1298881106 -8.6072 41.1503
1298881107 -8.60721 41.1503
1298881108 -8.60721 41.1503
1298881109 -8.60722 41.1503
1298881110 -8.60722 41.1503
1298881111 -8.60723 41.1503
1298881112 -8.60723 41.1503
1298881113 -8.60724 41.1503
1298881114 -8.60722 41.1503
1298881115 -8.6072 41.1503
1298881116 -8.60719 41.1502
1298881117 -8.60718 41.1502
1298881118 -8.60717 41.1502
1298881119 -8.60716 41.1502
1298881120 -8.60715 41.1502
1298881121 -8.60714 41.1502
1298881122 -8.60714 41.1502
1298881123 -8.60713 41.1502
1298881124 -8.60713 41.1502
1298881125 -8.60712 41.1502
1298881126 -8.60712 41.1502
1298881127 -8.60712 41.1502
1298881128 -8.60713 41.1502
1298881129 -8.60713 41.1502
1298881130 -8.60713 41.1502
1298881131 -8.60713 41.1502
1298881132 -8.60714 41.1502
1298881133 -8.60714 41.1502
1298881134 -8.60715 41.1502
1298881135 -8.60715 41.1502
1298881136 -8.60716 41.1502
1298881137 -8.60716 41.1502
1298881138 -8.60717 41.1502
1298881139 -8.60717 41.1502
1298881140 -8.60717 41.1502
1298881141 -8.60718 41.1502
1298881142 -8.60717 41.1502
1298881143 -8.60717 41.1502
1298881144 -8.60717 41.1502
1298881145 -8.60717 41.1502
1298881146 -8.60716 41.1502
1298881147 -8.60716 41.1502
1298881148 -8.60715 41.1502
1298881149 -8.60715 41.1502
1298881150 -8.60714 41.1502
1298881151 -8.60714 41.1502
1298881152 -8.60713 41.1502
1298881153 -8.60713 41.1502
1298881154 -8.60712 41.1502
1298881155 -8.60712 41.1502
1298881156 -8.60712 41.1502
1298881157 -8.60712 41.1501
1298881158 -8.60711 41.1501
1298881159 -8.60711 41.1501
1298881160 -8.60711 41.1501
1298881161 -8.60711 41.1501
1298881162 -8.60711 41.1501
1298881163 -8.6071 41.1501
1298881164 -8.6071 41.1501
1298881165 -8.6071 41.1501
1298881166 -8.60709 41.1501
1298881167 -8.60709 41.1501
1298881168 -8.60709 41.1501
1298881169 -8.60709 41.1501
1298881170 -8.60709 41.1501
1298881171 -8.60709 41.1501
1298881172 -8.60709 41.1501
1298881173 -8.6071 41.1501
1298881174 -8.6071 41.1501
1298881175 -8.60711 41.1501
1298881176 -8.60711 41.1501
1298881177 -8.60711 41.1501
1298881178 -8.60711 41.1501
1298881179 -8.60711 41.1501
1298881180 -8.60711 41.1502
1298881181 -8.60711 41.1502
1298881182 -8.60711 41.1502
1298881183 -8.60711 41.1502
1298881184 -8.60711 41.1502
1298881185 -8.60711 41.1502
1298881186 -8.60711 41.1502
1298881187 -8.60711 41.1502
1298881188 -8.60711 41.1502
1298881189 -8.6071 41.1502
1298881190 -8.60709 41.1502
1298881191 -8.60709 41.1502
1298881192 -8.60708 41.1502
1298881193 -8.60708 41.1502
1298881194 -8.60708 41.1502
1298881195 -8.60707 41.1502
1298881196 -8.60707 41.1502
1298881197 -8.60707 41.1502
1298881198 -8.60706 41.1502
1298881199 -8.60706 41.1502
1298881200 -8.60706 41.1502
