:break:
1298880073 -8.60652 41.1446
1298880074 -8.60653 41.1446
1298880075 -8.60653 41.1446
1298880076 -8.60654 41.1446
1298880077 -8.60654 41.1446
1298880078 -8.60654 41.1446
1298880079 -8.60654 41.1446
1298880080 -8.60654 41.1446
1298880081 -8.60654 41.1446
1298880082 -8.60654 41.1446
1298880083 -8.60654 41.1446
1298880084 -8.60654 41.1446
1298880085 -8.60654 41.1445
1298880086 -8.60654 41.1446
1298880087 -8.60654 41.1446
1298880088 -8.60654 41.1446
1298880089 -8.60654 41.1446
1298880090 -8.60653 41.1446
1298880091 -8.60654 41.1446
1298880092 -8.60654 41.1446
1298880093 -8.60654 41.1446
1298880094 -8.60654 41.1446
1298880095 -8.60654 41.1446
1298880096 -8.60654 41.1446
1298880097 -8.60653 41.1446
1298880098 -8.60653 41.1446
1298880099 -8.60653 41.1446
1298880100 -8.60653 41.1446
1298880101 -8.60653 41.1446
1298880102 -8.60653 41.1446
1298880103 -8.60653 41.1446
1298880104 -8.60654 41.1446
1298880105 -8.60654 41.1446
1298880106 -8.60655 41.1446
1298880107 -8.60655 41.1446
1298880108 -8.60655 41.1446
1298880109 -8.60656 41.1446
1298880110 -8.60656 41.1446
1298880111 -8.60656 41.1446
1298880112 -8.60656 41.1446
1298880113 -8.60656 41.1446
1298880114 -8.60656 41.1446
1298880115 -8.60656 41.1446
1298880116 -8.60655 41.1446
1298880117 -8.60655 41.1446
1298880118 -8.60654 41.1446
1298880119 -8.60654 41.1446
1298880120 -8.60654 41.1446
1298880121 -8.60654 41.1446
1298880122 -8.60654 41.1446
1298880123 -8.60653 41.1446
1298880124 -8.60653 41.1446
1298880125 -8.60653 41.1446
1298880126 -8.60653 41.1446
1298880127 -8.60654 41.1446
1298880128 -8.60653 41.1446
1298880129 -8.60654 41.1446
1298880130 -8.60653 41.1446
1298880131 -8.60653 41.1446
1298880132 -8.60652 41.1446
1298880133 -8.60652 41.1446
1298880134 -8.60651 41.1446
1298880135 -8.60651 41.1446
1298880136 -8.60651 41.1446
1298880137 -8.60651 41.1446
1298880138 -8.60652 41.1446
1298880139 -8.60651 41.1446
1298880140 -8.60651 41.1446
1298880141 -8.60651 41.1446
1298880142 -8.60651 41.1446
1298880143 -8.60651 41.1446
1298880144 -8.60651 41.1446
1298880145 -8.60651 41.1446
1298880146 -8.60651 41.1446
1298880147 -8.6065 41.1446
1298880148 -8.6065 41.1446
1298880149 -8.60651 41.1446
1298880150 -8.60651 41.1446
1298880151 -8.60651 41.1446
1298880152 -8.60652 41.1446
1298880153 -8.60652 41.1446
1298880154 -8.60653 41.1446
1298880155 -8.60654 41.1446
1298880156 -8.60654 41.1446
1298880157 -8.60654 41.1446
1298880158 -8.60654 41.1446
1298880159 -8.60654 41.1446
1298880160 -8.60654 41.1446
1298880161 -8.60654 41.1446
1298880162 -8.60653 41.1446
1298880163 -8.60653 41.1446
1298880164 -8.60653 41.1446
1298880165 -8.60652 41.1446
1298880166 -8.60652 41.1446
1298880167 -8.60652 41.1446
1298880168 -8.60652 41.1446
1298880169 -8.60652 41.1446
1298880170 -8.60652 41.1446
1298880171 -8.60652 41.1446
1298880172 -8.60652 41.1446
1298880173 -8.60653 41.1446
1298880174 -8.60653 41.1446
1298880175 -8.60653 41.1446
1298880176 -8.60652 41.1446
1298880177 -8.60652 41.1446
1298880178 -8.60652 41.1446
1298880179 -8.60652 41.1446
1298880180 -8.60651 41.1447
1298880181 -8.60652 41.1446
1298880182 -8.60653 41.1446
1298880183 -8.60656 41.1446
1298880184 -8.60659 41.1446
1298880185 -8.60664 41.1446
1298880186 -8.60668 41.1446
1298880187 -8.60673 41.1447
1298880188 -8.60677 41.1447
1298880189 -8.6068 41.1447
1298880190 -8.60683 41.1447
1298880191 -8.60684 41.1447
1298880192 -8.60684 41.1447
1298880193 -8.60684 41.1447
1298880194 -8.60685 41.1447
1298880195 -8.60685 41.1447
1298880196 -8.60685 41.1447
1298880197 -8.60685 41.1447
1298880198 -8.60686 41.1447
1298880199 -8.60686 41.1447
1298880200 -8.60686 41.1446
1298880201 -8.60685 41.1447
1298880202 -8.60685 41.1447
1298880203 -8.60685 41.1447
1298880204 -8.60685 41.1446
1298880205 -8.60686 41.1446
1298880206 -8.60688 41.1446
1298880207 -8.60691 41.1447
1298880208 -8.60696 41.1447
1298880209 -8.60702 41.1447
1298880210 -8.60706 41.1447
1298880211 -8.60711 41.1447
1298880212 -8.60715 41.1447
1298880213 -8.6072 41.1446
1298880214 -8.60725 41.1445
:break:
1298880216 -8.60735 41.1444
1298880217 -8.6074 41.1443
1298880218 -8.60744 41.1442
1298880219 -8.60751 41.1441
1298880220 -8.60755 41.1441
1298880221 -8.60758 41.144
1298880222 -8.60759 41.144
1298880223 -8.6076 41.144
1298880224 -8.60762 41.144
1298880225 -8.60762 41.1439
1298880226 -8.60762 41.1439
1298880227 -8.60763 41.1439
1298880228 -8.60764 41.1439
1298880229 -8.60764 41.1439
1298880230 -8.60764 41.1439
1298880231 -8.60764 41.1439
1298880232 -8.60764 41.1439
1298880233 -8.60764 41.1439
1298880234 -8.60765 41.1439
1298880235 -8.60765 41.1439
1298880236 -8.60766 41.1439
1298880237 -8.60766 41.1439
1298880238 -8.60765 41.1439
1298880239 -8.60765 41.1439
1298880240 -8.60766 41.1439
1298880241 -8.60766 41.1439
1298880242 -8.60767 41.1439
1298880243 -8.60768 41.1439
1298880244 -8.60771 41.1438
1298880245 -8.60773 41.1438
1298880246 -8.60775 41.1438
1298880247 -8.60778 41.1437
1298880248 -8.6078 41.1437
1298880249 -8.60783 41.1437
1298880250 -8.60785 41.1436
1298880251 -8.60789 41.1435
1298880252 -8.60794 41.1434
1298880253 -8.60796 41.1434
1298880254 -8.60805 41.1433
1298880255 -8.6081 41.1432
1298880256 -8.60815 41.1431
1298880257 -8.60818 41.143
1298880258 -8.60816 41.1429
1298880259 -8.6081 41.1429
1298880260 -8.60801 41.1428
1298880261 -8.6079 41.1428
1298880262 -8.60777 41.1427
1298880263 -8.60763 41.1426
1298880264 -8.60748 41.1425
1298880265 -8.60733 41.1425
1298880266 -8.60717 41.1424
1298880267 -8.60699 41.1423
1298880268 -8.60681 41.1423
1298880269 -8.60662 41.1423
1298880270 -8.60643 41.1423
1298880271 -8.60625 41.1423
1298880272 -8.60608 41.1424
1298880273 -8.60594 41.1424
1298880274 -8.6058 41.1425
1298880275 -8.60569 41.1426
1298880276 -8.6056 41.1426
1298880277 -8.60553 41.1427
1298880278 -8.60548 41.1428
1298880279 -8.60543 41.1428
1298880280 -8.6054 41.1429
1298880281 -8.60538 41.1429
1298880282 -8.60536 41.1429
1298880283 -8.60535 41.143
1298880284 -8.60534 41.143
1298880285 -8.60534 41.143
1298880286 -8.60533 41.143
1298880287 -8.60533 41.143
1298880288 -8.60532 41.143
1298880289 -8.60531 41.143
1298880290 -8.6053 41.1431
1298880291 -8.6053 41.1431
1298880292 -8.60528 41.1431
1298880293 -8.60527 41.1432
1298880294 -8.60526 41.1432
1298880295 -8.60525 41.1432
1298880296 -8.60525 41.1433
1298880297 -8.60524 41.1433
1298880298 -8.60523 41.1433
1298880299 -8.60521 41.1434
1298880300 -8.60521 41.1434
1298880301 -8.60517 41.1435
1298880302 -8.60514 41.1435
1298880303 -8.60513 41.1436
1298880304 -8.6051 41.1436
1298880305 -8.60508 41.1437
1298880306 -8.60506 41.1437
1298880307 -8.60505 41.1438
1298880308 -8.60504 41.1438
1298880309 -8.60502 41.1438
1298880310 -8.60502 41.1439
1298880311 -8.605 41.1439
1298880312 -8.60499 41.1439
1298880313 -8.60495 41.144
1298880314 -8.6049 41.144
1298880315 -8.60482 41.144
1298880316 -8.60474 41.144
1298880317 -8.60466 41.1439
1298880318 -8.60456 41.1439
1298880319 -8.60446 41.1439
1298880320 -8.60435 41.1438
1298880321 -8.60424 41.1438
1298880322 -8.60413 41.1438
1298880323 -8.60402 41.1437
1298880324 -8.60392 41.1437
1298880325 -8.60381 41.1436
1298880326 -8.60371 41.1436
1298880327 -8.6036 41.1436
1298880328 -8.6035 41.1435
1298880329 -8.60339 41.1435
1298880330 -8.60326 41.1434
1298880331 -8.60314 41.1434
1298880332 -8.60302 41.1434
1298880333 -8.60289 41.1433
1298880334 -8.60278 41.1433
1298880335 -8.60266 41.1432
1298880336 -8.60254 41.1432
1298880337 -8.60243 41.1432
1298880338 -8.60234 41.1431
1298880339 -8.60224 41.1431
1298880340 -8.60215 41.143
1298880341 -8.6021 41.1429
1298880342 -8.60206 41.1428
1298880343 -8.60203 41.1427
1298880344 -8.60201 41.1426
1298880345 -8.60198 41.1425
1298880346 -8.60196 41.1424
1298880347 -8.60194 41.1423
1298880348 -8.6019 41.1421
1298880349 -8.60188 41.142
1298880350 -8.60185 41.1418
1298880351 -8.60181 41.1417
1298880352 -8.6018 41.1415
1298880353 -8.60177 41.1414
1298880354 -8.60174 41.1412
1298880355 -8.60171 41.1411
1298880356 -8.60168 41.1409
1298880357 -8.60164 41.1407
1298880358 -8.60161 41.1405
1298880359 -8.60157 41.1403
1298880360 -8.60153 41.1401
1298880361 -8.60149 41.14
1298880362 -8.60144 41.1398
1298880363 -8.60141 41.1396
1298880364 -8.60136 41.1394
1298880365 -8.60133 41.1392
1298880366 -8.60128 41.139
1298880367 -8.60125 41.1388
1298880368 -8.60121 41.1386
1298880369 -8.60118 41.1384
1298880370 -8.60117 41.1382
1298880371 -8.60117 41.1381
1298880372 -8.60119 41.1379
1298880373 -8.60123 41.1378
1298880374 -8.60128 41.1376
1298880375 -8.60135 41.1375
1298880376 -8.60144 41.1373
1298880377 -8.60153 41.1372
1298880378 -8.60162 41.137
1298880379 -8.60171 41.1369
1298880380 -8.6018 41.1367
1298880381 -8.6019 41.1366
1298880382 -8.60199 41.1364
1298880383 -8.60209 41.1363
1298880384 -8.6022 41.1361
1298880385 -8.60229 41.1359
1298880386 -8.60238 41.1358
1298880387 -8.60244 41.1356
1298880388 -8.6025 41.1354
1298880389 -8.60252 41.1352
1298880390 -8.60252 41.135
1298880391 -8.60249 41.1348
1298880392 -8.60243 41.1347
1298880393 -8.60233 41.1345
1298880394 -8.6022 41.1343
1298880395 -8.60204 41.1341
1298880396 -8.60186 41.134
1298880397 -8.60165 41.1338
1298880398 -8.60143 41.1337
1298880399 -8.60117 41.1336
1298880400 -8.60092 41.1335
1298880401 -8.60066 41.1334
1298880402 -8.60039 41.1333
1298880403 -8.60013 41.1332
1298880404 -8.59986 41.133
1298880405 -8.59959 41.1329
1298880406 -8.59933 41.1328
1298880407 -8.59907 41.1327
1298880408 -8.59881 41.1326
1298880409 -8.59856 41.1325
1298880410 -8.5983 41.1324
1298880411 -8.59807 41.1323
1298880412 -8.59784 41.1322
1298880413 -8.59765 41.1321
1298880414 -8.59748 41.132
1298880415 -8.59733 41.1318
1298880416 -8.59721 41.1317
1298880417 -8.59713 41.1315
1298880418 -8.59708 41.1314
1298880419 -8.59704 41.1313
1298880420 -8.59702 41.1312
1298880421 -8.59702 41.1311
1298880422 -8.59705 41.131
1298880423 -8.59712 41.131
1298880424 -8.59716 41.1309
1298880425 -8.59717 41.1308
1298880426 -8.59716 41.1307
1298880427 -8.59716 41.1306
1298880428 -8.59721 41.1305
1298880429 -8.59728 41.1304
1298880430 -8.59736 41.1303
1298880431 -8.59744 41.1302
1298880432 -8.59752 41.1301
1298880433 -8.59759 41.13
1298880434 -8.59765 41.1299
1298880435 -8.59771 41.1298
1298880436 -8.59774 41.1297
1298880437 -8.59779 41.1296
1298880438 -8.59781 41.1294
1298880439 -8.59783 41.1293
1298880440 -8.59786 41.1291
1298880441 -8.59789 41.129
1298880442 -8.59792 41.1289
1298880443 -8.59793 41.1287
1298880444 -8.59795 41.1286
1298880445 -8.59797 41.1284
1298880446 -8.59799 41.1283
1298880447 -8.59801 41.1281
1298880448 -8.59803 41.1279
1298880449 -8.59806 41.1278
1298880450 -8.59809 41.1276
1298880451 -8.59811 41.1274
1298880452 -8.59814 41.1273
1298880453 -8.59818 41.1271
1298880454 -8.59821 41.1269
1298880455 -8.59824 41.1268
1298880456 -8.59828 41.1266
1298880457 -8.59831 41.1265
1298880458 -8.59834 41.1263
1298880459 -8.59837 41.1261
1298880460 -8.5984 41.126
1298880461 -8.59842 41.1258
1298880462 -8.59845 41.1257
1298880463 -8.59847 41.1256
1298880464 -8.59848 41.1254
1298880465 -8.5985 41.1253
1298880466 -8.59854 41.1252
1298880467 -8.59858 41.1252
1298880468 -8.59864 41.1251
1298880469 -8.59868 41.125
1298880470 -8.59867 41.1249
1298880471 -8.59863 41.1248
1298880472 -8.59859 41.1248
1298880473 -8.59856 41.1247
1298880474 -8.59855 41.1247
1298880475 -8.59854 41.1247
1298880476 -8.59852 41.1246
1298880477 -8.59851 41.1246
1298880478 -8.59851 41.1245
1298880479 -8.59852 41.1244
1298880480 -8.59852 41.1244
1298880481 -8.59852 41.1243
1298880482 -8.59852 41.1242
1298880483 -8.59853 41.124
1298880484 -8.59853 41.1239
1298880485 -8.59854 41.1238
1298880486 -8.59854 41.1237
1298880487 -8.59854 41.1235
1298880488 -8.59854 41.1234
1298880489 -8.59855 41.1232
1298880490 -8.59855 41.1231
1298880491 -8.59856 41.1229
1298880492 -8.59856 41.1228
1298880493 -8.5986 41.1226
1298880494 -8.59865 41.1225
1298880495 -8.59872 41.1223
1298880496 -8.5988 41.1222
1298880497 -8.59891 41.122
1298880498 -8.59903 41.1219
1298880499 -8.59918 41.1218
1298880500 -8.59932 41.1217
1298880501 -8.59947 41.1215
1298880502 -8.59962 41.1214
1298880503 -8.59976 41.1213
1298880504 -8.5999 41.1212
1298880505 -8.60002 41.1211
1298880506 -8.60013 41.121
1298880507 -8.60022 41.1209
1298880508 -8.60029 41.1209
1298880509 -8.60035 41.1208
1298880510 -8.60038 41.1208
1298880511 -8.60041 41.1208
1298880512 -8.60042 41.1208
1298880513 -8.60042 41.1208
1298880514 -8.60042 41.1208
1298880515 -8.60042 41.1208
1298880516 -8.60042 41.1208
1298880517 -8.60042 41.1208
1298880518 -8.60042 41.1208
1298880519 -8.60043 41.1208
1298880520 -8.60045 41.1208
1298880521 -8.60046 41.1208
1298880522 -8.60047 41.1208
1298880523 -8.60049 41.1208
1298880524 -8.6005 41.1208
1298880525 -8.60051 41.1208
1298880526 -8.60052 41.1208
1298880527 -8.60053 41.1208
1298880528 -8.60054 41.1207
1298880529 -8.60058 41.1207
1298880530 -8.60063 41.1207
1298880531 -8.6007 41.1207
1298880532 -8.60077 41.1207
1298880533 -8.60086 41.1207
1298880534 -8.60095 41.1206
1298880535 -8.60103 41.1206
1298880536 -8.60109 41.1205
1298880537 -8.60114 41.1204
1298880538 -8.60116 41.1203
1298880539 -8.60114 41.1203
1298880540 -8.60108 41.1202
1298880541 -8.601 41.1201
1298880542 -8.60089 41.1201
1298880543 -8.60075 41.1201
1298880544 -8.60062 41.1201
1298880545 -8.60047 41.12
1298880546 -8.60032 41.12
1298880547 -8.60018 41.12
1298880548 -8.60002 41.1199
1298880549 -8.59987 41.1199
1298880550 -8.59971 41.1199
1298880551 -8.59955 41.1198
1298880552 -8.59939 41.1198
1298880553 -8.59923 41.1197
1298880554 -8.59908 41.1197
1298880555 -8.59891 41.1196
1298880556 -8.59876 41.1195
1298880557 -8.59861 41.1195
1298880558 -8.59846 41.1194
1298880559 -8.59831 41.1193
1298880560 -8.59817 41.1192
1298880561 -8.59803 41.1191
1298880562 -8.59792 41.119
1298880563 -8.59781 41.1189
1298880564 -8.59772 41.1188
1298880565 -8.59764 41.1188
1298880566 -8.59756 41.1187
1298880567 -8.59751 41.1187
1298880568 -8.59748 41.1187
1298880569 -8.59746 41.1186
1298880570 -8.59745 41.1186
1298880571 -8.59745 41.1186
1298880572 -8.59745 41.1186
1298880573 -8.59745 41.1186
1298880574 -8.59745 41.1187
1298880575 -8.59746 41.1187
1298880576 -8.59746 41.1187
1298880577 -8.59746 41.1187
1298880578 -8.59746 41.1187
1298880579 -8.59747 41.1187
1298880580 -8.59747 41.1187
1298880581 -8.59747 41.1187
1298880582 -8.59747 41.1187
1298880583 -8.59747 41.1187
1298880584 -8.59747 41.1187
1298880585 -8.59747 41.1187
1298880586 -8.59747 41.1187
1298880587 -8.59747 41.1187
1298880588 -8.59747 41.1187
1298880589 -8.59747 41.1187
1298880590 -8.59747 41.1187
1298880591 -8.59747 41.1187
1298880592 -8.59747 41.1187
1298880593 -8.59747 41.1187
1298880594 -8.59747 41.1187
1298880595 -8.59747 41.1187
1298880596 -8.59747 41.1187
1298880597 -8.59747 41.1187
1298880598 -8.59747 41.1187
1298880599 -8.59747 41.1187
1298880600 -8.59747 41.1187
1298880601 -8.59747 41.1187
1298880602 -8.59747 41.1187
1298880603 -8.59747 41.1187
1298880604 -8.59747 41.1187
1298880605 -8.59748 41.1187
1298880606 -8.59748 41.1187
1298880607 -8.59748 41.1187
1298880608 -8.59748 41.1187
1298880609 -8.59748 41.1187
1298880610 -8.59748 41.1187
1298880611 -8.59748 41.1187
1298880612 -8.59748 41.1187
1298880613 -8.59748 41.1187
1298880614 -8.59748 41.1187
1298880615 -8.59748 41.1187
1298880616 -8.59748 41.1187
1298880617 -8.59748 41.1187
1298880618 -8.59748 41.1187
1298880619 -8.59748 41.1187
1298880620 -8.59748 41.1187
1298880621 -8.59748 41.1187
1298880622 -8.59747 41.1187
1298880623 -8.59745 41.1187
1298880624 -8.59742 41.1187
1298880625 -8.59742 41.1187
1298880626 -8.59744 41.1187
1298880627 -8.59748 41.1188
1298880628 -8.59756 41.1188
1298880629 -8.59764 41.1189
1298880630 -8.59774 41.1189
1298880631 -8.59783 41.119
1298880632 -8.59794 41.1191
1298880633 -8.59806 41.1192
1298880634 -8.59819 41.1192
1298880635 -8.59831 41.1193
1298880636 -8.59845 41.1194
1298880637 -8.59859 41.1195
1298880638 -8.59873 41.1196
1298880639 -8.59888 41.1197
1298880640 -8.59902 41.1197
1298880641 -8.59917 41.1198
1298880642 -8.59929 41.1198
1298880643 -8.59942 41.1199
1298880644 -8.59953 41.1199
1298880645 -8.59963 41.1199
1298880646 -8.59972 41.1199
1298880647 -8.59979 41.12
1298880648 -8.59986 41.12
1298880649 -8.59992 41.12
1298880650 -8.59999 41.12
1298880651 -8.60006 41.12
1298880652 -8.60012 41.12
1298880653 -8.60018 41.1201
1298880654 -8.60024 41.1201
1298880655 -8.60028 41.1202
1298880656 -8.60031 41.1202
1298880657 -8.60031 41.1203
1298880658 -8.60029 41.1204
1298880659 -8.60027 41.1205
1298880660 -8.60027 41.1206
1298880661 -8.60024 41.1206
1298880662 -8.6002 41.1207
1298880663 -8.60014 41.1208
1298880664 -8.60006 41.1209
1298880665 -8.59996 41.121
1298880666 -8.59985 41.1211
1298880667 -8.59974 41.1212
1298880668 -8.59964 41.1212
1298880669 -8.59953 41.1213
1298880670 -8.59941 41.1214
1298880671 -8.59929 41.1215
1298880672 -8.59918 41.1216
1298880673 -8.59905 41.1218
1298880674 -8.59893 41.1219
1298880675 -8.59882 41.122
1298880676 -8.59872 41.1221
1298880677 -8.59863 41.1222
1298880678 -8.59856 41.1224
1298880679 -8.59849 41.1225
1298880680 -8.59844 41.1227
1298880681 -8.5984 41.1228
1298880682 -8.59838 41.123
1298880683 -8.59838 41.1231
1298880684 -8.59838 41.1233
1298880685 -8.59838 41.1234
1298880686 -8.59838 41.1236
1298880687 -8.59838 41.1238
1298880688 -8.59837 41.1239
1298880689 -8.59837 41.1241
1298880690 -8.59837 41.1242
1298880691 -8.59837 41.1243
1298880692 -8.59837 41.1244
1298880693 -8.59837 41.1245
1298880694 -8.59837 41.1246
1298880695 -8.59836 41.1247
1298880696 -8.59835 41.1248
1298880697 -8.59831 41.1248
1298880698 -8.59825 41.1249
1298880699 -8.59819 41.1249
1298880700 -8.59813 41.125
1298880701 -8.59811 41.1251
1298880702 -8.59813 41.1251
1298880703 -8.59819 41.1252
1298880704 -8.59826 41.1253
1298880705 -8.59832 41.1254
1298880706 -8.59835 41.1254
1298880707 -8.59835 41.1255
1298880708 -8.59833 41.1256
1298880709 -8.59831 41.1258
1298880710 -8.59829 41.1259
1298880711 -8.59827 41.126
1298880712 -8.59825 41.1262
1298880713 -8.59822 41.1263
1298880714 -8.5982 41.1265
1298880715 -8.59817 41.1267
1298880716 -8.59813 41.1268
1298880717 -8.59811 41.127
1298880718 -8.59808 41.1272
1298880719 -8.59804 41.1274
1298880720 -8.59802 41.1276
1298880721 -8.59798 41.1278
1298880722 -8.59794 41.1279
1298880723 -8.59791 41.1281
1298880724 -8.59788 41.1284
1298880725 -8.59784 41.1286
1298880726 -8.59782 41.1287
1298880727 -8.59778 41.1289
1298880728 -8.59775 41.1291
1298880729 -8.59773 41.1293
1298880730 -8.5977 41.1295
1298880731 -8.59766 41.1297
1298880732 -8.59763 41.1298
1298880733 -8.59756 41.13
1298880734 -8.59748 41.1301
1298880735 -8.59739 41.1302
1298880736 -8.5973 41.1303
1298880737 -8.59721 41.1304
1298880738 -8.59712 41.1305
1298880739 -8.59703 41.1306
1298880740 -8.59694 41.1306
1298880741 -8.59684 41.1306
1298880742 -8.59673 41.1307
1298880743 -8.59664 41.1307
1298880744 -8.59657 41.1308
1298880745 -8.59654 41.1309
1298880746 -8.59656 41.131
1298880747 -8.59662 41.131
1298880748 -8.5967 41.1311
1298880749 -8.5968 41.1312
1298880750 -8.59689 41.1312
1298880751 -8.59695 41.1313
1298880752 -8.59699 41.1314
1298880753 -8.59703 41.1315
1298880754 -8.59706 41.1316
1298880755 -8.59712 41.1317
1298880756 -8.59719 41.1318
1298880757 -8.59727 41.1319
1298880758 -8.59738 41.132
1298880759 -8.59749 41.1321
1298880760 -8.59762 41.1322
1298880761 -8.59776 41.1323
1298880762 -8.59791 41.1323
1298880763 -8.59804 41.1324
1298880764 -8.59817 41.1325
1298880765 -8.59828 41.1325
1298880766 -8.59836 41.1325
1298880767 -8.59843 41.1326
1298880768 -8.59848 41.1326
1298880769 -8.59853 41.1326
1298880770 -8.59856 41.1326
1298880771 -8.59857 41.1326
1298880772 -8.59858 41.1326
1298880773 -8.59858 41.1326
1298880774 -8.59858 41.1326
1298880775 -8.59857 41.1326
1298880776 -8.59857 41.1326
1298880777 -8.59857 41.1326
1298880778 -8.59857 41.1326
1298880779 -8.59857 41.1326
1298880780 -8.59858 41.1326
1298880781 -8.5986 41.1326
1298880782 -8.59863 41.1326
1298880783 -8.59867 41.1327
1298880784 -8.59873 41.1327
1298880785 -8.59879 41.1327
1298880786 -8.59885 41.1327
1298880787 -8.59892 41.1328
1298880788 -8.59901 41.1328
1298880789 -8.59909 41.1329
1298880790 -8.59919 41.1329
1298880791 -8.59928 41.1329
1298880792 -8.59938 41.133
1298880793 -8.59948 41.133
1298880794 -8.59959 41.1331
1298880795 -8.59971 41.1331
1298880796 -8.59982 41.1332
1298880797 -8.59994 41.1332
1298880798 -8.60007 41.1333
1298880799 -8.6002 41.1333
1298880800 -8.60033 41.1334
1298880801 -8.60045 41.1335
1298880802 -8.60058 41.1335
1298880803 -8.60072 41.1336
1298880804 -8.60084 41.1336
1298880805 -8.60098 41.1337
1298880806 -8.60111 41.1337
1298880807 -8.60124 41.1338
1298880808 -8.60136 41.1339
1298880809 -8.60148 41.1339
1298880810 -8.60159 41.134
1298880811 -8.6017 41.1341
1298880812 -8.6018 41.1341
1298880813 -8.60189 41.1342
1298880814 -8.60198 41.1343
1298880815 -8.60206 41.1344
1298880816 -8.60214 41.1344
1298880817 -8.60219 41.1345
1298880818 -8.60224 41.1346
1298880819 -8.60227 41.1346
1298880820 -8.6023 41.1347
1298880821 -8.60233 41.1347
1298880822 -8.60234 41.1348
1298880823 -8.60234 41.1348
1298880824 -8.60234 41.1348
1298880825 -8.60234 41.1348
1298880826 -8.60234 41.1348
1298880827 -8.60234 41.1348
1298880828 -8.60234 41.1348
1298880829 -8.60234 41.1348
1298880830 -8.60234 41.1348
1298880831 -8.60234 41.1348
1298880832 -8.60234 41.1348
1298880833 -8.60234 41.1348
1298880834 -8.60234 41.1348
1298880835 -8.60234 41.1348
1298880836 -8.60234 41.1348
1298880837 -8.60234 41.1348
1298880838 -8.60235 41.1348
1298880839 -8.60235 41.1349
1298880840 -8.60236 41.1349
1298880841 -8.60237 41.1349
1298880842 -8.60237 41.1349
1298880843 -8.60238 41.1349
1298880844 -8.60238 41.135
1298880845 -8.60239 41.135
1298880846 -8.60239 41.135
1298880847 -8.60239 41.135
1298880848 -8.60239 41.135
1298880849 -8.60239 41.135
1298880850 -8.60239 41.135
1298880851 -8.60239 41.135
1298880852 -8.60239 41.135
1298880853 -8.60239 41.135
1298880854 -8.60239 41.135
1298880855 -8.60239 41.135
1298880856 -8.60239 41.135
1298880857 -8.60239 41.135
1298880858 -8.60239 41.135
1298880859 -8.60239 41.135
1298880860 -8.60239 41.135
1298880861 -8.60239 41.135
1298880862 -8.60239 41.135
1298880863 -8.60239 41.135
1298880864 -8.60239 41.135
1298880865 -8.60239 41.135
1298880866 -8.60239 41.135
1298880867 -8.60239 41.135
1298880868 -8.60239 41.135
1298880869 -8.6024 41.135
1298880870 -8.6024 41.1351
1298880871 -8.60241 41.1351
1298880872 -8.60241 41.1351
1298880873 -8.60241 41.1352
1298880874 -8.60241 41.1352
1298880875 -8.60242 41.1352
1298880876 -8.60241 41.1353
1298880877 -8.60241 41.1353
1298880878 -8.60241 41.1353
1298880879 -8.60241 41.1354
1298880880 -8.6024 41.1354
1298880881 -8.6024 41.1354
1298880882 -8.60239 41.1354
1298880883 -8.60239 41.1355
1298880884 -8.60239 41.1355
1298880885 -8.60238 41.1355
1298880886 -8.60238 41.1355
1298880887 -8.60237 41.1356
1298880888 -8.60237 41.1356
1298880889 -8.60236 41.1356
1298880890 -8.60236 41.1356
1298880891 -8.60235 41.1356
1298880892 -8.60235 41.1356
1298880893 -8.60235 41.1357
1298880894 -8.60234 41.1357
1298880895 -8.60234 41.1357
1298880896 -8.60234 41.1357
1298880897 -8.60234 41.1357
1298880898 -8.60234 41.1357
1298880899 -8.60234 41.1357
1298880900 -8.60234 41.1357
1298880901 -8.60234 41.1357
1298880902 -8.60234 41.1357
1298880903 -8.60234 41.1357
1298880904 -8.60234 41.1357
1298880905 -8.60234 41.1357
1298880906 -8.60234 41.1357
1298880907 -8.60234 41.1357
1298880908 -8.60234 41.1357
1298880909 -8.60234 41.1357
1298880910 -8.60234 41.1357
1298880911 -8.60234 41.1357
1298880912 -8.60234 41.1357
1298880913 -8.60234 41.1357
1298880914 -8.60234 41.1357
1298880915 -8.60234 41.1357
1298880916 -8.60234 41.1357
1298880917 -8.60234 41.1357
1298880918 -8.60234 41.1357
1298880919 -8.60234 41.1357
1298880920 -8.60234 41.1357
1298880921 -8.60234 41.1357
1298880922 -8.60234 41.1357
1298880923 -8.60234 41.1357
1298880924 -8.60234 41.1357
1298880925 -8.60234 41.1357
1298880926 -8.60234 41.1357
1298880927 -8.60234 41.1357
1298880928 -8.60234 41.1357
1298880929 -8.60234 41.1357
1298880930 -8.60234 41.1357
1298880931 -8.60233 41.1357
1298880932 -8.60232 41.1357
1298880933 -8.6023 41.1358
1298880934 -8.60229 41.1358
1298880935 -8.60228 41.1358
1298880936 -8.60226 41.1358
1298880937 -8.60225 41.1359
1298880938 -8.60224 41.1359
1298880939 -8.60223 41.1359
1298880940 -8.60221 41.1359
1298880941 -8.6022 41.136
1298880942 -8.60218 41.136
1298880943 -8.60217 41.136
1298880944 -8.60216 41.136
1298880945 -8.60215 41.136
1298880946 -8.60214 41.1361
1298880947 -8.60213 41.1361
1298880948 -8.60211 41.1361
1298880949 -8.6021 41.1361
1298880950 -8.60208 41.1362
1298880951 -8.60207 41.1362
1298880952 -8.60206 41.1362
1298880953 -8.60206 41.1362
1298880954 -8.60205 41.1362
1298880955 -8.60204 41.1362
1298880956 -8.60204 41.1363
1298880957 -8.60203 41.1363
1298880958 -8.60203 41.1363
1298880959 -8.60203 41.1363
1298880960 -8.60203 41.1363
1298880961 -8.60203 41.1363
1298880962 -8.60203 41.1363
1298880963 -8.60203 41.1363
1298880964 -8.60203 41.1363
1298880965 -8.60203 41.1363
1298880966 -8.60203 41.1363
1298880967 -8.60203 41.1363
1298880968 -8.60204 41.1363
1298880969 -8.60204 41.1363
1298880970 -8.60204 41.1363
1298880971 -8.60204 41.1363
1298880972 -8.60204 41.1363
1298880973 -8.60204 41.1363
1298880974 -8.60204 41.1363
1298880975 -8.60204 41.1363
1298880976 -8.60204 41.1363
1298880977 -8.60204 41.1363
1298880978 -8.60204 41.1363
1298880979 -8.60204 41.1363
1298880980 -8.60203 41.1363
1298880981 -8.60202 41.1363
1298880982 -8.602 41.1363
1298880983 -8.60198 41.1364
1298880984 -8.60196 41.1364
1298880985 -8.60193 41.1364
1298880986 -8.6019 41.1365
1298880987 -8.60188 41.1365
1298880988 -8.60186 41.1366
1298880989 -8.60183 41.1366
1298880990 -8.60181 41.1367
1298880991 -8.6018 41.1367
1298880992 -8.60178 41.1367
1298880993 -8.60176 41.1367
1298880994 -8.60175 41.1367
1298880995 -8.60175 41.1367
1298880996 -8.60175 41.1367
1298880997 -8.60175 41.1367
1298880998 -8.60175 41.1367
1298880999 -8.60175 41.1367
1298881000 -8.60175 41.1368
1298881001 -8.60174 41.1368
1298881002 -8.60173 41.1368
1298881003 -8.60172 41.1368
1298881004 -8.60171 41.1368
1298881005 -8.6017 41.1368
1298881006 -8.60169 41.1369
1298881007 -8.60167 41.1369
1298881008 -8.60166 41.1369
1298881009 -8.60165 41.1369
1298881010 -8.60165 41.1369
1298881011 -8.60164 41.1369
1298881012 -8.60163 41.1369
1298881013 -8.60163 41.137
1298881014 -8.60163 41.137
1298881015 -8.60163 41.137
1298881016 -8.60163 41.137
1298881017 -8.60163 41.137
1298881018 -8.60163 41.137
1298881019 -8.60163 41.137
1298881020 -8.60163 41.137
1298881021 -8.60163 41.137
1298881022 -8.60163 41.137
1298881023 -8.60163 41.137
1298881024 -8.60163 41.137
1298881025 -8.60163 41.137
1298881026 -8.60163 41.137
1298881027 -8.60163 41.137
1298881028 -8.60164 41.137
1298881029 -8.60164 41.137
1298881030 -8.60164 41.137
1298881031 -8.60164 41.137
1298881032 -8.60164 41.137
1298881033 -8.60164 41.137
1298881034 -8.60164 41.137
1298881035 -8.60164 41.137
1298881036 -8.60164 41.137
1298881037 -8.60164 41.137
1298881038 -8.60164 41.137
1298881039 -8.60164 41.137
1298881040 -8.60163 41.137
1298881041 -8.60163 41.137
1298881042 -8.60163 41.137
1298881043 -8.60163 41.137
1298881044 -8.60163 41.137
1298881045 -8.60162 41.137
1298881046 -8.60162 41.137
1298881047 -8.60161 41.137
1298881048 -8.60159 41.137
1298881049 -8.60157 41.1371
1298881050 -8.60155 41.1371
1298881051 -8.60153 41.1371
1298881052 -8.60153 41.1371
1298881053 -8.60151 41.1372
1298881054 -8.6015 41.1372
1298881055 -8.60148 41.1372
1298881056 -8.60147 41.1372
1298881057 -8.60146 41.1372
1298881058 -8.60144 41.1373
1298881059 -8.60143 41.1373
1298881060 -8.60142 41.1373
1298881061 -8.6014 41.1373
1298881062 -8.60139 41.1374
1298881063 -8.60137 41.1374
1298881064 -8.60136 41.1374
1298881065 -8.60135 41.1374
1298881066 -8.60133 41.1375
1298881067 -8.60131 41.1375
1298881068 -8.60129 41.1375
1298881069 -8.60127 41.1375
1298881070 -8.60126 41.1376
1298881071 -8.60125 41.1376
1298881072 -8.60123 41.1376
1298881073 -8.6012 41.1377
1298881074 -8.60118 41.1377
1298881075 -8.60116 41.1377
1298881076 -8.60115 41.1378
1298881077 -8.60114 41.1378
1298881078 -8.60112 41.1379
1298881079 -8.60111 41.1379
1298881080 -8.6011 41.138
1298881081 -8.60109 41.138
1298881082 -8.60108 41.1381
1298881083 -8.60107 41.1381
1298881084 -8.60107 41.1382
1298881085 -8.60107 41.1382
1298881086 -8.60107 41.1383
1298881087 -8.60107 41.1383
1298881088 -8.60107 41.1383
1298881089 -8.60106 41.1384
1298881090 -8.60107 41.1384
1298881091 -8.60107 41.1384
1298881092 -8.60107 41.1385
1298881093 -8.60107 41.1385
1298881094 -8.60107 41.1385
1298881095 -8.60108 41.1385
1298881096 -8.60108 41.1386
1298881097 -8.60109 41.1386
1298881098 -8.60109 41.1386
1298881099 -8.60109 41.1386
1298881100 -8.6011 41.1386
1298881101 -8.6011 41.1386
1298881102 -8.6011 41.1386
1298881103 -8.60111 41.1387
1298881104 -8.60111 41.1387
1298881105 -8.60112 41.1387
1298881106 -8.60112 41.1387
1298881107 -8.60113 41.1387
1298881108 -8.60113 41.1388
1298881109 -8.60113 41.1388
1298881110 -8.60114 41.1388
1298881111 -8.60114 41.1388
1298881112 -8.60115 41.1388
1298881113 -8.60115 41.1388
1298881114 -8.60115 41.1388
1298881115 -8.60115 41.1388
1298881116 -8.60115 41.1388
1298881117 -8.60115 41.1388
1298881118 -8.60115 41.1388
1298881119 -8.60115 41.1388
1298881120 -8.60115 41.1388
1298881121 -8.60115 41.1388
1298881122 -8.60115 41.1388
1298881123 -8.60115 41.1388
1298881124 -8.60114 41.1388
1298881125 -8.60115 41.1388
1298881126 -8.60115 41.1389
1298881127 -8.60115 41.1389
1298881128 -8.60116 41.1389
1298881129 -8.60116 41.139
1298881130 -8.60117 41.139
1298881131 -8.60118 41.139
1298881132 -8.60119 41.1391
1298881133 -8.6012 41.1391
1298881134 -8.60122 41.1392
1298881135 -8.60123 41.1393
1298881136 -8.60125 41.1393
1298881137 -8.60126 41.1394
1298881138 -8.60127 41.1395
1298881139 -8.60129 41.1395
1298881140 -8.6013 41.1396
1298881141 -8.60132 41.1397
1298881142 -8.60134 41.1398
1298881143 -8.60135 41.1398
1298881144 -8.60136 41.1399
1298881145 -8.60137 41.14
1298881146 -8.60139 41.14
1298881147 -8.6014 41.1401
1298881148 -8.60141 41.1401
1298881149 -8.60141 41.1401
1298881150 -8.60142 41.1402
1298881151 -8.60143 41.1402
1298881152 -8.60143 41.1402
1298881153 -8.60144 41.1402
1298881154 -8.60144 41.1403
1298881155 -8.60144 41.1403
1298881156 -8.60144 41.1403
1298881157 -8.60145 41.1403
1298881158 -8.60145 41.1403
1298881159 -8.60145 41.1404
1298881160 -8.60146 41.1404
1298881161 -8.60146 41.1404
1298881162 -8.60146 41.1404
1298881163 -8.60146 41.1404
1298881164 -8.60146 41.1404
1298881165 -8.60146 41.1404
1298881166 -8.60146 41.1404
1298881167 -8.60146 41.1404
1298881168 -8.60146 41.1404
1298881169 -8.60146 41.1404
1298881170 -8.60146 41.1404
1298881171 -8.60145 41.1404
1298881172 -8.60145 41.1404
1298881173 -8.60145 41.1404
1298881174 -8.60145 41.1404
1298881175 -8.60145 41.1404
1298881176 -8.60145 41.1404
1298881177 -8.60145 41.1404
1298881178 -8.60145 41.1404
1298881179 -8.60145 41.1404
1298881180 -8.60145 41.1404
1298881181 -8.60145 41.1404
1298881182 -8.60145 41.1404
1298881183 -8.60145 41.1404
1298881184 -8.60146 41.1404
1298881185 -8.60146 41.1404
1298881186 -8.60147 41.1404
1298881187 -8.60148 41.1405
1298881188 -8.60149 41.1405
1298881189 -8.6015 41.1405
1298881190 -8.60152 41.1406
1298881191 -8.60154 41.1406
1298881192 -8.60156 41.1407
1298881193 -8.60157 41.1407
1298881194 -8.60159 41.1408
1298881195 -8.6016 41.1408
1298881196 -8.60161 41.1409
1298881197 -8.60161 41.1409
1298881198 -8.60162 41.1409
1298881199 -8.60162 41.141
1298881200 -8.60163 41.141
