:break:
1298880041 -8.5689 41.1664
1298880042 -8.5689 41.1664
1298880043 -8.5689 41.1664
1298880044 -8.5689 41.1664
1298880045 -8.5689 41.1664
1298880046 -8.5689 41.1664
1298880047 -8.5689 41.1664
1298880048 -8.5689 41.1664
1298880049 -8.5689 41.1664
1298880050 -8.5689 41.1664
1298880051 -8.56889 41.1664
1298880052 -8.56889 41.1664
1298880053 -8.56889 41.1664
1298880054 -8.56889 41.1664
1298880055 -8.56889 41.1664
1298880056 -8.56889 41.1664
1298880057 -8.56889 41.1664
1298880058 -8.56889 41.1664
1298880059 -8.56889 41.1664
1298880060 -8.56889 41.1664
1298880061 -8.56889 41.1664
1298880062 -8.56889 41.1664
1298880063 -8.56889 41.1663
1298880064 -8.56889 41.1663
1298880065 -8.56889 41.1663
1298880066 -8.56889 41.1663
1298880067 -8.56889 41.1663
1298880068 -8.56889 41.1663
1298880069 -8.56889 41.1663
1298880070 -8.56889 41.1663
1298880071 -8.56889 41.1663
1298880072 -8.56889 41.1663
1298880073 -8.56889 41.1663
1298880074 -8.56889 41.1663
1298880075 -8.56889 41.1663
1298880076 -8.56889 41.1663
1298880077 -8.56889 41.1663
1298880078 -8.56889 41.1663
1298880079 -8.5689 41.1663
1298880080 -8.5689 41.1663
1298880081 -8.5689 41.1663
1298880082 -8.5689 41.1663
1298880083 -8.5689 41.1663
1298880084 -8.5689 41.1663
1298880085 -8.5689 41.1663
1298880086 -8.5689 41.1663
1298880087 -8.5689 41.1663
1298880088 -8.5689 41.1663
1298880089 -8.5689 41.1663
1298880090 -8.5689 41.1663
1298880091 -8.5689 41.1663
1298880092 -8.5689 41.1663
1298880093 -8.5689 41.1663
1298880094 -8.5689 41.1663
1298880095 -8.5689 41.1663
1298880096 -8.56891 41.1663
1298880097 -8.56891 41.1663
1298880098 -8.5689 41.1663
1298880099 -8.5689 41.1663
1298880100 -8.5689 41.1663
1298880101 -8.5689 41.1663
1298880102 -8.5689 41.1663
1298880103 -8.5689 41.1663
1298880104 -8.5689 41.1663
1298880105 -8.5689 41.1663
1298880106 -8.5689 41.1663
1298880107 -8.5689 41.1663
1298880108 -8.5689 41.1663
1298880109 -8.5689 41.1663
1298880110 -8.5689 41.1663
1298880111 -8.56889 41.1663
1298880112 -8.56889 41.1663
1298880113 -8.56889 41.1663
1298880114 -8.56889 41.1663
1298880115 -8.56889 41.1663
1298880116 -8.56889 41.1663
1298880117 -8.56888 41.1663
1298880118 -8.56888 41.1663
1298880119 -8.56888 41.1663
1298880120 -8.56888 41.1663
1298880121 -8.56888 41.1663
1298880122 -8.56888 41.1663
1298880123 -8.56888 41.1663
1298880124 -8.56887 41.1663
1298880125 -8.56887 41.1663
1298880126 -8.56887 41.1663
1298880127 -8.56887 41.1663
1298880128 -8.56887 41.1663
1298880129 -8.56887 41.1663
1298880130 -8.56887 41.1663
1298880131 -8.56887 41.1663
1298880132 -8.56887 41.1663
1298880133 -8.56886 41.1663
1298880134 -8.56886 41.1663
1298880135 -8.56886 41.1663
1298880136 -8.56886 41.1663
1298880137 -8.56886 41.1663
1298880138 -8.56886 41.1663
1298880139 -8.56886 41.1663
1298880140 -8.56886 41.1663
1298880141 -8.56886 41.1663
1298880142 -8.56886 41.1663
1298880143 -8.56886 41.1663
1298880144 -8.56886 41.1663
1298880145 -8.56886 41.1663
1298880146 -8.56886 41.1663
1298880147 -8.56886 41.1663
1298880148 -8.56886 41.1663
1298880149 -8.56886 41.1663
1298880150 -8.56886 41.1663
1298880151 -8.56886 41.1663
1298880152 -8.56886 41.1663
1298880153 -8.56886 41.1663
1298880154 -8.56886 41.1663
1298880155 -8.56886 41.1663
1298880156 -8.56886 41.1663
1298880157 -8.56887 41.1663
1298880158 -8.56887 41.1663
1298880159 -8.56887 41.1663
1298880160 -8.56887 41.1663
1298880161 -8.56887 41.1663
1298880162 -8.56887 41.1663
1298880163 -8.56887 41.1663
1298880164 -8.56887 41.1663
1298880165 -8.56887 41.1663
1298880166 -8.56887 41.1663
1298880167 -8.56887 41.1663
1298880168 -8.56887 41.1663
1298880169 -8.56887 41.1663
1298880170 -8.56887 41.1663
1298880171 -8.56888 41.1663
1298880172 -8.56888 41.1663
1298880173 -8.56888 41.1663
1298880174 -8.56888 41.1663
1298880175 -8.56888 41.1663
1298880176 -8.56888 41.1663
1298880177 -8.56888 41.1663
1298880178 -8.56888 41.1663
1298880179 -8.56888 41.1663
1298880180 -8.56888 41.1663
1298880181 -8.56888 41.1663
1298880182 -8.56888 41.1663
1298880183 -8.56888 41.1663
1298880184 -8.56888 41.1663
1298880185 -8.56888 41.1663
1298880186 -8.56888 41.1663
1298880187 -8.56888 41.1663
1298880188 -8.56888 41.1663
1298880189 -8.56888 41.1663
1298880190 -8.56888 41.1663
1298880191 -8.56888 41.1663
1298880192 -8.56888 41.1663
1298880193 -8.56888 41.1663
1298880194 -8.56888 41.1663
1298880195 -8.56888 41.1663
1298880196 -8.56888 41.1663
1298880197 -8.56888 41.1663
1298880198 -8.56888 41.1663
1298880199 -8.56888 41.1663
1298880200 -8.56888 41.1663
1298880201 -8.56888 41.1663
1298880202 -8.56888 41.1663
1298880203 -8.56888 41.1663
1298880204 -8.56888 41.1663
1298880205 -8.56888 41.1663
1298880206 -8.56887 41.1663
1298880207 -8.56887 41.1663
1298880208 -8.56886 41.1663
1298880209 -8.56886 41.1663
1298880210 -8.56885 41.1663
1298880211 -8.56885 41.1663
1298880212 -8.56884 41.1663
1298880213 -8.56883 41.1663
1298880214 -8.56881 41.1663
1298880215 -8.56878 41.1663
1298880216 -8.56877 41.1663
1298880217 -8.56875 41.1663
1298880218 -8.56873 41.1663
1298880219 -8.56871 41.1663
1298880220 -8.56869 41.1663
1298880221 -8.56868 41.1663
1298880222 -8.56867 41.1663
1298880223 -8.56865 41.1663
1298880224 -8.56863 41.1663
1298880225 -8.5686 41.1663
1298880226 -8.56856 41.1663
1298880227 -8.5685 41.1663
1298880228 -8.56844 41.1663
1298880229 -8.56837 41.1663
1298880230 -8.5683 41.1663
1298880231 -8.56822 41.1663
1298880232 -8.56812 41.1663
1298880233 -8.56803 41.1663
1298880234 -8.56792 41.1663
1298880235 -8.56781 41.1663
1298880236 -8.56769 41.1663
1298880237 -8.56757 41.1663
1298880238 -8.56746 41.1663
1298880239 -8.56734 41.1663
1298880240 -8.56723 41.1664
1298880241 -8.56712 41.1664
1298880242 -8.56701 41.1664
1298880243 -8.5669 41.1664
1298880244 -8.5668 41.1664
1298880245 -8.56671 41.1664
1298880246 -8.56664 41.1664
1298880247 -8.5666 41.1664
1298880248 -8.56656 41.1665
1298880249 -8.56653 41.1665
1298880250 -8.56653 41.1665
1298880251 -8.56652 41.1665
1298880252 -8.56652 41.1665
1298880253 -8.56652 41.1665
1298880254 -8.56652 41.1665
1298880255 -8.56652 41.1665
1298880256 -8.56652 41.1665
1298880257 -8.56652 41.1665
1298880258 -8.56651 41.1665
1298880259 -8.56651 41.1665
1298880260 -8.56651 41.1665
1298880261 -8.5665 41.1665
1298880262 -8.5665 41.1665
1298880263 -8.56649 41.1665
1298880264 -8.56647 41.1665
1298880265 -8.56647 41.1665
1298880266 -8.56649 41.1666
1298880267 -8.5665 41.1666
1298880268 -8.56653 41.1666
1298880269 -8.56656 41.1667
1298880270 -8.5666 41.1667
1298880271 -8.56663 41.1668
1298880272 -8.56667 41.1668
1298880273 -8.56671 41.1669
1298880274 -8.56677 41.1669
1298880275 -8.56683 41.1669
1298880276 -8.56687 41.167
1298880277 -8.56692 41.167
1298880278 -8.56696 41.167
1298880279 -8.567 41.167
1298880280 -8.56702 41.1671
1298880281 -8.56703 41.1671
1298880282 -8.56703 41.1671
1298880283 -8.56702 41.1671
1298880284 -8.56701 41.1671
1298880285 -8.56701 41.1671
1298880286 -8.567 41.1671
1298880287 -8.56701 41.1672
1298880288 -8.56701 41.1672
1298880289 -8.56701 41.1672
1298880290 -8.56701 41.1672
1298880291 -8.56701 41.1672
1298880292 -8.567 41.1672
1298880293 -8.567 41.1672
1298880294 -8.567 41.1672
1298880295 -8.567 41.1672
1298880296 -8.567 41.1672
1298880297 -8.567 41.1672
1298880298 -8.567 41.1672
1298880299 -8.567 41.1672
1298880300 -8.567 41.1672
1298880301 -8.567 41.1672
1298880302 -8.567 41.1672
1298880303 -8.567 41.1672
1298880304 -8.567 41.1672
1298880305 -8.56699 41.1672
1298880306 -8.567 41.1672
1298880307 -8.567 41.1672
1298880308 -8.567 41.1672
1298880309 -8.56701 41.1672
1298880310 -8.56703 41.1673
1298880311 -8.56705 41.1673
1298880312 -8.56707 41.1673
1298880313 -8.56714 41.1673
1298880314 -8.5672 41.1673
1298880315 -8.56725 41.1673
1298880316 -8.5673 41.1673
1298880317 -8.56734 41.1673
1298880318 -8.56739 41.1673
1298880319 -8.56744 41.1673
1298880320 -8.56751 41.1674
1298880321 -8.56757 41.1674
1298880322 -8.56763 41.1674
1298880323 -8.56769 41.1674
1298880324 -8.56777 41.1674
1298880325 -8.56783 41.1674
1298880326 -8.56788 41.1674
1298880327 -8.56794 41.1675
1298880328 -8.568 41.1675
1298880329 -8.56805 41.1675
1298880330 -8.56811 41.1675
1298880331 -8.56814 41.1675
1298880332 -8.56819 41.1676
1298880333 -8.56822 41.1676
1298880334 -8.56825 41.1676
1298880335 -8.5683 41.1676
1298880336 -8.56834 41.1676
1298880337 -8.5684 41.1676
1298880338 -8.56847 41.1676
1298880339 -8.56854 41.1676
1298880340 -8.56859 41.1676
1298880341 -8.56865 41.1676
1298880342 -8.56869 41.1676
1298880343 -8.56875 41.1676
1298880344 -8.5688 41.1676
1298880345 -8.56886 41.1676
1298880346 -8.56893 41.1676
1298880347 -8.569 41.1676
1298880348 -8.56908 41.1676
1298880349 -8.56916 41.1676
1298880350 -8.56924 41.1676
1298880351 -8.56931 41.1676
1298880352 -8.56938 41.1676
1298880353 -8.56942 41.1676
1298880354 -8.56946 41.1676
1298880355 -8.56948 41.1676
1298880356 -8.56949 41.1676
1298880357 -8.56949 41.1676
1298880358 -8.56949 41.1676
1298880359 -8.56949 41.1676
1298880360 -8.56949 41.1676
1298880361 -8.56949 41.1676
1298880362 -8.56949 41.1676
1298880363 -8.56949 41.1676
1298880364 -8.56949 41.1676
1298880365 -8.56949 41.1676
1298880366 -8.56949 41.1676
1298880367 -8.56949 41.1676
1298880368 -8.56949 41.1676
1298880369 -8.56949 41.1676
1298880370 -8.56949 41.1676
1298880371 -8.56949 41.1676
1298880372 -8.56949 41.1676
1298880373 -8.56949 41.1676
1298880374 -8.56949 41.1676
1298880375 -8.56949 41.1676
1298880376 -8.56949 41.1676
1298880377 -8.56949 41.1676
1298880378 -8.56949 41.1676
1298880379 -8.56949 41.1676
1298880380 -8.56949 41.1676
1298880381 -8.56949 41.1676
1298880382 -8.56949 41.1676
1298880383 -8.56949 41.1676
1298880384 -8.56949 41.1676
1298880385 -8.56949 41.1676
1298880386 -8.56949 41.1676
1298880387 -8.56949 41.1676
1298880388 -8.56949 41.1676
1298880389 -8.56949 41.1676
1298880390 -8.56949 41.1676
1298880391 -8.5695 41.1676
1298880392 -8.5695 41.1676
1298880393 -8.56951 41.1676
1298880394 -8.56951 41.1676
1298880395 -8.56951 41.1676
1298880396 -8.56951 41.1676
1298880397 -8.56951 41.1676
1298880398 -8.56951 41.1676
1298880399 -8.56951 41.1676
1298880400 -8.56952 41.1676
1298880401 -8.56952 41.1676
1298880402 -8.56952 41.1676
1298880403 -8.56952 41.1676
1298880404 -8.56952 41.1676
1298880405 -8.56952 41.1676
1298880406 -8.56952 41.1676
1298880407 -8.56952 41.1676
1298880408 -8.56952 41.1676
1298880409 -8.56952 41.1676
1298880410 -8.56952 41.1676
1298880411 -8.56952 41.1676
1298880412 -8.56952 41.1676
1298880413 -8.56952 41.1676
1298880414 -8.56953 41.1676
1298880415 -8.56954 41.1676
1298880416 -8.56957 41.1676
1298880417 -8.56961 41.1676
1298880418 -8.56967 41.1676
1298880419 -8.56973 41.1676
1298880420 -8.56978 41.1676
1298880421 -8.56985 41.1676
1298880422 -8.56991 41.1676
1298880423 -8.56997 41.1676
1298880424 -8.57004 41.1676
1298880425 -8.57011 41.1676
1298880426 -8.57016 41.1675
1298880427 -8.57021 41.1675
1298880428 -8.57026 41.1674
1298880429 -8.57029 41.1674
1298880430 -8.57029 41.1673
1298880431 -8.57031 41.1673
1298880432 -8.57033 41.1672
1298880433 -8.57035 41.1672
1298880434 -8.57036 41.1671
1298880435 -8.57038 41.167
1298880436 -8.5704 41.167
1298880437 -8.57044 41.1669
1298880438 -8.57047 41.1668
1298880439 -8.57048 41.1668
1298880440 -8.57051 41.1667
1298880441 -8.57054 41.1666
1298880442 -8.57056 41.1666
1298880443 -8.57058 41.1665
1298880444 -8.57062 41.1664
1298880445 -8.57066 41.1663
1298880446 -8.57069 41.1662
1298880447 -8.57072 41.1662
1298880448 -8.57075 41.1661
1298880449 -8.57078 41.166
1298880450 -8.57081 41.1659
1298880451 -8.57084 41.1658
1298880452 -8.57088 41.1658
1298880453 -8.57091 41.1657
1298880454 -8.57095 41.1656
1298880455 -8.57098 41.1655
1298880456 -8.57102 41.1654
1298880457 -8.57105 41.1653
1298880458 -8.57109 41.1652
1298880459 -8.57112 41.1652
1298880460 -8.57115 41.1651
1298880461 -8.57119 41.165
1298880462 -8.57122 41.1649
1298880463 -8.57126 41.1648
1298880464 -8.57129 41.1647
1298880465 -8.57133 41.1647
1298880466 -8.57137 41.1646
1298880467 -8.57142 41.1645
1298880468 -8.57146 41.1644
1298880469 -8.57152 41.1643
1298880470 -8.57156 41.1643
1298880471 -8.57163 41.1642
1298880472 -8.57168 41.1641
1298880473 -8.57174 41.164
1298880474 -8.57181 41.1639
1298880475 -8.57187 41.1638
1298880476 -8.57192 41.1637
1298880477 -8.57199 41.1637
1298880478 -8.57206 41.1636
1298880479 -8.57214 41.1635
1298880480 -8.57226 41.1635
1298880481 -8.57237 41.1634
1298880482 -8.5725 41.1634
1298880483 -8.57263 41.1633
1298880484 -8.57275 41.1632
1298880485 -8.57288 41.1632
1298880486 -8.57301 41.1631
1298880487 -8.57314 41.163
1298880488 -8.57327 41.163
1298880489 -8.5734 41.1629
1298880490 -8.5735 41.1629
1298880491 -8.57357 41.1628
1298880492 -8.57363 41.1628
1298880493 -8.5737 41.1628
1298880494 -8.57375 41.1627
1298880495 -8.57381 41.1627
1298880496 -8.57386 41.1627
1298880497 -8.5739 41.1627
1298880498 -8.57396 41.1627
1298880499 -8.574 41.1626
1298880500 -8.57406 41.1626
1298880501 -8.57411 41.1626
1298880502 -8.57417 41.1626
1298880503 -8.57424 41.1625
1298880504 -8.5743 41.1625
1298880505 -8.57437 41.1624
1298880506 -8.57446 41.1624
1298880507 -8.57453 41.1624
1298880508 -8.57461 41.1623
1298880509 -8.57467 41.1623
1298880510 -8.57472 41.1623
1298880511 -8.57477 41.1623
1298880512 -8.57482 41.1622
1298880513 -8.57489 41.1622
1298880514 -8.57496 41.1622
1298880515 -8.57503 41.1621
1298880516 -8.5751 41.1621
1298880517 -8.57517 41.1621
1298880518 -8.57525 41.162
1298880519 -8.57532 41.162
1298880520 -8.57538 41.162
1298880521 -8.57545 41.1619
1298880522 -8.57552 41.1619
1298880523 -8.5756 41.1619
1298880524 -8.57569 41.1618
1298880525 -8.57577 41.1618
1298880526 -8.57583 41.1617
1298880527 -8.57589 41.1617
1298880528 -8.57596 41.1616
1298880529 -8.57602 41.1616
1298880530 -8.57608 41.1615
1298880531 -8.57614 41.1615
1298880532 -8.57619 41.1614
1298880533 -8.57623 41.1614
1298880534 -8.57627 41.1614
1298880535 -8.57631 41.1613
1298880536 -8.57634 41.1613
1298880537 -8.57638 41.1612
1298880538 -8.57644 41.1612
1298880539 -8.57651 41.1612
1298880540 -8.57657 41.1612
1298880541 -8.57665 41.1611
1298880542 -8.57674 41.1611
1298880543 -8.57682 41.1611
1298880544 -8.57691 41.1611
1298880545 -8.577 41.161
1298880546 -8.5771 41.161
1298880547 -8.5772 41.1609
1298880548 -8.5773 41.1609
1298880549 -8.5774 41.1608
1298880550 -8.57751 41.1608
1298880551 -8.57762 41.1607
1298880552 -8.57772 41.1607
1298880553 -8.57783 41.1606
1298880554 -8.57794 41.1606
1298880555 -8.57803 41.1605
1298880556 -8.57812 41.1605
1298880557 -8.57821 41.1605
1298880558 -8.57828 41.1604
1298880559 -8.57834 41.1604
1298880560 -8.5784 41.1604
1298880561 -8.57848 41.1603
1298880562 -8.57854 41.1603
1298880563 -8.5786 41.1603
1298880564 -8.57866 41.1602
1298880565 -8.57871 41.1602
1298880566 -8.57876 41.1602
1298880567 -8.57879 41.1601
1298880568 -8.57883 41.1601
1298880569 -8.57885 41.1601
1298880570 -8.57888 41.1601
1298880571 -8.57892 41.1601
1298880572 -8.57895 41.1601
1298880573 -8.57899 41.16
1298880574 -8.57902 41.16
1298880575 -8.57905 41.16
1298880576 -8.57907 41.16
1298880577 -8.57909 41.16
1298880578 -8.57911 41.16
1298880579 -8.57912 41.16
1298880580 -8.57914 41.16
1298880581 -8.57915 41.1599
1298880582 -8.57917 41.1599
1298880583 -8.57919 41.1599
1298880584 -8.5792 41.1599
1298880585 -8.57923 41.1599
1298880586 -8.57926 41.1599
1298880587 -8.57928 41.1599
1298880588 -8.5793 41.1598
1298880589 -8.57931 41.1598
1298880590 -8.57933 41.1598
1298880591 -8.57936 41.1598
1298880592 -8.57938 41.1598
1298880593 -8.57939 41.1598
1298880594 -8.57941 41.1598
1298880595 -8.57943 41.1597
1298880596 -8.57945 41.1597
1298880597 -8.57947 41.1597
1298880598 -8.57948 41.1597
1298880599 -8.5795 41.1597
1298880600 -8.57952 41.1597
1298880601 -8.57955 41.1597
1298880602 -8.57957 41.1596
1298880603 -8.57962 41.1596
1298880604 -8.57966 41.1596
1298880605 -8.57969 41.1596
1298880606 -8.57973 41.1595
1298880607 -8.57976 41.1595
1298880608 -8.5798 41.1595
1298880609 -8.57984 41.1595
1298880610 -8.57987 41.1595
1298880611 -8.5799 41.1595
1298880612 -8.57992 41.1595
1298880613 -8.57993 41.1595
1298880614 -8.57995 41.1595
1298880615 -8.57998 41.1595
1298880616 -8.58001 41.1595
1298880617 -8.58003 41.1595
1298880618 -8.58006 41.1595
1298880619 -8.5801 41.1595
1298880620 -8.58017 41.1594
1298880621 -8.58024 41.1594
1298880622 -8.5803 41.1594
1298880623 -8.58035 41.1594
1298880624 -8.58038 41.1594
1298880625 -8.58041 41.1594
1298880626 -8.58044 41.1594
1298880627 -8.58047 41.1594
1298880628 -8.5805 41.1594
1298880629 -8.58054 41.1594
1298880630 -8.58058 41.1594
1298880631 -8.58064 41.1594
1298880632 -8.58069 41.1594
1298880633 -8.58075 41.1594
1298880634 -8.58082 41.1594
1298880635 -8.58088 41.1594
1298880636 -8.58095 41.1594
1298880637 -8.58101 41.1594
1298880638 -8.58106 41.1594
1298880639 -8.58109 41.1594
1298880640 -8.58111 41.1594
1298880641 -8.58113 41.1594
1298880642 -8.58117 41.1594
1298880643 -8.58122 41.1594
1298880644 -8.58128 41.1594
1298880645 -8.58136 41.1594
1298880646 -8.58143 41.1594
1298880647 -8.58151 41.1593
1298880648 -8.5816 41.1593
1298880649 -8.58169 41.1593
1298880650 -8.58178 41.1593
1298880651 -8.58185 41.1592
1298880652 -8.58191 41.1592
1298880653 -8.58196 41.1591
1298880654 -8.58199 41.1591
1298880655 -8.58201 41.159
1298880656 -8.58204 41.1589
1298880657 -8.58206 41.1589
1298880658 -8.58209 41.1588
1298880659 -8.58213 41.1588
1298880660 -8.58218 41.1588
1298880661 -8.58226 41.1588
1298880662 -8.58232 41.1588
1298880663 -8.58237 41.1588
1298880664 -8.58242 41.1588
1298880665 -8.58245 41.1589
1298880666 -8.58249 41.1589
1298880667 -8.58251 41.159
1298880668 -8.58256 41.159
1298880669 -8.58262 41.159
1298880670 -8.58264 41.159
1298880671 -8.58269 41.159
1298880672 -8.58275 41.159
1298880673 -8.58283 41.159
1298880674 -8.58292 41.159
1298880675 -8.58302 41.1589
1298880676 -8.58313 41.1589
1298880677 -8.58325 41.1589
1298880678 -8.58336 41.1588
1298880679 -8.58347 41.1588
1298880680 -8.58356 41.1587
1298880681 -8.58365 41.1587
1298880682 -8.58375 41.1586
1298880683 -8.58385 41.1586
1298880684 -8.58396 41.1585
1298880685 -8.58407 41.1585
1298880686 -8.58417 41.1585
1298880687 -8.58426 41.1584
1298880688 -8.58439 41.1584
1298880689 -8.5845 41.1583
1298880690 -8.5846 41.1583
1298880691 -8.5847 41.1582
1298880692 -8.58481 41.1581
1298880693 -8.58492 41.1581
1298880694 -8.58503 41.1581
1298880695 -8.58514 41.158
1298880696 -8.58524 41.158
1298880697 -8.58532 41.1579
1298880698 -8.58541 41.1579
1298880699 -8.5855 41.1578
1298880700 -8.58557 41.1578
1298880701 -8.58563 41.1578
1298880702 -8.58568 41.1578
1298880703 -8.58577 41.1577
1298880704 -8.58585 41.1577
1298880705 -8.58595 41.1577
1298880706 -8.58605 41.1577
1298880707 -8.58615 41.1577
1298880708 -8.58626 41.1577
1298880709 -8.58637 41.1577
1298880710 -8.58649 41.1576
1298880711 -8.58659 41.1576
1298880712 -8.58672 41.1576
1298880713 -8.58685 41.1576
1298880714 -8.58696 41.1576
1298880715 -8.58707 41.1575
1298880716 -8.58719 41.1575
1298880717 -8.5873 41.1575
1298880718 -8.5874 41.1575
1298880719 -8.5875 41.1575
1298880720 -8.58761 41.1575
1298880721 -8.58773 41.1575
1298880722 -8.58784 41.1575
1298880723 -8.58796 41.1575
1298880724 -8.58808 41.1574
1298880725 -8.5882 41.1574
1298880726 -8.58832 41.1574
1298880727 -8.58844 41.1573
1298880728 -8.58857 41.1573
1298880729 -8.58869 41.1573
1298880730 -8.58882 41.1573
1298880731 -8.58894 41.1573
1298880732 -8.58905 41.1572
1298880733 -8.58916 41.1572
1298880734 -8.58925 41.1572
1298880735 -8.58931 41.1572
1298880736 -8.58937 41.1572
1298880737 -8.5894 41.1572
1298880738 -8.58943 41.1572
1298880739 -8.58944 41.1572
1298880740 -8.58946 41.1572
1298880741 -8.58947 41.1572
1298880742 -8.58948 41.1572
1298880743 -8.58951 41.1572
1298880744 -8.58955 41.1572
1298880745 -8.58958 41.1572
1298880746 -8.58961 41.1572
1298880747 -8.58964 41.1571
1298880748 -8.58964 41.1571
1298880749 -8.58964 41.1571
1298880750 -8.58964 41.1571
1298880751 -8.58963 41.1571
1298880752 -8.58963 41.1571
1298880753 -8.58964 41.1571
1298880754 -8.58965 41.1571
1298880755 -8.58967 41.1571
1298880756 -8.58971 41.1571
1298880757 -8.58977 41.1571
1298880758 -8.58982 41.1571
1298880759 -8.58989 41.1571
1298880760 -8.58996 41.157
1298880761 -8.59004 41.157
1298880762 -8.59014 41.157
1298880763 -8.59023 41.1569
1298880764 -8.59031 41.1569
1298880765 -8.59039 41.1569
1298880766 -8.59046 41.1568
1298880767 -8.59054 41.1568
1298880768 -8.59061 41.1568
1298880769 -8.59067 41.1568
1298880770 -8.59073 41.1567
1298880771 -8.59076 41.1567
1298880772 -8.59079 41.1567
1298880773 -8.5908 41.1567
1298880774 -8.5908 41.1567
1298880775 -8.59081 41.1567
1298880776 -8.59081 41.1567
1298880777 -8.59082 41.1567
1298880778 -8.59082 41.1567
1298880779 -8.59083 41.1567
1298880780 -8.59084 41.1567
1298880781 -8.59084 41.1567
1298880782 -8.59084 41.1567
1298880783 -8.59085 41.1567
1298880784 -8.59086 41.1567
1298880785 -8.59088 41.1567
1298880786 -8.59088 41.1567
1298880787 -8.59089 41.1567
1298880788 -8.59089 41.1567
1298880789 -8.5909 41.1567
1298880790 -8.5909 41.1567
1298880791 -8.5909 41.1567
1298880792 -8.59092 41.1567
1298880793 -8.59093 41.1567
1298880794 -8.59093 41.1567
1298880795 -8.59094 41.1567
1298880796 -8.59096 41.1567
1298880797 -8.59097 41.1566
1298880798 -8.59099 41.1566
1298880799 -8.59099 41.1566
1298880800 -8.591 41.1566
1298880801 -8.59101 41.1566
1298880802 -8.59102 41.1566
1298880803 -8.59103 41.1566
1298880804 -8.59103 41.1566
1298880805 -8.59104 41.1566
1298880806 -8.59104 41.1566
1298880807 -8.59105 41.1566
1298880808 -8.59106 41.1566
1298880809 -8.59107 41.1566
1298880810 -8.59108 41.1566
1298880811 -8.5911 41.1565
1298880812 -8.59109 41.1565
1298880813 -8.59111 41.1564
1298880814 -8.59112 41.1564
1298880815 -8.59112 41.1563
1298880816 -8.59112 41.1563
1298880817 -8.59114 41.1563
1298880818 -8.59116 41.1563
1298880819 -8.59117 41.1562
1298880820 -8.59118 41.1562
1298880821 -8.5912 41.1562
1298880822 -8.59123 41.1562
1298880823 -8.59126 41.1562
1298880824 -8.59129 41.1562
1298880825 -8.59132 41.1562
1298880826 -8.59136 41.1562
1298880827 -8.59138 41.1562
1298880828 -8.59142 41.1562
1298880829 -8.59145 41.1562
1298880830 -8.59148 41.1562
1298880831 -8.59151 41.1562
1298880832 -8.59152 41.1562
1298880833 -8.59153 41.1562
1298880834 -8.59152 41.1561
1298880835 -8.59152 41.1561
1298880836 -8.59153 41.156
1298880837 -8.59153 41.156
1298880838 -8.59153 41.1559
1298880839 -8.59154 41.1558
1298880840 -8.59154 41.1557
1298880841 -8.59154 41.1557
1298880842 -8.59154 41.1557
1298880843 -8.59154 41.1557
1298880844 -8.59154 41.1557
1298880845 -8.59153 41.1556
1298880846 -8.59148 41.1556
1298880847 -8.59142 41.1556
1298880848 -8.59135 41.1556
1298880849 -8.59128 41.1555
1298880850 -8.59123 41.1555
1298880851 -8.59119 41.1555
1298880852 -8.59117 41.1554
1298880853 -8.59116 41.1553
1298880854 -8.59114 41.1553
1298880855 -8.59112 41.1552
1298880856 -8.59109 41.1551
1298880857 -8.59106 41.1551
1298880858 -8.59105 41.155
1298880859 -8.59106 41.1549
1298880860 -8.59107 41.1548
1298880861 -8.59107 41.1547
1298880862 -8.59106 41.1546
1298880863 -8.59106 41.1545
1298880864 -8.59105 41.1544
1298880865 -8.59105 41.1542
1298880866 -8.59105 41.1541
1298880867 -8.59105 41.154
1298880868 -8.59105 41.154
1298880869 -8.59108 41.1539
1298880870 -8.59109 41.1538
1298880871 -8.59113 41.1537
1298880872 -8.59116 41.1536
1298880873 -8.59119 41.1535
1298880874 -8.59124 41.1534
1298880875 -8.59128 41.1533
1298880876 -8.59135 41.1532
1298880877 -8.5914 41.1532
1298880878 -8.59145 41.1531
1298880879 -8.59149 41.1531
1298880880 -8.59154 41.153
1298880881 -8.59159 41.153
1298880882 -8.59164 41.1529
1298880883 -8.59171 41.1528
1298880884 -8.59177 41.1528
1298880885 -8.59183 41.1527
1298880886 -8.59188 41.1527
1298880887 -8.59193 41.1526
1298880888 -8.59198 41.1525
1298880889 -8.59201 41.1525
1298880890 -8.59203 41.1525
1298880891 -8.59204 41.1525
1298880892 -8.59205 41.1524
1298880893 -8.59205 41.1524
1298880894 -8.59205 41.1524
1298880895 -8.59205 41.1524
1298880896 -8.59204 41.1524
1298880897 -8.59205 41.1524
1298880898 -8.59206 41.1524
1298880899 -8.59207 41.1524
1298880900 -8.59208 41.1524
1298880901 -8.5921 41.1523
1298880902 -8.59212 41.1523
1298880903 -8.59214 41.1523
1298880904 -8.59216 41.1522
1298880905 -8.59217 41.1522
1298880906 -8.5922 41.1521
1298880907 -8.59223 41.1521
1298880908 -8.59225 41.152
1298880909 -8.59228 41.152
1298880910 -8.59231 41.1519
1298880911 -8.59234 41.1518
1298880912 -8.59236 41.1518
1298880913 -8.5924 41.1517
1298880914 -8.59243 41.1517
1298880915 -8.59244 41.1517
1298880916 -8.59246 41.1516
1298880917 -8.59248 41.1516
1298880918 -8.59251 41.1516
1298880919 -8.59252 41.1516
1298880920 -8.59253 41.1515
1298880921 -8.59253 41.1515
1298880922 -8.59253 41.1515
1298880923 -8.59253 41.1515
1298880924 -8.59253 41.1515
1298880925 -8.59254 41.1515
1298880926 -8.59256 41.1515
1298880927 -8.59258 41.1515
1298880928 -8.59259 41.1515
1298880929 -8.5926 41.1515
1298880930 -8.59261 41.1515
1298880931 -8.59261 41.1515
1298880932 -8.59262 41.1515
1298880933 -8.59262 41.1515
1298880934 -8.59262 41.1515
1298880935 -8.59262 41.1515
1298880936 -8.59262 41.1515
1298880937 -8.59262 41.1515
1298880938 -8.59262 41.1515
1298880939 -8.59262 41.1515
1298880940 -8.59262 41.1515
1298880941 -8.59262 41.1515
1298880942 -8.59263 41.1515
1298880943 -8.59263 41.1515
1298880944 -8.59263 41.1515
1298880945 -8.59263 41.1515
1298880946 -8.59263 41.1514
1298880947 -8.59264 41.1514
1298880948 -8.59266 41.1514
1298880949 -8.59268 41.1514
1298880950 -8.59271 41.1514
1298880951 -8.59273 41.1513
1298880952 -8.59277 41.1513
1298880953 -8.59282 41.1513
1298880954 -8.59287 41.1512
1298880955 -8.59293 41.1512
1298880956 -8.593 41.1512
1298880957 -8.59308 41.1512
1298880958 -8.59317 41.1511
1298880959 -8.59326 41.1511
1298880960 -8.59335 41.1511
1298880961 -8.59345 41.1511
1298880962 -8.59355 41.151
1298880963 -8.59365 41.151
1298880964 -8.59375 41.151
1298880965 -8.59385 41.151
1298880966 -8.59396 41.1509
1298880967 -8.59406 41.1509
1298880968 -8.59417 41.1509
1298880969 -8.59428 41.1508
1298880970 -8.5944 41.1508
1298880971 -8.5945 41.1507
1298880972 -8.59462 41.1507
1298880973 -8.59473 41.1506
1298880974 -8.59483 41.1505
1298880975 -8.59494 41.1505
1298880976 -8.59505 41.1504
1298880977 -8.59514 41.1504
1298880978 -8.59525 41.1503
1298880979 -8.59537 41.1502
1298880980 -8.59549 41.1502
1298880981 -8.59561 41.1501
1298880982 -8.59572 41.15
1298880983 -8.59584 41.1499
1298880984 -8.59595 41.1499
1298880985 -8.59609 41.1498
1298880986 -8.59622 41.1497
1298880987 -8.59636 41.1496
1298880988 -8.59648 41.1496
1298880989 -8.59662 41.1495
1298880990 -8.59675 41.1494
1298880991 -8.59687 41.1494
1298880992 -8.59697 41.1493
1298880993 -8.59708 41.1492
1298880994 -8.59718 41.1491
1298880995 -8.5973 41.1491
1298880996 -8.59739 41.149
1298880997 -8.59748 41.1489
1298880998 -8.59757 41.1489
1298880999 -8.59763 41.1489
1298881000 -8.59767 41.1488
1298881001 -8.5977 41.1488
1298881002 -8.59774 41.1487
1298881003 -8.59778 41.1486
1298881004 -8.59782 41.1486
1298881005 -8.59787 41.1485
1298881006 -8.59793 41.1485
1298881007 -8.59802 41.1485
1298881008 -8.59813 41.1485
1298881009 -8.59823 41.1484
1298881010 -8.59834 41.1484
1298881011 -8.59845 41.1484
1298881012 -8.59856 41.1484
1298881013 -8.59867 41.1484
1298881014 -8.59878 41.1484
1298881015 -8.5989 41.1485
1298881016 -8.59902 41.1485
1298881017 -8.59915 41.1485
1298881018 -8.59929 41.1485
1298881019 -8.59944 41.1485
1298881020 -8.59957 41.1486
1298881021 -8.59972 41.1486
1298881022 -8.59986 41.1486
1298881023 -8.60001 41.1486
1298881024 -8.60017 41.1487
1298881025 -8.60033 41.1487
1298881026 -8.60046 41.1487
1298881027 -8.60061 41.1487
1298881028 -8.60074 41.1487
1298881029 -8.60087 41.1488
1298881030 -8.60099 41.1488
1298881031 -8.60112 41.1488
1298881032 -8.60124 41.1488
1298881033 -8.60134 41.1489
1298881034 -8.60143 41.1489
1298881035 -8.60154 41.1489
1298881036 -8.60165 41.1489
1298881037 -8.60179 41.1489
1298881038 -8.60192 41.149
1298881039 -8.60205 41.149
1298881040 -8.60217 41.149
1298881041 -8.6023 41.1491
1298881042 -8.60243 41.1491
1298881043 -8.60256 41.1491
1298881044 -8.60269 41.1492
1298881045 -8.6028 41.1492
1298881046 -8.60289 41.1493
1298881047 -8.60298 41.1493
1298881048 -8.60304 41.1494
1298881049 -8.60309 41.1494
1298881050 -8.60314 41.1495
1298881051 -8.60318 41.1495
1298881052 -8.60325 41.1495
1298881053 -8.60334 41.1496
1298881054 -8.60343 41.1496
1298881055 -8.60349 41.1496
1298881056 -8.60347 41.1497
1298881057 -8.60355 41.1497
1298881058 -8.60366 41.1498
1298881059 -8.6038 41.1498
1298881060 -8.60397 41.1498
1298881061 -8.60412 41.1498
1298881062 -8.60425 41.1499
1298881063 -8.6044 41.1499
1298881064 -8.60452 41.1499
1298881065 -8.60461 41.1499
1298881066 -8.60473 41.15
1298881067 -8.60491 41.15
1298881068 -8.60507 41.15
1298881069 -8.60523 41.1499
1298881070 -8.60536 41.15
1298881071 -8.60549 41.15
1298881072 -8.60563 41.15
1298881073 -8.60573 41.15
1298881074 -8.60585 41.15
1298881075 -8.60599 41.15
1298881076 -8.60611 41.15
1298881077 -8.60621 41.15
1298881078 -8.60629 41.15
1298881079 -8.60639 41.1501
1298881080 -8.6065 41.1501
1298881081 -8.60661 41.1501
1298881082 -8.60671 41.1501
1298881083 -8.60679 41.1502
1298881084 -8.60687 41.1502
1298881085 -8.60696 41.1502
1298881086 -8.60703 41.1501
1298881087 -8.6071 41.1501
1298881088 -8.60715 41.15
1298881089 -8.6072 41.15
1298881090 -8.60728 41.1499
1298881091 -8.60733 41.1499
1298881092 -8.60737 41.1498
1298881093 -8.60741 41.1497
1298881094 -8.60746 41.1496
1298881095 -8.60749 41.1496
1298881096 -8.60754 41.1495
1298881097 -8.60758 41.1494
1298881098 -8.60764 41.1493
1298881099 -8.60769 41.1493
1298881100 -8.60774 41.1492
1298881101 -8.60778 41.1491
1298881102 -8.60782 41.149
1298881103 -8.60785 41.1489
1298881104 -8.6079 41.1489
1298881105 -8.60794 41.1488
1298881106 -8.60798 41.1488
1298881107 -8.608 41.1487
1298881108 -8.60802 41.1487
1298881109 -8.60804 41.1486
1298881110 -8.60805 41.1486
1298881111 -8.60806 41.1485
1298881112 -8.6081 41.1484
1298881113 -8.60814 41.1484
1298881114 -8.60819 41.1483
1298881115 -8.60822 41.1482
1298881116 -8.60826 41.1482
1298881117 -8.6083 41.1481
1298881118 -8.60836 41.148
1298881119 -8.6084 41.148
1298881120 -8.60846 41.1479
1298881121 -8.6085 41.1478
1298881122 -8.60854 41.1478
1298881123 -8.60856 41.1477
1298881124 -8.60857 41.1477
1298881125 -8.60859 41.1477
1298881126 -8.6086 41.1477
1298881127 -8.60861 41.1477
1298881128 -8.60862 41.1476
1298881129 -8.60862 41.1476
1298881130 -8.60863 41.1476
1298881131 -8.60863 41.1476
1298881132 -8.60863 41.1476
1298881133 -8.60863 41.1476
1298881134 -8.60863 41.1476
1298881135 -8.60863 41.1476
1298881136 -8.60863 41.1476
1298881137 -8.60863 41.1476
1298881138 -8.60863 41.1476
1298881139 -8.60863 41.1476
1298881140 -8.60863 41.1476
1298881141 -8.60863 41.1476
1298881142 -8.60863 41.1476
1298881143 -8.60864 41.1476
1298881144 -8.60864 41.1476
1298881145 -8.60866 41.1476
1298881146 -8.60869 41.1476
1298881147 -8.60871 41.1475
1298881148 -8.60872 41.1475
1298881149 -8.60875 41.1475
1298881150 -8.60881 41.1475
1298881151 -8.60886 41.1475
1298881152 -8.6089 41.1475
1298881153 -8.60894 41.1475
1298881154 -8.60897 41.1475
1298881155 -8.609 41.1475
1298881156 -8.60904 41.1476
1298881157 -8.60907 41.1476
1298881158 -8.60912 41.1476
1298881159 -8.60917 41.1476
1298881160 -8.60925 41.1476
1298881161 -8.60931 41.1476
1298881162 -8.60937 41.1477
1298881163 -8.60945 41.1477
1298881164 -8.60952 41.1477
1298881165 -8.6096 41.1477
1298881166 -8.60969 41.1478
1298881167 -8.60978 41.1478
1298881168 -8.60987 41.1479
1298881169 -8.60995 41.1479
1298881170 -8.61004 41.1479
1298881171 -8.61013 41.1479
1298881172 -8.61022 41.148
1298881173 -8.6103 41.148
1298881174 -8.61039 41.148
1298881175 -8.6105 41.148
1298881176 -8.61061 41.148
1298881177 -8.61073 41.148
1298881178 -8.61084 41.148
1298881179 -8.61096 41.148
1298881180 -8.61106 41.148
1298881181 -8.61115 41.148
1298881182 -8.61122 41.148
1298881183 -8.61131 41.148
1298881184 -8.61139 41.148
1298881185 -8.61149 41.148
1298881186 -8.61158 41.148
1298881187 -8.61167 41.1481
1298881188 -8.61175 41.1481
1298881189 -8.61182 41.1481
1298881190 -8.61187 41.1481
1298881191 -8.6119 41.1481
1298881192 -8.61193 41.1481
1298881193 -8.61196 41.1481
1298881194 -8.61197 41.1481
1298881195 -8.61199 41.1481
1298881196 -8.612 41.1481
1298881197 -8.61201 41.1481
1298881198 -8.61201 41.1481
1298881199 -8.61203 41.1481
1298881200 -8.61203 41.1481
