:break:
1298880040 -8.57007 41.1899
1298880041 -8.57023 41.1898
1298880042 -8.57038 41.1898
1298880043 -8.57055 41.1897
1298880044 -8.57072 41.1897
1298880045 -8.57089 41.1896
1298880046 -8.57106 41.1896
1298880047 -8.57123 41.1895
1298880048 -8.57139 41.1895
1298880049 -8.57156 41.1894
1298880050 -8.57172 41.1894
1298880051 -8.57188 41.1893
1298880052 -8.57204 41.1893
1298880053 -8.57219 41.1893
1298880054 -8.57234 41.1893
1298880055 -8.57248 41.1893
1298880056 -8.57262 41.1893
1298880057 -8.57275 41.1892
1298880058 -8.57286 41.1892
1298880059 -8.57295 41.1892
1298880060 -8.57301 41.1892
1298880061 -8.57307 41.1892
1298880062 -8.57311 41.1892
1298880063 -8.57317 41.1892
1298880064 -8.57323 41.1892
1298880065 -8.57332 41.1892
1298880066 -8.57343 41.1892
1298880067 -8.57353 41.1892
1298880068 -8.57365 41.1892
1298880069 -8.57377 41.1892
1298880070 -8.57387 41.1891
1298880071 -8.57396 41.1891
1298880072 -8.57404 41.1891
1298880073 -8.57408 41.189
1298880074 -8.57411 41.1889
1298880075 -8.57412 41.1889
1298880076 -8.57412 41.1888
1298880077 -8.57409 41.1887
1298880078 -8.57408 41.1887
1298880079 -8.57406 41.1886
1298880080 -8.57404 41.1885
1298880081 -8.57403 41.1885
1298880082 -8.57403 41.1884
1298880083 -8.57406 41.1884
1298880084 -8.57409 41.1883
1298880085 -8.57413 41.1882
1298880086 -8.57417 41.1881
1298880087 -8.57419 41.1881
1298880088 -8.57423 41.188
1298880089 -8.57427 41.188
1298880090 -8.57434 41.1879
1298880091 -8.57442 41.1879
1298880092 -8.57449 41.1878
1298880093 -8.57458 41.1878
1298880094 -8.57468 41.1878
1298880095 -8.57478 41.1877
1298880096 -8.57489 41.1877
1298880097 -8.575 41.1877
1298880098 -8.57514 41.1876
1298880099 -8.57526 41.1876
1298880100 -8.5754 41.1876
1298880101 -8.57551 41.1876
1298880102 -8.57561 41.1877
1298880103 -8.5757 41.1877
1298880104 -8.57578 41.1877
1298880105 -8.57586 41.1878
1298880106 -8.57591 41.1878
1298880107 -8.57596 41.1878
1298880108 -8.57602 41.1878
1298880109 -8.57609 41.1877
1298880110 -8.57616 41.1877
1298880111 -8.57624 41.1877
1298880112 -8.57629 41.1876
1298880113 -8.57634 41.1876
1298880114 -8.57639 41.1875
1298880115 -8.57644 41.1875
1298880116 -8.5765 41.1874
1298880117 -8.57656 41.1874
1298880118 -8.57663 41.1873
1298880119 -8.5767 41.1873
1298880120 -8.57677 41.1872
1298880121 -8.57686 41.1871
1298880122 -8.57694 41.187
1298880123 -8.57701 41.1869
1298880124 -8.57708 41.1869
1298880125 -8.57715 41.1868
1298880126 -8.57721 41.1867
1298880127 -8.57726 41.1866
1298880128 -8.57732 41.1865
1298880129 -8.57737 41.1864
1298880130 -8.57742 41.1863
1298880131 -8.57747 41.1862
1298880132 -8.57753 41.1861
1298880133 -8.5776 41.186
1298880134 -8.57768 41.186
1298880135 -8.57778 41.1859
1298880136 -8.57787 41.1858
1298880137 -8.57797 41.1858
1298880138 -8.57806 41.1857
1298880139 -8.57816 41.1856
1298880140 -8.57826 41.1856
1298880141 -8.57837 41.1855
1298880142 -8.57847 41.1855
1298880143 -8.57856 41.1854
1298880144 -8.57864 41.1853
1298880145 -8.57871 41.1853
1298880146 -8.57879 41.1852
1298880147 -8.57886 41.1851
1298880148 -8.57893 41.1851
1298880149 -8.57901 41.185
1298880150 -8.57907 41.185
1298880151 -8.57912 41.1849
1298880152 -8.57917 41.1849
1298880153 -8.57919 41.1849
1298880154 -8.57917 41.1848
1298880155 -8.57914 41.1848
1298880156 -8.57911 41.1848
1298880157 -8.5791 41.1848
1298880158 -8.57909 41.1848
1298880159 -8.57907 41.1848
1298880160 -8.57904 41.1848
1298880161 -8.579 41.1847
1298880162 -8.57894 41.1847
1298880163 -8.57887 41.1846
1298880164 -8.57879 41.1846
1298880165 -8.57869 41.1845
1298880166 -8.57858 41.1845
1298880167 -8.57846 41.1844
1298880168 -8.57831 41.1844
1298880169 -8.57817 41.1843
1298880170 -8.57802 41.1843
1298880171 -8.57786 41.1842
1298880172 -8.57771 41.1842
1298880173 -8.57758 41.1842
1298880174 -8.57746 41.1841
1298880175 -8.57737 41.1841
1298880176 -8.57729 41.1841
1298880177 -8.57723 41.1841
1298880178 -8.57717 41.184
1298880179 -8.57714 41.184
1298880180 -8.57714 41.1839
1298880181 -8.57718 41.1839
1298880182 -8.57723 41.1838
1298880183 -8.57732 41.1838
1298880184 -8.57741 41.1837
1298880185 -8.5775 41.1837
1298880186 -8.57761 41.1837
1298880187 -8.57772 41.1836
1298880188 -8.57783 41.1836
1298880189 -8.57794 41.1836
1298880190 -8.57803 41.1835
1298880191 -8.57812 41.1835
1298880192 -8.57822 41.1834
1298880193 -8.57831 41.1834
1298880194 -8.57839 41.1833
1298880195 -8.57846 41.1833
1298880196 -8.57852 41.1832
1298880197 -8.57857 41.1832
1298880198 -8.57859 41.1832
1298880199 -8.5786 41.1832
1298880200 -8.5786 41.1832
1298880201 -8.5786 41.1832
1298880202 -8.57859 41.1832
1298880203 -8.57859 41.1832
1298880204 -8.57859 41.1832
1298880205 -8.57859 41.1832
1298880206 -8.57859 41.1832
1298880207 -8.57859 41.1832
1298880208 -8.57859 41.1832
1298880209 -8.57859 41.1832
1298880210 -8.57859 41.1832
1298880211 -8.57858 41.1832
1298880212 -8.57858 41.1832
1298880213 -8.57858 41.1832
1298880214 -8.57858 41.1832
1298880215 -8.57858 41.1832
1298880216 -8.57858 41.1832
1298880217 -8.57858 41.1832
1298880218 -8.57858 41.1832
1298880219 -8.57858 41.1832
1298880220 -8.57858 41.1832
1298880221 -8.57858 41.1832
1298880222 -8.57858 41.1832
1298880223 -8.57858 41.1832
1298880224 -8.57858 41.1832
1298880225 -8.57858 41.1832
1298880226 -8.57858 41.1832
1298880227 -8.57858 41.1832
1298880228 -8.57858 41.1832
1298880229 -8.57858 41.1832
1298880230 -8.57858 41.1832
1298880231 -8.57858 41.1832
1298880232 -8.57858 41.1832
1298880233 -8.57858 41.1832
1298880234 -8.57858 41.1832
1298880235 -8.57858 41.1832
1298880236 -8.57858 41.1832
1298880237 -8.57858 41.1832
1298880238 -8.57858 41.1832
1298880239 -8.57858 41.1832
1298880240 -8.57858 41.1832
1298880241 -8.57858 41.1832
1298880242 -8.57858 41.1832
1298880243 -8.57858 41.1832
1298880244 -8.57858 41.1832
1298880245 -8.57858 41.1832
1298880246 -8.57858 41.1832
1298880247 -8.57858 41.1832
1298880248 -8.57858 41.1832
1298880249 -8.57858 41.1832
1298880250 -8.57858 41.1832
1298880251 -8.57858 41.1832
1298880252 -8.57858 41.1832
1298880253 -8.57858 41.1832
1298880254 -8.57858 41.1832
1298880255 -8.57858 41.1832
1298880256 -8.57858 41.1832
1298880257 -8.57858 41.1832
1298880258 -8.57858 41.1832
1298880259 -8.57858 41.1832
1298880260 -8.57858 41.1832
1298880261 -8.57858 41.1832
1298880262 -8.57858 41.1832
1298880263 -8.57859 41.1832
1298880264 -8.57862 41.1832
1298880265 -8.57867 41.1832
1298880266 -8.57872 41.1831
1298880267 -8.57877 41.1831
1298880268 -8.57884 41.183
1298880269 -8.57893 41.183
1298880270 -8.57903 41.183
1298880271 -8.57914 41.1829
1298880272 -8.57925 41.1829
1298880273 -8.57937 41.1829
1298880274 -8.57948 41.1829
1298880275 -8.57961 41.1829
1298880276 -8.57973 41.1828
1298880277 -8.57985 41.1828
1298880278 -8.57996 41.1828
1298880279 -8.58008 41.1827
1298880280 -8.58016 41.1827
1298880281 -8.58023 41.1827
1298880282 -8.58029 41.1826
1298880283 -8.58037 41.1826
1298880284 -8.58042 41.1825
1298880285 -8.58048 41.1825
1298880286 -8.58055 41.1824
1298880287 -8.58062 41.1824
1298880288 -8.5807 41.1823
1298880289 -8.58078 41.1823
1298880290 -8.58087 41.1822
1298880291 -8.58097 41.1821
1298880292 -8.58106 41.1821
1298880293 -8.58114 41.182
1298880294 -8.58121 41.182
1298880295 -8.58127 41.1819
1298880296 -8.58132 41.1819
1298880297 -8.58135 41.1818
1298880298 -8.58137 41.1818
1298880299 -8.58139 41.1818
1298880300 -8.5814 41.1818
1298880301 -8.5814 41.1817
1298880302 -8.58141 41.1817
1298880303 -8.58143 41.1817
1298880304 -8.58144 41.1816
1298880305 -8.58145 41.1816
1298880306 -8.58146 41.1816
1298880307 -8.58147 41.1816
1298880308 -8.58148 41.1816
1298880309 -8.58149 41.1816
1298880310 -8.5815 41.1816
1298880311 -8.58151 41.1816
1298880312 -8.58151 41.1816
1298880313 -8.58152 41.1816
1298880314 -8.58152 41.1816
1298880315 -8.58152 41.1816
1298880316 -8.58152 41.1816
1298880317 -8.58152 41.1816
1298880318 -8.58153 41.1816
1298880319 -8.58153 41.1816
1298880320 -8.58152 41.1816
1298880321 -8.58153 41.1816
1298880322 -8.58153 41.1816
1298880323 -8.58153 41.1816
1298880324 -8.58152 41.1816
1298880325 -8.58152 41.1816
1298880326 -8.58152 41.1816
1298880327 -8.58152 41.1815
1298880328 -8.58152 41.1815
1298880329 -8.58152 41.1815
1298880330 -8.58152 41.1815
1298880331 -8.58152 41.1815
1298880332 -8.58152 41.1815
1298880333 -8.58152 41.1815
1298880334 -8.58152 41.1815
1298880335 -8.58152 41.1815
1298880336 -8.58152 41.1815
1298880337 -8.58152 41.1815
1298880338 -8.58152 41.1815
1298880339 -8.58152 41.1815
1298880340 -8.58151 41.1815
1298880341 -8.58152 41.1815
1298880342 -8.58153 41.1814
1298880343 -8.58153 41.1814
1298880344 -8.58153 41.1814
1298880345 -8.58154 41.1814
1298880346 -8.58155 41.1814
1298880347 -8.58155 41.1814
1298880348 -8.58155 41.1814
1298880349 -8.58155 41.1814
1298880350 -8.58155 41.1814
1298880351 -8.58156 41.1813
1298880352 -8.58156 41.1813
1298880353 -8.58155 41.1813
1298880354 -8.58155 41.1813
1298880355 -8.58156 41.1813
1298880356 -8.58156 41.1813
1298880357 -8.58156 41.1813
1298880358 -8.58157 41.1813
1298880359 -8.58157 41.1813
1298880360 -8.58157 41.1813
1298880361 -8.58157 41.1813
1298880362 -8.58157 41.1813
1298880363 -8.58157 41.1813
1298880364 -8.58157 41.1813
1298880365 -8.58157 41.1813
1298880366 -8.58157 41.1813
1298880367 -8.58157 41.1813
1298880368 -8.58157 41.1813
1298880369 -8.58157 41.1813
1298880370 -8.58157 41.1813
1298880371 -8.58157 41.1812
1298880372 -8.58156 41.1812
1298880373 -8.58157 41.1812
1298880374 -8.58158 41.1812
1298880375 -8.58158 41.1812
1298880376 -8.58158 41.1812
1298880377 -8.58158 41.1811
1298880378 -8.58158 41.1811
1298880379 -8.58158 41.1811
1298880380 -8.58159 41.1811
1298880381 -8.58159 41.1811
1298880382 -8.58159 41.1811
1298880383 -8.58159 41.1811
1298880384 -8.5816 41.1811
1298880385 -8.58161 41.1811
1298880386 -8.58164 41.1811
1298880387 -8.58165 41.181
1298880388 -8.58165 41.181
1298880389 -8.58165 41.181
1298880390 -8.58165 41.181
1298880391 -8.58166 41.181
1298880392 -8.58168 41.181
1298880393 -8.5817 41.181
1298880394 -8.58173 41.181
1298880395 -8.58175 41.181
1298880396 -8.58174 41.1809
1298880397 -8.58173 41.1809
1298880398 -8.58172 41.1809
1298880399 -8.58171 41.1808
1298880400 -8.58171 41.1808
1298880401 -8.58171 41.1808
1298880402 -8.5817 41.1807
1298880403 -8.5817 41.1807
1298880404 -8.5817 41.1807
1298880405 -8.5817 41.1807
1298880406 -8.58169 41.1807
1298880407 -8.58166 41.1807
1298880408 -8.58165 41.1806
1298880409 -8.5816 41.1806
1298880410 -8.58159 41.1806
1298880411 -8.58159 41.1806
1298880412 -8.58164 41.1806
1298880413 -8.58166 41.1806
1298880414 -8.58169 41.1806
1298880415 -8.58174 41.1806
1298880416 -8.58181 41.1806
1298880417 -8.58188 41.1806
1298880418 -8.58196 41.1806
1298880419 -8.58205 41.1807
1298880420 -8.58214 41.1807
1298880421 -8.58223 41.1807
1298880422 -8.58233 41.1807
1298880423 -8.58242 41.1808
1298880424 -8.58249 41.1808
1298880425 -8.58255 41.1808
1298880426 -8.58259 41.1808
1298880427 -8.58262 41.1808
1298880428 -8.58265 41.1808
1298880429 -8.58268 41.1809
1298880430 -8.58272 41.1809
1298880431 -8.58275 41.1809
1298880432 -8.58277 41.1809
1298880433 -8.58279 41.1809
1298880434 -8.5828 41.1809
1298880435 -8.58281 41.1809
1298880436 -8.58281 41.1809
1298880437 -8.58281 41.1809
1298880438 -8.58281 41.1809
1298880439 -8.58281 41.1809
1298880440 -8.58281 41.1809
1298880441 -8.58281 41.1809
1298880442 -8.58282 41.1809
1298880443 -8.58282 41.1809
1298880444 -8.58282 41.1809
1298880445 -8.58282 41.1809
1298880446 -8.58282 41.1809
1298880447 -8.58282 41.1809
1298880448 -8.58282 41.1809
1298880449 -8.58282 41.1809
1298880450 -8.58282 41.1809
1298880451 -8.58283 41.1809
1298880452 -8.58283 41.1809
1298880453 -8.58284 41.1809
1298880454 -8.58284 41.1809
1298880455 -8.58285 41.1809
1298880456 -8.58286 41.1809
1298880457 -8.58286 41.1809
1298880458 -8.58287 41.181
1298880459 -8.58289 41.181
1298880460 -8.58291 41.181
1298880461 -8.58295 41.181
1298880462 -8.58299 41.181
1298880463 -8.58302 41.181
1298880464 -8.58306 41.181
1298880465 -8.58308 41.1811
1298880466 -8.58311 41.1811
1298880467 -8.58311 41.181
1298880468 -8.58311 41.181
1298880469 -8.58312 41.181
1298880470 -8.58312 41.181
1298880471 -8.5831 41.181
1298880472 -8.5831 41.181
1298880473 -8.5831 41.181
1298880474 -8.5831 41.181
1298880475 -8.5831 41.181
1298880476 -8.58311 41.181
1298880477 -8.58311 41.181
1298880478 -8.58312 41.181
1298880479 -8.58312 41.181
1298880480 -8.58312 41.181
1298880481 -8.58312 41.181
1298880482 -8.58312 41.181
1298880483 -8.58312 41.181
1298880484 -8.58312 41.181
1298880485 -8.58312 41.181
1298880486 -8.58313 41.181
1298880487 -8.58313 41.181
1298880488 -8.58313 41.181
1298880489 -8.58313 41.181
1298880490 -8.58313 41.181
1298880491 -8.58313 41.181
1298880492 -8.58313 41.181
1298880493 -8.58313 41.181
1298880494 -8.58313 41.181
1298880495 -8.58313 41.181
1298880496 -8.58313 41.181
1298880497 -8.58313 41.181
1298880498 -8.58314 41.181
1298880499 -8.58314 41.181
1298880500 -8.58314 41.181
1298880501 -8.58314 41.181
1298880502 -8.58314 41.181
1298880503 -8.58314 41.181
1298880504 -8.58314 41.181
1298880505 -8.58314 41.181
1298880506 -8.58314 41.181
1298880507 -8.58314 41.181
1298880508 -8.58314 41.181
1298880509 -8.58315 41.181
1298880510 -8.58315 41.181
1298880511 -8.58315 41.181
1298880512 -8.58315 41.181
1298880513 -8.58315 41.181
1298880514 -8.58315 41.181
1298880515 -8.58315 41.181
1298880516 -8.58315 41.181
1298880517 -8.58315 41.181
1298880518 -8.58316 41.181
1298880519 -8.58316 41.181
1298880520 -8.58316 41.181
1298880521 -8.58316 41.181
1298880522 -8.58316 41.181
1298880523 -8.58316 41.181
1298880524 -8.58316 41.181
1298880525 -8.58316 41.181
1298880526 -8.58316 41.181
1298880527 -8.58316 41.181
1298880528 -8.58316 41.181
1298880529 -8.58316 41.181
1298880530 -8.58316 41.181
1298880531 -8.58316 41.181
1298880532 -8.58316 41.181
1298880533 -8.58316 41.181
1298880534 -8.58317 41.181
1298880535 -8.58317 41.181
1298880536 -8.58317 41.181
1298880537 -8.58317 41.181
1298880538 -8.58317 41.181
1298880539 -8.58317 41.181
1298880540 -8.58317 41.181
1298880541 -8.58317 41.181
1298880542 -8.58317 41.181
1298880543 -8.58317 41.181
1298880544 -8.58317 41.181
1298880545 -8.58316 41.181
1298880546 -8.58314 41.181
1298880547 -8.58312 41.1809
1298880548 -8.5831 41.1809
1298880549 -8.58309 41.1809
1298880550 -8.58308 41.1809
1298880551 -8.58308 41.1809
1298880552 -8.58308 41.1809
1298880553 -8.58308 41.1809
1298880554 -8.58308 41.1809
1298880555 -8.58308 41.1809
1298880556 -8.58308 41.1809
1298880557 -8.58308 41.1809
1298880558 -8.58308 41.1809
1298880559 -8.58308 41.1809
1298880560 -8.58308 41.1809
1298880561 -8.58308 41.1809
1298880562 -8.58308 41.1809
1298880563 -8.58308 41.1809
1298880564 -8.58308 41.1809
1298880565 -8.58308 41.1809
1298880566 -8.58308 41.1809
1298880567 -8.58308 41.1809
1298880568 -8.58308 41.1809
1298880569 -8.58308 41.1809
1298880570 -8.58308 41.1809
1298880571 -8.58308 41.1809
1298880572 -8.58308 41.1809
1298880573 -8.58308 41.1809
1298880574 -8.58308 41.1809
1298880575 -8.58308 41.181
1298880576 -8.58307 41.181
1298880577 -8.58307 41.181
1298880578 -8.58307 41.181
1298880579 -8.58307 41.181
1298880580 -8.58307 41.181
1298880581 -8.58307 41.181
1298880582 -8.58307 41.181
1298880583 -8.58307 41.181
1298880584 -8.58307 41.181
1298880585 -8.58307 41.181
1298880586 -8.58307 41.181
1298880587 -8.58307 41.181
1298880588 -8.58307 41.181
1298880589 -8.58307 41.181
1298880590 -8.58307 41.181
1298880591 -8.58307 41.181
1298880592 -8.58306 41.181
1298880593 -8.58306 41.181
1298880594 -8.58306 41.181
1298880595 -8.58306 41.181
1298880596 -8.58306 41.181
1298880597 -8.58306 41.181
1298880598 -8.58306 41.181
1298880599 -8.58306 41.181
1298880600 -8.58306 41.181
1298880601 -8.58306 41.181
1298880602 -8.58306 41.181
1298880603 -8.58306 41.181
1298880604 -8.58306 41.181
1298880605 -8.58306 41.181
1298880606 -8.58306 41.181
1298880607 -8.58306 41.181
1298880608 -8.58306 41.181
1298880609 -8.58306 41.181
1298880610 -8.58306 41.181
1298880611 -8.58306 41.181
1298880612 -8.58306 41.181
1298880613 -8.58306 41.181
1298880614 -8.58306 41.181
1298880615 -8.58306 41.181
1298880616 -8.58306 41.181
1298880617 -8.58306 41.181
1298880618 -8.58306 41.181
1298880619 -8.58307 41.181
1298880620 -8.58307 41.181
1298880621 -8.58306 41.181
1298880622 -8.58306 41.1809
1298880623 -8.58306 41.1809
1298880624 -8.58306 41.1809
1298880625 -8.58306 41.1809
1298880626 -8.58306 41.1809
1298880627 -8.58306 41.1809
1298880628 -8.58306 41.1809
1298880629 -8.58306 41.1809
1298880630 -8.58306 41.1809
1298880631 -8.58306 41.1809
1298880632 -8.58306 41.1809
1298880633 -8.58306 41.1809
1298880634 -8.58306 41.1809
1298880635 -8.58306 41.1809
1298880636 -8.58306 41.1809
1298880637 -8.58306 41.1809
1298880638 -8.58305 41.1809
1298880639 -8.58303 41.1809
1298880640 -8.58301 41.1809
1298880641 -8.58299 41.1809
1298880642 -8.58297 41.1809
1298880643 -8.58295 41.1809
1298880644 -8.58293 41.1809
1298880645 -8.58292 41.1809
1298880646 -8.58291 41.1809
1298880647 -8.58291 41.1809
1298880648 -8.58291 41.1809
1298880649 -8.58291 41.1809
1298880650 -8.58291 41.1809
1298880651 -8.58291 41.1809
1298880652 -8.58291 41.1809
1298880653 -8.58291 41.1809
1298880654 -8.58291 41.1809
1298880655 -8.58291 41.1809
1298880656 -8.58291 41.1809
1298880657 -8.58291 41.1809
1298880658 -8.58291 41.1809
1298880659 -8.58291 41.1809
1298880660 -8.58292 41.1809
1298880661 -8.58292 41.1809
1298880662 -8.58292 41.1809
1298880663 -8.58292 41.1809
1298880664 -8.58292 41.1809
1298880665 -8.58292 41.1809
1298880666 -8.58292 41.1809
1298880667 -8.58292 41.1809
1298880668 -8.58292 41.1809
1298880669 -8.58292 41.1809
1298880670 -8.58292 41.1809
1298880671 -8.58292 41.1809
1298880672 -8.58292 41.1809
1298880673 -8.58292 41.1809
1298880674 -8.58292 41.1809
1298880675 -8.58292 41.1809
1298880676 -8.58292 41.1809
1298880677 -8.58292 41.1809
1298880678 -8.58292 41.1809
1298880679 -8.58292 41.1809
1298880680 -8.58292 41.1809
1298880681 -8.58291 41.1809
1298880682 -8.58291 41.1809
1298880683 -8.58291 41.1809
1298880684 -8.58291 41.1809
1298880685 -8.58291 41.1809
1298880686 -8.58291 41.1809
1298880687 -8.58291 41.1809
1298880688 -8.58291 41.1809
1298880689 -8.58291 41.1809
1298880690 -8.58291 41.1809
1298880691 -8.58291 41.1809
1298880692 -8.58291 41.1809
1298880693 -8.58292 41.1809
1298880694 -8.58292 41.1809
1298880695 -8.58292 41.1809
1298880696 -8.58292 41.1809
1298880697 -8.58292 41.1809
1298880698 -8.58292 41.1809
1298880699 -8.58292 41.1809
1298880700 -8.58293 41.1809
1298880701 -8.58293 41.1809
1298880702 -8.58293 41.1809
1298880703 -8.58293 41.1809
1298880704 -8.58293 41.1809
1298880705 -8.58293 41.1809
1298880706 -8.58294 41.1809
1298880707 -8.58294 41.1809
1298880708 -8.58294 41.1809
1298880709 -8.58294 41.1809
1298880710 -8.58294 41.1809
1298880711 -8.58294 41.1809
1298880712 -8.58294 41.1809
1298880713 -8.58294 41.1809
1298880714 -8.58294 41.1809
1298880715 -8.58294 41.1809
1298880716 -8.58294 41.1809
1298880717 -8.58294 41.1809
1298880718 -8.58293 41.1809
1298880719 -8.58293 41.1809
1298880720 -8.58293 41.1809
1298880721 -8.58293 41.1809
1298880722 -8.58293 41.1809
1298880723 -8.58293 41.1809
1298880724 -8.58292 41.1809
1298880725 -8.58292 41.1809
1298880726 -8.58292 41.1809
1298880727 -8.58292 41.1809
1298880728 -8.58292 41.1809
1298880729 -8.58292 41.1809
1298880730 -8.58292 41.1809
1298880731 -8.58292 41.1809
1298880732 -8.58292 41.1809
1298880733 -8.58292 41.1809
1298880734 -8.58292 41.1809
1298880735 -8.58292 41.1809
1298880736 -8.58291 41.1809
1298880737 -8.58291 41.1809
1298880738 -8.58291 41.1809
1298880739 -8.58291 41.1809
1298880740 -8.58291 41.1809
1298880741 -8.58291 41.1809
1298880742 -8.58291 41.1809
1298880743 -8.58291 41.1809
1298880744 -8.58291 41.1809
1298880745 -8.58291 41.1809
1298880746 -8.58291 41.1809
1298880747 -8.58291 41.1809
1298880748 -8.58291 41.1809
1298880749 -8.58291 41.1809
1298880750 -8.5829 41.1809
1298880751 -8.5829 41.1809
1298880752 -8.5829 41.1809
1298880753 -8.5829 41.1809
1298880754 -8.5829 41.1809
1298880755 -8.58291 41.1809
1298880756 -8.58291 41.1809
1298880757 -8.58291 41.1809
1298880758 -8.58291 41.1809
1298880759 -8.58291 41.1809
1298880760 -8.58291 41.1809
1298880761 -8.58291 41.1809
1298880762 -8.58291 41.1809
1298880763 -8.58291 41.1809
1298880764 -8.5829 41.1809
1298880765 -8.58291 41.1809
1298880766 -8.5829 41.1809
1298880767 -8.5829 41.1809
1298880768 -8.5829 41.1809
1298880769 -8.5829 41.1809
1298880770 -8.5829 41.1809
1298880771 -8.5829 41.1809
1298880772 -8.5829 41.1809
1298880773 -8.5829 41.1809
1298880774 -8.5829 41.1809
1298880775 -8.5829 41.1809
1298880776 -8.5829 41.1809
1298880777 -8.5829 41.1809
1298880778 -8.5829 41.1809
1298880779 -8.5829 41.1809
1298880780 -8.58289 41.1809
1298880781 -8.58289 41.1809
1298880782 -8.58289 41.1809
1298880783 -8.58289 41.1809
1298880784 -8.58289 41.1809
1298880785 -8.58289 41.1809
1298880786 -8.58289 41.1809
1298880787 -8.58289 41.1809
1298880788 -8.58289 41.1809
1298880789 -8.58289 41.1809
1298880790 -8.5829 41.1809
1298880791 -8.5829 41.1809
1298880792 -8.5829 41.1809
1298880793 -8.5829 41.1809
1298880794 -8.5829 41.1809
1298880795 -8.5829 41.1809
1298880796 -8.5829 41.1809
1298880797 -8.5829 41.1809
1298880798 -8.5829 41.1809
1298880799 -8.5829 41.1809
1298880800 -8.5829 41.1809
1298880801 -8.5829 41.1809
1298880802 -8.5829 41.1809
1298880803 -8.5829 41.1809
1298880804 -8.5829 41.1809
1298880805 -8.5829 41.1809
1298880806 -8.5829 41.1809
1298880807 -8.5829 41.1809
1298880808 -8.5829 41.1809
1298880809 -8.5829 41.1809
1298880810 -8.58291 41.1809
1298880811 -8.58291 41.1809
1298880812 -8.58291 41.1809
1298880813 -8.58291 41.1809
1298880814 -8.58291 41.1809
1298880815 -8.58291 41.1809
1298880816 -8.58291 41.1809
1298880817 -8.58291 41.1809
1298880818 -8.58291 41.1809
1298880819 -8.58291 41.1809
1298880820 -8.58291 41.1809
1298880821 -8.58292 41.1809
1298880822 -8.58292 41.1809
1298880823 -8.58292 41.1809
1298880824 -8.58292 41.1809
1298880825 -8.58292 41.1809
1298880826 -8.58292 41.1809
1298880827 -8.58292 41.1809
1298880828 -8.58292 41.1809
1298880829 -8.58293 41.1809
1298880830 -8.58293 41.1809
1298880831 -8.58293 41.1809
1298880832 -8.58293 41.1809
1298880833 -8.58293 41.1809
1298880834 -8.58293 41.1809
1298880835 -8.58293 41.1809
1298880836 -8.58294 41.1809
1298880837 -8.58294 41.1809
1298880838 -8.58294 41.1809
1298880839 -8.58294 41.1809
1298880840 -8.58294 41.1809
1298880841 -8.58294 41.1809
1298880842 -8.58295 41.1809
1298880843 -8.58295 41.1809
1298880844 -8.58295 41.1809
1298880845 -8.58295 41.1809
1298880846 -8.58295 41.1809
1298880847 -8.58295 41.1809
1298880848 -8.58295 41.1809
1298880849 -8.58295 41.1809
1298880850 -8.58295 41.1809
1298880851 -8.58295 41.1809
1298880852 -8.58295 41.1809
1298880853 -8.58295 41.1809
1298880854 -8.58294 41.1809
1298880855 -8.58294 41.1809
1298880856 -8.58294 41.1809
1298880857 -8.58294 41.1809
1298880858 -8.58294 41.1809
1298880859 -8.58294 41.1809
1298880860 -8.58294 41.1809
1298880861 -8.58294 41.1809
1298880862 -8.58294 41.1809
1298880863 -8.58294 41.1809
1298880864 -8.58294 41.1809
1298880865 -8.58294 41.1809
1298880866 -8.58294 41.1809
1298880867 -8.58294 41.1809
1298880868 -8.58295 41.1809
1298880869 -8.58295 41.1809
1298880870 -8.58295 41.1809
1298880871 -8.58295 41.1809
1298880872 -8.58295 41.1809
1298880873 -8.58295 41.1809
1298880874 -8.58295 41.1809
1298880875 -8.58295 41.1809
1298880876 -8.58295 41.1809
1298880877 -8.58294 41.1809
1298880878 -8.58294 41.1809
1298880879 -8.58294 41.1809
1298880880 -8.58294 41.1809
1298880881 -8.58294 41.1809
1298880882 -8.58294 41.1809
1298880883 -8.58294 41.1809
1298880884 -8.58293 41.1809
1298880885 -8.58293 41.1809
1298880886 -8.58293 41.1809
1298880887 -8.58293 41.1809
1298880888 -8.58292 41.1809
1298880889 -8.58292 41.1809
1298880890 -8.58292 41.1809
1298880891 -8.58292 41.1809
1298880892 -8.58291 41.1809
1298880893 -8.58291 41.1809
1298880894 -8.58291 41.1809
1298880895 -8.58291 41.1809
1298880896 -8.58291 41.1809
1298880897 -8.5829 41.1809
1298880898 -8.5829 41.1809
1298880899 -8.5829 41.1809
1298880900 -8.5829 41.1809
1298880901 -8.5829 41.1809
1298880902 -8.5829 41.1809
1298880903 -8.5829 41.1809
1298880904 -8.5829 41.1809
1298880905 -8.5829 41.1809
1298880906 -8.5829 41.1809
1298880907 -8.58289 41.1809
1298880908 -8.58289 41.1809
1298880909 -8.58289 41.1809
1298880910 -8.58289 41.1809
1298880911 -8.58289 41.1809
1298880912 -8.58288 41.1809
1298880913 -8.58288 41.1809
1298880914 -8.58288 41.1809
1298880915 -8.58288 41.1809
1298880916 -8.58288 41.1809
1298880917 -8.58288 41.1809
1298880918 -8.58288 41.1809
1298880919 -8.58288 41.1809
1298880920 -8.58288 41.1809
1298880921 -8.58289 41.1809
1298880922 -8.58289 41.1809
1298880923 -8.58289 41.1809
1298880924 -8.58289 41.1809
1298880925 -8.58288 41.1809
1298880926 -8.58288 41.1809
1298880927 -8.58288 41.1809
1298880928 -8.58289 41.1809
1298880929 -8.58289 41.1809
1298880930 -8.58289 41.1809
1298880931 -8.58289 41.1809
1298880932 -8.58289 41.1809
1298880933 -8.58289 41.1809
1298880934 -8.58289 41.1809
1298880935 -8.58289 41.1809
1298880936 -8.58289 41.1809
1298880937 -8.5829 41.1809
1298880938 -8.5829 41.1809
1298880939 -8.5829 41.1809
1298880940 -8.5829 41.1809
1298880941 -8.5829 41.1809
1298880942 -8.5829 41.1809
1298880943 -8.5829 41.1809
1298880944 -8.5829 41.1809
1298880945 -8.58291 41.1809
1298880946 -8.58291 41.1809
1298880947 -8.58291 41.1809
1298880948 -8.58291 41.1809
1298880949 -8.58291 41.1809
1298880950 -8.58291 41.1809
1298880951 -8.58291 41.1809
1298880952 -8.58291 41.1809
1298880953 -8.58291 41.1809
1298880954 -8.58291 41.1809
1298880955 -8.58291 41.1809
1298880956 -8.58291 41.1809
1298880957 -8.58292 41.1809
1298880958 -8.58292 41.1809
1298880959 -8.58292 41.1809
1298880960 -8.58292 41.1809
1298880961 -8.58292 41.1809
1298880962 -8.58292 41.1809
1298880963 -8.58292 41.1809
1298880964 -8.58292 41.1809
1298880965 -8.58292 41.1809
1298880966 -8.58292 41.1809
1298880967 -8.58292 41.1809
1298880968 -8.58292 41.1809
1298880969 -8.58292 41.1809
1298880970 -8.58292 41.1809
1298880971 -8.58292 41.1809
1298880972 -8.58292 41.1809
1298880973 -8.58292 41.1809
1298880974 -8.58292 41.1809
1298880975 -8.58292 41.1809
1298880976 -8.58292 41.1809
1298880977 -8.58292 41.1809
1298880978 -8.58292 41.1809
1298880979 -8.58292 41.1809
1298880980 -8.58293 41.1809
1298880981 -8.58293 41.1809
1298880982 -8.58293 41.1809
1298880983 -8.58293 41.1809
1298880984 -8.58293 41.1809
1298880985 -8.58293 41.1809
1298880986 -8.58293 41.1809
1298880987 -8.58293 41.1809
1298880988 -8.58293 41.1809
1298880989 -8.58293 41.1809
1298880990 -8.58293 41.1809
1298880991 -8.58293 41.1809
1298880992 -8.58293 41.1809
1298880993 -8.58293 41.1809
1298880994 -8.58293 41.1809
1298880995 -8.58293 41.1809
1298880996 -8.58293 41.1809
1298880997 -8.58293 41.1809
1298880998 -8.58294 41.1809
1298880999 -8.58293 41.1809
1298881000 -8.58293 41.1809
1298881001 -8.58293 41.1809
1298881002 -8.58294 41.1809
1298881003 -8.58294 41.1809
1298881004 -8.58294 41.1809
1298881005 -8.58294 41.1809
1298881006 -8.58294 41.1809
1298881007 -8.58294 41.1809
1298881008 -8.58294 41.1809
1298881009 -8.58294 41.1809
1298881010 -8.58294 41.1809
1298881011 -8.58294 41.1809
1298881012 -8.58294 41.1809
1298881013 -8.58294 41.1809
1298881014 -8.58294 41.1809
1298881015 -8.58294 41.1809
1298881016 -8.58294 41.1809
1298881017 -8.58294 41.1809
1298881018 -8.58294 41.1809
1298881019 -8.58294 41.1809
1298881020 -8.58294 41.1809
1298881021 -8.58294 41.1809
1298881022 -8.58294 41.1809
1298881023 -8.58294 41.1809
1298881024 -8.58294 41.1809
1298881025 -8.58294 41.1809
1298881026 -8.58294 41.1809
1298881027 -8.58294 41.1809
1298881028 -8.58294 41.1809
1298881029 -8.58294 41.1809
1298881030 -8.58294 41.1809
1298881031 -8.58294 41.1809
1298881032 -8.58294 41.1809
1298881033 -8.58295 41.1809
1298881034 -8.58295 41.1809
1298881035 -8.58295 41.1809
1298881036 -8.58295 41.1809
1298881037 -8.58295 41.1809
1298881038 -8.58295 41.1809
1298881039 -8.58295 41.1809
1298881040 -8.58295 41.1809
1298881041 -8.58295 41.1809
1298881042 -8.58295 41.1809
1298881043 -8.58295 41.1809
1298881044 -8.58295 41.1809
1298881045 -8.58295 41.1809
1298881046 -8.58295 41.1809
1298881047 -8.58295 41.1809
1298881048 -8.58295 41.1809
1298881049 -8.58294 41.1809
1298881050 -8.58294 41.1809
1298881051 -8.58294 41.1809
1298881052 -8.58294 41.1809
1298881053 -8.58294 41.1809
1298881054 -8.58294 41.1809
1298881055 -8.58294 41.1809
1298881056 -8.58295 41.1809
1298881057 -8.58295 41.1809
1298881058 -8.58295 41.1809
1298881059 -8.58295 41.1809
1298881060 -8.58295 41.1809
1298881061 -8.58295 41.1809
1298881062 -8.58295 41.1809
1298881063 -8.58295 41.1809
1298881064 -8.58295 41.1809
1298881065 -8.58295 41.1809
1298881066 -8.58295 41.1809
1298881067 -8.58295 41.1809
1298881068 -8.58295 41.1809
1298881069 -8.58295 41.1809
1298881070 -8.58295 41.1809
1298881071 -8.58295 41.1809
1298881072 -8.58295 41.1809
1298881073 -8.58295 41.1809
1298881074 -8.58295 41.1809
1298881075 -8.58295 41.1809
1298881076 -8.58295 41.1809
1298881077 -8.58295 41.1809
1298881078 -8.58295 41.1809
1298881079 -8.58295 41.1809
1298881080 -8.58295 41.1809
1298881081 -8.58295 41.1809
1298881082 -8.58295 41.1809
1298881083 -8.58295 41.1809
1298881084 -8.58295 41.1809
1298881085 -8.58295 41.1809
1298881086 -8.58295 41.1809
1298881087 -8.58295 41.1809
1298881088 -8.58295 41.1809
1298881089 -8.58295 41.1809
1298881090 -8.58295 41.1809
1298881091 -8.58295 41.1809
1298881092 -8.58295 41.1809
1298881093 -8.58294 41.1809
1298881094 -8.58294 41.1809
1298881095 -8.58294 41.1809
1298881096 -8.58294 41.1809
1298881097 -8.58294 41.1809
1298881098 -8.58294 41.1809
1298881099 -8.58294 41.1809
1298881100 -8.58294 41.1809
1298881101 -8.58294 41.1809
1298881102 -8.58294 41.1809
1298881103 -8.58293 41.1809
1298881104 -8.58293 41.1809
1298881105 -8.58293 41.1809
1298881106 -8.58293 41.1809
1298881107 -8.58293 41.1809
1298881108 -8.58293 41.1809
1298881109 -8.58293 41.1809
1298881110 -8.58294 41.1809
1298881111 -8.58294 41.1809
1298881112 -8.58294 41.1809
1298881113 -8.58294 41.1809
1298881114 -8.58294 41.1809
1298881115 -8.58294 41.1809
1298881116 -8.58294 41.1809
1298881117 -8.58294 41.1809
1298881118 -8.58294 41.1809
1298881119 -8.58294 41.1809
1298881120 -8.58294 41.1809
1298881121 -8.58294 41.1809
1298881122 -8.58294 41.1809
1298881123 -8.58294 41.1809
1298881124 -8.58294 41.1809
1298881125 -8.58294 41.1809
1298881126 -8.58294 41.1809
1298881127 -8.58294 41.1809
1298881128 -8.58294 41.1809
1298881129 -8.58295 41.1809
1298881130 -8.58295 41.1809
1298881131 -8.58295 41.1809
1298881132 -8.58295 41.1809
1298881133 -8.58295 41.1809
1298881134 -8.58295 41.1809
1298881135 -8.58295 41.1809
1298881136 -8.58295 41.1809
1298881137 -8.58296 41.1809
1298881138 -8.58296 41.1809
1298881139 -8.58296 41.1809
1298881140 -8.58296 41.1809
1298881141 -8.58296 41.1809
1298881142 -8.58296 41.1809
1298881143 -8.58296 41.1809
1298881144 -8.58296 41.1809
1298881145 -8.58296 41.1809
1298881146 -8.58296 41.1809
1298881147 -8.58296 41.1809
1298881148 -8.58296 41.1809
1298881149 -8.58296 41.1809
1298881150 -8.58296 41.1809
1298881151 -8.58296 41.1809
1298881152 -8.58296 41.1809
1298881153 -8.58296 41.1809
1298881154 -8.58296 41.1809
1298881155 -8.58295 41.1809
1298881156 -8.58295 41.1809
1298881157 -8.58295 41.1809
1298881158 -8.58295 41.1809
1298881159 -8.58295 41.1809
1298881160 -8.58294 41.1809
1298881161 -8.58294 41.1809
1298881162 -8.58294 41.1809
1298881163 -8.58294 41.1809
1298881164 -8.58293 41.1809
1298881165 -8.58293 41.1809
1298881166 -8.58293 41.1809
1298881167 -8.58293 41.1809
1298881168 -8.58292 41.1809
1298881169 -8.58292 41.1809
1298881170 -8.58292 41.1809
1298881171 -8.58292 41.1809
1298881172 -8.58292 41.1809
1298881173 -8.58291 41.1809
1298881174 -8.58291 41.1809
1298881175 -8.58291 41.1809
1298881176 -8.58291 41.1809
1298881177 -8.5829 41.1809
1298881178 -8.5829 41.1809
1298881179 -8.5829 41.1809
1298881180 -8.5829 41.1809
1298881181 -8.5829 41.1809
1298881182 -8.5829 41.1809
1298881183 -8.5829 41.1809
1298881184 -8.5829 41.1809
1298881185 -8.5829 41.1809
1298881186 -8.5829 41.1809
1298881187 -8.5829 41.1809
1298881188 -8.5829 41.1809
1298881189 -8.5829 41.1809
1298881190 -8.5829 41.1809
1298881191 -8.5829 41.1809
1298881192 -8.5829 41.1809
1298881193 -8.5829 41.1809
1298881194 -8.5829 41.1809
1298881195 -8.5829 41.1809
1298881196 -8.5829 41.1809
1298881197 -8.5829 41.1809
1298881198 -8.5829 41.1809
1298881199 -8.5829 41.1809
1298881200 -8.5829 41.1809
