:break:
1298880004 -8.6003 41.1713
1298880005 -8.6003 41.1713
1298880006 -8.6003 41.1713
1298880007 -8.60031 41.1713
1298880008 -8.60031 41.1713
1298880009 -8.60031 41.1713
1298880010 -8.60031 41.1713
1298880011 -8.60031 41.1713
1298880012 -8.60031 41.1713
1298880013 -8.60031 41.1713
1298880014 -8.60031 41.1713
1298880015 -8.60032 41.1713
1298880016 -8.60036 41.1713
1298880017 -8.6004 41.1713
1298880018 -8.60045 41.1713
1298880019 -8.60049 41.1713
1298880020 -8.60054 41.1713
1298880021 -8.60058 41.1713
1298880022 -8.60061 41.1713
1298880023 -8.60064 41.1713
1298880024 -8.60068 41.1713
1298880025 -8.6007 41.1713
1298880026 -8.60071 41.1713
1298880027 -8.60071 41.1713
1298880028 -8.60071 41.1713
1298880029 -8.60071 41.1713
1298880030 -8.60071 41.1713
1298880031 -8.60071 41.1713
1298880032 -8.60071 41.1713
1298880033 -8.6007 41.1713
1298880034 -8.6007 41.1713
1298880035 -8.60071 41.1713
1298880036 -8.60072 41.1713
1298880037 -8.60075 41.1713
1298880038 -8.60078 41.1713
1298880039 -8.6008 41.1713
1298880040 -8.60082 41.1713
1298880041 -8.60082 41.1713
1298880042 -8.60082 41.1713
1298880043 -8.60082 41.1713
1298880044 -8.60082 41.1713
1298880045 -8.60082 41.1713
1298880046 -8.60082 41.1713
1298880047 -8.60083 41.1713
1298880048 -8.60085 41.1713
1298880049 -8.60088 41.1713
1298880050 -8.60091 41.1713
1298880051 -8.60095 41.1714
1298880052 -8.60098 41.1714
1298880053 -8.60102 41.1714
1298880054 -8.60105 41.1714
1298880055 -8.60107 41.1714
1298880056 -8.6011 41.1714
1298880057 -8.60114 41.1714
1298880058 -8.60116 41.1714
1298880059 -8.60118 41.1714
1298880060 -8.60119 41.1714
1298880061 -8.6012 41.1714
1298880062 -8.6012 41.1714
1298880063 -8.6012 41.1714
1298880064 -8.6012 41.1714
1298880065 -8.6012 41.1714
1298880066 -8.6012 41.1714
1298880067 -8.6012 41.1714
1298880068 -8.6012 41.1714
1298880069 -8.6012 41.1714
1298880070 -8.6012 41.1714
1298880071 -8.60119 41.1714
1298880072 -8.60119 41.1714
1298880073 -8.60119 41.1714
1298880074 -8.60119 41.1714
1298880075 -8.60119 41.1714
1298880076 -8.60119 41.1714
1298880077 -8.60119 41.1714
1298880078 -8.60119 41.1714
1298880079 -8.60119 41.1714
1298880080 -8.60119 41.1714
1298880081 -8.60119 41.1714
1298880082 -8.60119 41.1714
1298880083 -8.60119 41.1714
1298880084 -8.60119 41.1714
1298880085 -8.60119 41.1714
1298880086 -8.60119 41.1714
1298880087 -8.60119 41.1714
1298880088 -8.60119 41.1714
1298880089 -8.60119 41.1714
1298880090 -8.60119 41.1714
1298880091 -8.60119 41.1714
1298880092 -8.60119 41.1714
1298880093 -8.60119 41.1714
1298880094 -8.6012 41.1714
1298880095 -8.60123 41.1714
1298880096 -8.60127 41.1714
1298880097 -8.60132 41.1714
1298880098 -8.60135 41.1714
1298880099 -8.6014 41.1714
1298880100 -8.60143 41.1714
1298880101 -8.60144 41.1715
1298880102 -8.60144 41.1715
1298880103 -8.60144 41.1715
1298880104 -8.60144 41.1715
1298880105 -8.60144 41.1715
1298880106 -8.60144 41.1714
1298880107 -8.60144 41.1714
1298880108 -8.60144 41.1714
1298880109 -8.60144 41.1714
1298880110 -8.60145 41.1715
1298880111 -8.60146 41.1715
1298880112 -8.60149 41.1715
1298880113 -8.60153 41.1715
1298880114 -8.60156 41.1715
1298880115 -8.6016 41.1715
1298880116 -8.60165 41.1715
1298880117 -8.6017 41.1715
1298880118 -8.60175 41.1715
1298880119 -8.60179 41.1716
1298880120 -8.60183 41.1716
1298880121 -8.60188 41.1716
1298880122 -8.6019 41.1716
1298880123 -8.60193 41.1716
1298880124 -8.60194 41.1716
1298880125 -8.60194 41.1716
1298880126 -8.60194 41.1716
1298880127 -8.60194 41.1716
1298880128 -8.60194 41.1716
1298880129 -8.60194 41.1716
1298880130 -8.60194 41.1716
1298880131 -8.60194 41.1716
1298880132 -8.60194 41.1716
1298880133 -8.60194 41.1716
1298880134 -8.60194 41.1716
1298880135 -8.60194 41.1716
1298880136 -8.60193 41.1716
1298880137 -8.60193 41.1716
1298880138 -8.60193 41.1716
1298880139 -8.60193 41.1716
1298880140 -8.60193 41.1716
1298880141 -8.60194 41.1716
1298880142 -8.60196 41.1716
1298880143 -8.60199 41.1716
1298880144 -8.60202 41.1716
1298880145 -8.60205 41.1716
1298880146 -8.60206 41.1716
1298880147 -8.60206 41.1717
1298880148 -8.60207 41.1717
1298880149 -8.60207 41.1717
1298880150 -8.60207 41.1717
1298880151 -8.60207 41.1717
1298880152 -8.60206 41.1716
1298880153 -8.60206 41.1716
1298880154 -8.60206 41.1716
1298880155 -8.60206 41.1716
1298880156 -8.60206 41.1716
1298880157 -8.60206 41.1716
1298880158 -8.60206 41.1716
1298880159 -8.60206 41.1716
1298880160 -8.60206 41.1716
1298880161 -8.60208 41.1717
1298880162 -8.60211 41.1717
1298880163 -8.60215 41.1717
1298880164 -8.6022 41.1717
1298880165 -8.60225 41.1717
1298880166 -8.60231 41.1717
1298880167 -8.60236 41.1717
1298880168 -8.60242 41.1717
1298880169 -8.60247 41.1717
1298880170 -8.60252 41.1717
1298880171 -8.60258 41.1717
1298880172 -8.60263 41.1718
1298880173 -8.6027 41.1718
1298880174 -8.60275 41.1718
1298880175 -8.60279 41.1718
1298880176 -8.60285 41.1718
1298880177 -8.60291 41.1718
1298880178 -8.60298 41.1718
1298880179 -8.60309 41.1718
1298880180 -8.60321 41.1719
1298880181 -8.60333 41.1719
1298880182 -8.60347 41.172
1298880183 -8.6036 41.1721
1298880184 -8.60372 41.1722
1298880185 -8.60385 41.1724
1298880186 -8.60397 41.1725
1298880187 -8.6041 41.1727
1298880188 -8.60423 41.1728
1298880189 -8.60437 41.1728
1298880190 -8.6045 41.1729
1298880191 -8.60465 41.1729
1298880192 -8.60478 41.1728
1298880193 -8.60489 41.1727
1298880194 -8.60496 41.1726
1298880195 -8.60497 41.1725
1298880196 -8.60494 41.1724
1298880197 -8.60485 41.1723
1298880198 -8.60472 41.1722
1298880199 -8.60459 41.1721
1298880200 -8.60448 41.1721
1298880201 -8.60439 41.172
1298880202 -8.60435 41.1718
1298880203 -8.60436 41.1717
1298880204 -8.60443 41.1716
1298880205 -8.60453 41.1715
1298880206 -8.60465 41.1713
1298880207 -8.60477 41.1712
1298880208 -8.60491 41.171
1298880209 -8.60506 41.1708
1298880210 -8.60522 41.1706
1298880211 -8.60538 41.1704
1298880212 -8.60554 41.1702
1298880213 -8.6057 41.17
1298880214 -8.60586 41.1698
1298880215 -8.60603 41.1696
1298880216 -8.60619 41.1694
1298880217 -8.60633 41.1692
1298880218 -8.60645 41.169
1298880219 -8.60651 41.1688
1298880220 -8.60654 41.1686
1298880221 -8.60655 41.1684
1298880222 -8.60656 41.1683
1298880223 -8.60656 41.1681
1298880224 -8.60656 41.1679
1298880225 -8.60656 41.1678
1298880226 -8.60656 41.1676
1298880227 -8.60656 41.1675
1298880228 -8.60656 41.1675
1298880229 -8.60656 41.1674
1298880230 -8.60657 41.1674
1298880231 -8.60657 41.1673
1298880232 -8.60657 41.1672
1298880233 -8.60657 41.1672
1298880234 -8.60656 41.1671
1298880235 -8.60656 41.1671
1298880236 -8.60656 41.167
1298880237 -8.60656 41.1669
1298880238 -8.60656 41.1668
1298880239 -8.60656 41.1667
1298880240 -8.60656 41.1666
1298880241 -8.60656 41.1666
1298880242 -8.60659 41.1665
1298880243 -8.60661 41.1665
1298880244 -8.60665 41.1665
1298880245 -8.60671 41.1665
1298880246 -8.60677 41.1665
1298880247 -8.60685 41.1665
1298880248 -8.60694 41.1665
1298880249 -8.60703 41.1665
1298880250 -8.60711 41.1665
1298880251 -8.60719 41.1665
1298880252 -8.60724 41.1665
1298880253 -8.60728 41.1665
1298880254 -8.60732 41.1665
1298880255 -8.60737 41.1665
1298880256 -8.60743 41.1665
1298880257 -8.60748 41.1665
1298880258 -8.60752 41.1665
1298880259 -8.60754 41.1665
1298880260 -8.60755 41.1665
1298880261 -8.60757 41.1665
1298880262 -8.60762 41.1665
1298880263 -8.60766 41.1666
1298880264 -8.60771 41.1666
1298880265 -8.60773 41.1666
1298880266 -8.60775 41.1666
1298880267 -8.60776 41.1666
1298880268 -8.60776 41.1666
1298880269 -8.60776 41.1666
1298880270 -8.60776 41.1666
1298880271 -8.60776 41.1666
1298880272 -8.60776 41.1666
1298880273 -8.60776 41.1666
1298880274 -8.60775 41.1666
1298880275 -8.60775 41.1666
1298880276 -8.60775 41.1666
1298880277 -8.60775 41.1666
1298880278 -8.60774 41.1666
1298880279 -8.60774 41.1666
1298880280 -8.60774 41.1666
1298880281 -8.60774 41.1666
1298880282 -8.60774 41.1666
1298880283 -8.60774 41.1666
1298880284 -8.60774 41.1666
1298880285 -8.60774 41.1666
1298880286 -8.60774 41.1666
1298880287 -8.60774 41.1666
1298880288 -8.60774 41.1666
1298880289 -8.60774 41.1666
1298880290 -8.60774 41.1666
1298880291 -8.60774 41.1666
1298880292 -8.60774 41.1666
1298880293 -8.60774 41.1666
1298880294 -8.60774 41.1666
1298880295 -8.60774 41.1666
1298880296 -8.60774 41.1666
1298880297 -8.60774 41.1666
1298880298 -8.60774 41.1666
1298880299 -8.60774 41.1666
1298880300 -8.60774 41.1666
1298880301 -8.60775 41.1666
1298880302 -8.60775 41.1666
1298880303 -8.60775 41.1666
1298880304 -8.60775 41.1666
1298880305 -8.60775 41.1666
1298880306 -8.60775 41.1666
1298880307 -8.60775 41.1666
1298880308 -8.60775 41.1666
1298880309 -8.60775 41.1666
1298880310 -8.60775 41.1666
1298880311 -8.60775 41.1666
1298880312 -8.60775 41.1666
1298880313 -8.60775 41.1666
1298880314 -8.60775 41.1666
1298880315 -8.60775 41.1666
1298880316 -8.60775 41.1666
1298880317 -8.60775 41.1666
1298880318 -8.60776 41.1666
1298880319 -8.60778 41.1666
1298880320 -8.60779 41.1666
1298880321 -8.60782 41.1666
1298880322 -8.60785 41.1666
1298880323 -8.60791 41.1666
1298880324 -8.60794 41.1666
1298880325 -8.60798 41.1666
1298880326 -8.60801 41.1666
1298880327 -8.60805 41.1666
1298880328 -8.60808 41.1666
1298880329 -8.6081 41.1666
1298880330 -8.60813 41.1666
1298880331 -8.60817 41.1666
1298880332 -8.60822 41.1666
1298880333 -8.60829 41.1666
1298880334 -8.60837 41.1666
1298880335 -8.60846 41.1666
1298880336 -8.60855 41.1667
1298880337 -8.60865 41.1667
1298880338 -8.60875 41.1667
1298880339 -8.60885 41.1667
1298880340 -8.60895 41.1667
1298880341 -8.60904 41.1667
1298880342 -8.60911 41.1667
1298880343 -8.60917 41.1666
1298880344 -8.6092 41.1666
1298880345 -8.60922 41.1666
1298880346 -8.60922 41.1665
1298880347 -8.60921 41.1665
1298880348 -8.60921 41.1664
1298880349 -8.60921 41.1663
1298880350 -8.60921 41.1662
1298880351 -8.60922 41.1661
1298880352 -8.60922 41.166
1298880353 -8.6092 41.166
1298880354 -8.60919 41.1659
1298880355 -8.60914 41.1659
1298880356 -8.60907 41.1658
1298880357 -8.60898 41.1658
1298880358 -8.60887 41.1658
1298880359 -8.60876 41.1658
1298880360 -8.60865 41.1658
1298880361 -8.60858 41.1658
1298880362 -8.60853 41.1657
1298880363 -8.6085 41.1657
1298880364 -8.60849 41.1657
1298880365 -8.60848 41.1657
1298880366 -8.60846 41.1656
1298880367 -8.60844 41.1656
1298880368 -8.60843 41.1655
1298880369 -8.60842 41.1655
1298880370 -8.60843 41.1654
1298880371 -8.60844 41.1653
1298880372 -8.60845 41.1652
1298880373 -8.60846 41.1651
1298880374 -8.60846 41.1651
1298880375 -8.60846 41.165
1298880376 -8.60847 41.1649
1298880377 -8.60847 41.1649
1298880378 -8.60848 41.1648
1298880379 -8.60848 41.1648
1298880380 -8.60849 41.1648
1298880381 -8.60849 41.1648
1298880382 -8.60849 41.1648
1298880383 -8.60849 41.1648
1298880384 -8.60849 41.1648
1298880385 -8.60849 41.1648
1298880386 -8.60849 41.1648
1298880387 -8.60849 41.1648
1298880388 -8.6085 41.1648
1298880389 -8.6085 41.1648
1298880390 -8.6085 41.1648
1298880391 -8.6085 41.1648
1298880392 -8.6085 41.1648
1298880393 -8.6085 41.1648
1298880394 -8.6085 41.1648
1298880395 -8.6085 41.1648
1298880396 -8.60851 41.1648
1298880397 -8.60851 41.1648
1298880398 -8.60851 41.1648
1298880399 -8.60851 41.1648
1298880400 -8.60851 41.1648
1298880401 -8.60851 41.1648
1298880402 -8.60851 41.1648
1298880403 -8.60851 41.1648
1298880404 -8.60851 41.1648
1298880405 -8.60851 41.1648
1298880406 -8.60851 41.1648
1298880407 -8.60851 41.1648
1298880408 -8.60851 41.1648
1298880409 -8.60851 41.1648
1298880410 -8.60851 41.1648
1298880411 -8.60851 41.1648
1298880412 -8.60851 41.1648
1298880413 -8.60851 41.1648
1298880414 -8.60852 41.1647
1298880415 -8.60852 41.1647
1298880416 -8.60852 41.1646
1298880417 -8.60852 41.1646
1298880418 -8.60853 41.1645
1298880419 -8.60851 41.1645
1298880420 -8.60847 41.1645
1298880421 -8.6084 41.1644
1298880422 -8.60829 41.1644
1298880423 -8.60816 41.1644
1298880424 -8.60802 41.1644
1298880425 -8.60789 41.1644
1298880426 -8.60775 41.1644
1298880427 -8.60761 41.1644
1298880428 -8.60746 41.1644
1298880429 -8.60731 41.1644
1298880430 -8.60717 41.1644
1298880431 -8.60703 41.1644
1298880432 -8.60693 41.1644
1298880433 -8.60682 41.1644
1298880434 -8.60674 41.1644
1298880435 -8.60665 41.1644
1298880436 -8.6066 41.1644
1298880437 -8.60656 41.1644
1298880438 -8.60656 41.1644
1298880439 -8.60656 41.1644
1298880440 -8.60656 41.1644
1298880441 -8.60656 41.1644
1298880442 -8.60656 41.1644
1298880443 -8.60656 41.1644
1298880444 -8.60656 41.1644
1298880445 -8.60656 41.1644
1298880446 -8.60656 41.1644
1298880447 -8.60656 41.1644
1298880448 -8.60656 41.1644
1298880449 -8.60656 41.1644
1298880450 -8.60656 41.1644
1298880451 -8.60657 41.1644
1298880452 -8.60657 41.1644
1298880453 -8.60657 41.1644
1298880454 -8.60657 41.1644
1298880455 -8.60657 41.1644
1298880456 -8.60658 41.1644
1298880457 -8.60658 41.1644
1298880458 -8.60658 41.1644
1298880459 -8.60658 41.1644
1298880460 -8.60658 41.1644
1298880461 -8.60658 41.1644
1298880462 -8.60658 41.1644
1298880463 -8.60658 41.1644
1298880464 -8.60659 41.1644
1298880465 -8.60659 41.1644
1298880466 -8.60659 41.1644
1298880467 -8.60659 41.1644
1298880468 -8.60659 41.1644
1298880469 -8.60659 41.1644
1298880470 -8.60659 41.1644
1298880471 -8.60659 41.1644
1298880472 -8.60659 41.1644
1298880473 -8.60659 41.1644
1298880474 -8.60659 41.1644
1298880475 -8.60659 41.1644
1298880476 -8.6066 41.1644
1298880477 -8.6066 41.1644
1298880478 -8.6066 41.1644
1298880479 -8.6066 41.1644
1298880480 -8.6066 41.1644
1298880481 -8.6066 41.1644
1298880482 -8.6066 41.1644
1298880483 -8.6066 41.1644
1298880484 -8.6066 41.1644
1298880485 -8.6066 41.1644
1298880486 -8.6066 41.1644
1298880487 -8.6066 41.1644
1298880488 -8.6066 41.1644
1298880489 -8.6066 41.1644
1298880490 -8.6066 41.1644
1298880491 -8.6066 41.1644
1298880492 -8.6066 41.1644
1298880493 -8.60658 41.1644
1298880494 -8.60656 41.1644
1298880495 -8.60651 41.1644
1298880496 -8.60646 41.1644
1298880497 -8.60642 41.1644
1298880498 -8.60638 41.1644
1298880499 -8.60636 41.1645
1298880500 -8.60635 41.1646
1298880501 -8.60635 41.1646
1298880502 -8.60635 41.1647
1298880503 -8.60635 41.1647
1298880504 -8.60635 41.1648
1298880505 -8.60635 41.1648
1298880506 -8.60634 41.1648
1298880507 -8.60634 41.1648
1298880508 -8.60634 41.1648
1298880509 -8.60634 41.1649
1298880510 -8.60634 41.1649
1298880511 -8.60634 41.1649
1298880512 -8.60634 41.1649
1298880513 -8.60634 41.1649
1298880514 -8.60634 41.1649
1298880515 -8.60633 41.1649
1298880516 -8.60633 41.1649
1298880517 -8.60633 41.165
1298880518 -8.60634 41.165
1298880519 -8.60635 41.1651
1298880520 -8.60636 41.1652
1298880521 -8.60637 41.1653
1298880522 -8.60638 41.1654
1298880523 -8.60638 41.1655
1298880524 -8.60639 41.1656
1298880525 -8.6064 41.1657
1298880526 -8.60641 41.1659
1298880527 -8.60642 41.166
1298880528 -8.60644 41.1662
1298880529 -8.60646 41.1663
1298880530 -8.60647 41.1665
1298880531 -8.60647 41.1666
1298880532 -8.60647 41.1668
1298880533 -8.60647 41.1669
1298880534 -8.60647 41.1671
1298880535 -8.60646 41.1672
1298880536 -8.60646 41.1674
1298880537 -8.60646 41.1675
1298880538 -8.60645 41.1677
1298880539 -8.60645 41.1678
1298880540 -8.60644 41.168
1298880541 -8.60644 41.1681
1298880542 -8.60643 41.1682
1298880543 -8.60643 41.1684
1298880544 -8.60643 41.1685
1298880545 -8.60643 41.1687
1298880546 -8.60642 41.1688
1298880547 -8.60639 41.169
1298880548 -8.60634 41.1691
1298880549 -8.60627 41.1692
1298880550 -8.60618 41.1693
1298880551 -8.60607 41.1695
1298880552 -8.60596 41.1696
1298880553 -8.60585 41.1697
1298880554 -8.60575 41.1699
1298880555 -8.60564 41.17
1298880556 -8.60551 41.1701
1298880557 -8.60538 41.1702
1298880558 -8.60523 41.1703
1298880559 -8.60507 41.1704
1298880560 -8.60492 41.1705
1298880561 -8.60477 41.1707
1298880562 -8.60465 41.1708
1298880563 -8.60453 41.1709
1298880564 -8.60441 41.171
1298880565 -8.60428 41.1712
1298880566 -8.60413 41.1713
1298880567 -8.60396 41.1713
1298880568 -8.60378 41.1714
1298880569 -8.60357 41.1714
1298880570 -8.60335 41.1714
1298880571 -8.60314 41.1714
1298880572 -8.60292 41.1713
1298880573 -8.6027 41.1713
1298880574 -8.60245 41.1713
1298880575 -8.60219 41.1713
1298880576 -8.60192 41.1713
1298880577 -8.60165 41.1712
1298880578 -8.60139 41.1712
1298880579 -8.60115 41.1712
1298880580 -8.60091 41.1712
1298880581 -8.60067 41.1712
1298880582 -8.60042 41.1712
1298880583 -8.60015 41.1712
1298880584 -8.59986 41.1712
1298880585 -8.59956 41.1712
1298880586 -8.59926 41.1713
1298880587 -8.59897 41.1713
1298880588 -8.59868 41.1714
1298880589 -8.59839 41.1714
1298880590 -8.59809 41.1715
1298880591 -8.59779 41.1716
1298880592 -8.59748 41.1716
1298880593 -8.59718 41.1717
1298880594 -8.59688 41.1717
1298880595 -8.59658 41.1718
1298880596 -8.59628 41.1718
1298880597 -8.59598 41.1718
1298880598 -8.59569 41.1718
1298880599 -8.59542 41.1718
1298880600 -8.59518 41.1718
1298880601 -8.59496 41.1718
1298880602 -8.59474 41.1717
1298880603 -8.59454 41.1716
1298880604 -8.59435 41.1716
1298880605 -8.59418 41.1715
1298880606 -8.59404 41.1714
1298880607 -8.5939 41.1713
1298880608 -8.59377 41.1712
1298880609 -8.59363 41.1711
1298880610 -8.59349 41.171
1298880611 -8.59334 41.1709
1298880612 -8.59319 41.1708
1298880613 -8.59303 41.1707
1298880614 -8.59288 41.1706
1298880615 -8.59271 41.1705
1298880616 -8.59255 41.1704
1298880617 -8.59239 41.1703
1298880618 -8.59223 41.1701
1298880619 -8.59207 41.17
1298880620 -8.5919 41.1699
1298880621 -8.59173 41.1698
1298880622 -8.59155 41.1697
1298880623 -8.59137 41.1696
1298880624 -8.59117 41.1695
1298880625 -8.59099 41.1693
1298880626 -8.5908 41.1692
1298880627 -8.59061 41.1691
1298880628 -8.59043 41.169
1298880629 -8.59026 41.1689
1298880630 -8.59009 41.1688
1298880631 -8.58991 41.1686
1298880632 -8.58973 41.1685
1298880633 -8.58953 41.1684
1298880634 -8.5893 41.1683
1298880635 -8.58909 41.1682
1298880636 -8.58887 41.168
1298880637 -8.58866 41.1679
1298880638 -8.58846 41.1678
1298880639 -8.58826 41.1677
1298880640 -8.58805 41.1676
1298880641 -8.58786 41.1674
1298880642 -8.58766 41.1673
1298880643 -8.58746 41.1672
1298880644 -8.58725 41.1671
1298880645 -8.58705 41.167
1298880646 -8.58685 41.1669
1298880647 -8.58664 41.1668
1298880648 -8.58642 41.1667
1298880649 -8.58619 41.1666
1298880650 -8.58596 41.1666
1298880651 -8.58573 41.1665
1298880652 -8.5855 41.1665
1298880653 -8.58528 41.1665
1298880654 -8.58506 41.1665
1298880655 -8.58487 41.1665
1298880656 -8.58468 41.1665
1298880657 -8.58449 41.1664
1298880658 -8.58432 41.1664
1298880659 -8.58416 41.1664
1298880660 -8.584 41.1663
1298880661 -8.58386 41.1663
1298880662 -8.58372 41.1662
1298880663 -8.58361 41.1662
1298880664 -8.58351 41.1661
1298880665 -8.58342 41.1661
1298880666 -8.58334 41.166
1298880667 -8.58325 41.1659
1298880668 -8.58317 41.1658
1298880669 -8.5831 41.1657
1298880670 -8.58303 41.1656
1298880671 -8.58297 41.1656
1298880672 -8.5829 41.1655
1298880673 -8.58284 41.1654
1298880674 -8.58278 41.1653
1298880675 -8.58272 41.1652
1298880676 -8.58267 41.1651
1298880677 -8.58262 41.1651
1298880678 -8.58257 41.165
1298880679 -8.58252 41.1649
1298880680 -8.58247 41.1648
1298880681 -8.58244 41.1647
1298880682 -8.58239 41.1647
1298880683 -8.58235 41.1646
1298880684 -8.5823 41.1645
1298880685 -8.58226 41.1644
1298880686 -8.58223 41.1643
1298880687 -8.58219 41.1643
1298880688 -8.58218 41.1642
1298880689 -8.58217 41.1641
1298880690 -8.58218 41.164
1298880691 -8.5822 41.1639
1298880692 -8.58222 41.1639
1298880693 -8.58224 41.1638
1298880694 -8.58225 41.1638
1298880695 -8.58225 41.1637
1298880696 -8.58225 41.1636
1298880697 -8.58223 41.1636
1298880698 -8.58219 41.1635
1298880699 -8.58215 41.1634
1298880700 -8.58209 41.1634
1298880701 -8.582 41.1633
1298880702 -8.58191 41.1633
1298880703 -8.58182 41.1633
1298880704 -8.58172 41.1632
1298880705 -8.58161 41.1632
1298880706 -8.58148 41.1632
1298880707 -8.58137 41.1632
1298880708 -8.58125 41.1633
1298880709 -8.58114 41.1633
1298880710 -8.58104 41.1634
1298880711 -8.58094 41.1635
1298880712 -8.58088 41.1636
1298880713 -8.58083 41.1637
1298880714 -8.5808 41.1637
1298880715 -8.58076 41.1638
1298880716 -8.58072 41.1638
1298880717 -8.58065 41.1639
1298880718 -8.58058 41.1639
1298880719 -8.58049 41.164
1298880720 -8.5804 41.164
1298880721 -8.58031 41.164
1298880722 -8.58021 41.164
1298880723 -8.5801 41.164
1298880724 -8.58 41.164
1298880725 -8.57989 41.164
1298880726 -8.57977 41.164
1298880727 -8.57966 41.1641
1298880728 -8.57955 41.1641
1298880729 -8.57944 41.1642
1298880730 -8.57934 41.1642
1298880731 -8.57925 41.1643
1298880732 -8.57916 41.1644
1298880733 -8.57907 41.1645
1298880734 -8.57897 41.1646
1298880735 -8.57888 41.1647
1298880736 -8.57878 41.1647
1298880737 -8.57867 41.1648
1298880738 -8.57853 41.1649
1298880739 -8.57837 41.165
1298880740 -8.57821 41.165
1298880741 -8.57803 41.1651
1298880742 -8.57788 41.1652
1298880743 -8.57776 41.1652
1298880744 -8.57766 41.1653
1298880745 -8.57757 41.1653
1298880746 -8.57748 41.1653
1298880747 -8.57738 41.1653
1298880748 -8.57727 41.1653
1298880749 -8.57716 41.1653
1298880750 -8.57705 41.1653
1298880751 -8.57695 41.1652
1298880752 -8.57686 41.1651
1298880753 -8.57677 41.165
1298880754 -8.5767 41.1649
1298880755 -8.57664 41.1648
1298880756 -8.57658 41.1647
1298880757 -8.57651 41.1645
1298880758 -8.57645 41.1644
1298880759 -8.57638 41.1642
1298880760 -8.57631 41.164
1298880761 -8.57624 41.1639
1298880762 -8.57615 41.1637
1298880763 -8.57606 41.1636
1298880764 -8.57594 41.1634
1298880765 -8.5758 41.1633
1298880766 -8.57565 41.1631
1298880767 -8.57551 41.1629
1298880768 -8.57535 41.1628
1298880769 -8.57521 41.1626
1298880770 -8.57506 41.1624
1298880771 -8.5749 41.1623
1298880772 -8.57477 41.1621
1298880773 -8.57466 41.1619
1298880774 -8.57455 41.1617
1298880775 -8.57446 41.1615
1298880776 -8.57439 41.1614
1298880777 -8.57433 41.1613
1298880778 -8.57428 41.1612
1298880779 -8.57425 41.1611
1298880780 -8.57422 41.1611
1298880781 -8.57421 41.1611
1298880782 -8.57421 41.1611
1298880783 -8.57422 41.1611
1298880784 -8.57422 41.1611
1298880785 -8.57423 41.1611
1298880786 -8.57423 41.1611
1298880787 -8.57422 41.1611
1298880788 -8.5742 41.161
1298880789 -8.57417 41.161
1298880790 -8.57414 41.1609
1298880791 -8.57408 41.1609
1298880792 -8.57402 41.1608
1298880793 -8.57395 41.1607
1298880794 -8.57387 41.1606
1298880795 -8.57377 41.1604
1298880796 -8.57364 41.1603
1298880797 -8.57351 41.1602
1298880798 -8.57335 41.1601
1298880799 -8.57319 41.16
1298880800 -8.57303 41.1599
1298880801 -8.57286 41.1598
1298880802 -8.5727 41.1597
1298880803 -8.57254 41.1596
1298880804 -8.5724 41.1596
1298880805 -8.57227 41.1595
1298880806 -8.57218 41.1594
1298880807 -8.5721 41.1594
1298880808 -8.57205 41.1593
1298880809 -8.57201 41.1593
1298880810 -8.57199 41.1592
1298880811 -8.57196 41.1591
1298880812 -8.57192 41.159
1298880813 -8.5719 41.1589
1298880814 -8.57191 41.1588
1298880815 -8.57194 41.1587
1298880816 -8.57199 41.1586
1298880817 -8.57203 41.1585
1298880818 -8.57207 41.1583
1298880819 -8.5721 41.1582
1298880820 -8.57212 41.158
1298880821 -8.57214 41.1579
1298880822 -8.57214 41.1577
1298880823 -8.57215 41.1576
1298880824 -8.57216 41.1574
1298880825 -8.57217 41.1573
1298880826 -8.57218 41.1571
1298880827 -8.57218 41.1569
1298880828 -8.57218 41.1568
1298880829 -8.57217 41.1566
1298880830 -8.57212 41.1565
1298880831 -8.57207 41.1564
1298880832 -8.57199 41.1563
1298880833 -8.57186 41.1562
1298880834 -8.57169 41.1561
1298880835 -8.57152 41.156
1298880836 -8.57134 41.156
1298880837 -8.57115 41.156
1298880838 -8.57095 41.156
1298880839 -8.57075 41.156
1298880840 -8.57053 41.156
1298880841 -8.57031 41.1559
1298880842 -8.57011 41.1559
1298880843 -8.56991 41.1559
1298880844 -8.56973 41.1559
1298880845 -8.56958 41.1559
1298880846 -8.56944 41.1558
1298880847 -8.56934 41.1557
1298880848 -8.56927 41.1557
1298880849 -8.5692 41.1556
1298880850 -8.56912 41.1555
1298880851 -8.56902 41.1555
1298880852 -8.5689 41.1554
1298880853 -8.56879 41.1554
1298880854 -8.56868 41.1553
1298880855 -8.56856 41.1552
1298880856 -8.56841 41.1551
1298880857 -8.56825 41.155
1298880858 -8.56808 41.1549
1298880859 -8.56792 41.1548
1298880860 -8.56776 41.1547
1298880861 -8.56758 41.1547
1298880862 -8.56737 41.1547
1298880863 -8.56715 41.1547
1298880864 -8.56688 41.1547
1298880865 -8.56661 41.1547
1298880866 -8.56634 41.1548
1298880867 -8.56605 41.1548
1298880868 -8.56577 41.1548
1298880869 -8.56551 41.1548
1298880870 -8.56526 41.1548
1298880871 -8.56503 41.1548
1298880872 -8.5648 41.1548
1298880873 -8.56455 41.1549
1298880874 -8.56431 41.1549
1298880875 -8.56406 41.155
1298880876 -8.5638 41.1551
1298880877 -8.56354 41.1552
1298880878 -8.56328 41.1552
1298880879 -8.56305 41.1553
1298880880 -8.56284 41.1553
1298880881 -8.56267 41.1552
1298880882 -8.56253 41.1552
1298880883 -8.56242 41.1551
1298880884 -8.56235 41.155
1298880885 -8.5623 41.1549
1298880886 -8.56225 41.1548
1298880887 -8.56216 41.1547
1298880888 -8.56205 41.1547
1298880889 -8.56195 41.1547
1298880890 -8.56187 41.1547
1298880891 -8.56183 41.1548
1298880892 -8.56179 41.1549
1298880893 -8.56174 41.155
1298880894 -8.56165 41.1552
1298880895 -8.56157 41.1553
1298880896 -8.56153 41.1554
1298880897 -8.56151 41.1556
1298880898 -8.56151 41.1557
1298880899 -8.56151 41.1559
1298880900 -8.56152 41.156
1298880901 -8.56153 41.1561
1298880902 -8.56154 41.1562
1298880903 -8.56155 41.1563
1298880904 -8.56156 41.1564
1298880905 -8.56156 41.1564
1298880906 -8.56156 41.1565
1298880907 -8.56154 41.1565
1298880908 -8.5615 41.1565
1298880909 -8.56145 41.1565
1298880910 -8.56139 41.1565
1298880911 -8.56133 41.1565
1298880912 -8.56127 41.1565
1298880913 -8.5612 41.1564
1298880914 -8.56112 41.1564
1298880915 -8.56106 41.1564
1298880916 -8.56099 41.1563
1298880917 -8.56093 41.1563
1298880918 -8.56085 41.1563
1298880919 -8.56079 41.1562
1298880920 -8.56072 41.1562
1298880921 -8.56064 41.1562
1298880922 -8.56056 41.1562
1298880923 -8.56048 41.1562
1298880924 -8.56039 41.1562
1298880925 -8.56031 41.1561
1298880926 -8.56024 41.1561
1298880927 -8.56017 41.156
1298880928 -8.5601 41.1559
1298880929 -8.56003 41.1559
1298880930 -8.55996 41.1558
1298880931 -8.55991 41.1558
1298880932 -8.55986 41.1557
1298880933 -8.55982 41.1557
1298880934 -8.55977 41.1557
1298880935 -8.55972 41.1556
1298880936 -8.55968 41.1556
1298880937 -8.55965 41.1556
1298880938 -8.55961 41.1555
1298880939 -8.55958 41.1555
1298880940 -8.55954 41.1555
1298880941 -8.5595 41.1555
1298880942 -8.55945 41.1555
1298880943 -8.5594 41.1555
1298880944 -8.55935 41.1556
1298880945 -8.55931 41.1556
1298880946 -8.55925 41.1557
1298880947 -8.55918 41.1558
1298880948 -8.55911 41.1559
1298880949 -8.55904 41.1561
1298880950 -8.55898 41.1562
1298880951 -8.55891 41.1563
1298880952 -8.55884 41.1564
1298880953 -8.55876 41.1566
1298880954 -8.55869 41.1567
1298880955 -8.5586 41.1569
1298880956 -8.55852 41.157
1298880957 -8.55843 41.1571
1298880958 -8.55835 41.1573
1298880959 -8.55825 41.1574
1298880960 -8.55816 41.1575
1298880961 -8.55806 41.1577
1298880962 -8.55796 41.1578
1298880963 -8.55785 41.1579
1298880964 -8.55772 41.158
1298880965 -8.55758 41.1581
1298880966 -8.55743 41.1582
1298880967 -8.55726 41.1583
1298880968 -8.5571 41.1584
1298880969 -8.55694 41.1585
1298880970 -8.55679 41.1585
1298880971 -8.55662 41.1586
1298880972 -8.55646 41.1587
1298880973 -8.5563 41.1588
1298880974 -8.55614 41.1589
1298880975 -8.55599 41.1589
1298880976 -8.55585 41.159
1298880977 -8.55572 41.1591
1298880978 -8.5556 41.1591
1298880979 -8.55547 41.1592
1298880980 -8.55536 41.1592
1298880981 -8.55525 41.1593
1298880982 -8.55514 41.1594
1298880983 -8.55504 41.1594
1298880984 -8.55497 41.1595
1298880985 -8.55492 41.1595
1298880986 -8.55489 41.1595
1298880987 -8.55485 41.1595
1298880988 -8.55481 41.1596
1298880989 -8.55474 41.1596
1298880990 -8.55466 41.1596
1298880991 -8.55455 41.1597
1298880992 -8.55442 41.1597
1298880993 -8.55428 41.1598
1298880994 -8.55414 41.1598
1298880995 -8.554 41.1599
1298880996 -8.55383 41.1599
1298880997 -8.55368 41.16
1298880998 -8.55352 41.16
1298880999 -8.55336 41.1601
1298881000 -8.5532 41.1601
1298881001 -8.55303 41.1602
1298881002 -8.55286 41.1602
1298881003 -8.55269 41.1603
1298881004 -8.55251 41.1603
1298881005 -8.55234 41.1604
1298881006 -8.55216 41.1604
1298881007 -8.55199 41.1604
1298881008 -8.55181 41.1605
1298881009 -8.55164 41.1605
1298881010 -8.55148 41.1605
1298881011 -8.55131 41.1605
1298881012 -8.55117 41.1605
1298881013 -8.55103 41.1606
1298881014 -8.5509 41.1606
1298881015 -8.55081 41.1606
1298881016 -8.55075 41.1606
1298881017 -8.5507 41.1606
1298881018 -8.55065 41.1606
1298881019 -8.55059 41.1606
1298881020 -8.55051 41.1606
1298881021 -8.5504 41.1606
1298881022 -8.55029 41.1606
1298881023 -8.55017 41.1607
1298881024 -8.55006 41.1607
1298881025 -8.54996 41.1607
1298881026 -8.54987 41.1607
1298881027 -8.54978 41.1607
1298881028 -8.54969 41.1607
1298881029 -8.5496 41.1608
1298881030 -8.54949 41.1608
1298881031 -8.54937 41.1608
1298881032 -8.54925 41.1609
1298881033 -8.54913 41.1609
1298881034 -8.54899 41.1609
1298881035 -8.54886 41.161
1298881036 -8.54872 41.161
1298881037 -8.54858 41.161
1298881038 -8.54843 41.1611
1298881039 -8.54829 41.1611
1298881040 -8.54815 41.1611
1298881041 -8.54801 41.1612
1298881042 -8.54787 41.1612
1298881043 -8.54773 41.1612
1298881044 -8.54758 41.1613
1298881045 -8.54744 41.1613
1298881046 -8.54727 41.1613
1298881047 -8.54712 41.1613
1298881048 -8.54698 41.1614
1298881049 -8.54683 41.1614
1298881050 -8.5467 41.1614
1298881051 -8.54655 41.1613
1298881052 -8.5464 41.1613
1298881053 -8.54626 41.1613
1298881054 -8.54611 41.1612
1298881055 -8.54598 41.1612
1298881056 -8.54584 41.1612
1298881057 -8.54571 41.1611
1298881058 -8.54556 41.1611
1298881059 -8.54542 41.1611
1298881060 -8.54528 41.1611
1298881061 -8.54516 41.161
1298881062 -8.54506 41.161
1298881063 -8.54497 41.1609
1298881064 -8.5449 41.1608
1298881065 -8.54482 41.1607
1298881066 -8.54476 41.1606
1298881067 -8.54471 41.1604
1298881068 -8.54466 41.1603
1298881069 -8.54462 41.1602
1298881070 -8.54456 41.1601
1298881071 -8.54447 41.16
1298881072 -8.54435 41.1599
1298881073 -8.54423 41.1598
1298881074 -8.54411 41.1597
1298881075 -8.544 41.1596
1298881076 -8.5439 41.1595
1298881077 -8.54383 41.1594
1298881078 -8.54375 41.1593
1298881079 -8.54368 41.1592
1298881080 -8.5436 41.1591
1298881081 -8.54353 41.159
1298881082 -8.54344 41.1589
1298881083 -8.54336 41.1588
1298881084 -8.54328 41.1587
1298881085 -8.5432 41.1586
1298881086 -8.54312 41.1585
1298881087 -8.54303 41.1584
1298881088 -8.54295 41.1583
1298881089 -8.54287 41.1582
1298881090 -8.5428 41.1581
1298881091 -8.54272 41.1581
1298881092 -8.54266 41.158
1298881093 -8.5426 41.1579
1298881094 -8.54256 41.1579
1298881095 -8.54251 41.1579
1298881096 -8.54246 41.1579
1298881097 -8.54241 41.1579
1298881098 -8.54235 41.1579
1298881099 -8.54229 41.1579
1298881100 -8.54222 41.1579
1298881101 -8.54213 41.158
1298881102 -8.54204 41.158
1298881103 -8.54194 41.158
1298881104 -8.54183 41.158
1298881105 -8.54171 41.158
1298881106 -8.54159 41.158
1298881107 -8.54147 41.158
1298881108 -8.54134 41.158
1298881109 -8.54122 41.158
1298881110 -8.54108 41.1579
1298881111 -8.54095 41.1579
1298881112 -8.54081 41.1579
1298881113 -8.54068 41.158
1298881114 -8.54054 41.158
1298881115 -8.5404 41.1579
1298881116 -8.54026 41.1579
1298881117 -8.54013 41.1579
1298881118 -8.54 41.1579
1298881119 -8.53988 41.1579
1298881120 -8.53977 41.1579
1298881121 -8.53965 41.158
1298881122 -8.53955 41.158
1298881123 -8.53947 41.158
1298881124 -8.5394 41.158
1298881125 -8.53934 41.158
1298881126 -8.53931 41.158
1298881127 -8.53929 41.158
1298881128 -8.53929 41.158
1298881129 -8.53929 41.158
1298881130 -8.53928 41.158
1298881131 -8.53924 41.158
1298881132 -8.53922 41.1579
1298881133 -8.5392 41.1579
1298881134 -8.5392 41.1578
1298881135 -8.53919 41.1577
1298881136 -8.53917 41.1576
1298881137 -8.53916 41.1575
1298881138 -8.53915 41.1574
1298881139 -8.53913 41.1573
1298881140 -8.53911 41.1572
1298881141 -8.53908 41.157
1298881142 -8.53907 41.1569
1298881143 -8.53904 41.1567
1298881144 -8.53901 41.1566
1298881145 -8.53898 41.1564
1298881146 -8.53896 41.1562
1298881147 -8.53893 41.156
1298881148 -8.5389 41.1559
1298881149 -8.53887 41.1557
1298881150 -8.53884 41.1555
1298881151 -8.53882 41.1553
1298881152 -8.5388 41.1551
1298881153 -8.53878 41.1549
1298881154 -8.53876 41.1548
1298881155 -8.53874 41.1546
1298881156 -8.53871 41.1544
1298881157 -8.53869 41.1543
1298881158 -8.53867 41.1541
1298881159 -8.53864 41.1539
1298881160 -8.53862 41.1538
1298881161 -8.53859 41.1536
1298881162 -8.53856 41.1534
1298881163 -8.53854 41.1533
1298881164 -8.53852 41.1531
1298881165 -8.5385 41.1529
1298881166 -8.53847 41.1528
1298881167 -8.53845 41.1526
1298881168 -8.53843 41.1524
1298881169 -8.5384 41.1523
1298881170 -8.53836 41.1521
1298881171 -8.53831 41.152
1298881172 -8.53825 41.1518
1298881173 -8.53816 41.1516
1298881174 -8.53808 41.1514
1298881175 -8.53798 41.1513
1298881176 -8.53787 41.1511
1298881177 -8.53775 41.151
1298881178 -8.53763 41.1508
1298881179 -8.53751 41.1507
1298881180 -8.53737 41.1506
1298881181 -8.53724 41.1505
1298881182 -8.5371 41.1503
1298881183 -8.53698 41.1502
1298881184 -8.53687 41.1502
1298881185 -8.5368 41.1501
1298881186 -8.53676 41.15
1298881187 -8.53675 41.1499
1298881188 -8.53673 41.1498
1298881189 -8.53666 41.1498
1298881190 -8.53657 41.1497
1298881191 -8.53646 41.1497
1298881192 -8.53635 41.1497
1298881193 -8.53622 41.1497
1298881194 -8.5361 41.1497
1298881195 -8.53597 41.1497
1298881196 -8.53583 41.1497
1298881197 -8.53567 41.1496
1298881198 -8.5355 41.1495
1298881199 -8.53531 41.1495
1298881200 -8.53513 41.1494
