:break:
1298880959 -8.59061 41.1618
1298880960 -8.59061 41.1618
1298880961 -8.59061 41.1618
1298880962 -8.59062 41.1618
1298880963 -8.59063 41.1618
1298880964 -8.59148 41.1626
1298880965 -8.59156 41.1627
1298880966 -8.5916 41.1628
1298880967 -8.59162 41.1628
1298880968 -8.59163 41.1628
1298880969 -8.59164 41.1629
1298880970 -8.59166 41.1629
1298880971 -8.59167 41.1629
1298880972 -8.59167 41.1629
1298880973 -8.59168 41.1629
1298880974 -8.59168 41.1629
1298880975 -8.59168 41.1629
1298880976 -8.59168 41.1629
1298880977 -8.59167 41.1629
1298880978 -8.59167 41.1629
1298880979 -8.59166 41.1629
1298880980 -8.59166 41.1629
1298880981 -8.59167 41.1629
1298880982 -8.59168 41.1629
1298880983 -8.59168 41.1629
1298880984 -8.59168 41.1629
1298880985 -8.59166 41.1629
1298880986 -8.59166 41.1629
1298880987 -8.59166 41.1629
1298880988 -8.59166 41.1629
1298880989 -8.59167 41.1629
1298880990 -8.59168 41.1629
1298880991 -8.5917 41.1629
1298880992 -8.59171 41.1629
1298880993 -8.59172 41.1629
1298880994 -8.59172 41.1629
1298880995 -8.59172 41.1629
1298880996 -8.59172 41.1629
1298880997 -8.59172 41.1629
1298880998 -8.59173 41.1629
1298880999 -8.59174 41.1629
1298881000 -8.59174 41.1629
1298881001 -8.59175 41.163
1298881002 -8.59175 41.163
1298881003 -8.59175 41.1629
1298881004 -8.59174 41.1629
1298881005 -8.59174 41.1629
1298881006 -8.59173 41.1629
1298881007 -8.59173 41.1629
1298881008 -8.59173 41.1629
1298881009 -8.59172 41.1629
1298881010 -8.59172 41.1629
1298881011 -8.59171 41.1629
1298881012 -8.5917 41.1629
1298881013 -8.59169 41.1629
1298881014 -8.59168 41.1629
1298881015 -8.59168 41.1629
1298881016 -8.59167 41.1629
1298881017 -8.59167 41.1629
1298881018 -8.59167 41.1629
1298881019 -8.59167 41.1629
1298881020 -8.59167 41.1629
1298881021 -8.59167 41.1629
1298881022 -8.59167 41.1629
1298881023 -8.59167 41.1629
1298881024 -8.59167 41.1629
1298881025 -8.59166 41.1629
1298881026 -8.59165 41.1629
1298881027 -8.59164 41.1629
1298881028 -8.59163 41.1629
1298881029 -8.59161 41.1629
1298881030 -8.59159 41.1628
1298881031 -8.59159 41.1628
1298881032 -8.59158 41.1628
1298881033 -8.59158 41.1628
1298881034 -8.59158 41.1628
1298881035 -8.59158 41.1628
1298881036 -8.59157 41.1628
1298881037 -8.59157 41.1628
1298881038 -8.59157 41.1628
1298881039 -8.59156 41.1628
1298881040 -8.59156 41.1628
1298881041 -8.59156 41.1628
1298881042 -8.59156 41.1628
1298881043 -8.59156 41.1628
1298881044 -8.59156 41.1628
1298881045 -8.59157 41.1628
1298881046 -8.59157 41.1628
1298881047 -8.59157 41.1628
1298881048 -8.59157 41.1628
1298881049 -8.59157 41.1628
1298881050 -8.59157 41.1628
1298881051 -8.59157 41.1628
1298881052 -8.59157 41.1628
1298881053 -8.59157 41.1628
1298881054 -8.59157 41.1628
1298881055 -8.59157 41.1628
1298881056 -8.59157 41.1628
1298881057 -8.59157 41.1628
1298881058 -8.59157 41.1628
1298881059 -8.59156 41.1628
1298881060 -8.59156 41.1628
1298881061 -8.59157 41.1628
1298881062 -8.59157 41.1628
1298881063 -8.59157 41.1628
1298881064 -8.59158 41.1628
1298881065 -8.59158 41.1628
1298881066 -8.59158 41.1628
1298881067 -8.59158 41.1628
1298881068 -8.59158 41.1628
1298881069 -8.59158 41.1628
1298881070 -8.59158 41.1628
1298881071 -8.59158 41.1628
1298881072 -8.59158 41.1628
1298881073 -8.59158 41.1628
1298881074 -8.59158 41.1628
1298881075 -8.59158 41.1628
1298881076 -8.59158 41.1628
1298881077 -8.59158 41.1628
1298881078 -8.59158 41.1628
1298881079 -8.59158 41.1628
1298881080 -8.59158 41.1628
1298881081 -8.59158 41.1628
1298881082 -8.59158 41.1628
1298881083 -8.59158 41.1628
1298881084 -8.59158 41.1628
1298881085 -8.59158 41.1628
1298881086 -8.59158 41.1628
1298881087 -8.59158 41.1628
1298881088 -8.59158 41.1628
1298881089 -8.59158 41.1628
1298881090 -8.59158 41.1628
1298881091 -8.59158 41.1628
1298881092 -8.59157 41.1628
1298881093 -8.59157 41.1628
1298881094 -8.59157 41.1628
1298881095 -8.59157 41.1628
1298881096 -8.59157 41.1628
1298881097 -8.59157 41.1628
1298881098 -8.59157 41.1628
1298881099 -8.59157 41.1628
1298881100 -8.59157 41.1628
1298881101 -8.59158 41.1628
1298881102 -8.59158 41.1628
1298881103 -8.59158 41.1628
1298881104 -8.59159 41.1628
1298881105 -8.59159 41.1628
1298881106 -8.59159 41.1628
1298881107 -8.59159 41.1628
1298881108 -8.59158 41.1628
1298881109 -8.59158 41.1628
1298881110 -8.59158 41.1628
1298881111 -8.59158 41.1628
1298881112 -8.59158 41.1628
1298881113 -8.59158 41.1628
1298881114 -8.59158 41.1628
1298881115 -8.59157 41.1628
1298881116 -8.59158 41.1628
1298881117 -8.59158 41.1628
1298881118 -8.59158 41.1628
1298881119 -8.59158 41.1628
1298881120 -8.59158 41.1628
1298881121 -8.59158 41.1628
1298881122 -8.59158 41.1628
1298881123 -8.59158 41.1628
1298881124 -8.59158 41.1628
1298881125 -8.59157 41.1628
1298881126 -8.59157 41.1628
1298881127 -8.59157 41.1628
1298881128 -8.59156 41.1628
1298881129 -8.59155 41.1628
1298881130 -8.59154 41.1628
1298881131 -8.59154 41.1628
1298881132 -8.59152 41.1628
1298881133 -8.59151 41.1628
1298881134 -8.5915 41.1628
1298881135 -8.59149 41.1628
1298881136 -8.59149 41.1628
1298881137 -8.59149 41.1628
1298881138 -8.59148 41.1628
1298881139 -8.59147 41.1628
1298881140 -8.59146 41.1628
1298881141 -8.59146 41.1628
1298881142 -8.59145 41.1628
1298881143 -8.59145 41.1628
1298881144 -8.59145 41.1628
1298881145 -8.59144 41.1628
1298881146 -8.59143 41.1628
1298881147 -8.59142 41.1628
1298881148 -8.59142 41.1628
1298881149 -8.59142 41.1628
1298881150 -8.59142 41.1628
1298881151 -8.59141 41.1628
1298881152 -8.59141 41.1628
1298881153 -8.5914 41.1628
1298881154 -8.5914 41.1628
1298881155 -8.5914 41.1628
1298881156 -8.5914 41.1628
1298881157 -8.59141 41.1628
1298881158 -8.59141 41.1628
1298881159 -8.59142 41.1628
1298881160 -8.59142 41.1628
1298881161 -8.59142 41.1628
1298881162 -8.59142 41.1628
1298881163 -8.59143 41.1628
1298881164 -8.59143 41.1628
1298881165 -8.59143 41.1628
1298881166 -8.59143 41.1628
1298881167 -8.59142 41.1628
1298881168 -8.59142 41.1628
1298881169 -8.59142 41.1628
1298881170 -8.59142 41.1628
1298881171 -8.59142 41.1628
1298881172 -8.59141 41.1628
1298881173 -8.59141 41.1628
1298881174 -8.59141 41.1628
1298881175 -8.59141 41.1628
1298881176 -8.59141 41.1628
1298881177 -8.59141 41.1628
1298881178 -8.59141 41.1628
1298881179 -8.59141 41.1628
1298881180 -8.59141 41.1628
1298881181 -8.59142 41.1628
1298881182 -8.59142 41.1628
1298881183 -8.59142 41.1628
1298881184 -8.59143 41.1628
1298881185 -8.59144 41.1628
1298881186 -8.59144 41.1628
1298881187 -8.59144 41.1628
1298881188 -8.59145 41.1628
1298881189 -8.59145 41.1628
1298881190 -8.59145 41.1628
1298881191 -8.59145 41.1628
1298881192 -8.59145 41.1628
1298881193 -8.59145 41.1628
1298881194 -8.59145 41.1628
1298881195 -8.59145 41.1628
1298881196 -8.59145 41.1628
1298881197 -8.59146 41.1628
1298881198 -8.59145 41.1628
1298881199 -8.59145 41.1628
1298881200 -8.59145 41.1628
