:break:
1298880032 -8.64951 41.1672
1298880033 -8.64951 41.1672
1298880034 -8.64951 41.1672
1298880035 -8.64951 41.1672
1298880036 -8.64951 41.1672
1298880037 -8.64951 41.1672
1298880038 -8.64951 41.1672
1298880039 -8.64951 41.1672
1298880040 -8.64951 41.1672
1298880041 -8.64951 41.1672
1298880042 -8.64951 41.1672
1298880043 -8.64951 41.1672
1298880044 -8.64951 41.1672
1298880045 -8.64951 41.1672
1298880046 -8.64951 41.1672
1298880047 -8.64951 41.1672
1298880048 -8.64951 41.1672
1298880049 -8.64951 41.1672
1298880050 -8.64951 41.1672
1298880051 -8.64951 41.1672
1298880052 -8.64951 41.1672
1298880053 -8.6495 41.1672
1298880054 -8.6495 41.1672
1298880055 -8.6495 41.1672
1298880056 -8.6495 41.1672
1298880057 -8.6495 41.1672
1298880058 -8.6495 41.1672
1298880059 -8.6495 41.1673
1298880060 -8.6495 41.1673
1298880061 -8.6495 41.1673
1298880062 -8.6495 41.1673
1298880063 -8.6495 41.1673
1298880064 -8.6495 41.1673
1298880065 -8.6495 41.1673
1298880066 -8.6495 41.1673
1298880067 -8.6495 41.1673
1298880068 -8.64949 41.1673
1298880069 -8.64949 41.1673
1298880070 -8.64949 41.1673
1298880071 -8.64949 41.1673
1298880072 -8.64949 41.1673
1298880073 -8.64949 41.1673
1298880074 -8.64949 41.1673
1298880075 -8.64949 41.1673
1298880076 -8.64949 41.1673
1298880077 -8.64949 41.1673
1298880078 -8.64949 41.1673
1298880079 -8.64949 41.1673
1298880080 -8.64949 41.1673
1298880081 -8.64949 41.1673
1298880082 -8.64949 41.1673
1298880083 -8.64949 41.1673
1298880084 -8.64949 41.1673
1298880085 -8.64949 41.1673
1298880086 -8.64949 41.1673
1298880087 -8.64949 41.1673
1298880088 -8.64949 41.1673
1298880089 -8.64949 41.1673
1298880090 -8.64949 41.1673
1298880091 -8.64949 41.1673
1298880092 -8.64949 41.1673
1298880093 -8.64949 41.1673
1298880094 -8.64949 41.1673
1298880095 -8.64949 41.1673
1298880096 -8.64949 41.1673
1298880097 -8.64949 41.1673
1298880098 -8.64949 41.1673
1298880099 -8.64949 41.1673
1298880100 -8.64949 41.1673
1298880101 -8.64949 41.1673
1298880102 -8.64949 41.1673
1298880103 -8.64949 41.1673
1298880104 -8.64949 41.1673
1298880105 -8.64949 41.1673
1298880106 -8.64949 41.1673
1298880107 -8.64949 41.1673
1298880108 -8.64949 41.1673
1298880109 -8.64949 41.1673
1298880110 -8.64949 41.1673
1298880111 -8.64949 41.1673
1298880112 -8.64949 41.1673
1298880113 -8.64949 41.1673
1298880114 -8.64949 41.1673
1298880115 -8.64949 41.1673
1298880116 -8.64949 41.1673
1298880117 -8.64949 41.1673
1298880118 -8.64949 41.1673
1298880119 -8.64949 41.1673
1298880120 -8.64949 41.1673
1298880121 -8.64949 41.1673
1298880122 -8.64949 41.1673
1298880123 -8.64949 41.1673
1298880124 -8.64949 41.1673
1298880125 -8.64949 41.1673
1298880126 -8.64949 41.1673
1298880127 -8.64949 41.1673
1298880128 -8.64949 41.1673
1298880129 -8.64949 41.1673
1298880130 -8.64949 41.1673
1298880131 -8.64949 41.1673
1298880132 -8.64949 41.1673
1298880133 -8.6495 41.1673
1298880134 -8.6495 41.1673
1298880135 -8.6495 41.1673
1298880136 -8.6495 41.1673
1298880137 -8.6495 41.1673
1298880138 -8.6495 41.1673
1298880139 -8.6495 41.1673
1298880140 -8.64951 41.1673
1298880141 -8.64951 41.1673
1298880142 -8.64951 41.1673
1298880143 -8.64951 41.1673
1298880144 -8.64951 41.1673
1298880145 -8.64951 41.1673
1298880146 -8.64951 41.1673
1298880147 -8.64951 41.1673
1298880148 -8.64951 41.1673
1298880149 -8.64951 41.1673
1298880150 -8.64951 41.1673
1298880151 -8.64951 41.1673
1298880152 -8.64951 41.1673
1298880153 -8.64951 41.1673
1298880154 -8.64951 41.1673
1298880155 -8.64951 41.1673
1298880156 -8.64951 41.1673
1298880157 -8.64951 41.1673
1298880158 -8.64951 41.1673
1298880159 -8.64951 41.1673
1298880160 -8.64951 41.1673
1298880161 -8.64951 41.1673
1298880162 -8.64951 41.1673
1298880163 -8.64951 41.1673
1298880164 -8.64951 41.1673
1298880165 -8.64951 41.1673
1298880166 -8.64951 41.1673
1298880167 -8.64951 41.1673
1298880168 -8.64951 41.1673
1298880169 -8.64951 41.1673
1298880170 -8.64951 41.1673
1298880171 -8.64951 41.1673
1298880172 -8.64951 41.1673
1298880173 -8.64951 41.1673
1298880174 -8.64951 41.1673
1298880175 -8.64951 41.1673
1298880176 -8.64951 41.1673
1298880177 -8.64951 41.1673
1298880178 -8.64951 41.1673
1298880179 -8.64951 41.1673
1298880180 -8.64951 41.1673
1298880181 -8.64951 41.1673
1298880182 -8.64951 41.1673
1298880183 -8.64951 41.1673
1298880184 -8.64951 41.1673
1298880185 -8.64951 41.1673
1298880186 -8.64951 41.1673
1298880187 -8.64951 41.1673
1298880188 -8.64951 41.1673
1298880189 -8.64951 41.1673
1298880190 -8.64952 41.1673
1298880191 -8.64952 41.1673
1298880192 -8.64952 41.1673
1298880193 -8.64952 41.1673
1298880194 -8.64952 41.1673
1298880195 -8.64952 41.1673
1298880196 -8.64952 41.1673
1298880197 -8.64952 41.1673
1298880198 -8.64952 41.1673
1298880199 -8.64952 41.1673
1298880200 -8.64952 41.1673
1298880201 -8.64952 41.1673
1298880202 -8.64952 41.1673
1298880203 -8.64952 41.1673
1298880204 -8.64952 41.1673
1298880205 -8.64952 41.1673
1298880206 -8.64952 41.1673
1298880207 -8.64952 41.1673
1298880208 -8.64952 41.1673
1298880209 -8.64952 41.1673
1298880210 -8.64952 41.1673
1298880211 -8.64952 41.1673
1298880212 -8.64952 41.1673
1298880213 -8.64952 41.1673
1298880214 -8.64952 41.1673
1298880215 -8.64952 41.1673
1298880216 -8.64952 41.1673
1298880217 -8.64952 41.1673
1298880218 -8.64952 41.1673
1298880219 -8.64952 41.1673
1298880220 -8.64952 41.1673
1298880221 -8.64951 41.1673
1298880222 -8.64951 41.1673
1298880223 -8.64951 41.1673
1298880224 -8.64951 41.1673
1298880225 -8.64951 41.1673
1298880226 -8.64951 41.1673
1298880227 -8.64951 41.1673
1298880228 -8.64951 41.1673
1298880229 -8.64951 41.1673
1298880230 -8.64951 41.1673
1298880231 -8.64951 41.1673
1298880232 -8.64951 41.1673
1298880233 -8.64951 41.1673
1298880234 -8.64951 41.1673
1298880235 -8.64951 41.1673
1298880236 -8.64951 41.1673
1298880237 -8.64951 41.1673
1298880238 -8.64951 41.1673
1298880239 -8.64951 41.1673
1298880240 -8.64951 41.1673
1298880241 -8.64951 41.1673
1298880242 -8.64951 41.1673
1298880243 -8.64951 41.1673
1298880244 -8.64951 41.1673
1298880245 -8.64952 41.1673
1298880246 -8.64952 41.1673
1298880247 -8.64953 41.1673
1298880248 -8.64953 41.1673
1298880249 -8.64953 41.1673
1298880250 -8.64954 41.1673
1298880251 -8.64954 41.1673
1298880252 -8.64955 41.1673
1298880253 -8.64955 41.1673
1298880254 -8.64956 41.1673
1298880255 -8.64956 41.1673
1298880256 -8.64956 41.1673
1298880257 -8.64956 41.1673
1298880258 -8.64957 41.1673
1298880259 -8.64957 41.1673
1298880260 -8.64957 41.1673
1298880261 -8.64957 41.1673
1298880262 -8.64957 41.1673
1298880263 -8.64958 41.1673
1298880264 -8.64958 41.1673
1298880265 -8.64958 41.1673
1298880266 -8.64958 41.1673
1298880267 -8.64958 41.1673
1298880268 -8.64958 41.1673
1298880269 -8.64957 41.1673
1298880270 -8.64957 41.1673
1298880271 -8.64957 41.1673
1298880272 -8.64957 41.1673
1298880273 -8.64956 41.1673
1298880274 -8.64956 41.1673
1298880275 -8.64956 41.1673
1298880276 -8.64955 41.1673
1298880277 -8.64955 41.1673
1298880278 -8.64955 41.1673
1298880279 -8.64954 41.1673
1298880280 -8.64954 41.1673
1298880281 -8.64954 41.1673
1298880282 -8.64954 41.1673
1298880283 -8.64953 41.1673
1298880284 -8.64953 41.1673
1298880285 -8.64953 41.1673
1298880286 -8.64953 41.1673
1298880287 -8.64953 41.1673
1298880288 -8.64952 41.1673
1298880289 -8.64952 41.1673
1298880290 -8.64952 41.1673
1298880291 -8.64952 41.1673
1298880292 -8.64952 41.1673
1298880293 -8.64952 41.1673
1298880294 -8.64952 41.1673
1298880295 -8.64952 41.1673
1298880296 -8.64952 41.1673
1298880297 -8.64952 41.1673
1298880298 -8.64952 41.1673
1298880299 -8.64952 41.1673
1298880300 -8.64952 41.1673
1298880301 -8.64952 41.1673
1298880302 -8.64952 41.1673
1298880303 -8.64952 41.1673
1298880304 -8.64952 41.1673
1298880305 -8.64952 41.1673
1298880306 -8.64952 41.1673
1298880307 -8.64952 41.1673
1298880308 -8.64952 41.1673
1298880309 -8.64952 41.1673
1298880310 -8.64952 41.1673
1298880311 -8.64953 41.1673
1298880312 -8.64953 41.1673
1298880313 -8.64953 41.1673
1298880314 -8.64953 41.1673
1298880315 -8.64953 41.1673
1298880316 -8.64953 41.1673
1298880317 -8.64953 41.1673
1298880318 -8.64953 41.1673
1298880319 -8.64953 41.1673
1298880320 -8.64953 41.1673
1298880321 -8.64953 41.1673
1298880322 -8.64954 41.1673
1298880323 -8.64955 41.1673
1298880324 -8.64956 41.1673
1298880325 -8.64956 41.1673
1298880326 -8.64956 41.1673
1298880327 -8.64957 41.1673
1298880328 -8.64957 41.1673
1298880329 -8.64957 41.1673
1298880330 -8.64957 41.1673
1298880331 -8.64957 41.1673
1298880332 -8.64957 41.1673
1298880333 -8.64957 41.1673
1298880334 -8.64957 41.1673
1298880335 -8.64956 41.1673
1298880336 -8.64956 41.1673
1298880337 -8.64956 41.1673
1298880338 -8.64956 41.1673
1298880339 -8.64955 41.1673
1298880340 -8.64955 41.1673
1298880341 -8.64955 41.1673
1298880342 -8.64955 41.1673
1298880343 -8.64954 41.1673
1298880344 -8.64954 41.1673
1298880345 -8.64954 41.1673
1298880346 -8.64953 41.1673
1298880347 -8.64953 41.1673
1298880348 -8.64953 41.1673
1298880349 -8.64953 41.1673
1298880350 -8.64953 41.1673
1298880351 -8.64953 41.1673
1298880352 -8.64952 41.1673
1298880353 -8.64952 41.1673
1298880354 -8.64952 41.1673
1298880355 -8.64952 41.1673
1298880356 -8.64952 41.1673
1298880357 -8.64952 41.1673
1298880358 -8.64952 41.1673
1298880359 -8.64952 41.1673
1298880360 -8.64952 41.1673
1298880361 -8.64952 41.1673
1298880362 -8.64952 41.1673
1298880363 -8.64952 41.1673
1298880364 -8.64952 41.1673
1298880365 -8.64952 41.1673
1298880366 -8.64952 41.1673
1298880367 -8.64952 41.1673
1298880368 -8.64952 41.1673
1298880369 -8.64952 41.1673
1298880370 -8.64952 41.1673
1298880371 -8.64952 41.1673
1298880372 -8.64952 41.1673
1298880373 -8.64952 41.1673
1298880374 -8.64952 41.1673
1298880375 -8.64952 41.1673
1298880376 -8.64952 41.1673
1298880377 -8.64952 41.1673
1298880378 -8.64952 41.1673
1298880379 -8.64952 41.1673
1298880380 -8.64952 41.1673
1298880381 -8.64952 41.1673
1298880382 -8.64952 41.1673
1298880383 -8.64952 41.1673
1298880384 -8.64952 41.1673
1298880385 -8.64952 41.1673
1298880386 -8.64952 41.1673
1298880387 -8.64952 41.1673
1298880388 -8.64952 41.1673
1298880389 -8.64952 41.1673
1298880390 -8.64951 41.1673
1298880391 -8.64951 41.1673
1298880392 -8.64951 41.1673
1298880393 -8.64951 41.1673
1298880394 -8.64951 41.1673
1298880395 -8.64951 41.1673
1298880396 -8.64951 41.1673
1298880397 -8.64951 41.1673
1298880398 -8.64951 41.1673
1298880399 -8.64951 41.1673
1298880400 -8.64951 41.1673
1298880401 -8.64952 41.1673
1298880402 -8.64952 41.1673
1298880403 -8.64952 41.1673
1298880404 -8.64952 41.1673
1298880405 -8.64952 41.1673
1298880406 -8.64952 41.1673
1298880407 -8.64952 41.1673
1298880408 -8.64951 41.1673
1298880409 -8.64951 41.1673
1298880410 -8.64951 41.1673
1298880411 -8.64951 41.1673
1298880412 -8.64951 41.1673
1298880413 -8.64952 41.1673
1298880414 -8.64952 41.1673
1298880415 -8.64954 41.1672
1298880416 -8.64955 41.1672
1298880417 -8.64956 41.1672
1298880418 -8.64958 41.1671
1298880419 -8.6496 41.1671
1298880420 -8.64962 41.167
1298880421 -8.64964 41.167
1298880422 -8.64967 41.1669
1298880423 -8.64968 41.1669
1298880424 -8.64971 41.1668
1298880425 -8.64973 41.1668
1298880426 -8.64976 41.1667
1298880427 -8.64977 41.1667
1298880428 -8.64979 41.1667
1298880429 -8.64981 41.1666
1298880430 -8.64982 41.1666
1298880431 -8.64984 41.1666
1298880432 -8.64984 41.1666
1298880433 -8.64985 41.1666
1298880434 -8.64985 41.1666
1298880435 -8.64985 41.1666
1298880436 -8.64985 41.1666
1298880437 -8.64985 41.1666
1298880438 -8.64985 41.1666
1298880439 -8.64985 41.1666
1298880440 -8.64985 41.1666
1298880441 -8.64985 41.1666
1298880442 -8.64986 41.1666
1298880443 -8.64986 41.1666
1298880444 -8.64986 41.1666
1298880445 -8.64986 41.1666
1298880446 -8.64986 41.1666
1298880447 -8.64986 41.1666
1298880448 -8.64986 41.1666
1298880449 -8.64986 41.1666
1298880450 -8.64986 41.1666
1298880451 -8.64986 41.1666
1298880452 -8.64987 41.1666
1298880453 -8.64987 41.1666
1298880454 -8.64987 41.1666
1298880455 -8.64987 41.1666
1298880456 -8.64987 41.1666
1298880457 -8.64987 41.1666
1298880458 -8.64987 41.1666
1298880459 -8.64987 41.1666
1298880460 -8.64988 41.1666
1298880461 -8.64988 41.1666
1298880462 -8.64988 41.1666
1298880463 -8.64989 41.1666
1298880464 -8.64989 41.1666
1298880465 -8.64989 41.1666
1298880466 -8.64989 41.1666
1298880467 -8.64989 41.1666
1298880468 -8.64989 41.1666
1298880469 -8.64989 41.1666
1298880470 -8.6499 41.1666
1298880471 -8.6499 41.1666
1298880472 -8.6499 41.1666
1298880473 -8.6499 41.1666
1298880474 -8.64991 41.1666
1298880475 -8.64991 41.1666
1298880476 -8.64991 41.1666
1298880477 -8.64991 41.1666
1298880478 -8.64991 41.1666
1298880479 -8.64991 41.1666
1298880480 -8.64991 41.1666
1298880481 -8.64991 41.1666
1298880482 -8.64991 41.1666
1298880483 -8.64991 41.1666
1298880484 -8.64992 41.1665
1298880485 -8.64993 41.1665
1298880486 -8.64994 41.1665
1298880487 -8.64995 41.1664
1298880488 -8.64997 41.1664
1298880489 -8.64999 41.1663
1298880490 -8.65001 41.1662
1298880491 -8.65003 41.1661
1298880492 -8.65005 41.166
1298880493 -8.65007 41.1659
1298880494 -8.6501 41.1658
1298880495 -8.65013 41.1657
1298880496 -8.65016 41.1656
1298880497 -8.65019 41.1655
1298880498 -8.65022 41.1654
1298880499 -8.65026 41.1653
1298880500 -8.65029 41.1652
1298880501 -8.65031 41.1651
1298880502 -8.65034 41.165
1298880503 -8.65037 41.1649
1298880504 -8.65039 41.1648
1298880505 -8.65043 41.1647
1298880506 -8.65046 41.1646
1298880507 -8.65048 41.1645
1298880508 -8.65051 41.1644
1298880509 -8.65054 41.1643
1298880510 -8.65057 41.1641
1298880511 -8.6506 41.164
1298880512 -8.65063 41.1639
1298880513 -8.65067 41.1638
1298880514 -8.6507 41.1637
1298880515 -8.65073 41.1636
1298880516 -8.65076 41.1635
1298880517 -8.65079 41.1634
1298880518 -8.65083 41.1632
1298880519 -8.65085 41.1631
1298880520 -8.65088 41.163
1298880521 -8.65092 41.1629
1298880522 -8.65094 41.1628
1298880523 -8.65097 41.1627
1298880524 -8.65101 41.1626
1298880525 -8.65103 41.1625
1298880526 -8.65105 41.1624
1298880527 -8.65107 41.1623
1298880528 -8.65109 41.1623
1298880529 -8.65112 41.1622
1298880530 -8.65114 41.1621
1298880531 -8.65117 41.162
1298880532 -8.6512 41.162
1298880533 -8.65122 41.1619
1298880534 -8.65124 41.1618
1298880535 -8.65126 41.1617
1298880536 -8.65127 41.1617
1298880537 -8.65129 41.1617
1298880538 -8.65132 41.1616
1298880539 -8.65136 41.1616
1298880540 -8.6514 41.1616
1298880541 -8.65146 41.1616
1298880542 -8.65152 41.1617
1298880543 -8.65159 41.1617
1298880544 -8.65168 41.1617
1298880545 -8.65178 41.1617
1298880546 -8.65188 41.1617
1298880547 -8.65198 41.1617
1298880548 -8.65209 41.1618
1298880549 -8.6522 41.1618
1298880550 -8.65231 41.1618
1298880551 -8.65243 41.1618
1298880552 -8.65255 41.1618
1298880553 -8.65268 41.1618
1298880554 -8.65281 41.1619
1298880555 -8.65293 41.1619
1298880556 -8.65307 41.1619
1298880557 -8.65319 41.1619
1298880558 -8.65334 41.162
1298880559 -8.65347 41.162
1298880560 -8.65361 41.162
1298880561 -8.65374 41.162
1298880562 -8.65388 41.1621
1298880563 -8.654 41.1621
1298880564 -8.65413 41.1621
1298880565 -8.65424 41.1621
1298880566 -8.65435 41.1621
1298880567 -8.65444 41.1622
1298880568 -8.65452 41.1622
1298880569 -8.65458 41.1622
1298880570 -8.65462 41.1622
1298880571 -8.65464 41.1622
1298880572 -8.65465 41.1622
1298880573 -8.65465 41.1622
1298880574 -8.65465 41.1622
1298880575 -8.65465 41.1622
1298880576 -8.65465 41.1622
1298880577 -8.65465 41.1622
1298880578 -8.65465 41.1622
1298880579 -8.65465 41.1622
1298880580 -8.65465 41.1622
1298880581 -8.65463 41.1622
1298880582 -8.65463 41.1622
1298880583 -8.65462 41.1622
1298880584 -8.65462 41.1622
1298880585 -8.65462 41.1622
1298880586 -8.65462 41.1622
1298880587 -8.65462 41.1622
1298880588 -8.65462 41.1622
1298880589 -8.65462 41.1622
1298880590 -8.65462 41.1622
1298880591 -8.65462 41.1622
1298880592 -8.65462 41.1622
1298880593 -8.65462 41.1622
1298880594 -8.65461 41.1622
1298880595 -8.65461 41.1622
1298880596 -8.65461 41.1622
1298880597 -8.65461 41.1622
1298880598 -8.65461 41.1622
1298880599 -8.65461 41.1622
1298880600 -8.65461 41.1622
1298880601 -8.65461 41.1622
1298880602 -8.65461 41.1622
1298880603 -8.65461 41.1622
1298880604 -8.65461 41.1622
1298880605 -8.65461 41.1622
1298880606 -8.65461 41.1622
1298880607 -8.65461 41.1622
1298880608 -8.65461 41.1622
1298880609 -8.65461 41.1622
1298880610 -8.65461 41.1622
1298880611 -8.65462 41.1622
1298880612 -8.65462 41.1622
1298880613 -8.65462 41.1622
1298880614 -8.65462 41.1622
1298880615 -8.65462 41.1622
1298880616 -8.65462 41.1622
1298880617 -8.65462 41.1622
1298880618 -8.65462 41.1622
1298880619 -8.65462 41.1622
1298880620 -8.65462 41.1622
1298880621 -8.65463 41.1622
1298880622 -8.65465 41.1622
1298880623 -8.6547 41.1622
1298880624 -8.65474 41.1622
1298880625 -8.6548 41.1622
1298880626 -8.65488 41.1622
1298880627 -8.65496 41.1623
1298880628 -8.65506 41.1623
1298880629 -8.65515 41.1623
1298880630 -8.65523 41.1623
1298880631 -8.65532 41.1623
1298880632 -8.65542 41.1623
1298880633 -8.65552 41.1623
1298880634 -8.65562 41.1623
1298880635 -8.65573 41.1623
1298880636 -8.65584 41.1622
1298880637 -8.65594 41.1622
1298880638 -8.65605 41.1621
1298880639 -8.65616 41.162
1298880640 -8.65626 41.162
1298880641 -8.65638 41.1619
1298880642 -8.65649 41.1619
1298880643 -8.6566 41.1618
1298880644 -8.6567 41.1618
1298880645 -8.6568 41.1617
1298880646 -8.65691 41.1617
1298880647 -8.65701 41.1616
1298880648 -8.65711 41.1615
1298880649 -8.65722 41.1615
1298880650 -8.65732 41.1614
1298880651 -8.65742 41.1614
1298880652 -8.65753 41.1613
1298880653 -8.65764 41.1613
1298880654 -8.65774 41.1612
1298880655 -8.65782 41.1612
1298880656 -8.65789 41.1611
1298880657 -8.65795 41.1611
1298880658 -8.65801 41.1611
1298880659 -8.65806 41.1611
1298880660 -8.65812 41.161
1298880661 -8.65818 41.161
1298880662 -8.65825 41.161
1298880663 -8.65832 41.1609
1298880664 -8.6584 41.1609
1298880665 -8.65846 41.1609
1298880666 -8.65852 41.1609
1298880667 -8.65859 41.1608
1298880668 -8.65867 41.1608
1298880669 -8.65875 41.1608
1298880670 -8.65885 41.1607
1298880671 -8.65894 41.1607
1298880672 -8.65903 41.1607
1298880673 -8.65912 41.1606
1298880674 -8.65919 41.1606
1298880675 -8.65926 41.1606
1298880676 -8.65933 41.1605
1298880677 -8.65941 41.1605
1298880678 -8.6595 41.1605
1298880679 -8.6596 41.1604
1298880680 -8.65972 41.1604
1298880681 -8.65983 41.1603
1298880682 -8.65995 41.1603
1298880683 -8.66007 41.1603
1298880684 -8.6602 41.1602
1298880685 -8.66034 41.1602
1298880686 -8.66047 41.1601
1298880687 -8.66061 41.1601
1298880688 -8.66075 41.16
1298880689 -8.66088 41.1599
1298880690 -8.66101 41.1599
1298880691 -8.66113 41.1598
1298880692 -8.66124 41.1598
1298880693 -8.66136 41.1598
1298880694 -8.66148 41.1597
1298880695 -8.66162 41.1596
1298880696 -8.66176 41.1596
1298880697 -8.6619 41.1595
1298880698 -8.66204 41.1595
1298880699 -8.66219 41.1594
1298880700 -8.66233 41.1594
1298880701 -8.66247 41.1593
1298880702 -8.66263 41.1593
1298880703 -8.66277 41.1592
1298880704 -8.66292 41.1591
1298880705 -8.66308 41.1591
1298880706 -8.66322 41.159
1298880707 -8.66336 41.159
1298880708 -8.6635 41.1589
1298880709 -8.66364 41.1589
1298880710 -8.6638 41.1588
1298880711 -8.66395 41.1587
1298880712 -8.6641 41.1587
1298880713 -8.66426 41.1586
1298880714 -8.66441 41.1586
1298880715 -8.66456 41.1585
1298880716 -8.6647 41.1584
1298880717 -8.66484 41.1584
1298880718 -8.66499 41.1583
1298880719 -8.66515 41.1583
1298880720 -8.66529 41.1582
1298880721 -8.66543 41.1582
1298880722 -8.66557 41.1581
1298880723 -8.66568 41.1581
1298880724 -8.66578 41.158
1298880725 -8.66589 41.158
1298880726 -8.66601 41.1579
1298880727 -8.66613 41.1579
1298880728 -8.66626 41.1578
1298880729 -8.66638 41.1578
1298880730 -8.66651 41.1577
1298880731 -8.66663 41.1577
1298880732 -8.66677 41.1576
1298880733 -8.66689 41.1576
1298880734 -8.66703 41.1575
1298880735 -8.66717 41.1575
1298880736 -8.66732 41.1574
1298880737 -8.66746 41.1574
1298880738 -8.66762 41.1573
1298880739 -8.66777 41.1572
1298880740 -8.66794 41.1572
1298880741 -8.6681 41.1571
1298880742 -8.66826 41.157
1298880743 -8.66843 41.157
1298880744 -8.66859 41.1569
1298880745 -8.66876 41.1568
1298880746 -8.66894 41.1568
1298880747 -8.66911 41.1567
1298880748 -8.66928 41.1566
1298880749 -8.66944 41.1566
1298880750 -8.6696 41.1565
1298880751 -8.66975 41.1565
1298880752 -8.6699 41.1564
1298880753 -8.67004 41.1563
1298880754 -8.67018 41.1563
1298880755 -8.67029 41.1562
1298880756 -8.67039 41.1562
1298880757 -8.67047 41.1562
1298880758 -8.67054 41.1561
1298880759 -8.67058 41.1561
1298880760 -8.67061 41.1561
1298880761 -8.67063 41.1561
1298880762 -8.67065 41.1561
1298880763 -8.67065 41.1561
1298880764 -8.67065 41.1561
1298880765 -8.67066 41.1561
1298880766 -8.67068 41.1561
1298880767 -8.6707 41.1561
1298880768 -8.67071 41.1561
1298880769 -8.67071 41.1561
1298880770 -8.67073 41.1561
1298880771 -8.67074 41.156
1298880772 -8.67075 41.156
1298880773 -8.67078 41.156
1298880774 -8.67081 41.156
1298880775 -8.67083 41.156
1298880776 -8.67088 41.156
1298880777 -8.67092 41.156
1298880778 -8.67098 41.1559
1298880779 -8.67101 41.1559
1298880780 -8.67104 41.1559
1298880781 -8.67108 41.1559
1298880782 -8.67111 41.1559
1298880783 -8.67116 41.1559
1298880784 -8.67119 41.1558
1298880785 -8.67122 41.1558
1298880786 -8.67123 41.1558
1298880787 -8.67123 41.1558
1298880788 -8.67123 41.1558
1298880789 -8.67123 41.1558
1298880790 -8.67123 41.1558
1298880791 -8.67123 41.1558
1298880792 -8.67123 41.1558
1298880793 -8.67124 41.1558
1298880794 -8.67126 41.1558
1298880795 -8.67129 41.1558
1298880796 -8.67134 41.1558
1298880797 -8.67138 41.1558
1298880798 -8.67143 41.1558
1298880799 -8.67145 41.1557
1298880800 -8.67147 41.1557
1298880801 -8.67148 41.1557
1298880802 -8.67148 41.1557
1298880803 -8.67149 41.1557
1298880804 -8.67149 41.1557
1298880805 -8.67149 41.1557
1298880806 -8.67149 41.1557
1298880807 -8.67149 41.1557
1298880808 -8.67149 41.1557
1298880809 -8.67149 41.1557
1298880810 -8.67149 41.1557
1298880811 -8.67149 41.1557
1298880812 -8.67149 41.1557
1298880813 -8.67149 41.1557
1298880814 -8.67149 41.1557
1298880815 -8.67149 41.1557
1298880816 -8.67149 41.1557
1298880817 -8.67149 41.1557
1298880818 -8.67149 41.1557
1298880819 -8.67149 41.1557
1298880820 -8.67149 41.1557
1298880821 -8.67149 41.1557
1298880822 -8.67149 41.1557
1298880823 -8.67149 41.1557
1298880824 -8.67149 41.1557
1298880825 -8.67149 41.1557
1298880826 -8.67149 41.1557
1298880827 -8.67149 41.1557
1298880828 -8.67149 41.1557
1298880829 -8.67148 41.1557
1298880830 -8.67148 41.1557
1298880831 -8.67148 41.1557
1298880832 -8.67148 41.1557
1298880833 -8.67148 41.1557
1298880834 -8.67148 41.1557
1298880835 -8.67148 41.1557
1298880836 -8.67149 41.1557
1298880837 -8.67149 41.1557
1298880838 -8.67151 41.1557
1298880839 -8.67155 41.1557
1298880840 -8.67161 41.1557
1298880841 -8.67167 41.1557
1298880842 -8.67175 41.1556
1298880843 -8.67183 41.1556
1298880844 -8.67191 41.1556
1298880845 -8.67197 41.1556
1298880846 -8.67201 41.1555
1298880847 -8.67205 41.1555
1298880848 -8.67206 41.1555
1298880849 -8.67207 41.1555
1298880850 -8.67207 41.1555
1298880851 -8.67208 41.1555
1298880852 -8.67209 41.1555
1298880853 -8.6721 41.1555
1298880854 -8.67212 41.1555
1298880855 -8.67216 41.1555
1298880856 -8.67218 41.1555
1298880857 -8.67223 41.1555
1298880858 -8.67226 41.1555
1298880859 -8.67229 41.1555
1298880860 -8.67233 41.1555
1298880861 -8.67238 41.1556
1298880862 -8.67244 41.1556
1298880863 -8.67251 41.1556
1298880864 -8.67258 41.1556
1298880865 -8.67266 41.1556
1298880866 -8.67275 41.1556
1298880867 -8.67283 41.1556
1298880868 -8.6729 41.1556
1298880869 -8.67296 41.1556
1298880870 -8.67301 41.1556
1298880871 -8.67307 41.1555
1298880872 -8.67312 41.1555
1298880873 -8.67317 41.1554
1298880874 -8.67322 41.1554
1298880875 -8.67325 41.1553
1298880876 -8.67326 41.1553
1298880877 -8.67327 41.1552
1298880878 -8.67327 41.1552
1298880879 -8.67327 41.1551
1298880880 -8.67326 41.1551
1298880881 -8.67326 41.1551
1298880882 -8.67326 41.1551
1298880883 -8.67326 41.1551
1298880884 -8.67326 41.1551
1298880885 -8.67326 41.1551
1298880886 -8.67326 41.1551
1298880887 -8.67325 41.1551
1298880888 -8.67325 41.155
1298880889 -8.67324 41.155
1298880890 -8.67324 41.155
1298880891 -8.67324 41.155
1298880892 -8.67324 41.155
1298880893 -8.67324 41.155
1298880894 -8.67325 41.155
1298880895 -8.67325 41.1549
1298880896 -8.67326 41.1549
1298880897 -8.6733 41.1548
1298880898 -8.67335 41.1548
1298880899 -8.6734 41.1548
1298880900 -8.67345 41.1547
1298880901 -8.67349 41.1547
1298880902 -8.67352 41.1547
1298880903 -8.67354 41.1547
1298880904 -8.67355 41.1547
1298880905 -8.67355 41.1547
1298880906 -8.67355 41.1547
1298880907 -8.67355 41.1547
1298880908 -8.67355 41.1547
1298880909 -8.67355 41.1547
1298880910 -8.67355 41.1547
1298880911 -8.67355 41.1547
1298880912 -8.67355 41.1547
1298880913 -8.67355 41.1547
1298880914 -8.67355 41.1547
1298880915 -8.67356 41.1547
1298880916 -8.67359 41.1547
1298880917 -8.67361 41.1547
1298880918 -8.67364 41.1546
1298880919 -8.67367 41.1546
1298880920 -8.67369 41.1546
1298880921 -8.6737 41.1546
1298880922 -8.67372 41.1546
1298880923 -8.67374 41.1546
1298880924 -8.67376 41.1546
1298880925 -8.67378 41.1546
1298880926 -8.6738 41.1546
1298880927 -8.67382 41.1545
1298880928 -8.67385 41.1545
1298880929 -8.67388 41.1545
1298880930 -8.67389 41.1545
1298880931 -8.6739 41.1545
1298880932 -8.67391 41.1545
1298880933 -8.67391 41.1545
1298880934 -8.67391 41.1545
1298880935 -8.67391 41.1545
1298880936 -8.67391 41.1545
1298880937 -8.67392 41.1545
1298880938 -8.67394 41.1544
1298880939 -8.67396 41.1544
1298880940 -8.67396 41.1544
1298880941 -8.67395 41.1543
1298880942 -8.67395 41.1543
1298880943 -8.67394 41.1542
1298880944 -8.67396 41.1542
1298880945 -8.67397 41.1541
1298880946 -8.67398 41.1541
1298880947 -8.67398 41.1541
1298880948 -8.67398 41.1541
1298880949 -8.67398 41.1541
1298880950 -8.67398 41.1541
1298880951 -8.67398 41.1541
1298880952 -8.67398 41.1541
1298880953 -8.67398 41.1541
1298880954 -8.67398 41.154
1298880955 -8.67398 41.154
1298880956 -8.67398 41.154
1298880957 -8.67398 41.154
1298880958 -8.67398 41.154
1298880959 -8.67398 41.154
1298880960 -8.67398 41.154
1298880961 -8.67398 41.154
1298880962 -8.67398 41.154
1298880963 -8.67398 41.154
1298880964 -8.67398 41.154
1298880965 -8.67398 41.154
1298880966 -8.67398 41.154
1298880967 -8.67398 41.154
1298880968 -8.67398 41.154
1298880969 -8.67398 41.154
1298880970 -8.67398 41.154
1298880971 -8.67398 41.154
1298880972 -8.67398 41.154
1298880973 -8.67398 41.154
1298880974 -8.67399 41.154
1298880975 -8.67399 41.154
1298880976 -8.67399 41.154
1298880977 -8.67399 41.154
1298880978 -8.67399 41.154
1298880979 -8.67399 41.154
1298880980 -8.67399 41.154
1298880981 -8.67399 41.154
1298880982 -8.674 41.154
1298880983 -8.674 41.154
1298880984 -8.674 41.154
1298880985 -8.674 41.154
1298880986 -8.674 41.154
1298880987 -8.674 41.154
1298880988 -8.674 41.154
1298880989 -8.674 41.154
1298880990 -8.674 41.154
1298880991 -8.674 41.154
1298880992 -8.674 41.154
1298880993 -8.674 41.154
1298880994 -8.67401 41.154
1298880995 -8.67401 41.154
1298880996 -8.67401 41.154
1298880997 -8.67401 41.154
1298880998 -8.67401 41.154
1298880999 -8.67401 41.154
1298881000 -8.67401 41.154
1298881001 -8.67401 41.154
1298881002 -8.67401 41.154
1298881003 -8.67401 41.154
1298881004 -8.67401 41.154
1298881005 -8.67401 41.154
1298881006 -8.67402 41.154
1298881007 -8.67402 41.154
1298881008 -8.67402 41.154
1298881009 -8.67402 41.154
1298881010 -8.67403 41.154
1298881011 -8.67403 41.154
1298881012 -8.67404 41.1539
1298881013 -8.67404 41.1539
1298881014 -8.67404 41.1539
1298881015 -8.67405 41.1539
1298881016 -8.67405 41.1539
1298881017 -8.67405 41.1539
1298881018 -8.67405 41.1539
1298881019 -8.67405 41.1539
1298881020 -8.67405 41.1539
1298881021 -8.67405 41.1539
1298881022 -8.67405 41.1539
1298881023 -8.67405 41.1539
1298881024 -8.67405 41.1539
1298881025 -8.67405 41.1539
1298881026 -8.67405 41.1539
1298881027 -8.67405 41.1539
1298881028 -8.67405 41.1539
1298881029 -8.67405 41.1539
1298881030 -8.67405 41.1539
1298881031 -8.67405 41.1539
1298881032 -8.67405 41.1539
1298881033 -8.67405 41.1539
1298881034 -8.67405 41.1539
1298881035 -8.67405 41.1539
1298881036 -8.67405 41.1539
1298881037 -8.67406 41.1539
1298881038 -8.67407 41.1538
1298881039 -8.67408 41.1538
1298881040 -8.67409 41.1538
1298881041 -8.6741 41.1537
1298881042 -8.6741 41.1537
1298881043 -8.67411 41.1536
1298881044 -8.67411 41.1536
1298881045 -8.67412 41.1535
1298881046 -8.67413 41.1535
1298881047 -8.67414 41.1534
1298881048 -8.67416 41.1533
1298881049 -8.67416 41.1532
1298881050 -8.67418 41.1532
1298881051 -8.67419 41.1531
1298881052 -8.67422 41.1531
1298881053 -8.67424 41.153
1298881054 -8.67427 41.153
1298881055 -8.67429 41.1529
1298881056 -8.6743 41.1529
1298881057 -8.67428 41.1529
1298881058 -8.67427 41.1529
1298881059 -8.67426 41.1529
1298881060 -8.67425 41.1529
1298881061 -8.67424 41.1529
1298881062 -8.67422 41.1529
1298881063 -8.67419 41.1529
1298881064 -8.67418 41.153
1298881065 -8.67417 41.153
1298881066 -8.67416 41.153
1298881067 -8.67415 41.1531
1298881068 -8.67414 41.1532
1298881069 -8.67413 41.1532
1298881070 -8.67412 41.1533
1298881071 -8.6741 41.1534
1298881072 -8.67409 41.1535
1298881073 -8.67408 41.1535
1298881074 -8.67407 41.1536
1298881075 -8.67406 41.1536
1298881076 -8.67405 41.1537
1298881077 -8.67404 41.1538
1298881078 -8.67403 41.1538
1298881079 -8.67403 41.1538
1298881080 -8.67402 41.1538
1298881081 -8.67401 41.1539
1298881082 -8.674 41.1539
1298881083 -8.674 41.1539
1298881084 -8.674 41.1539
1298881085 -8.674 41.1539
1298881086 -8.67399 41.1539
1298881087 -8.67398 41.1539
1298881088 -8.67398 41.1539
1298881089 -8.67397 41.154
1298881090 -8.67396 41.154
1298881091 -8.67395 41.1541
1298881092 -8.67394 41.1541
1298881093 -8.67394 41.1541
1298881094 -8.67393 41.1542
1298881095 -8.67392 41.1542
1298881096 -8.67391 41.1542
1298881097 -8.6739 41.1543
1298881098 -8.6739 41.1543
1298881099 -8.67389 41.1543
1298881100 -8.67389 41.1543
1298881101 -8.67389 41.1543
1298881102 -8.67389 41.1543
1298881103 -8.67389 41.1543
1298881104 -8.67389 41.1543
1298881105 -8.67389 41.1543
1298881106 -8.67389 41.1543
1298881107 -8.67388 41.1544
1298881108 -8.67388 41.1544
1298881109 -8.67387 41.1544
1298881110 -8.67386 41.1544
1298881111 -8.67386 41.1544
1298881112 -8.67385 41.1545
1298881113 -8.67384 41.1545
1298881114 -8.67382 41.1545
1298881115 -8.6738 41.1545
1298881116 -8.67379 41.1545
1298881117 -8.67376 41.1546
1298881118 -8.67372 41.1546
1298881119 -8.6737 41.1546
1298881120 -8.67366 41.1546
1298881121 -8.67362 41.1546
1298881122 -8.67358 41.1547
1298881123 -8.67354 41.1547
1298881124 -8.67351 41.1547
1298881125 -8.67348 41.1547
1298881126 -8.67346 41.1547
1298881127 -8.67344 41.1547
1298881128 -8.67342 41.1548
1298881129 -8.67338 41.1548
1298881130 -8.67334 41.1548
1298881131 -8.67331 41.1548
1298881132 -8.67326 41.1548
1298881133 -8.67321 41.1548
1298881134 -8.67315 41.1549
1298881135 -8.67308 41.1549
1298881136 -8.673 41.1548
1298881137 -8.67293 41.1548
1298881138 -8.67284 41.1548
1298881139 -8.67275 41.1548
1298881140 -8.67266 41.1548
1298881141 -8.67257 41.1548
1298881142 -8.67247 41.1548
1298881143 -8.67239 41.1548
1298881144 -8.67231 41.1549
1298881145 -8.67225 41.1549
1298881146 -8.67218 41.155
1298881147 -8.67214 41.155
1298881148 -8.67211 41.1551
1298881149 -8.67208 41.1551
1298881150 -8.67206 41.1552
1298881151 -8.67202 41.1553
1298881152 -8.67199 41.1553
1298881153 -8.67193 41.1554
1298881154 -8.67186 41.1554
1298881155 -8.67178 41.1555
1298881156 -8.67169 41.1555
1298881157 -8.67159 41.1555
1298881158 -8.67149 41.1556
1298881159 -8.6714 41.1556
1298881160 -8.6713 41.1556
1298881161 -8.67121 41.1557
1298881162 -8.67111 41.1557
1298881163 -8.67102 41.1557
1298881164 -8.67092 41.1558
1298881165 -8.67082 41.1558
1298881166 -8.67072 41.1559
1298881167 -8.67061 41.1559
1298881168 -8.6705 41.1559
1298881169 -8.6704 41.156
1298881170 -8.67029 41.156
1298881171 -8.67019 41.1561
1298881172 -8.67007 41.1561
1298881173 -8.66996 41.1562
1298881174 -8.66985 41.1562
1298881175 -8.66974 41.1562
1298881176 -8.66963 41.1563
1298881177 -8.66952 41.1563
1298881178 -8.6694 41.1564
1298881179 -8.66929 41.1564
1298881180 -8.66917 41.1565
1298881181 -8.66906 41.1565
1298881182 -8.66894 41.1566
1298881183 -8.66884 41.1566
1298881184 -8.66871 41.1566
1298881185 -8.66859 41.1567
1298881186 -8.66847 41.1567
1298881187 -8.66835 41.1568
1298881188 -8.66822 41.1568
1298881189 -8.6681 41.1569
1298881190 -8.66798 41.1569
1298881191 -8.66785 41.157
1298881192 -8.66773 41.157
1298881193 -8.6676 41.1571
1298881194 -8.66749 41.1571
1298881195 -8.66737 41.1572
1298881196 -8.66726 41.1572
1298881197 -8.66715 41.1573
1298881198 -8.66704 41.1573
1298881199 -8.66694 41.1574
1298881200 -8.66683 41.1574
