:break:
1298881011 -8.61584 41.1405
1298881012 -8.61584 41.1405
1298881013 -8.61584 41.1405
1298881014 -8.61584 41.1405
1298881015 -8.61584 41.1405
1298881016 -8.61584 41.1405
1298881017 -8.61583 41.1405
1298881018 -8.61582 41.1405
1298881019 -8.61583 41.1405
1298881020 -8.61584 41.1405
1298881021 -8.61584 41.1405
1298881022 -8.61584 41.1405
1298881023 -8.6158 41.1405
1298881024 -8.61573 41.1406
1298881025 -8.61572 41.1406
1298881026 -8.61571 41.1406
1298881027 -8.61571 41.1406
1298881028 -8.6157 41.1406
1298881029 -8.6157 41.1406
1298881030 -8.61571 41.1406
1298881031 -8.61571 41.1406
1298881032 -8.61572 41.1406
1298881033 -8.61573 41.1406
1298881034 -8.61572 41.1406
1298881035 -8.61572 41.1406
1298881036 -8.61572 41.1406
1298881037 -8.61573 41.1406
1298881038 -8.61573 41.1406
1298881039 -8.61573 41.1406
1298881040 -8.61573 41.1406
1298881041 -8.61573 41.1406
1298881042 -8.61575 41.1406
1298881043 -8.61575 41.1406
1298881044 -8.61575 41.1406
1298881045 -8.61576 41.1406
1298881046 -8.61577 41.1406
1298881047 -8.61578 41.1406
1298881048 -8.61578 41.1406
1298881049 -8.61579 41.1406
1298881050 -8.61579 41.1406
1298881051 -8.6158 41.1406
1298881052 -8.6158 41.1406
1298881053 -8.6158 41.1406
1298881054 -8.6158 41.1406
1298881055 -8.6158 41.1406
1298881056 -8.6158 41.1406
1298881057 -8.6158 41.1406
1298881058 -8.6158 41.1406
1298881059 -8.6158 41.1406
1298881060 -8.6158 41.1406
1298881061 -8.6158 41.1406
1298881062 -8.6158 41.1406
1298881063 -8.61579 41.1406
1298881064 -8.61579 41.1406
1298881065 -8.61579 41.1406
1298881066 -8.61579 41.1406
1298881067 -8.61578 41.1406
1298881068 -8.61578 41.1406
1298881069 -8.61577 41.1406
1298881070 -8.61577 41.1406
1298881071 -8.61576 41.1406
1298881072 -8.61576 41.1406
1298881073 -8.61575 41.1406
1298881074 -8.61575 41.1406
1298881075 -8.61575 41.1406
1298881076 -8.61575 41.1406
1298881077 -8.61575 41.1406
1298881078 -8.61575 41.1406
1298881079 -8.61575 41.1406
1298881080 -8.61575 41.1406
1298881081 -8.61575 41.1406
1298881082 -8.61575 41.1406
1298881083 -8.61575 41.1406
1298881084 -8.61575 41.1406
1298881085 -8.61575 41.1406
1298881086 -8.61576 41.1406
1298881087 -8.61576 41.1406
1298881088 -8.61576 41.1406
1298881089 -8.61576 41.1406
1298881090 -8.61576 41.1406
1298881091 -8.61576 41.1406
1298881092 -8.61577 41.1406
1298881093 -8.61577 41.1406
1298881094 -8.61577 41.1406
1298881095 -8.61577 41.1406
1298881096 -8.61577 41.1406
1298881097 -8.61576 41.1406
1298881098 -8.61576 41.1406
1298881099 -8.61576 41.1406
1298881100 -8.61576 41.1406
1298881101 -8.61576 41.1406
1298881102 -8.61576 41.1406
1298881103 -8.61576 41.1406
1298881104 -8.61576 41.1406
1298881105 -8.61576 41.1406
1298881106 -8.61576 41.1406
1298881107 -8.61576 41.1406
1298881108 -8.61576 41.1406
1298881109 -8.61576 41.1406
1298881110 -8.61577 41.1406
1298881111 -8.61577 41.1406
1298881112 -8.61577 41.1406
1298881113 -8.61577 41.1406
1298881114 -8.61578 41.1406
1298881115 -8.61578 41.1406
1298881116 -8.61578 41.1406
1298881117 -8.61578 41.1406
1298881118 -8.61578 41.1406
1298881119 -8.61578 41.1406
1298881120 -8.61578 41.1406
1298881121 -8.61578 41.1406
1298881122 -8.61578 41.1406
1298881123 -8.61577 41.1406
1298881124 -8.61577 41.1406
1298881125 -8.61577 41.1406
1298881126 -8.61578 41.1406
1298881127 -8.61578 41.1406
1298881128 -8.61578 41.1406
1298881129 -8.61578 41.1406
1298881130 -8.61577 41.1406
1298881131 -8.61577 41.1406
1298881132 -8.61577 41.1406
1298881133 -8.61577 41.1406
1298881134 -8.61577 41.1406
1298881135 -8.61577 41.1406
1298881136 -8.61577 41.1406
1298881137 -8.61577 41.1406
1298881138 -8.61578 41.1406
1298881139 -8.61578 41.1406
1298881140 -8.61579 41.1406
1298881141 -8.61579 41.1406
1298881142 -8.6158 41.1406
1298881143 -8.6158 41.1406
1298881144 -8.6158 41.1406
1298881145 -8.6158 41.1406
1298881146 -8.6158 41.1406
1298881147 -8.6158 41.1406
1298881148 -8.6158 41.1406
1298881149 -8.6158 41.1406
1298881150 -8.61581 41.1406
1298881151 -8.61581 41.1406
1298881152 -8.61581 41.1406
1298881153 -8.61581 41.1406
1298881154 -8.61581 41.1406
1298881155 -8.61581 41.1406
1298881156 -8.61581 41.1406
1298881157 -8.61582 41.1406
1298881158 -8.61582 41.1406
1298881159 -8.61582 41.1406
1298881160 -8.61581 41.1406
1298881161 -8.61581 41.1406
1298881162 -8.61581 41.1406
1298881163 -8.61581 41.1406
1298881164 -8.61581 41.1406
1298881165 -8.61581 41.1406
1298881166 -8.61581 41.1406
1298881167 -8.61581 41.1406
1298881168 -8.61581 41.1406
1298881169 -8.61581 41.1406
1298881170 -8.61581 41.1406
1298881171 -8.61581 41.1406
1298881172 -8.61581 41.1406
1298881173 -8.61581 41.1406
1298881174 -8.61581 41.1406
1298881175 -8.61581 41.1406
1298881176 -8.6158 41.1406
1298881177 -8.6158 41.1406
1298881178 -8.6158 41.1406
1298881179 -8.61579 41.1406
1298881180 -8.61579 41.1406
1298881181 -8.61579 41.1406
1298881182 -8.61579 41.1406
1298881183 -8.61579 41.1406
1298881184 -8.61579 41.1406
1298881185 -8.61579 41.1406
1298881186 -8.61579 41.1406
1298881187 -8.61579 41.1406
1298881188 -8.61579 41.1406
1298881189 -8.61579 41.1406
1298881190 -8.61579 41.1406
1298881191 -8.61579 41.1406
1298881192 -8.61579 41.1406
1298881193 -8.61579 41.1406
1298881194 -8.61579 41.1406
1298881195 -8.61579 41.1406
1298881196 -8.61579 41.1406
1298881197 -8.61579 41.1406
1298881198 -8.61579 41.1406
1298881199 -8.61578 41.1406
1298881200 -8.61578 41.1406
