:break:
1298880042 -8.60645 41.1447
1298880043 -8.60645 41.1447
1298880044 -8.60645 41.1447
1298880045 -8.60646 41.1447
1298880046 -8.60646 41.1447
1298880047 -8.60646 41.1447
1298880048 -8.60646 41.1447
1298880049 -8.60645 41.1447
1298880050 -8.60644 41.1447
1298880051 -8.60644 41.1447
1298880052 -8.60643 41.1447
1298880053 -8.60643 41.1447
1298880054 -8.60642 41.1447
1298880055 -8.60642 41.1447
1298880056 -8.60642 41.1447
1298880057 -8.60642 41.1447
1298880058 -8.60642 41.1447
1298880059 -8.60642 41.1447
1298880060 -8.60643 41.1447
1298880061 -8.60643 41.1447
1298880062 -8.60643 41.1447
1298880063 -8.60643 41.1447
1298880064 -8.60643 41.1447
1298880065 -8.60644 41.1447
1298880066 -8.60645 41.1447
1298880067 -8.60645 41.1447
1298880068 -8.60645 41.1447
1298880069 -8.60647 41.1447
1298880070 -8.60647 41.1447
1298880071 -8.60647 41.1447
1298880072 -8.60647 41.1447
1298880073 -8.60647 41.1447
1298880074 -8.60648 41.1447
1298880075 -8.60651 41.1447
1298880076 -8.60655 41.1447
1298880077 -8.6066 41.1447
1298880078 -8.60665 41.1447
1298880079 -8.60667 41.1447
1298880080 -8.60668 41.1448
1298880081 -8.60668 41.1448
1298880082 -8.60667 41.1448
1298880083 -8.60666 41.1448
1298880084 -8.60665 41.1448
1298880085 -8.60665 41.1448
1298880086 -8.60665 41.1448
1298880087 -8.60664 41.1448
1298880088 -8.60663 41.1448
1298880089 -8.60663 41.1448
1298880090 -8.60662 41.1448
1298880091 -8.60662 41.1448
1298880092 -8.60662 41.1448
1298880093 -8.60661 41.1448
1298880094 -8.60661 41.1448
1298880095 -8.60661 41.1448
1298880096 -8.60661 41.1448
1298880097 -8.60662 41.1448
1298880098 -8.60662 41.1448
1298880099 -8.60662 41.1448
1298880100 -8.60663 41.1448
1298880101 -8.60664 41.1448
1298880102 -8.60665 41.1448
1298880103 -8.60665 41.1447
1298880104 -8.60665 41.1447
1298880105 -8.60666 41.1447
1298880106 -8.60666 41.1447
1298880107 -8.60667 41.1447
1298880108 -8.60667 41.1447
1298880109 -8.60668 41.1447
1298880110 -8.60668 41.1447
1298880111 -8.60668 41.1447
1298880112 -8.60669 41.1448
1298880113 -8.6067 41.1448
1298880114 -8.60671 41.1448
1298880115 -8.60671 41.1448
1298880116 -8.60672 41.1448
1298880117 -8.60672 41.1448
1298880118 -8.60672 41.1448
1298880119 -8.60673 41.1448
1298880120 -8.60675 41.1448
1298880121 -8.60677 41.1448
1298880122 -8.60679 41.1448
1298880123 -8.60683 41.1448
1298880124 -8.60685 41.1448
1298880125 -8.60689 41.1448
1298880126 -8.60692 41.1448
1298880127 -8.60694 41.1448
1298880128 -8.60696 41.1448
1298880129 -8.60699 41.1449
1298880130 -8.60702 41.1449
1298880131 -8.60704 41.1449
1298880132 -8.60706 41.1449
1298880133 -8.60709 41.145
1298880134 -8.60711 41.145
1298880135 -8.60712 41.145
1298880136 -8.60715 41.1451
1298880137 -8.60717 41.1451
1298880138 -8.60718 41.1451
1298880139 -8.60719 41.1451
1298880140 -8.6072 41.1452
1298880141 -8.6072 41.1452
1298880142 -8.60722 41.1452
1298880143 -8.60723 41.1452
1298880144 -8.60725 41.1453
1298880145 -8.60727 41.1453
1298880146 -8.60729 41.1453
1298880147 -8.6073 41.1454
1298880148 -8.60732 41.1454
1298880149 -8.60734 41.1454
1298880150 -8.60736 41.1455
1298880151 -8.60736 41.1455
1298880152 -8.60735 41.1456
1298880153 -8.60732 41.1456
1298880154 -8.60729 41.1457
1298880155 -8.60727 41.1457
1298880156 -8.60724 41.1457
1298880157 -8.6072 41.1458
1298880158 -8.60717 41.1458
1298880159 -8.60714 41.1459
1298880160 -8.60711 41.1459
1298880161 -8.6071 41.1459
1298880162 -8.60707 41.146
1298880163 -8.60705 41.146
1298880164 -8.60705 41.1461
1298880165 -8.60703 41.1461
1298880166 -8.60702 41.1462
1298880167 -8.607 41.1462
1298880168 -8.60699 41.1463
1298880169 -8.60696 41.1463
1298880170 -8.60694 41.1464
1298880171 -8.60693 41.1464
1298880172 -8.60693 41.1464
1298880173 -8.60693 41.1464
1298880174 -8.60694 41.1465
1298880175 -8.60695 41.1465
1298880176 -8.60696 41.1465
1298880177 -8.60697 41.1465
1298880178 -8.60698 41.1464
1298880179 -8.60699 41.1464
1298880180 -8.607 41.1464
1298880181 -8.60702 41.1464
1298880182 -8.60702 41.1464
1298880183 -8.60702 41.1464
1298880184 -8.60702 41.1464
1298880185 -8.60702 41.1464
1298880186 -8.60702 41.1464
1298880187 -8.60702 41.1464
1298880188 -8.60702 41.1464
1298880189 -8.60702 41.1464
1298880190 -8.60701 41.1464
1298880191 -8.60698 41.1464
1298880192 -8.60696 41.1464
1298880193 -8.60693 41.1465
1298880194 -8.60691 41.1465
1298880195 -8.60689 41.1466
1298880196 -8.60686 41.1466
1298880197 -8.60685 41.1466
1298880198 -8.60683 41.1467
1298880199 -8.60681 41.1467
1298880200 -8.60679 41.1467
1298880201 -8.60679 41.1467
1298880202 -8.60681 41.1468
1298880203 -8.60683 41.1468
1298880204 -8.60689 41.1468
1298880205 -8.60695 41.1469
1298880206 -8.60698 41.1469
1298880207 -8.60702 41.1469
1298880208 -8.60707 41.147
1298880209 -8.60714 41.147
1298880210 -8.60723 41.147
1298880211 -8.60732 41.1471
1298880212 -8.6074 41.1471
1298880213 -8.60749 41.1471
1298880214 -8.60757 41.1472
1298880215 -8.60764 41.1472
1298880216 -8.60771 41.1472
1298880217 -8.60776 41.1472
1298880218 -8.60783 41.1472
1298880219 -8.60786 41.1473
1298880220 -8.6079 41.1473
1298880221 -8.60793 41.1473
1298880222 -8.60798 41.1473
1298880223 -8.60801 41.1473
1298880224 -8.60804 41.1473
1298880225 -8.60808 41.1473
1298880226 -8.60812 41.1473
1298880227 -8.60817 41.1473
1298880228 -8.60821 41.1473
1298880229 -8.60828 41.1473
1298880230 -8.60834 41.1474
1298880231 -8.60839 41.1474
1298880232 -8.60847 41.1475
1298880233 -8.60858 41.1475
1298880234 -8.60869 41.1475
1298880235 -8.6088 41.1475
1298880236 -8.60891 41.1476
1298880237 -8.60904 41.1476
1298880238 -8.60918 41.1476
1298880239 -8.60929 41.1477
1298880240 -8.60943 41.1477
1298880241 -8.60955 41.1477
1298880242 -8.60968 41.1478
1298880243 -8.60979 41.1478
1298880244 -8.60989 41.1478
1298880245 -8.60998 41.1479
1298880246 -8.61008 41.1479
1298880247 -8.61017 41.1479
1298880248 -8.61025 41.1479
1298880249 -8.61034 41.1479
1298880250 -8.61044 41.148
1298880251 -8.61053 41.148
1298880252 -8.61062 41.148
1298880253 -8.61072 41.148
1298880254 -8.61062 41.1481
1298880255 -8.6106 41.1482
1298880256 -8.61062 41.1483
1298880257 -8.61066 41.1483
1298880258 -8.6107 41.1483
1298880259 -8.61071 41.1483
1298880260 -8.61073 41.1484
1298880261 -8.61073 41.1485
1298880262 -8.61074 41.1485
1298880263 -8.61074 41.1485
1298880264 -8.61073 41.1486
1298880265 -8.61071 41.1487
1298880266 -8.6107 41.1487
1298880267 -8.61068 41.1488
1298880268 -8.61066 41.1488
1298880269 -8.61064 41.1488
1298880270 -8.61062 41.1489
1298880271 -8.61062 41.1489
1298880272 -8.61061 41.1489
1298880273 -8.61061 41.149
1298880274 -8.6106 41.149
1298880275 -8.6106 41.149
1298880276 -8.6106 41.149
1298880277 -8.6106 41.149
1298880278 -8.6106 41.149
1298880279 -8.6106 41.149
1298880280 -8.6106 41.149
1298880281 -8.6106 41.149
1298880282 -8.6106 41.149
1298880283 -8.61059 41.149
1298880284 -8.61058 41.149
1298880285 -8.61057 41.149
1298880286 -8.61055 41.1491
1298880287 -8.61053 41.1491
1298880288 -8.61052 41.1491
1298880289 -8.6105 41.1492
1298880290 -8.61047 41.1492
1298880291 -8.61044 41.1493
1298880292 -8.61042 41.1494
1298880293 -8.61038 41.1494
1298880294 -8.61035 41.1495
1298880295 -8.61031 41.1496
:break:
1298880299 -8.61034 41.1501
1298880300 -8.61034 41.1502
1298880301 -8.61029 41.1503
1298880302 -8.61027 41.1504
1298880303 -8.6103 41.1504
1298880304 -8.61029 41.1505
1298880305 -8.61026 41.1505
1298880306 -8.61025 41.1505
1298880307 -8.61021 41.1506
1298880308 -8.61018 41.1506
1298880309 -8.61013 41.1507
1298880310 -8.61008 41.1507
1298880311 -8.61003 41.1508
1298880312 -8.60998 41.1508
1298880313 -8.60995 41.1509
1298880314 -8.60992 41.1509
1298880315 -8.60989 41.151
1298880316 -8.60987 41.151
1298880317 -8.60985 41.151
1298880318 -8.60982 41.1511
1298880319 -8.6098 41.1511
1298880320 -8.60977 41.1511
1298880321 -8.60974 41.1511
1298880322 -8.60971 41.1512
1298880323 -8.60969 41.1512
1298880324 -8.60967 41.1512
1298880325 -8.60965 41.1512
1298880326 -8.60963 41.1512
1298880327 -8.60961 41.1512
1298880328 -8.60958 41.1513
1298880329 -8.60955 41.1513
1298880330 -8.60953 41.1513
1298880331 -8.6095 41.1514
1298880332 -8.60947 41.1514
1298880333 -8.60945 41.1515
1298880334 -8.60945 41.1515
1298880335 -8.60945 41.1515
1298880336 -8.60949 41.1516
1298880337 -8.60954 41.1516
1298880338 -8.60959 41.1517
1298880339 -8.60964 41.1517
1298880340 -8.60971 41.1518
1298880341 -8.60979 41.1519
1298880342 -8.60986 41.1519
1298880343 -8.6099 41.152
1298880344 -8.60993 41.1521
1298880345 -8.60994 41.1522
1298880346 -8.60995 41.1523
1298880347 -8.60993 41.1525
1298880348 -8.60992 41.1526
1298880349 -8.60993 41.1528
1298880350 -8.60993 41.1529
1298880351 -8.60994 41.153
1298880352 -8.60994 41.1532
1298880353 -8.60994 41.1533
1298880354 -8.60995 41.1534
1298880355 -8.60997 41.1536
1298880356 -8.60998 41.1537
1298880357 -8.60999 41.1538
1298880358 -8.61001 41.1539
1298880359 -8.61 41.154
1298880360 -8.60995 41.1541
1298880361 -8.60989 41.1541
1298880362 -8.6098 41.1542
1298880363 -8.60971 41.1543
1298880364 -8.60964 41.1545
1298880365 -8.60956 41.1546
1298880366 -8.60949 41.1547
1298880367 -8.60944 41.1548
1298880368 -8.60941 41.1549
1298880369 -8.60936 41.1551
1298880370 -8.60936 41.1552
1298880371 -8.60935 41.1554
1298880372 -8.60935 41.1555
1298880373 -8.60934 41.1557
1298880374 -8.60933 41.1558
1298880375 -8.60933 41.156
1298880376 -8.60932 41.1562
1298880377 -8.60931 41.1563
1298880378 -8.6093 41.1565
1298880379 -8.60929 41.1566
1298880380 -8.60929 41.1567
1298880381 -8.60928 41.1568
1298880382 -8.60929 41.1568
1298880383 -8.6093 41.1568
1298880384 -8.60931 41.1569
1298880385 -8.60932 41.1569
1298880386 -8.60931 41.1569
1298880387 -8.60931 41.1569
1298880388 -8.6093 41.1569
1298880389 -8.6093 41.1569
1298880390 -8.6093 41.1569
1298880391 -8.6093 41.1569
1298880392 -8.6093 41.1569
1298880393 -8.6093 41.157
1298880394 -8.60929 41.157
1298880395 -8.60928 41.157
1298880396 -8.60927 41.1571
1298880397 -8.60927 41.1571
1298880398 -8.60926 41.1571
1298880399 -8.60924 41.1572
1298880400 -8.60922 41.1573
1298880401 -8.60919 41.1573
1298880402 -8.60916 41.1574
1298880403 -8.60911 41.1575
1298880404 -8.60905 41.1576
1298880405 -8.609 41.1577
1298880406 -8.60896 41.1578
1298880407 -8.6089 41.1579
1298880408 -8.60881 41.158
1298880409 -8.60875 41.1581
1298880410 -8.6087 41.1582
1298880411 -8.60863 41.1583
1298880412 -8.60856 41.1584
1298880413 -8.60851 41.1584
1298880414 -8.60846 41.1585
1298880415 -8.60842 41.1586
1298880416 -8.60837 41.1587
1298880417 -8.60833 41.1588
1298880418 -8.60828 41.159
1298880419 -8.60823 41.1591
1298880420 -8.60816 41.1592
1298880421 -8.60808 41.1593
1298880422 -8.60799 41.1595
1298880423 -8.6079 41.1596
1298880424 -8.60781 41.1598
1298880425 -8.60773 41.1599
1298880426 -8.60767 41.1601
1298880427 -8.6076 41.1602
1298880428 -8.60754 41.1604
1298880429 -8.60747 41.1606
1298880430 -8.6074 41.1608
1298880431 -8.60733 41.1609
:break:
1298880449 -8.60668 41.1632
1298880450 -8.60665 41.1634
1298880451 -8.6066 41.1635
1298880452 -8.60656 41.1636
1298880453 -8.60655 41.1637
1298880454 -8.60645 41.1639
1298880455 -8.60638 41.164
1298880456 -8.60634 41.1641
1298880457 -8.60631 41.1643
1298880458 -8.60627 41.1644
1298880459 -8.60627 41.1645
1298880460 -8.60629 41.1646
1298880461 -8.60628 41.1647
1298880462 -8.60627 41.1648
1298880463 -8.60628 41.1649
1298880464 -8.60629 41.165
1298880465 -8.60629 41.1651
1298880466 -8.60629 41.1652
1298880467 -8.6063 41.1654
1298880468 -8.60632 41.1655
1298880469 -8.60633 41.1656
1298880470 -8.60635 41.1657
1298880471 -8.60637 41.1659
1298880472 -8.60638 41.166
1298880473 -8.6064 41.1661
1298880474 -8.60642 41.1663
1298880475 -8.60643 41.1664
1298880476 -8.60644 41.1665
1298880477 -8.60645 41.1666
1298880478 -8.60646 41.1667
1298880479 -8.60646 41.1669
1298880480 -8.60647 41.167
1298880481 -8.60647 41.1671
1298880482 -8.60647 41.1672
1298880483 -8.60646 41.1673
1298880484 -8.60646 41.1675
1298880485 -8.60645 41.1676
1298880486 -8.60642 41.1678
1298880487 -8.60642 41.168
1298880488 -8.60642 41.1681
1298880489 -8.60643 41.1683
1298880490 -8.60643 41.1684
1298880491 -8.60643 41.1685
1298880492 -8.60643 41.1687
1298880493 -8.60643 41.1688
1298880494 -8.60641 41.1689
1298880495 -8.60638 41.1691
1298880496 -8.60632 41.1692
1298880497 -8.60625 41.1692
1298880498 -8.60615 41.1693
1298880499 -8.60607 41.1694
1298880500 -8.60598 41.1695
1298880501 -8.6059 41.1696
1298880502 -8.60581 41.1697
1298880503 -8.60572 41.1698
1298880504 -8.60562 41.17
1298880505 -8.60553 41.1701
1298880506 -8.60543 41.1702
1298880507 -8.60535 41.1703
1298880508 -8.60527 41.1704
1298880509 -8.60521 41.1705
1298880510 -8.60514 41.1705
1298880511 -8.60509 41.1706
1298880512 -8.60503 41.1707
1298880513 -8.60497 41.1708
1298880514 -8.60492 41.1708
1298880515 -8.60486 41.1709
1298880516 -8.60481 41.171
1298880517 -8.60475 41.171
1298880518 -8.60469 41.1711
1298880519 -8.60464 41.1712
1298880520 -8.60459 41.1712
1298880521 -8.60454 41.1713
1298880522 -8.6045 41.1713
1298880523 -8.60446 41.1714
1298880524 -8.60441 41.1714
1298880525 -8.60438 41.1715
1298880526 -8.60434 41.1715
1298880527 -8.60431 41.1716
1298880528 -8.60429 41.1716
1298880529 -8.60428 41.1716
1298880530 -8.60427 41.1716
1298880531 -8.60427 41.1716
1298880532 -8.60427 41.1716
1298880533 -8.60427 41.1716
1298880534 -8.60427 41.1716
1298880535 -8.60426 41.1717
1298880536 -8.60426 41.1717
1298880537 -8.60425 41.1717
1298880538 -8.60424 41.1717
1298880539 -8.60422 41.1717
1298880540 -8.60422 41.1717
1298880541 -8.60422 41.1717
1298880542 -8.60421 41.1717
1298880543 -8.60421 41.1717
1298880544 -8.6042 41.1717
1298880545 -8.6042 41.1718
1298880546 -8.6042 41.1718
1298880547 -8.6042 41.1718
1298880548 -8.6042 41.1718
1298880549 -8.6042 41.1718
1298880550 -8.6042 41.1718
1298880551 -8.6042 41.1718
1298880552 -8.6042 41.1718
1298880553 -8.6042 41.1718
1298880554 -8.6042 41.1718
1298880555 -8.6042 41.1718
1298880556 -8.6042 41.1718
1298880557 -8.6042 41.1718
1298880558 -8.6042 41.1718
1298880559 -8.6042 41.1718
1298880560 -8.6042 41.1718
1298880561 -8.6042 41.1718
1298880562 -8.6042 41.1718
1298880563 -8.60419 41.1718
1298880564 -8.60419 41.1718
1298880565 -8.60419 41.1718
1298880566 -8.60419 41.1718
1298880567 -8.60419 41.1718
1298880568 -8.60418 41.1718
1298880569 -8.60418 41.1718
1298880570 -8.60418 41.1718
1298880571 -8.60418 41.1718
1298880572 -8.60418 41.1718
1298880573 -8.60418 41.1718
1298880574 -8.60418 41.1718
1298880575 -8.60418 41.1718
1298880576 -8.60418 41.1718
1298880577 -8.60417 41.1718
1298880578 -8.60417 41.1718
1298880579 -8.60416 41.1718
1298880580 -8.60416 41.1718
1298880581 -8.60415 41.1718
1298880582 -8.60414 41.1719
1298880583 -8.60414 41.1719
1298880584 -8.60413 41.1719
1298880585 -8.60413 41.1719
1298880586 -8.60413 41.1719
1298880587 -8.60413 41.172
1298880588 -8.60412 41.172
1298880589 -8.60412 41.172
1298880590 -8.60412 41.1721
1298880591 -8.60412 41.1721
1298880592 -8.60412 41.1722
1298880593 -8.60413 41.1722
1298880594 -8.60414 41.1723
1298880595 -8.60416 41.1723
1298880596 -8.60419 41.1724
1298880597 -8.60421 41.1724
1298880598 -8.60423 41.1725
1298880599 -8.60425 41.1725
1298880600 -8.60426 41.1725
1298880601 -8.60428 41.1725
1298880602 -8.6043 41.1725
1298880603 -8.60431 41.1726
1298880604 -8.60433 41.1726
1298880605 -8.60434 41.1726
1298880606 -8.60435 41.1726
1298880607 -8.60435 41.1726
1298880608 -8.60435 41.1726
1298880609 -8.60435 41.1726
1298880610 -8.60435 41.1726
1298880611 -8.60435 41.1726
1298880612 -8.60435 41.1726
1298880613 -8.60434 41.1726
1298880614 -8.60434 41.1726
1298880615 -8.60434 41.1726
1298880616 -8.60434 41.1726
1298880617 -8.60434 41.1726
1298880618 -8.60434 41.1726
1298880619 -8.60434 41.1726
1298880620 -8.60434 41.1726
1298880621 -8.60434 41.1726
1298880622 -8.60434 41.1726
1298880623 -8.60434 41.1726
1298880624 -8.60434 41.1726
1298880625 -8.60434 41.1726
1298880626 -8.60434 41.1726
1298880627 -8.60434 41.1726
1298880628 -8.60434 41.1726
1298880629 -8.60433 41.1726
1298880630 -8.60434 41.1726
1298880631 -8.60434 41.1726
1298880632 -8.60434 41.1726
1298880633 -8.60434 41.1726
1298880634 -8.60434 41.1726
1298880635 -8.60434 41.1726
1298880636 -8.60434 41.1726
1298880637 -8.60434 41.1726
1298880638 -8.60434 41.1726
1298880639 -8.60434 41.1726
1298880640 -8.60434 41.1726
1298880641 -8.60434 41.1726
1298880642 -8.60434 41.1726
1298880643 -8.60434 41.1726
1298880644 -8.60434 41.1726
1298880645 -8.60435 41.1726
1298880646 -8.60435 41.1726
1298880647 -8.60435 41.1726
1298880648 -8.60435 41.1726
1298880649 -8.60435 41.1726
1298880650 -8.60435 41.1726
1298880651 -8.60435 41.1726
1298880652 -8.60435 41.1726
1298880653 -8.60436 41.1726
1298880654 -8.60436 41.1726
1298880655 -8.60436 41.1726
1298880656 -8.60436 41.1726
1298880657 -8.60436 41.1726
1298880658 -8.60436 41.1726
1298880659 -8.60436 41.1726
1298880660 -8.60436 41.1726
1298880661 -8.60436 41.1726
1298880662 -8.60436 41.1726
1298880663 -8.60436 41.1726
1298880664 -8.60436 41.1726
1298880665 -8.60436 41.1726
1298880666 -8.60436 41.1726
1298880667 -8.60436 41.1726
1298880668 -8.60436 41.1726
1298880669 -8.60436 41.1726
1298880670 -8.60436 41.1726
1298880671 -8.60436 41.1726
1298880672 -8.60436 41.1726
1298880673 -8.60436 41.1726
1298880674 -8.60437 41.1726
1298880675 -8.60438 41.1726
1298880676 -8.6044 41.1726
1298880677 -8.60443 41.1727
1298880678 -8.60447 41.1727
1298880679 -8.60451 41.1727
1298880680 -8.60457 41.1728
1298880681 -8.6046 41.1728
1298880682 -8.60466 41.1728
1298880683 -8.6047 41.1728
1298880684 -8.60476 41.1729
1298880685 -8.60483 41.1729
1298880686 -8.60492 41.1729
1298880687 -8.60502 41.1729
1298880688 -8.60512 41.173
1298880689 -8.60519 41.173
1298880690 -8.60524 41.173
1298880691 -8.60527 41.173
1298880692 -8.6053 41.173
1298880693 -8.60531 41.173
1298880694 -8.60532 41.173
1298880695 -8.60533 41.173
1298880696 -8.60533 41.173
1298880697 -8.60533 41.173
1298880698 -8.60534 41.173
1298880699 -8.60535 41.173
1298880700 -8.60535 41.173
1298880701 -8.60535 41.173
1298880702 -8.60535 41.173
1298880703 -8.60536 41.173
1298880704 -8.60536 41.173
1298880705 -8.60536 41.173
1298880706 -8.60536 41.173
1298880707 -8.60536 41.173
1298880708 -8.60536 41.173
1298880709 -8.60536 41.173
1298880710 -8.60536 41.173
1298880711 -8.60536 41.173
1298880712 -8.60536 41.173
1298880713 -8.60536 41.173
1298880714 -8.60536 41.173
1298880715 -8.60536 41.173
1298880716 -8.60536 41.173
1298880717 -8.60536 41.173
1298880718 -8.60536 41.173
1298880719 -8.60536 41.173
1298880720 -8.60536 41.173
1298880721 -8.60536 41.173
1298880722 -8.60536 41.173
1298880723 -8.60536 41.173
1298880724 -8.60536 41.173
1298880725 -8.60536 41.173
1298880726 -8.60536 41.173
1298880727 -8.60536 41.173
1298880728 -8.60536 41.173
1298880729 -8.60536 41.173
1298880730 -8.60536 41.173
1298880731 -8.60536 41.173
1298880732 -8.60536 41.173
1298880733 -8.60536 41.173
1298880734 -8.60536 41.173
1298880735 -8.60536 41.173
1298880736 -8.60536 41.173
1298880737 -8.60536 41.173
1298880738 -8.60536 41.173
1298880739 -8.60536 41.173
1298880740 -8.60536 41.173
1298880741 -8.60536 41.173
1298880742 -8.60536 41.173
1298880743 -8.60536 41.173
1298880744 -8.60536 41.173
1298880745 -8.60536 41.173
1298880746 -8.60536 41.173
1298880747 -8.60536 41.173
1298880748 -8.60535 41.1731
1298880749 -8.60536 41.1731
1298880750 -8.60536 41.1731
1298880751 -8.60536 41.1731
1298880752 -8.60536 41.1731
1298880753 -8.60536 41.1731
1298880754 -8.60536 41.173
1298880755 -8.60536 41.1731
1298880756 -8.60536 41.1731
1298880757 -8.60536 41.1731
1298880758 -8.60538 41.1731
1298880759 -8.60539 41.1731
1298880760 -8.60543 41.1731
1298880761 -8.60548 41.1731
1298880762 -8.60551 41.1731
1298880763 -8.60554 41.1732
1298880764 -8.60557 41.1732
1298880765 -8.60559 41.1733
1298880766 -8.60562 41.1733
1298880767 -8.60564 41.1734
1298880768 -8.60566 41.1734
1298880769 -8.60567 41.1735
1298880770 -8.60568 41.1735
1298880771 -8.60568 41.1735
1298880772 -8.60567 41.1736
1298880773 -8.60564 41.1736
1298880774 -8.60557 41.1736
1298880775 -8.60549 41.1737
1298880776 -8.60539 41.1737
1298880777 -8.6053 41.1737
1298880778 -8.60518 41.1737
1298880779 -8.60507 41.1737
1298880780 -8.60495 41.1737
1298880781 -8.60484 41.1737
1298880782 -8.60471 41.1737
1298880783 -8.60459 41.1737
1298880784 -8.60447 41.1737
1298880785 -8.60433 41.1737
1298880786 -8.60419 41.1737
1298880787 -8.60404 41.1737
1298880788 -8.60389 41.1737
1298880789 -8.60374 41.1737
1298880790 -8.6036 41.1737
1298880791 -8.60344 41.1737
1298880792 -8.60329 41.1737
1298880793 -8.60313 41.1737
1298880794 -8.60297 41.1737
1298880795 -8.6028 41.1737
1298880796 -8.60264 41.1737
1298880797 -8.60248 41.1737
1298880798 -8.60231 41.1737
1298880799 -8.60214 41.1737
1298880800 -8.60196 41.1738
1298880801 -8.60178 41.1738
1298880802 -8.6016 41.1738
1298880803 -8.60143 41.1738
1298880804 -8.60126 41.1738
1298880805 -8.60112 41.1738
1298880806 -8.60099 41.1738
1298880807 -8.60088 41.1739
1298880808 -8.6008 41.1739
1298880809 -8.60072 41.1739
1298880810 -8.60065 41.174
1298880811 -8.60061 41.174
1298880812 -8.60058 41.174
1298880813 -8.60056 41.1741
1298880814 -8.60054 41.1741
1298880815 -8.60054 41.1741
1298880816 -8.60054 41.1741
1298880817 -8.60054 41.1741
1298880818 -8.60053 41.1741
1298880819 -8.60053 41.1741
1298880820 -8.60053 41.1741
1298880821 -8.60053 41.1741
1298880822 -8.60052 41.1741
1298880823 -8.60052 41.1741
1298880824 -8.60052 41.1741
1298880825 -8.60052 41.1741
1298880826 -8.60052 41.1741
1298880827 -8.60052 41.1741
1298880828 -8.60052 41.1741
1298880829 -8.60051 41.1741
1298880830 -8.60051 41.1741
1298880831 -8.60051 41.1741
1298880832 -8.6005 41.1741
1298880833 -8.6005 41.1741
1298880834 -8.60049 41.1741
1298880835 -8.60049 41.1741
1298880836 -8.60049 41.1741
1298880837 -8.60049 41.1741
1298880838 -8.60049 41.1741
1298880839 -8.60049 41.1741
1298880840 -8.6005 41.1741
1298880841 -8.6005 41.1741
1298880842 -8.6005 41.1741
1298880843 -8.6005 41.1741
1298880844 -8.6005 41.1741
1298880845 -8.6005 41.1741
1298880846 -8.6005 41.1741
1298880847 -8.60051 41.1741
1298880848 -8.60051 41.1741
1298880849 -8.60051 41.1741
1298880850 -8.60051 41.1741
1298880851 -8.60051 41.1741
1298880852 -8.60051 41.1741
1298880853 -8.60051 41.1741
1298880854 -8.60051 41.1741
1298880855 -8.60051 41.1741
1298880856 -8.60051 41.1741
1298880857 -8.60051 41.1741
1298880858 -8.60049 41.1741
1298880859 -8.60047 41.1741
1298880860 -8.60045 41.1741
1298880861 -8.60042 41.1742
1298880862 -8.60037 41.1742
1298880863 -8.60033 41.1742
1298880864 -8.60028 41.1743
1298880865 -8.60022 41.1743
1298880866 -8.60017 41.1744
1298880867 -8.60009 41.1744
1298880868 -8.60001 41.1745
1298880869 -8.59993 41.1745
1298880870 -8.59987 41.1746
1298880871 -8.59982 41.1746
1298880872 -8.5998 41.1747
1298880873 -8.59979 41.1747
1298880874 -8.5998 41.1748
1298880875 -8.59983 41.1749
1298880876 -8.59986 41.1749
1298880877 -8.5999 41.175
1298880878 -8.59994 41.1751
1298880879 -8.59999 41.1752
1298880880 -8.60004 41.1753
1298880881 -8.60008 41.1754
1298880882 -8.60011 41.1754
1298880883 -8.60014 41.1755
1298880884 -8.60016 41.1756
1298880885 -8.60017 41.1757
1298880886 -8.60017 41.1759
1298880887 -8.60015 41.176
1298880888 -8.60013 41.1761
1298880889 -8.60009 41.1762
1298880890 -8.60005 41.1763
1298880891 -8.59999 41.1765
1298880892 -8.59991 41.1766
1298880893 -8.59985 41.1767
1298880894 -8.59978 41.1769
1298880895 -8.59971 41.177
1298880896 -8.59964 41.1772
1298880897 -8.59956 41.1773
1298880898 -8.5995 41.1774
1298880899 -8.59945 41.1776
1298880900 -8.59939 41.1777
1298880901 -8.59935 41.1778
1298880902 -8.5993 41.1779
1298880903 -8.59926 41.1779
1298880904 -8.59922 41.178
1298880905 -8.59919 41.1781
1298880906 -8.59915 41.1782
1298880907 -8.59911 41.1783
1298880908 -8.59909 41.1783
1298880909 -8.59909 41.1784
1298880910 -8.5991 41.1785
1298880911 -8.59914 41.1785
1298880912 -8.59917 41.1785
1298880913 -8.59922 41.1786
1298880914 -8.59929 41.1786
1298880915 -8.59937 41.1786
1298880916 -8.59946 41.1786
1298880917 -8.59956 41.1787
1298880918 -8.59967 41.1787
1298880919 -8.59979 41.1787
1298880920 -8.59992 41.1787
1298880921 -8.60008 41.1788
1298880922 -8.60023 41.1788
1298880923 -8.60037 41.1788
1298880924 -8.60051 41.1789
1298880925 -8.60063 41.1789
1298880926 -8.60074 41.1789
1298880927 -8.60084 41.179
1298880928 -8.60095 41.179
1298880929 -8.60105 41.179
1298880930 -8.60116 41.1791
1298880931 -8.60129 41.1791
1298880932 -8.60144 41.1791
1298880933 -8.60158 41.1792
1298880934 -8.60174 41.1793
1298880935 -8.60191 41.1793
1298880936 -8.60208 41.1794
1298880937 -8.60224 41.1794
1298880938 -8.6024 41.1795
1298880939 -8.60252 41.1795
1298880940 -8.60265 41.1795
1298880941 -8.60277 41.1796
1298880942 -8.60288 41.1796
1298880943 -8.60299 41.1796
1298880944 -8.60309 41.1797
1298880945 -8.60315 41.1797
1298880946 -8.6032 41.1798
1298880947 -8.60325 41.1798
1298880948 -8.60331 41.1798
1298880949 -8.60336 41.1798
1298880950 -8.6034 41.1799
1298880951 -8.60341 41.1799
1298880952 -8.60342 41.1799
1298880953 -8.60342 41.1799
1298880954 -8.60341 41.1799
1298880955 -8.6034 41.18
1298880956 -8.60337 41.18
1298880957 -8.60334 41.18
1298880958 -8.60332 41.1799
1298880959 -8.60328 41.1799
1298880960 -8.60324 41.1799
1298880961 -8.60321 41.1799
1298880962 -8.60317 41.1799
1298880963 -8.60314 41.1799
1298880964 -8.60309 41.1799
1298880965 -8.60304 41.1799
1298880966 -8.60298 41.1798
1298880967 -8.60294 41.1798
1298880968 -8.6029 41.1798
1298880969 -8.60287 41.1798
1298880970 -8.60285 41.1798
1298880971 -8.60284 41.1798
1298880972 -8.60284 41.1799
1298880973 -8.60283 41.1799
1298880974 -8.60283 41.1799
1298880975 -8.60283 41.1799
1298880976 -8.60283 41.1799
1298880977 -8.60282 41.1799
1298880978 -8.60282 41.1799
1298880979 -8.60282 41.1799
1298880980 -8.60282 41.1799
1298880981 -8.60282 41.1799
1298880982 -8.60282 41.1799
1298880983 -8.60281 41.1799
1298880984 -8.60281 41.1799
1298880985 -8.60281 41.1799
1298880986 -8.60281 41.1799
1298880987 -8.60281 41.1799
1298880988 -8.60281 41.1799
1298880989 -8.60281 41.1799
1298880990 -8.6028 41.1799
1298880991 -8.6028 41.1799
1298880992 -8.6028 41.1799
1298880993 -8.6028 41.1799
1298880994 -8.6028 41.1799
1298880995 -8.6028 41.1799
1298880996 -8.6028 41.1799
1298880997 -8.6028 41.1799
1298880998 -8.6028 41.1799
1298880999 -8.6028 41.1799
1298881000 -8.6028 41.1799
1298881001 -8.6028 41.1799
1298881002 -8.6028 41.1799
1298881003 -8.6028 41.1799
1298881004 -8.6028 41.1799
1298881005 -8.6028 41.1799
1298881006 -8.6028 41.1799
1298881007 -8.6028 41.1799
1298881008 -8.6028 41.1799
1298881009 -8.60279 41.1799
1298881010 -8.60279 41.1799
1298881011 -8.60279 41.1799
1298881012 -8.60279 41.1799
1298881013 -8.60279 41.1799
1298881014 -8.60279 41.1799
1298881015 -8.60279 41.1799
1298881016 -8.60279 41.1799
1298881017 -8.60279 41.1798
1298881018 -8.60278 41.1798
1298881019 -8.60276 41.1798
1298881020 -8.60274 41.1798
1298881021 -8.6027 41.1798
1298881022 -8.60267 41.1798
1298881023 -8.60263 41.1798
1298881024 -8.6026 41.1798
1298881025 -8.60256 41.1798
1298881026 -8.60253 41.1798
1298881027 -8.60252 41.1798
1298881028 -8.60251 41.1798
1298881029 -8.6025 41.1798
1298881030 -8.6025 41.1798
1298881031 -8.60249 41.1798
1298881032 -8.60249 41.1798
1298881033 -8.60249 41.1798
1298881034 -8.60249 41.1798
1298881035 -8.60249 41.1798
1298881036 -8.60249 41.1798
1298881037 -8.60249 41.1798
1298881038 -8.60249 41.1798
1298881039 -8.60249 41.1798
1298881040 -8.6025 41.1798
1298881041 -8.6025 41.1798
1298881042 -8.6025 41.1798
1298881043 -8.6025 41.1798
1298881044 -8.6025 41.1798
1298881045 -8.6025 41.1798
1298881046 -8.6025 41.1798
1298881047 -8.6025 41.1798
1298881048 -8.60249 41.1798
1298881049 -8.60249 41.1798
1298881050 -8.60249 41.1798
1298881051 -8.60248 41.1798
1298881052 -8.60249 41.1798
1298881053 -8.60249 41.1798
1298881054 -8.60249 41.1798
1298881055 -8.60249 41.1798
1298881056 -8.60249 41.1798
1298881057 -8.60249 41.1798
1298881058 -8.60248 41.1798
1298881059 -8.60246 41.1798
1298881060 -8.60243 41.1798
1298881061 -8.60242 41.1798
1298881062 -8.60239 41.1798
1298881063 -8.60237 41.1798
1298881064 -8.60234 41.1797
1298881065 -8.60234 41.1797
1298881066 -8.60233 41.1797
1298881067 -8.60232 41.1797
1298881068 -8.60232 41.1797
1298881069 -8.60232 41.1797
1298881070 -8.60231 41.1797
1298881071 -8.60231 41.1797
1298881072 -8.60231 41.1797
1298881073 -8.60231 41.1797
1298881074 -8.60231 41.1797
1298881075 -8.6023 41.1797
1298881076 -8.60229 41.1797
1298881077 -8.60227 41.1797
1298881078 -8.60225 41.1797
1298881079 -8.60224 41.1797
1298881080 -8.60222 41.1797
1298881081 -8.6022 41.1797
1298881082 -8.60217 41.1797
1298881083 -8.60216 41.1797
1298881084 -8.60216 41.1797
1298881085 -8.60216 41.1797
1298881086 -8.60216 41.1797
1298881087 -8.60216 41.1797
1298881088 -8.60216 41.1797
1298881089 -8.60215 41.1797
1298881090 -8.60215 41.1797
1298881091 -8.60215 41.1797
1298881092 -8.60215 41.1797
1298881093 -8.60215 41.1797
1298881094 -8.60215 41.1797
1298881095 -8.60215 41.1797
1298881096 -8.60215 41.1797
1298881097 -8.60215 41.1797
1298881098 -8.60215 41.1797
1298881099 -8.60215 41.1797
1298881100 -8.60215 41.1797
1298881101 -8.60215 41.1797
1298881102 -8.60215 41.1797
1298881103 -8.60215 41.1797
1298881104 -8.60215 41.1797
1298881105 -8.60215 41.1797
1298881106 -8.60215 41.1797
1298881107 -8.60215 41.1797
1298881108 -8.60215 41.1797
1298881109 -8.60215 41.1797
1298881110 -8.60215 41.1797
1298881111 -8.60215 41.1797
1298881112 -8.60215 41.1797
1298881113 -8.60215 41.1797
1298881114 -8.60214 41.1797
1298881115 -8.60214 41.1797
1298881116 -8.60214 41.1797
1298881117 -8.60214 41.1797
1298881118 -8.60214 41.1797
1298881119 -8.60214 41.1797
1298881120 -8.60213 41.1797
1298881121 -8.60213 41.1797
1298881122 -8.60213 41.1797
1298881123 -8.60213 41.1797
1298881124 -8.60213 41.1797
1298881125 -8.60212 41.1797
1298881126 -8.60211 41.1797
1298881127 -8.60211 41.1797
1298881128 -8.60211 41.1797
1298881129 -8.60211 41.1797
1298881130 -8.60211 41.1797
1298881131 -8.60211 41.1797
1298881132 -8.60211 41.1797
1298881133 -8.60211 41.1797
1298881134 -8.60211 41.1797
1298881135 -8.60211 41.1797
1298881136 -8.60211 41.1797
1298881137 -8.60211 41.1797
1298881138 -8.60211 41.1797
1298881139 -8.6021 41.1797
1298881140 -8.6021 41.1797
1298881141 -8.6021 41.1797
1298881142 -8.6021 41.1797
1298881143 -8.6021 41.1797
1298881144 -8.6021 41.1797
1298881145 -8.6021 41.1797
1298881146 -8.60209 41.1797
1298881147 -8.60209 41.1797
1298881148 -8.60209 41.1797
1298881149 -8.60209 41.1797
1298881150 -8.60209 41.1797
1298881151 -8.60209 41.1797
1298881152 -8.60209 41.1797
1298881153 -8.60209 41.1797
1298881154 -8.60209 41.1797
1298881155 -8.60209 41.1797
1298881156 -8.60208 41.1797
1298881157 -8.60208 41.1797
1298881158 -8.60208 41.1797
1298881159 -8.60208 41.1797
1298881160 -8.60208 41.1797
1298881161 -8.60208 41.1797
1298881162 -8.60208 41.1797
1298881163 -8.60208 41.1797
1298881164 -8.60208 41.1797
1298881165 -8.60207 41.1797
1298881166 -8.60207 41.1797
1298881167 -8.60207 41.1797
1298881168 -8.60207 41.1797
1298881169 -8.60207 41.1797
1298881170 -8.60207 41.1797
1298881171 -8.60207 41.1797
1298881172 -8.60207 41.1797
1298881173 -8.60207 41.1797
1298881174 -8.60207 41.1797
1298881175 -8.60207 41.1797
1298881176 -8.60207 41.1797
1298881177 -8.60207 41.1797
1298881178 -8.60206 41.1797
1298881179 -8.60206 41.1797
1298881180 -8.60204 41.1797
1298881181 -8.60201 41.1796
1298881182 -8.60198 41.1796
1298881183 -8.60195 41.1796
1298881184 -8.6019 41.1796
1298881185 -8.60187 41.1796
1298881186 -8.60184 41.1796
1298881187 -8.60182 41.1796
1298881188 -8.60181 41.1796
1298881189 -8.6018 41.1796
1298881190 -8.60178 41.1796
1298881191 -8.60175 41.1796
1298881192 -8.60171 41.1796
1298881193 -8.60166 41.1796
1298881194 -8.60161 41.1796
1298881195 -8.60154 41.1795
1298881196 -8.60146 41.1795
1298881197 -8.60138 41.1795
1298881198 -8.60131 41.1794
1298881199 -8.60124 41.1794
1298881200 -8.60118 41.1794
