:break:
1298880151 -8.62781 41.1755
1298880152 -8.62781 41.1755
1298880153 -8.62781 41.1755
1298880154 -8.62781 41.1755
1298880155 -8.62781 41.1755
1298880156 -8.6278 41.1755
1298880157 -8.6278 41.1755
1298880158 -8.6278 41.1755
1298880159 -8.6278 41.1755
1298880160 -8.6278 41.1755
1298880161 -8.62779 41.1755
1298880162 -8.62779 41.1755
1298880163 -8.62779 41.1755
1298880164 -8.62779 41.1755
1298880165 -8.62779 41.1755
1298880166 -8.62779 41.1755
1298880167 -8.62779 41.1755
1298880168 -8.62779 41.1755
1298880169 -8.62779 41.1755
1298880170 -8.62779 41.1755
1298880171 -8.62778 41.1755
1298880172 -8.62778 41.1755
1298880173 -8.62778 41.1755
1298880174 -8.62778 41.1755
1298880175 -8.62778 41.1755
1298880176 -8.62778 41.1755
1298880177 -8.62778 41.1755
1298880178 -8.62778 41.1755
1298880179 -8.62778 41.1755
1298880180 -8.62778 41.1755
1298880181 -8.62778 41.1755
1298880182 -8.62778 41.1755
1298880183 -8.62778 41.1755
1298880184 -8.62778 41.1755
1298880185 -8.62778 41.1755
1298880186 -8.62778 41.1755
1298880187 -8.62778 41.1755
1298880188 -8.62778 41.1755
1298880189 -8.62778 41.1755
1298880190 -8.62778 41.1755
1298880191 -8.62778 41.1755
1298880192 -8.62778 41.1755
1298880193 -8.62778 41.1755
1298880194 -8.62778 41.1755
1298880195 -8.62778 41.1755
1298880196 -8.62778 41.1755
1298880197 -8.62778 41.1755
1298880198 -8.62778 41.1755
1298880199 -8.62778 41.1755
1298880200 -8.62778 41.1755
1298880201 -8.62778 41.1755
1298880202 -8.62778 41.1755
1298880203 -8.62778 41.1755
1298880204 -8.62778 41.1755
1298880205 -8.62778 41.1755
1298880206 -8.62778 41.1755
1298880207 -8.62778 41.1755
1298880208 -8.62778 41.1755
1298880209 -8.62778 41.1755
1298880210 -8.62778 41.1755
1298880211 -8.62778 41.1755
1298880212 -8.62778 41.1755
1298880213 -8.62778 41.1755
1298880214 -8.62778 41.1755
1298880215 -8.62778 41.1755
1298880216 -8.62778 41.1755
1298880217 -8.62779 41.1755
1298880218 -8.62779 41.1755
1298880219 -8.62779 41.1755
1298880220 -8.62779 41.1755
1298880221 -8.62779 41.1755
1298880222 -8.62779 41.1755
1298880223 -8.62779 41.1755
1298880224 -8.62779 41.1755
1298880225 -8.62779 41.1755
1298880226 -8.62779 41.1755
1298880227 -8.62779 41.1755
1298880228 -8.62779 41.1755
1298880229 -8.62779 41.1755
1298880230 -8.62779 41.1755
1298880231 -8.62779 41.1755
1298880232 -8.62779 41.1755
1298880233 -8.62779 41.1755
1298880234 -8.62779 41.1755
1298880235 -8.62779 41.1755
1298880236 -8.62779 41.1755
1298880237 -8.62779 41.1755
1298880238 -8.62779 41.1755
1298880239 -8.62779 41.1755
1298880240 -8.62779 41.1755
1298880241 -8.62779 41.1755
1298880242 -8.62779 41.1755
1298880243 -8.62779 41.1755
1298880244 -8.62779 41.1755
1298880245 -8.62779 41.1755
1298880246 -8.62779 41.1755
1298880247 -8.62779 41.1755
1298880248 -8.62779 41.1755
1298880249 -8.62779 41.1755
1298880250 -8.62779 41.1755
1298880251 -8.62779 41.1755
1298880252 -8.62779 41.1755
1298880253 -8.62779 41.1755
1298880254 -8.62779 41.1755
1298880255 -8.6278 41.1755
1298880256 -8.6278 41.1755
1298880257 -8.6278 41.1755
1298880258 -8.6278 41.1755
1298880259 -8.6278 41.1755
1298880260 -8.6278 41.1755
1298880261 -8.6278 41.1755
1298880262 -8.6278 41.1755
1298880263 -8.6278 41.1755
1298880264 -8.6278 41.1755
1298880265 -8.6278 41.1755
1298880266 -8.6278 41.1755
1298880267 -8.6278 41.1755
1298880268 -8.6278 41.1755
1298880269 -8.6278 41.1755
1298880270 -8.62781 41.1755
1298880271 -8.62781 41.1755
1298880272 -8.62781 41.1755
1298880273 -8.62781 41.1755
1298880274 -8.62781 41.1755
1298880275 -8.62781 41.1755
1298880276 -8.62781 41.1755
1298880277 -8.62781 41.1755
1298880278 -8.62781 41.1755
1298880279 -8.62781 41.1755
1298880280 -8.62781 41.1755
1298880281 -8.62781 41.1754
1298880282 -8.62781 41.1754
1298880283 -8.62781 41.1754
1298880284 -8.62781 41.1754
1298880285 -8.62781 41.1754
1298880286 -8.6278 41.1754
1298880287 -8.62778 41.1754
1298880288 -8.62776 41.1755
1298880289 -8.62774 41.1755
1298880290 -8.62773 41.1755
1298880291 -8.62772 41.1755
1298880292 -8.62772 41.1755
1298880293 -8.62772 41.1755
1298880294 -8.62772 41.1755
1298880295 -8.62772 41.1755
1298880296 -8.62772 41.1755
1298880297 -8.62772 41.1755
1298880298 -8.62772 41.1756
1298880299 -8.62771 41.1756
1298880300 -8.62771 41.1756
1298880301 -8.62771 41.1756
1298880302 -8.62772 41.1757
1298880303 -8.62773 41.1757
1298880304 -8.62776 41.1757
1298880305 -8.62778 41.1758
1298880306 -8.62781 41.1758
1298880307 -8.62785 41.1758
1298880308 -8.62791 41.1758
1298880309 -8.62797 41.1758
1298880310 -8.62803 41.1758
1298880311 -8.62809 41.1758
1298880312 -8.62814 41.1758
1298880313 -8.6282 41.1758
1298880314 -8.62827 41.1758
1298880315 -8.62837 41.1758
1298880316 -8.62848 41.1758
1298880317 -8.62859 41.1757
1298880318 -8.6287 41.1757
1298880319 -8.6288 41.1757
1298880320 -8.62891 41.1757
1298880321 -8.62902 41.1757
1298880322 -8.62913 41.1757
1298880323 -8.62924 41.1757
1298880324 -8.62934 41.1757
1298880325 -8.62942 41.1757
1298880326 -8.62948 41.1757
1298880327 -8.62959 41.1757
1298880328 -8.62969 41.1757
1298880329 -8.62981 41.1757
1298880330 -8.62992 41.1757
1298880331 -8.63001 41.1757
1298880332 -8.63011 41.1757
1298880333 -8.63021 41.1757
1298880334 -8.63032 41.1757
1298880335 -8.63041 41.1757
1298880336 -8.6305 41.1757
1298880337 -8.63059 41.1756
1298880338 -8.63069 41.1756
1298880339 -8.63079 41.1756
1298880340 -8.63089 41.1756
1298880341 -8.63097 41.1756
1298880342 -8.63108 41.1756
1298880343 -8.63119 41.1756
1298880344 -8.6313 41.1756
1298880345 -8.63139 41.1756
1298880346 -8.63147 41.1755
1298880347 -8.63154 41.1755
1298880348 -8.63167 41.1755
1298880349 -8.63177 41.1755
1298880350 -8.63189 41.1755
1298880351 -8.63202 41.1754
1298880352 -8.63213 41.1754
1298880353 -8.63225 41.1754
1298880354 -8.63237 41.1754
1298880355 -8.63249 41.1754
1298880356 -8.63261 41.1755
1298880357 -8.63274 41.1755
1298880358 -8.63284 41.1755
1298880359 -8.63293 41.1755
1298880360 -8.63299 41.1756
1298880361 -8.63302 41.1756
1298880362 -8.63305 41.1756
1298880363 -8.63308 41.1757
1298880364 -8.63309 41.1757
1298880365 -8.63306 41.1757
1298880366 -8.63301 41.1758
1298880367 -8.63293 41.1758
1298880368 -8.63285 41.1758
1298880369 -8.63275 41.1759
1298880370 -8.63265 41.1759
1298880371 -8.63252 41.176
1298880372 -8.63239 41.176
1298880373 -8.63225 41.1761
1298880374 -8.63211 41.1762
1298880375 -8.63198 41.1762
1298880376 -8.63188 41.1763
1298880377 -8.63181 41.1763
1298880378 -8.63176 41.1763
1298880379 -8.63173 41.1763
1298880380 -8.63169 41.1764
1298880381 -8.63165 41.1764
1298880382 -8.63161 41.1764
1298880383 -8.63158 41.1765
1298880384 -8.63156 41.1765
1298880385 -8.63156 41.1765
1298880386 -8.63156 41.1765
1298880387 -8.63156 41.1765
1298880388 -8.63155 41.1765
1298880389 -8.63155 41.1765
1298880390 -8.63154 41.1765
1298880391 -8.63154 41.1765
1298880392 -8.63154 41.1765
1298880393 -8.63155 41.1765
1298880394 -8.63155 41.1765
1298880395 -8.63155 41.1765
1298880396 -8.63156 41.1765
1298880397 -8.63156 41.1765
1298880398 -8.63156 41.1765
1298880399 -8.63156 41.1765
1298880400 -8.63156 41.1765
1298880401 -8.63156 41.1765
1298880402 -8.63156 41.1765
1298880403 -8.63155 41.1765
1298880404 -8.63155 41.1765
1298880405 -8.63155 41.1765
1298880406 -8.63155 41.1765
1298880407 -8.63155 41.1765
1298880408 -8.63156 41.1765
1298880409 -8.63157 41.1765
1298880410 -8.63157 41.1765
1298880411 -8.63158 41.1765
1298880412 -8.63158 41.1765
1298880413 -8.63158 41.1765
1298880414 -8.63159 41.1765
1298880415 -8.63159 41.1765
1298880416 -8.6316 41.1765
1298880417 -8.6316 41.1765
1298880418 -8.63161 41.1765
1298880419 -8.63161 41.1765
1298880420 -8.63161 41.1765
1298880421 -8.63162 41.1765
1298880422 -8.63162 41.1765
1298880423 -8.63163 41.1765
1298880424 -8.63163 41.1765
1298880425 -8.63164 41.1765
1298880426 -8.63164 41.1765
1298880427 -8.63164 41.1765
1298880428 -8.63164 41.1765
1298880429 -8.63164 41.1765
1298880430 -8.63165 41.1765
1298880431 -8.63165 41.1765
1298880432 -8.63165 41.1765
1298880433 -8.63164 41.1765
1298880434 -8.63164 41.1765
1298880435 -8.63163 41.1765
1298880436 -8.63159 41.1765
1298880437 -8.63153 41.1765
1298880438 -8.63148 41.1766
1298880439 -8.63143 41.1766
1298880440 -8.63139 41.1766
1298880441 -8.63133 41.1767
1298880442 -8.63127 41.1767
1298880443 -8.6312 41.1767
1298880444 -8.63113 41.1768
1298880445 -8.63105 41.1768
1298880446 -8.63097 41.1769
1298880447 -8.6309 41.1769
1298880448 -8.63082 41.177
1298880449 -8.63075 41.177
1298880450 -8.63067 41.1771
1298880451 -8.63058 41.1771
1298880452 -8.63049 41.1772
1298880453 -8.6304 41.1773
1298880454 -8.63031 41.1773
1298880455 -8.63022 41.1774
1298880456 -8.63013 41.1774
1298880457 -8.63004 41.1775
1298880458 -8.62996 41.1776
1298880459 -8.62988 41.1776
1298880460 -8.6298 41.1777
1298880461 -8.62973 41.1777
1298880462 -8.62967 41.1778
1298880463 -8.6296 41.1778
1298880464 -8.62954 41.1779
1298880465 -8.62945 41.1779
1298880466 -8.62939 41.1779
1298880467 -8.62933 41.178
1298880468 -8.62926 41.178
1298880469 -8.62921 41.178
1298880470 -8.62916 41.1781
1298880471 -8.62913 41.1781
1298880472 -8.62911 41.1781
1298880473 -8.62911 41.1781
1298880474 -8.6291 41.1781
1298880475 -8.6291 41.1781
1298880476 -8.62909 41.1781
1298880477 -8.62909 41.1781
1298880478 -8.62908 41.1781
1298880479 -8.62908 41.1781
1298880480 -8.62908 41.1781
1298880481 -8.62908 41.1781
1298880482 -8.62907 41.1781
1298880483 -8.62906 41.1781
1298880484 -8.62904 41.1781
1298880485 -8.629 41.1781
1298880486 -8.62898 41.178
1298880487 -8.62895 41.178
1298880488 -8.62891 41.1779
1298880489 -8.62889 41.1779
1298880490 -8.62884 41.1779
1298880491 -8.6288 41.1778
1298880492 -8.62875 41.1777
1298880493 -8.6287 41.1777
1298880494 -8.62864 41.1776
1298880495 -8.62859 41.1775
1298880496 -8.62854 41.1774
1298880497 -8.6285 41.1773
1298880498 -8.62845 41.1772
1298880499 -8.62841 41.1771
1298880500 -8.62837 41.177
1298880501 -8.62832 41.1769
1298880502 -8.62826 41.1767
1298880503 -8.6282 41.1766
1298880504 -8.62814 41.1765
1298880505 -8.62807 41.1764
1298880506 -8.62801 41.1763
1298880507 -8.62797 41.1762
1298880508 -8.62791 41.176
1298880509 -8.62785 41.176
1298880510 -8.62781 41.1759
1298880511 -8.62777 41.1758
1298880512 -8.62773 41.1757
1298880513 -8.62771 41.1756
1298880514 -8.62767 41.1755
1298880515 -8.62765 41.1754
1298880516 -8.62763 41.1753
1298880517 -8.62761 41.1752
1298880518 -8.62757 41.1751
1298880519 -8.62753 41.1749
1298880520 -8.62748 41.1748
1298880521 -8.62742 41.1747
1298880522 -8.62735 41.1746
1298880523 -8.62729 41.1744
1298880524 -8.62721 41.1743
1298880525 -8.62714 41.1742
1298880526 -8.62706 41.1741
1298880527 -8.62699 41.1739
1298880528 -8.62691 41.1738
1298880529 -8.62682 41.1737
1298880530 -8.62675 41.1736
1298880531 -8.6267 41.1736
1298880532 -8.6267 41.1735
1298880533 -8.62667 41.1734
1298880534 -8.62664 41.1733
1298880535 -8.62661 41.1733
1298880536 -8.62655 41.1733
1298880537 -8.6265 41.1733
1298880538 -8.62642 41.1733
1298880539 -8.62634 41.1734
1298880540 -8.62625 41.1734
1298880541 -8.62615 41.1734
1298880542 -8.62606 41.1734
1298880543 -8.62598 41.1735
1298880544 -8.62592 41.1735
1298880545 -8.62591 41.1736
1298880546 -8.6259 41.1737
1298880547 -8.62589 41.1737
1298880548 -8.62588 41.1738
1298880549 -8.62583 41.1739
1298880550 -8.62574 41.1739
1298880551 -8.62565 41.174
1298880552 -8.62555 41.174
1298880553 -8.62543 41.174
1298880554 -8.6253 41.1741
1298880555 -8.62517 41.1741
1298880556 -8.62502 41.1741
1298880557 -8.62488 41.1742
1298880558 -8.62473 41.1742
1298880559 -8.62457 41.1743
1298880560 -8.6244 41.1743
1298880561 -8.62425 41.1744
1298880562 -8.62411 41.1744
1298880563 -8.62395 41.1745
1298880564 -8.62381 41.1746
1298880565 -8.62367 41.1746
1298880566 -8.62353 41.1747
1298880567 -8.62341 41.1748
1298880568 -8.62331 41.1748
1298880569 -8.62322 41.1749
1298880570 -8.62318 41.175
1298880571 -8.62315 41.175
1298880572 -8.62314 41.1751
1298880573 -8.62315 41.1751
1298880574 -8.62314 41.1752
1298880575 -8.62312 41.1752
1298880576 -8.62308 41.1752
1298880577 -8.62303 41.1753
1298880578 -8.62296 41.1753
1298880579 -8.6229 41.1753
1298880580 -8.62286 41.1752
1298880581 -8.62285 41.1752
1298880582 -8.62285 41.1751
1298880583 -8.62286 41.175
1298880584 -8.62292 41.175
1298880585 -8.623 41.1749
1298880586 -8.62308 41.1748
1298880587 -8.62318 41.1747
1298880588 -8.6233 41.1746
1298880589 -8.62341 41.1746
1298880590 -8.62353 41.1745
1298880591 -8.62366 41.1744
1298880592 -8.62377 41.1743
1298880593 -8.62387 41.1742
1298880594 -8.62394 41.1741
1298880595 -8.62402 41.1739
1298880596 -8.62407 41.1738
1298880597 -8.62414 41.1737
1298880598 -8.62423 41.1736
1298880599 -8.62434 41.1735
1298880600 -8.62447 41.1734
1298880601 -8.62462 41.1734
1298880602 -8.62477 41.1733
1298880603 -8.62494 41.1733
1298880604 -8.62511 41.1733
1298880605 -8.62529 41.1732
1298880606 -8.62549 41.1732
1298880607 -8.62569 41.1732
1298880608 -8.6259 41.1731
1298880609 -8.6261 41.1731
1298880610 -8.62632 41.1731
1298880611 -8.62653 41.1731
1298880612 -8.62674 41.173
1298880613 -8.62697 41.173
1298880614 -8.62718 41.173
1298880615 -8.6274 41.173
1298880616 -8.62762 41.1729
1298880617 -8.62784 41.1729
1298880618 -8.62807 41.1729
1298880619 -8.62828 41.1728
1298880620 -8.62851 41.1728
1298880621 -8.62871 41.1728
1298880622 -8.62892 41.1727
1298880623 -8.62913 41.1727
1298880624 -8.62934 41.1726
1298880625 -8.62954 41.1726
1298880626 -8.62975 41.1726
1298880627 -8.62995 41.1725
1298880628 -8.63015 41.1725
1298880629 -8.63035 41.1724
1298880630 -8.63055 41.1724
1298880631 -8.63075 41.1723
1298880632 -8.63095 41.1723
1298880633 -8.63114 41.1722
1298880634 -8.63134 41.1722
1298880635 -8.63156 41.1721
1298880636 -8.63176 41.1721
1298880637 -8.63198 41.1721
1298880638 -8.6322 41.172
1298880639 -8.63241 41.172
1298880640 -8.63263 41.1719
1298880641 -8.63285 41.1719
1298880642 -8.63306 41.1718
1298880643 -8.63327 41.1718
1298880644 -8.63348 41.1718
1298880645 -8.6337 41.1717
1298880646 -8.63392 41.1717
1298880647 -8.63415 41.1716
1298880648 -8.63438 41.1716
1298880649 -8.6346 41.1715
1298880650 -8.63483 41.1715
1298880651 -8.63505 41.1714
1298880652 -8.63528 41.1713
1298880653 -8.63553 41.1713
1298880654 -8.63576 41.1712
1298880655 -8.636 41.1711
1298880656 -8.63624 41.1711
1298880657 -8.63647 41.171
1298880658 -8.63671 41.1709
1298880659 -8.63694 41.1708
1298880660 -8.63717 41.1707
1298880661 -8.6374 41.1706
1298880662 -8.63762 41.1705
1298880663 -8.63782 41.1704
1298880664 -8.63802 41.1703
1298880665 -8.63821 41.1702
1298880666 -8.6384 41.17
1298880667 -8.63858 41.1699
1298880668 -8.63875 41.1698
1298880669 -8.63892 41.1697
1298880670 -8.63908 41.1695
1298880671 -8.63924 41.1694
1298880672 -8.63943 41.1693
1298880673 -8.6396 41.1692
1298880674 -8.63978 41.1691
1298880675 -8.63995 41.169
1298880676 -8.64012 41.1688
1298880677 -8.6403 41.1687
1298880678 -8.64048 41.1686
1298880679 -8.64067 41.1685
1298880680 -8.64086 41.1685
1298880681 -8.64107 41.1684
1298880682 -8.64129 41.1684
1298880683 -8.64151 41.1683
1298880684 -8.64173 41.1683
1298880685 -8.64194 41.1683
1298880686 -8.64213 41.1683
1298880687 -8.64231 41.1683
1298880688 -8.64247 41.1682
1298880689 -8.64259 41.1682
1298880690 -8.64272 41.1681
1298880691 -8.64283 41.1681
1298880692 -8.64295 41.1681
1298880693 -8.64307 41.1682
1298880694 -8.64317 41.1682
1298880695 -8.64327 41.1682
1298880696 -8.64337 41.1683
1298880697 -8.64347 41.1684
1298880698 -8.64357 41.1685
1298880699 -8.64368 41.1686
1298880700 -8.6438 41.1687
1298880701 -8.64392 41.1687
1298880702 -8.64406 41.1688
1298880703 -8.64419 41.169
1298880704 -8.64433 41.1691
1298880705 -8.64447 41.1692
1298880706 -8.64462 41.1693
1298880707 -8.64475 41.1694
1298880708 -8.6449 41.1695
1298880709 -8.64504 41.1696
1298880710 -8.64518 41.1697
1298880711 -8.64534 41.1698
1298880712 -8.64548 41.17
1298880713 -8.64563 41.1701
1298880714 -8.64578 41.1702
1298880715 -8.64594 41.1703
1298880716 -8.6461 41.1705
1298880717 -8.64626 41.1706
1298880718 -8.64642 41.1707
1298880719 -8.64659 41.1709
1298880720 -8.64676 41.171
1298880721 -8.64693 41.1711
1298880722 -8.64711 41.1712
1298880723 -8.64729 41.1714
1298880724 -8.64746 41.1715
1298880725 -8.64764 41.1717
1298880726 -8.64782 41.1718
1298880727 -8.64802 41.172
1298880728 -8.64821 41.1721
1298880729 -8.6484 41.1723
1298880730 -8.6486 41.1725
1298880731 -8.6488 41.1726
1298880732 -8.64901 41.1728
1298880733 -8.64922 41.173
1298880734 -8.64942 41.1731
1298880735 -8.64964 41.1733
1298880736 -8.64985 41.1735
1298880737 -8.65006 41.1737
1298880738 -8.65028 41.1738
1298880739 -8.6505 41.174
1298880740 -8.65072 41.1742
1298880741 -8.65094 41.1744
1298880742 -8.65115 41.1745
1298880743 -8.65137 41.1747
1298880744 -8.65157 41.1749
1298880745 -8.65179 41.1751
1298880746 -8.65201 41.1752
1298880747 -8.65222 41.1754
1298880748 -8.65244 41.1756
1298880749 -8.65264 41.1758
1298880750 -8.65286 41.176
1298880751 -8.65309 41.1761
1298880752 -8.6533 41.1763
1298880753 -8.65352 41.1765
1298880754 -8.65373 41.1766
1298880755 -8.65394 41.1768
1298880756 -8.65416 41.177
1298880757 -8.65437 41.1772
1298880758 -8.65459 41.1773
1298880759 -8.6548 41.1775
1298880760 -8.65502 41.1777
1298880761 -8.65525 41.1779
1298880762 -8.65546 41.178
1298880763 -8.65564 41.1782
1298880764 -8.65586 41.1784
1298880765 -8.65608 41.1786
1298880766 -8.65628 41.1787
1298880767 -8.6565 41.1789
1298880768 -8.65671 41.1791
1298880769 -8.65692 41.1792
1298880770 -8.65711 41.1794
1298880771 -8.65731 41.1796
1298880772 -8.6575 41.1797
1298880773 -8.65769 41.1799
1298880774 -8.65788 41.18
1298880775 -8.65808 41.1802
1298880776 -8.65827 41.1804
1298880777 -8.65847 41.1805
1298880778 -8.65867 41.1807
1298880779 -8.65886 41.1808
1298880780 -8.65906 41.181
1298880781 -8.65926 41.1812
1298880782 -8.65945 41.1813
1298880783 -8.65965 41.1815
1298880784 -8.65984 41.1816
1298880785 -8.66003 41.1818
1298880786 -8.66022 41.1819
1298880787 -8.66042 41.1821
1298880788 -8.66061 41.1822
1298880789 -8.66079 41.1824
1298880790 -8.66099 41.1826
1298880791 -8.66118 41.1827
1298880792 -8.66137 41.1829
1298880793 -8.66155 41.183
1298880794 -8.66174 41.1832
1298880795 -8.66192 41.1833
1298880796 -8.6621 41.1835
1298880797 -8.66228 41.1836
1298880798 -8.66246 41.1838
1298880799 -8.66264 41.1839
1298880800 -8.66282 41.1841
1298880801 -8.663 41.1842
1298880802 -8.66318 41.1844
1298880803 -8.66334 41.1845
1298880804 -8.66349 41.1846
1298880805 -8.66363 41.1848
1298880806 -8.66378 41.1849
1298880807 -8.66392 41.185
1298880808 -8.66406 41.1851
1298880809 -8.66419 41.1852
1298880810 -8.66433 41.1853
1298880811 -8.66446 41.1854
1298880812 -8.6646 41.1855
1298880813 -8.66474 41.1857
1298880814 -8.66488 41.1858
1298880815 -8.66504 41.1859
1298880816 -8.66519 41.186
1298880817 -8.66534 41.1862
1298880818 -8.66551 41.1863
1298880819 -8.66567 41.1864
1298880820 -8.66583 41.1866
1298880821 -8.66599 41.1867
1298880822 -8.66616 41.1869
1298880823 -8.66633 41.1871
1298880824 -8.66649 41.1872
1298880825 -8.6666 41.1874
1298880826 -8.66669 41.1876
1298880827 -8.66675 41.1877
1298880828 -8.66679 41.1879
1298880829 -8.66682 41.1881
1298880830 -8.66685 41.1883
1298880831 -8.66689 41.1884
1298880832 -8.66695 41.1886
1298880833 -8.66704 41.1888
1298880834 -8.66714 41.189
1298880835 -8.66724 41.1892
1298880836 -8.66735 41.1893
1298880837 -8.66744 41.1895
1298880838 -8.66749 41.1897
1298880839 -8.6675 41.1898
1298880840 -8.66746 41.19
1298880841 -8.66738 41.1901
1298880842 -8.66729 41.1903
1298880843 -8.66718 41.1905
1298880844 -8.66707 41.1906
1298880845 -8.66696 41.1908
1298880846 -8.66685 41.1909
1298880847 -8.66672 41.1911
1298880848 -8.6666 41.1913
1298880849 -8.6665 41.1914
1298880850 -8.6664 41.1916
1298880851 -8.66629 41.1918
1298880852 -8.66621 41.192
1298880853 -8.66613 41.1922
1298880854 -8.66606 41.1924
1298880855 -8.66601 41.1926
1298880856 -8.66596 41.1928
1298880857 -8.66593 41.1931
1298880858 -8.6659 41.1933
1298880859 -8.66587 41.1935
1298880860 -8.66584 41.1937
1298880861 -8.66578 41.194
1298880862 -8.66573 41.1942
1298880863 -8.66564 41.1944
1298880864 -8.66553 41.1947
1298880865 -8.66541 41.1949
1298880866 -8.66525 41.1951
1298880867 -8.66508 41.1953
1298880868 -8.66489 41.1955
1298880869 -8.66468 41.1957
1298880870 -8.66445 41.1959
1298880871 -8.66422 41.1961
1298880872 -8.66398 41.1962
1298880873 -8.66373 41.1964
1298880874 -8.66348 41.1966
1298880875 -8.66325 41.1968
1298880876 -8.663 41.1969
1298880877 -8.66275 41.1971
1298880878 -8.66251 41.1973
1298880879 -8.66226 41.1975
1298880880 -8.66201 41.1977
1298880881 -8.66175 41.1978
1298880882 -8.6615 41.198
1298880883 -8.66125 41.1982
1298880884 -8.661 41.1984
1298880885 -8.66074 41.1985
1298880886 -8.66048 41.1987
1298880887 -8.66023 41.1989
1298880888 -8.65998 41.1991
1298880889 -8.65972 41.1993
1298880890 -8.65948 41.1995
1298880891 -8.65922 41.1996
1298880892 -8.65897 41.1998
1298880893 -8.65873 41.2
1298880894 -8.65848 41.2002
1298880895 -8.65823 41.2003
1298880896 -8.65799 41.2005
1298880897 -8.65775 41.2007
1298880898 -8.65751 41.2008
1298880899 -8.65727 41.201
1298880900 -8.65703 41.2011
1298880901 -8.65678 41.2013
1298880902 -8.65653 41.2014
1298880903 -8.65628 41.2015
1298880904 -8.65604 41.2016
1298880905 -8.65578 41.2017
1298880906 -8.65553 41.2017
1298880907 -8.65526 41.2018
1298880908 -8.655 41.2019
1298880909 -8.65474 41.2019
1298880910 -8.65448 41.202
1298880911 -8.65422 41.202
1298880912 -8.65397 41.202
1298880913 -8.65372 41.2021
1298880914 -8.65349 41.2021
1298880915 -8.65327 41.2021
1298880916 -8.65304 41.2022
1298880917 -8.65282 41.2022
1298880918 -8.65259 41.2022
1298880919 -8.65238 41.2021
1298880920 -8.65218 41.2021
1298880921 -8.65198 41.202
1298880922 -8.6518 41.202
1298880923 -8.65162 41.2019
1298880924 -8.65144 41.2018
1298880925 -8.65127 41.2017
1298880926 -8.65111 41.2016
1298880927 -8.65094 41.2016
1298880928 -8.65076 41.2015
1298880929 -8.65057 41.2015
1298880930 -8.65039 41.2015
1298880931 -8.65022 41.2016
1298880932 -8.65007 41.2016
1298880933 -8.64995 41.2017
1298880934 -8.64986 41.2018
1298880935 -8.64981 41.2019
1298880936 -8.6498 41.2021
1298880937 -8.64983 41.2022
1298880938 -8.64987 41.2024
1298880939 -8.64995 41.2025
1298880940 -8.65003 41.2026
1298880941 -8.65012 41.2027
1298880942 -8.65021 41.2029
1298880943 -8.6503 41.203
1298880944 -8.65039 41.2032
1298880945 -8.65049 41.2033
1298880946 -8.6506 41.2035
1298880947 -8.65071 41.2036
1298880948 -8.65082 41.2038
1298880949 -8.65093 41.204
1298880950 -8.65104 41.2041
1298880951 -8.65115 41.2043
1298880952 -8.65127 41.2045
1298880953 -8.65137 41.2047
1298880954 -8.65146 41.2049
1298880955 -8.65152 41.2052
1298880956 -8.65158 41.2054
1298880957 -8.65163 41.2056
1298880958 -8.65165 41.2059
1298880959 -8.65166 41.2061
1298880960 -8.65165 41.2064
1298880961 -8.65162 41.2066
1298880962 -8.65159 41.2069
1298880963 -8.65156 41.2071
1298880964 -8.65152 41.2074
1298880965 -8.6515 41.2077
1298880966 -8.65149 41.2079
1298880967 -8.65149 41.2082
1298880968 -8.65151 41.2085
1298880969 -8.65155 41.2088
1298880970 -8.65159 41.209
1298880971 -8.65166 41.2093
1298880972 -8.65175 41.2096
1298880973 -8.65185 41.2099
1298880974 -8.65196 41.2101
1298880975 -8.65207 41.2104
1298880976 -8.65219 41.2107
1298880977 -8.6523 41.211
1298880978 -8.65242 41.2112
1298880979 -8.65254 41.2115
1298880980 -8.65265 41.2118
1298880981 -8.65278 41.212
1298880982 -8.6529 41.2123
1298880983 -8.65301 41.2126
1298880984 -8.65314 41.2129
1298880985 -8.65326 41.2131
1298880986 -8.65337 41.2134
1298880987 -8.65349 41.2137
1298880988 -8.65362 41.2139
1298880989 -8.65375 41.2142
1298880990 -8.6539 41.2144
1298880991 -8.65408 41.2147
1298880992 -8.65426 41.2149
1298880993 -8.65445 41.2152
1298880994 -8.65464 41.2154
1298880995 -8.65486 41.2157
1298880996 -8.65508 41.2159
1298880997 -8.65529 41.2161
1298880998 -8.65552 41.2164
1298880999 -8.65575 41.2166
1298881000 -8.65597 41.2168
1298881001 -8.65621 41.2171
1298881002 -8.65643 41.2173
1298881003 -8.65667 41.2176
1298881004 -8.6569 41.2178
1298881005 -8.65713 41.218
1298881006 -8.65736 41.2183
1298881007 -8.6576 41.2185
1298881008 -8.65783 41.2188
1298881009 -8.65806 41.219
1298881010 -8.65829 41.2192
1298881011 -8.65852 41.2195
1298881012 -8.65875 41.2197
1298881013 -8.65897 41.22
1298881014 -8.6592 41.2202
1298881015 -8.65942 41.2204
1298881016 -8.65964 41.2207
1298881017 -8.65985 41.2209
1298881018 -8.66007 41.2211
1298881019 -8.66029 41.2213
1298881020 -8.66049 41.2216
1298881021 -8.66071 41.2218
1298881022 -8.66092 41.222
1298881023 -8.66111 41.2222
1298881024 -8.66132 41.2224
1298881025 -8.66153 41.2226
1298881026 -8.66173 41.2228
1298881027 -8.66193 41.2231
1298881028 -8.66213 41.2233
1298881029 -8.66233 41.2235
1298881030 -8.66253 41.2237
1298881031 -8.66273 41.2239
1298881032 -8.66292 41.2241
1298881033 -8.66312 41.2243
1298881034 -8.66331 41.2245
1298881035 -8.66351 41.2247
1298881036 -8.6637 41.2249
1298881037 -8.66389 41.2252
1298881038 -8.66408 41.2254
1298881039 -8.66427 41.2256
1298881040 -8.66446 41.2258
1298881041 -8.66465 41.226
1298881042 -8.66484 41.2262
1298881043 -8.66503 41.2264
1298881044 -8.66522 41.2266
1298881045 -8.66542 41.2268
1298881046 -8.66563 41.2269
1298881047 -8.66585 41.2271
1298881048 -8.66608 41.2273
1298881049 -8.66632 41.2274
1298881050 -8.66655 41.2276
1298881051 -8.66678 41.2277
1298881052 -8.66701 41.2279
1298881053 -8.66723 41.228
1298881054 -8.66741 41.2282
1298881055 -8.66759 41.2284
1298881056 -8.66774 41.2286
1298881057 -8.66785 41.2288
1298881058 -8.66795 41.229
1298881059 -8.66802 41.2292
1298881060 -8.66804 41.2294
1298881061 -8.66804 41.2296
1298881062 -8.66803 41.2299
1298881063 -8.66797 41.2301
1298881064 -8.66792 41.2303
1298881065 -8.66785 41.2305
1298881066 -8.66777 41.2307
1298881067 -8.66768 41.2309
1298881068 -8.66759 41.2311
1298881069 -8.6675 41.2313
1298881070 -8.6674 41.2315
1298881071 -8.66729 41.2317
1298881072 -8.66719 41.2319
1298881073 -8.66708 41.232
1298881074 -8.66698 41.2322
1298881075 -8.66687 41.2324
1298881076 -8.66677 41.2326
1298881077 -8.66669 41.2328
1298881078 -8.66663 41.233
1298881079 -8.6666 41.2332
1298881080 -8.66659 41.2334
1298881081 -8.6666 41.2336
1298881082 -8.66664 41.2338
1298881083 -8.66669 41.234
1298881084 -8.66677 41.2342
1298881085 -8.66688 41.2344
1298881086 -8.667 41.2346
1298881087 -8.66714 41.2348
1298881088 -8.66727 41.2349
1298881089 -8.66738 41.2351
1298881090 -8.66746 41.2353
1298881091 -8.66753 41.2355
1298881092 -8.66759 41.2356
1298881093 -8.66763 41.2358
1298881094 -8.66767 41.236
1298881095 -8.66771 41.2361
1298881096 -8.66775 41.2363
1298881097 -8.66777 41.2365
1298881098 -8.6678 41.2366
1298881099 -8.66784 41.2368
1298881100 -8.66786 41.237
1298881101 -8.66789 41.2372
1298881102 -8.66792 41.2373
1298881103 -8.66795 41.2375
1298881104 -8.668 41.2376
1298881105 -8.66803 41.2378
1298881106 -8.66809 41.238
1298881107 -8.66814 41.2381
1298881108 -8.66822 41.2382
1298881109 -8.66831 41.2383
1298881110 -8.66841 41.2384
1298881111 -8.66853 41.2385
1298881112 -8.66867 41.2386
1298881113 -8.6688 41.2387
1298881114 -8.66893 41.2387
1298881115 -8.66905 41.2388
1298881116 -8.66914 41.2388
1298881117 -8.66922 41.2388
1298881118 -8.66929 41.2389
1298881119 -8.66937 41.2389
1298881120 -8.66945 41.2389
1298881121 -8.66954 41.2389
1298881122 -8.66963 41.239
1298881123 -8.66973 41.239
1298881124 -8.66984 41.2391
1298881125 -8.66995 41.2391
1298881126 -8.67007 41.2391
1298881127 -8.67018 41.2391
1298881128 -8.67028 41.239
1298881129 -8.67037 41.239
1298881130 -8.67045 41.2389
1298881131 -8.67049 41.2388
1298881132 -8.67052 41.2387
1298881133 -8.67051 41.2386
1298881134 -8.67048 41.2385
1298881135 -8.67046 41.2384
1298881136 -8.67042 41.2383
1298881137 -8.67038 41.2381
1298881138 -8.67035 41.238
1298881139 -8.67031 41.2379
1298881140 -8.67028 41.2377
1298881141 -8.67024 41.2376
1298881142 -8.67021 41.2375
1298881143 -8.67019 41.2374
1298881144 -8.67016 41.2373
1298881145 -8.67014 41.2372
1298881146 -8.67012 41.2371
1298881147 -8.67011 41.2371
1298881148 -8.67011 41.2371
1298881149 -8.67011 41.237
1298881150 -8.67012 41.237
1298881151 -8.67012 41.237
1298881152 -8.67012 41.237
1298881153 -8.67012 41.237
1298881154 -8.67011 41.237
1298881155 -8.6701 41.237
1298881156 -8.6701 41.237
1298881157 -8.6701 41.237
1298881158 -8.6701 41.237
1298881159 -8.6701 41.237
1298881160 -8.6701 41.237
1298881161 -8.6701 41.237
1298881162 -8.6701 41.237
1298881163 -8.6701 41.237
1298881164 -8.67009 41.237
1298881165 -8.6701 41.237
1298881166 -8.6701 41.237
1298881167 -8.6701 41.237
1298881168 -8.67011 41.237
1298881169 -8.67012 41.237
1298881170 -8.67013 41.237
1298881171 -8.67014 41.237
1298881172 -8.67016 41.237
1298881173 -8.67018 41.237
1298881174 -8.67017 41.237
1298881175 -8.67017 41.237
1298881176 -8.67017 41.237
1298881177 -8.67016 41.237
1298881178 -8.67016 41.237
1298881179 -8.67015 41.237
1298881180 -8.67014 41.237
1298881181 -8.67012 41.237
1298881182 -8.67012 41.237
1298881183 -8.67012 41.237
1298881184 -8.67011 41.237
1298881185 -8.6701 41.237
1298881186 -8.6701 41.237
1298881187 -8.67009 41.237
1298881188 -8.67008 41.237
1298881189 -8.67007 41.237
1298881190 -8.67007 41.237
1298881191 -8.67006 41.237
1298881192 -8.67004 41.237
1298881193 -8.67003 41.237
1298881194 -8.67003 41.237
1298881195 -8.67002 41.237
1298881196 -8.67001 41.237
1298881197 -8.67001 41.237
1298881198 -8.66999 41.237
1298881199 -8.66999 41.237
1298881200 -8.66998 41.237
