:break:
1298880036 -8.56033 41.1692
1298880037 -8.56037 41.1692
1298880038 -8.56041 41.1691
1298880039 -8.56047 41.169
1298880040 -8.56053 41.169
1298880041 -8.5606 41.1689
1298880042 -8.56067 41.1689
1298880043 -8.56073 41.1688
1298880044 -8.5608 41.1687
1298880045 -8.56089 41.1687
1298880046 -8.56098 41.1686
1298880047 -8.56107 41.1685
1298880048 -8.56116 41.1685
1298880049 -8.56124 41.1685
1298880050 -8.56133 41.1684
1298880051 -8.56143 41.1684
1298880052 -8.56153 41.1683
1298880053 -8.56164 41.1683
1298880054 -8.56175 41.1682
1298880055 -8.56184 41.1682
1298880056 -8.56193 41.1682
1298880057 -8.56202 41.1681
1298880058 -8.56209 41.1681
1298880059 -8.56216 41.168
1298880060 -8.56222 41.168
1298880061 -8.56229 41.168
1298880062 -8.56232 41.168
1298880063 -8.56236 41.168
1298880064 -8.56238 41.1679
1298880065 -8.5624 41.1679
1298880066 -8.56241 41.1679
1298880067 -8.56242 41.1679
1298880068 -8.56242 41.1679
1298880069 -8.56242 41.1679
1298880070 -8.56243 41.1679
1298880071 -8.56243 41.1679
1298880072 -8.56244 41.1679
1298880073 -8.56244 41.1679
1298880074 -8.56244 41.1679
1298880075 -8.56245 41.1679
1298880076 -8.56246 41.1679
1298880077 -8.56249 41.1679
1298880078 -8.56252 41.1679
1298880079 -8.56256 41.1679
1298880080 -8.5626 41.1679
1298880081 -8.56265 41.1678
1298880082 -8.56271 41.1678
1298880083 -8.56276 41.1678
1298880084 -8.56283 41.1678
1298880085 -8.56288 41.1677
1298880086 -8.56293 41.1677
1298880087 -8.56299 41.1677
1298880088 -8.56304 41.1677
1298880089 -8.5631 41.1677
1298880090 -8.56317 41.1676
1298880091 -8.56325 41.1676
1298880092 -8.56336 41.1676
1298880093 -8.56347 41.1675
1298880094 -8.56359 41.1675
1298880095 -8.56371 41.1674
1298880096 -8.56383 41.1674
1298880097 -8.56396 41.1673
1298880098 -8.56408 41.1673
1298880099 -8.56419 41.1673
1298880100 -8.56431 41.1672
1298880101 -8.56442 41.1672
1298880102 -8.56453 41.1671
1298880103 -8.56464 41.1671
1298880104 -8.56476 41.1671
1298880105 -8.56489 41.167
1298880106 -8.56501 41.167
1298880107 -8.56514 41.1669
1298880108 -8.56526 41.1669
1298880109 -8.5654 41.1668
1298880110 -8.56553 41.1668
1298880111 -8.56565 41.1667
1298880112 -8.56577 41.1667
1298880113 -8.56588 41.1667
1298880114 -8.56599 41.1666
1298880115 -8.56611 41.1666
1298880116 -8.56622 41.1666
1298880117 -8.56631 41.1665
1298880118 -8.5664 41.1665
1298880119 -8.56648 41.1666
1298880120 -8.56653 41.1666
1298880121 -8.5666 41.1667
1298880122 -8.56665 41.1668
1298880123 -8.56671 41.1668
1298880124 -8.56677 41.1669
1298880125 -8.56684 41.1669
1298880126 -8.56691 41.167
1298880127 -8.56699 41.167
1298880128 -8.56705 41.1671
1298880129 -8.56712 41.1672
1298880130 -8.56718 41.1672
1298880131 -8.56729 41.1672
1298880132 -8.56738 41.1673
1298880133 -8.56747 41.1673
1298880134 -8.56755 41.1673
1298880135 -8.56762 41.1673
1298880136 -8.56769 41.1674
1298880137 -8.56774 41.1674
1298880138 -8.56778 41.1674
1298880139 -8.56782 41.1674
1298880140 -8.56786 41.1674
1298880141 -8.56791 41.1674
1298880142 -8.56795 41.1674
1298880143 -8.568 41.1675
1298880144 -8.56804 41.1675
1298880145 -8.56808 41.1675
1298880146 -8.56813 41.1675
1298880147 -8.56816 41.1675
1298880148 -8.56821 41.1675
1298880149 -8.56823 41.1675
1298880150 -8.56826 41.1675
1298880151 -8.5683 41.1676
1298880152 -8.56834 41.1676
1298880153 -8.56839 41.1676
1298880154 -8.56842 41.1676
1298880155 -8.56844 41.1676
1298880156 -8.56846 41.1676
1298880157 -8.56847 41.1676
1298880158 -8.56849 41.1676
1298880159 -8.5685 41.1676
1298880160 -8.5685 41.1676
1298880161 -8.56849 41.1676
1298880162 -8.56849 41.1676
1298880163 -8.56849 41.1676
1298880164 -8.56849 41.1676
1298880165 -8.56849 41.1676
1298880166 -8.56849 41.1676
1298880167 -8.56849 41.1676
1298880168 -8.56849 41.1676
1298880169 -8.56849 41.1676
1298880170 -8.56849 41.1676
1298880171 -8.56848 41.1676
1298880172 -8.56848 41.1676
1298880173 -8.56848 41.1676
1298880174 -8.56848 41.1676
1298880175 -8.56848 41.1676
1298880176 -8.56848 41.1676
1298880177 -8.56848 41.1676
1298880178 -8.56848 41.1676
1298880179 -8.56848 41.1676
1298880180 -8.56848 41.1676
1298880181 -8.56848 41.1676
1298880182 -8.56848 41.1676
1298880183 -8.56848 41.1676
1298880184 -8.56847 41.1676
1298880185 -8.56847 41.1676
1298880186 -8.56847 41.1676
1298880187 -8.56847 41.1676
1298880188 -8.56847 41.1676
1298880189 -8.56847 41.1676
1298880190 -8.56847 41.1676
1298880191 -8.56847 41.1676
1298880192 -8.56848 41.1676
1298880193 -8.5685 41.1676
1298880194 -8.56852 41.1676
1298880195 -8.56857 41.1676
1298880196 -8.56861 41.1676
1298880197 -8.56868 41.1676
1298880198 -8.56874 41.1676
1298880199 -8.56881 41.1676
1298880200 -8.56889 41.1676
1298880201 -8.56897 41.1676
1298880202 -8.56906 41.1676
1298880203 -8.56916 41.1676
1298880204 -8.56926 41.1676
1298880205 -8.56935 41.1676
1298880206 -8.56944 41.1676
1298880207 -8.56952 41.1676
1298880208 -8.5696 41.1676
1298880209 -8.56968 41.1676
1298880210 -8.56975 41.1676
1298880211 -8.56981 41.1676
1298880212 -8.56986 41.1676
1298880213 -8.56991 41.1676
1298880214 -8.56996 41.1676
1298880215 -8.57002 41.1676
1298880216 -8.57008 41.1676
1298880217 -8.57013 41.1676
1298880218 -8.57019 41.1675
1298880219 -8.57022 41.1675
1298880220 -8.57025 41.1674
1298880221 -8.57026 41.1674
1298880222 -8.57028 41.1673
1298880223 -8.5703 41.1673
1298880224 -8.57033 41.1672
1298880225 -8.57035 41.1671
1298880226 -8.57038 41.1671
1298880227 -8.5704 41.167
1298880228 -8.57043 41.167
1298880229 -8.57046 41.1669
1298880230 -8.57048 41.1669
1298880231 -8.5705 41.1668
1298880232 -8.57052 41.1668
1298880233 -8.57053 41.1667
1298880234 -8.57054 41.1667
1298880235 -8.57056 41.1666
1298880236 -8.57058 41.1666
1298880237 -8.57059 41.1665
1298880238 -8.5706 41.1665
1298880239 -8.57061 41.1665
1298880240 -8.57062 41.1665
1298880241 -8.57063 41.1664
1298880242 -8.57065 41.1664
1298880243 -8.57066 41.1663
1298880244 -8.57067 41.1663
1298880245 -8.57069 41.1663
1298880246 -8.5707 41.1662
1298880247 -8.57072 41.1662
1298880248 -8.57072 41.1662
1298880249 -8.57073 41.1662
1298880250 -8.57074 41.1662
1298880251 -8.57075 41.1662
1298880252 -8.57075 41.1661
1298880253 -8.57075 41.1661
1298880254 -8.57076 41.1661
1298880255 -8.57078 41.1661
1298880256 -8.5708 41.166
1298880257 -8.57083 41.166
1298880258 -8.57084 41.1659
1298880259 -8.57088 41.1659
1298880260 -8.57091 41.1658
1298880261 -8.57094 41.1657
1298880262 -8.57097 41.1656
1298880263 -8.57101 41.1656
1298880264 -8.57104 41.1655
1298880265 -8.57108 41.1654
1298880266 -8.57111 41.1653
1298880267 -8.57114 41.1652
1298880268 -8.57118 41.1651
1298880269 -8.5712 41.165
1298880270 -8.57123 41.165
1298880271 -8.57126 41.1649
1298880272 -8.57128 41.1648
1298880273 -8.57131 41.1647
1298880274 -8.57135 41.1647
1298880275 -8.57138 41.1646
1298880276 -8.5714 41.1645
1298880277 -8.57145 41.1644
1298880278 -8.5715 41.1643
1298880279 -8.57156 41.1643
1298880280 -8.57161 41.1642
1298880281 -8.57166 41.1641
1298880282 -8.57172 41.164
1298880283 -8.57177 41.1639
1298880284 -8.57183 41.1638
1298880285 -8.57188 41.1638
1298880286 -8.57193 41.1637
1298880287 -8.57197 41.1637
1298880288 -8.572 41.1637
1298880289 -8.57201 41.1636
1298880290 -8.57203 41.1636
1298880291 -8.57204 41.1636
1298880292 -8.57205 41.1636
1298880293 -8.57206 41.1636
1298880294 -8.57205 41.1636
1298880295 -8.57206 41.1636
1298880296 -8.57205 41.1636
1298880297 -8.57206 41.1636
1298880298 -8.57206 41.1636
1298880299 -8.57206 41.1636
1298880300 -8.57206 41.1636
1298880301 -8.57206 41.1636
1298880302 -8.57206 41.1636
1298880303 -8.57206 41.1636
1298880304 -8.57206 41.1636
1298880305 -8.57206 41.1636
1298880306 -8.57206 41.1636
1298880307 -8.57206 41.1636
1298880308 -8.57206 41.1636
1298880309 -8.57206 41.1636
1298880310 -8.57206 41.1636
1298880311 -8.57206 41.1636
1298880312 -8.57206 41.1636
1298880313 -8.57206 41.1636
1298880314 -8.57206 41.1636
1298880315 -8.57206 41.1636
1298880316 -8.57205 41.1636
1298880317 -8.57205 41.1636
1298880318 -8.57205 41.1636
1298880319 -8.57205 41.1636
1298880320 -8.57205 41.1636
1298880321 -8.57206 41.1636
1298880322 -8.57208 41.1635
1298880323 -8.57213 41.1635
1298880324 -8.57219 41.1635
1298880325 -8.57226 41.1634
1298880326 -8.57232 41.1634
1298880327 -8.57236 41.1634
1298880328 -8.57243 41.1633
1298880329 -8.57251 41.1633
1298880330 -8.57258 41.1633
1298880331 -8.57265 41.1632
1298880332 -8.57275 41.1632
1298880333 -8.57284 41.1631
1298880334 -8.57294 41.1631
1298880335 -8.57306 41.163
1298880336 -8.57318 41.163
1298880337 -8.57328 41.1629
1298880338 -8.5734 41.1629
1298880339 -8.57353 41.1628
1298880340 -8.57365 41.1628
1298880341 -8.57375 41.1627
1298880342 -8.57384 41.1627
1298880343 -8.57392 41.1626
1298880344 -8.57399 41.1626
1298880345 -8.57405 41.1626
1298880346 -8.57409 41.1626
1298880347 -8.57412 41.1625
1298880348 -8.57414 41.1625
1298880349 -8.57415 41.1625
1298880350 -8.57415 41.1625
1298880351 -8.57415 41.1625
1298880352 -8.57416 41.1625
1298880353 -8.57417 41.1625
1298880354 -8.57418 41.1625
1298880355 -8.57419 41.1625
1298880356 -8.5742 41.1625
1298880357 -8.57422 41.1625
1298880358 -8.57426 41.1625
1298880359 -8.57431 41.1625
1298880360 -8.57436 41.1625
1298880361 -8.57443 41.1624
1298880362 -8.57449 41.1624
1298880363 -8.57457 41.1624
1298880364 -8.57466 41.1623
1298880365 -8.57476 41.1623
1298880366 -8.57486 41.1622
1298880367 -8.57496 41.1622
1298880368 -8.57506 41.1621
1298880369 -8.57516 41.1621
1298880370 -8.57525 41.1621
1298880371 -8.57534 41.162
1298880372 -8.57543 41.162
1298880373 -8.57551 41.1619
1298880374 -8.57561 41.1619
1298880375 -8.57569 41.1618
1298880376 -8.57578 41.1618
1298880377 -8.57587 41.1617
1298880378 -8.57596 41.1617
1298880379 -8.57605 41.1616
1298880380 -8.57613 41.1615
1298880381 -8.5762 41.1615
1298880382 -8.57628 41.1614
1298880383 -8.57635 41.1614
1298880384 -8.57646 41.1614
1298880385 -8.57657 41.1613
1298880386 -8.57668 41.1613
1298880387 -8.57678 41.1612
1298880388 -8.57689 41.1612
1298880389 -8.577 41.1611
1298880390 -8.5771 41.1611
1298880391 -8.57719 41.161
1298880392 -8.57728 41.161
1298880393 -8.57736 41.1609
1298880394 -8.57744 41.1609
1298880395 -8.57751 41.1608
1298880396 -8.57758 41.1608
1298880397 -8.57762 41.1608
1298880398 -8.57766 41.1608
1298880399 -8.57771 41.1608
1298880400 -8.57776 41.1607
1298880401 -8.57783 41.1607
1298880402 -8.5779 41.1607
1298880403 -8.57798 41.1606
1298880404 -8.57806 41.1606
1298880405 -8.57815 41.1605
1298880406 -8.57825 41.1605
1298880407 -8.57833 41.1604
1298880408 -8.57841 41.1604
1298880409 -8.5785 41.1603
1298880410 -8.57858 41.1603
1298880411 -8.57866 41.1603
1298880412 -8.57873 41.1602
1298880413 -8.5788 41.1602
1298880414 -8.57886 41.1601
1298880415 -8.57893 41.1601
1298880416 -8.579 41.1601
1298880417 -8.57906 41.16
1298880418 -8.57913 41.16
1298880419 -8.5792 41.1599
1298880420 -8.57927 41.1599
1298880421 -8.57934 41.1598
1298880422 -8.57941 41.1598
1298880423 -8.57949 41.1597
1298880424 -8.57957 41.1597
1298880425 -8.57966 41.1596
1298880426 -8.57975 41.1596
1298880427 -8.57984 41.1595
1298880428 -8.57993 41.1595
1298880429 -8.58003 41.1595
1298880430 -8.58012 41.1594
1298880431 -8.5802 41.1594
1298880432 -8.58025 41.1594
1298880433 -8.58028 41.1594
1298880434 -8.58031 41.1594
1298880435 -8.58035 41.1594
1298880436 -8.58039 41.1594
1298880437 -8.58046 41.1594
1298880438 -8.58053 41.1594
1298880439 -8.58061 41.1594
1298880440 -8.58069 41.1594
1298880441 -8.5808 41.1594
1298880442 -8.58092 41.1594
1298880443 -8.58103 41.1594
1298880444 -8.58116 41.1594
1298880445 -8.58128 41.1594
1298880446 -8.5814 41.1594
1298880447 -8.58153 41.1594
1298880448 -8.58164 41.1593
1298880449 -8.58175 41.1593
1298880450 -8.58183 41.1593
1298880451 -8.58191 41.1592
1298880452 -8.58195 41.1591
1298880453 -8.58199 41.159
1298880454 -8.58201 41.159
1298880455 -8.58204 41.1589
1298880456 -8.58209 41.1588
1298880457 -8.58216 41.1588
1298880458 -8.58224 41.1588
1298880459 -8.58232 41.1588
1298880460 -8.5824 41.1588
1298880461 -8.58249 41.1588
1298880462 -8.5826 41.1588
1298880463 -8.5827 41.1588
1298880464 -8.58279 41.1589
1298880465 -8.58285 41.1589
1298880466 -8.58295 41.1589
1298880467 -8.58303 41.1589
1298880468 -8.58311 41.1589
1298880469 -8.58318 41.1588
1298880470 -8.58326 41.1588
1298880471 -8.58336 41.1587
1298880472 -8.58347 41.1587
1298880473 -8.58357 41.1586
1298880474 -8.58369 41.1586
1298880475 -8.5838 41.1586
1298880476 -8.58391 41.1585
1298880477 -8.58404 41.1584
1298880478 -8.58416 41.1584
1298880479 -8.58429 41.1583
1298880480 -8.58442 41.1583
1298880481 -8.58455 41.1582
1298880482 -8.58468 41.1582
1298880483 -8.58481 41.1581
1298880484 -8.58494 41.1581
1298880485 -8.58507 41.158
1298880486 -8.5852 41.158
1298880487 -8.58533 41.1579
1298880488 -8.58543 41.1579
1298880489 -8.58554 41.1578
1298880490 -8.58562 41.1578
1298880491 -8.5857 41.1577
1298880492 -8.58577 41.1577
1298880493 -8.58587 41.1577
1298880494 -8.58597 41.1577
1298880495 -8.58609 41.1576
1298880496 -8.58622 41.1576
1298880497 -8.58635 41.1576
1298880498 -8.58649 41.1576
1298880499 -8.58662 41.1576
1298880500 -8.58676 41.1576
1298880501 -8.58691 41.1576
1298880502 -8.58704 41.1575
1298880503 -8.58719 41.1575
1298880504 -8.58733 41.1575
1298880505 -8.58749 41.1575
1298880506 -8.58764 41.1574
1298880507 -8.58778 41.1574
1298880508 -8.58793 41.1574
1298880509 -8.58805 41.1573
1298880510 -8.58819 41.1573
1298880511 -8.5883 41.1573
1298880512 -8.58844 41.1573
1298880513 -8.58857 41.1573
1298880514 -8.58868 41.1573
1298880515 -8.58882 41.1572
1298880516 -8.58895 41.1572
1298880517 -8.58909 41.1572
1298880518 -8.58921 41.1571
1298880519 -8.58936 41.1571
1298880520 -8.58949 41.1571
1298880521 -8.58963 41.1571
1298880522 -8.58974 41.157
1298880523 -8.58987 41.157
1298880524 -8.58998 41.157
1298880525 -8.59009 41.157
1298880526 -8.5902 41.1569
1298880527 -8.59031 41.1569
1298880528 -8.59041 41.1569
1298880529 -8.59048 41.1568
1298880530 -8.59054 41.1568
1298880531 -8.59057 41.1568
1298880532 -8.59059 41.1568
1298880533 -8.5906 41.1568
1298880534 -8.5906 41.1568
1298880535 -8.59061 41.1568
1298880536 -8.59061 41.1568
1298880537 -8.59061 41.1568
1298880538 -8.59061 41.1568
1298880539 -8.59061 41.1568
1298880540 -8.59062 41.1568
1298880541 -8.59062 41.1568
1298880542 -8.59062 41.1568
1298880543 -8.59063 41.1568
1298880544 -8.59064 41.1568
1298880545 -8.59068 41.1568
1298880546 -8.59073 41.1567
1298880547 -8.59077 41.1567
1298880548 -8.59082 41.1567
1298880549 -8.59087 41.1567
1298880550 -8.59092 41.1567
1298880551 -8.59099 41.1566
1298880552 -8.59104 41.1566
1298880553 -8.59108 41.1566
1298880554 -8.59112 41.1565
1298880555 -8.59113 41.1565
1298880556 -8.59114 41.1564
1298880557 -8.59117 41.1563
1298880558 -8.59121 41.1563
1298880559 -8.59126 41.1563
1298880560 -8.59134 41.1563
1298880561 -8.5914 41.1563
1298880562 -8.59146 41.1562
1298880563 -8.59152 41.1562
1298880564 -8.59154 41.1561
1298880565 -8.59155 41.1561
1298880566 -8.59155 41.156
1298880567 -8.59156 41.1559
1298880568 -8.59157 41.1558
1298880569 -8.59157 41.1558
1298880570 -8.59159 41.1557
1298880571 -8.59159 41.1557
1298880572 -8.59158 41.1556
1298880573 -8.59154 41.1556
1298880574 -8.59149 41.1556
1298880575 -8.59141 41.1556
1298880576 -8.59132 41.1555
1298880577 -8.59123 41.1555
1298880578 -8.59117 41.1555
1298880579 -8.59115 41.1554
1298880580 -8.59113 41.1554
1298880581 -8.59111 41.1553
1298880582 -8.5911 41.1552
1298880583 -8.5911 41.1552
1298880584 -8.59108 41.1551
1298880585 -8.59108 41.1551
1298880586 -8.59107 41.155
1298880587 -8.59106 41.1549
1298880588 -8.59104 41.1549
1298880589 -8.59104 41.1548
1298880590 -8.59106 41.1547
1298880591 -8.59107 41.1546
1298880592 -8.59108 41.1545
1298880593 -8.59108 41.1545
1298880594 -8.59107 41.1544
1298880595 -8.59106 41.1543
1298880596 -8.59106 41.1542
1298880597 -8.59106 41.1541
1298880598 -8.59106 41.154
1298880599 -8.59108 41.1539
1298880600 -8.59108 41.1538
1298880601 -8.5911 41.1537
1298880602 -8.59111 41.1536
1298880603 -8.59115 41.1535
1298880604 -8.59119 41.1534
1298880605 -8.59124 41.1534
1298880606 -8.59131 41.1533
1298880607 -8.59138 41.1532
1298880608 -8.59146 41.1531
1298880609 -8.59154 41.153
1298880610 -8.59163 41.1529
1298880611 -8.59172 41.1528
1298880612 -8.59181 41.1527
1298880613 -8.5919 41.1527
1298880614 -8.59197 41.1526
1298880615 -8.59203 41.1525
1298880616 -8.59207 41.1524
1298880617 -8.5921 41.1523
1298880618 -8.59213 41.1523
1298880619 -8.59216 41.1522
1298880620 -8.59216 41.1522
1298880621 -8.59217 41.1522
1298880622 -8.59217 41.1522
1298880623 -8.59217 41.1522
1298880624 -8.59217 41.1522
1298880625 -8.59217 41.1522
1298880626 -8.59217 41.1522
1298880627 -8.59218 41.1522
1298880628 -8.59218 41.1522
1298880629 -8.59218 41.1522
1298880630 -8.59218 41.1522
1298880631 -8.59218 41.1522
1298880632 -8.59219 41.1521
1298880633 -8.5922 41.1521
1298880634 -8.59222 41.1521
1298880635 -8.59224 41.1521
1298880636 -8.59225 41.152
1298880637 -8.59226 41.152
1298880638 -8.59228 41.152
1298880639 -8.5923 41.1519
1298880640 -8.59232 41.1519
1298880641 -8.59234 41.1518
1298880642 -8.59235 41.1518
1298880643 -8.59236 41.1518
1298880644 -8.59237 41.1518
1298880645 -8.59237 41.1518
1298880646 -8.59237 41.1518
1298880647 -8.59238 41.1518
1298880648 -8.59238 41.1518
1298880649 -8.59238 41.1518
1298880650 -8.59238 41.1518
1298880651 -8.59239 41.1518
1298880652 -8.59239 41.1517
1298880653 -8.5924 41.1517
1298880654 -8.59242 41.1517
1298880655 -8.59243 41.1517
1298880656 -8.59244 41.1516
1298880657 -8.59246 41.1516
1298880658 -8.59248 41.1516
1298880659 -8.59251 41.1515
1298880660 -8.59253 41.1515
1298880661 -8.59254 41.1515
1298880662 -8.59256 41.1515
1298880663 -8.59258 41.1514
1298880664 -8.5926 41.1514
1298880665 -8.5926 41.1514
1298880666 -8.59261 41.1514
1298880667 -8.59261 41.1514
1298880668 -8.59261 41.1514
1298880669 -8.59261 41.1514
1298880670 -8.59261 41.1514
1298880671 -8.59261 41.1514
1298880672 -8.59261 41.1514
1298880673 -8.59261 41.1514
1298880674 -8.59261 41.1514
1298880675 -8.59261 41.1514
1298880676 -8.59261 41.1514
1298880677 -8.59261 41.1514
1298880678 -8.59261 41.1514
1298880679 -8.59261 41.1514
1298880680 -8.59261 41.1514
1298880681 -8.59261 41.1514
1298880682 -8.59261 41.1514
1298880683 -8.59262 41.1514
1298880684 -8.59262 41.1514
1298880685 -8.59262 41.1514
1298880686 -8.59262 41.1514
1298880687 -8.59262 41.1514
1298880688 -8.59262 41.1514
1298880689 -8.59262 41.1514
1298880690 -8.59262 41.1514
1298880691 -8.59262 41.1514
1298880692 -8.59262 41.1514
1298880693 -8.59262 41.1514
1298880694 -8.59262 41.1514
1298880695 -8.59262 41.1514
1298880696 -8.59262 41.1514
1298880697 -8.59262 41.1514
1298880698 -8.59262 41.1514
1298880699 -8.59262 41.1514
1298880700 -8.59262 41.1514
1298880701 -8.59262 41.1514
1298880702 -8.59264 41.1514
1298880703 -8.59267 41.1514
1298880704 -8.5927 41.1513
1298880705 -8.59273 41.1513
1298880706 -8.59277 41.1513
1298880707 -8.59282 41.1512
1298880708 -8.59288 41.1512
1298880709 -8.59293 41.1512
1298880710 -8.59298 41.1511
1298880711 -8.59302 41.1511
1298880712 -8.59306 41.1511
1298880713 -8.59307 41.1511
1298880714 -8.59308 41.1511
1298880715 -8.59309 41.1511
1298880716 -8.59309 41.1511
1298880717 -8.5931 41.1511
1298880718 -8.59312 41.1511
1298880719 -8.59315 41.1511
1298880720 -8.59317 41.1511
1298880721 -8.5932 41.1511
1298880722 -8.59324 41.1511
1298880723 -8.5933 41.1511
1298880724 -8.59337 41.151
1298880725 -8.59344 41.151
1298880726 -8.59351 41.151
1298880727 -8.59356 41.151
1298880728 -8.59362 41.151
1298880729 -8.59368 41.151
1298880730 -8.59371 41.1509
1298880731 -8.59371 41.1509
1298880732 -8.59369 41.1509
1298880733 -8.59365 41.1509
1298880734 -8.5936 41.1509
1298880735 -8.59352 41.1509
1298880736 -8.59343 41.1508
1298880737 -8.59333 41.1508
1298880738 -8.59324 41.1508
1298880739 -8.59314 41.1507
1298880740 -8.59303 41.1507
1298880741 -8.59292 41.1506
1298880742 -8.5928 41.1506
1298880743 -8.59269 41.1506
1298880744 -8.59256 41.1505
1298880745 -8.59243 41.1505
1298880746 -8.59229 41.1504
1298880747 -8.59215 41.1504
1298880748 -8.59199 41.1504
1298880749 -8.59185 41.1503
1298880750 -8.59171 41.1503
1298880751 -8.59157 41.1502
1298880752 -8.59145 41.1502
1298880753 -8.59131 41.1502
1298880754 -8.59117 41.1501
1298880755 -8.59104 41.1501
1298880756 -8.5909 41.1501
1298880757 -8.59075 41.15
1298880758 -8.5906 41.15
1298880759 -8.59045 41.1499
1298880760 -8.5903 41.1499
1298880761 -8.59017 41.1499
1298880762 -8.59005 41.1498
1298880763 -8.58996 41.1498
1298880764 -8.5899 41.1498
1298880765 -8.58986 41.1498
1298880766 -8.58983 41.1498
1298880767 -8.58981 41.1498
1298880768 -8.58977 41.1498
1298880769 -8.58972 41.1498
1298880770 -8.58964 41.1497
1298880771 -8.58955 41.1497
1298880772 -8.58944 41.1497
1298880773 -8.5893 41.1496
1298880774 -8.58916 41.1496
1298880775 -8.58901 41.1496
1298880776 -8.58885 41.1495
1298880777 -8.5887 41.1495
1298880778 -8.58854 41.1495
1298880779 -8.58839 41.1494
1298880780 -8.58823 41.1494
1298880781 -8.5881 41.1493
1298880782 -8.58796 41.1493
1298880783 -8.58781 41.1492
1298880784 -8.58766 41.1492
1298880785 -8.58749 41.1491
1298880786 -8.58734 41.1491
1298880787 -8.58719 41.1491
1298880788 -8.58704 41.149
1298880789 -8.58691 41.149
1298880790 -8.58678 41.149
1298880791 -8.58667 41.149
1298880792 -8.58656 41.1489
1298880793 -8.58647 41.1489
1298880794 -8.5864 41.1489
1298880795 -8.58632 41.1489
1298880796 -8.58625 41.1488
1298880797 -8.58618 41.1488
1298880798 -8.58612 41.1488
1298880799 -8.58605 41.1488
1298880800 -8.58598 41.1488
1298880801 -8.58594 41.1488
1298880802 -8.58588 41.1488
1298880803 -8.58585 41.1488
1298880804 -8.58583 41.1488
1298880805 -8.58582 41.1488
1298880806 -8.5858 41.1488
1298880807 -8.58579 41.1488
1298880808 -8.58578 41.1488
1298880809 -8.58578 41.1488
1298880810 -8.58577 41.1488
1298880811 -8.58577 41.1488
1298880812 -8.58578 41.1488
1298880813 -8.58578 41.1487
1298880814 -8.58579 41.1487
1298880815 -8.5858 41.1487
1298880816 -8.58581 41.1487
1298880817 -8.58583 41.1487
1298880818 -8.58584 41.1487
1298880819 -8.58585 41.1487
1298880820 -8.58586 41.1487
1298880821 -8.58586 41.1487
1298880822 -8.58586 41.1487
1298880823 -8.58586 41.1487
1298880824 -8.58586 41.1487
1298880825 -8.58587 41.1487
1298880826 -8.58587 41.1487
1298880827 -8.58587 41.1487
1298880828 -8.58587 41.1487
1298880829 -8.58587 41.1487
1298880830 -8.58587 41.1487
1298880831 -8.58587 41.1487
1298880832 -8.58587 41.1487
1298880833 -8.58588 41.1487
1298880834 -8.58588 41.1487
1298880835 -8.58588 41.1487
1298880836 -8.58588 41.1487
1298880837 -8.58588 41.1487
1298880838 -8.58588 41.1487
1298880839 -8.58589 41.1487
1298880840 -8.58589 41.1487
1298880841 -8.58589 41.1487
1298880842 -8.58589 41.1487
1298880843 -8.58589 41.1487
1298880844 -8.58589 41.1487
1298880845 -8.5859 41.1487
1298880846 -8.5859 41.1487
1298880847 -8.5859 41.1487
1298880848 -8.5859 41.1487
1298880849 -8.5859 41.1487
1298880850 -8.5859 41.1487
1298880851 -8.5859 41.1487
1298880852 -8.5859 41.1487
1298880853 -8.5859 41.1487
1298880854 -8.5859 41.1487
1298880855 -8.5859 41.1487
1298880856 -8.5859 41.1487
1298880857 -8.5859 41.1487
1298880858 -8.5859 41.1487
1298880859 -8.58591 41.1487
1298880860 -8.58591 41.1487
1298880861 -8.58591 41.1487
1298880862 -8.58591 41.1487
1298880863 -8.58591 41.1487
1298880864 -8.58591 41.1487
1298880865 -8.58591 41.1487
1298880866 -8.58591 41.1487
1298880867 -8.58591 41.1487
1298880868 -8.58591 41.1487
1298880869 -8.58591 41.1487
1298880870 -8.58591 41.1487
1298880871 -8.58591 41.1487
1298880872 -8.58591 41.1487
1298880873 -8.58591 41.1487
1298880874 -8.58591 41.1487
1298880875 -8.58591 41.1487
1298880876 -8.58591 41.1487
1298880877 -8.58591 41.1487
1298880878 -8.58591 41.1487
1298880879 -8.58591 41.1487
1298880880 -8.58591 41.1487
1298880881 -8.58591 41.1487
1298880882 -8.58591 41.1487
1298880883 -8.58591 41.1487
1298880884 -8.58591 41.1487
1298880885 -8.58591 41.1487
1298880886 -8.58591 41.1487
1298880887 -8.58591 41.1487
1298880888 -8.58591 41.1487
1298880889 -8.58591 41.1487
1298880890 -8.58591 41.1487
1298880891 -8.58591 41.1487
1298880892 -8.5859 41.1487
1298880893 -8.5859 41.1487
1298880894 -8.5859 41.1487
1298880895 -8.5859 41.1487
1298880896 -8.5859 41.1487
1298880897 -8.5859 41.1487
1298880898 -8.5859 41.1487
1298880899 -8.5859 41.1487
1298880900 -8.5859 41.1487
1298880901 -8.5859 41.1487
1298880902 -8.5859 41.1487
1298880903 -8.5859 41.1487
1298880904 -8.5859 41.1487
1298880905 -8.5859 41.1487
1298880906 -8.58589 41.1487
1298880907 -8.58589 41.1487
1298880908 -8.58589 41.1487
1298880909 -8.58589 41.1487
1298880910 -8.58589 41.1487
1298880911 -8.58589 41.1487
1298880912 -8.58589 41.1487
1298880913 -8.58589 41.1487
1298880914 -8.58589 41.1487
1298880915 -8.58589 41.1487
1298880916 -8.58589 41.1487
1298880917 -8.58589 41.1487
1298880918 -8.58589 41.1487
1298880919 -8.58589 41.1487
1298880920 -8.58589 41.1487
1298880921 -8.58589 41.1487
1298880922 -8.58589 41.1487
1298880923 -8.58589 41.1487
1298880924 -8.58589 41.1487
1298880925 -8.58589 41.1487
1298880926 -8.58589 41.1487
1298880927 -8.5859 41.1487
1298880928 -8.5859 41.1487
1298880929 -8.5859 41.1487
1298880930 -8.5859 41.1487
1298880931 -8.5859 41.1487
1298880932 -8.5859 41.1487
1298880933 -8.5859 41.1487
1298880934 -8.5859 41.1487
1298880935 -8.5859 41.1487
1298880936 -8.5859 41.1487
1298880937 -8.5859 41.1487
1298880938 -8.5859 41.1487
1298880939 -8.5859 41.1487
1298880940 -8.5859 41.1487
1298880941 -8.5859 41.1487
1298880942 -8.5859 41.1487
1298880943 -8.5859 41.1487
1298880944 -8.5859 41.1487
1298880945 -8.5859 41.1487
1298880946 -8.5859 41.1487
1298880947 -8.5859 41.1487
1298880948 -8.5859 41.1487
1298880949 -8.58591 41.1487
1298880950 -8.58591 41.1487
1298880951 -8.58591 41.1487
1298880952 -8.58591 41.1487
1298880953 -8.58591 41.1487
1298880954 -8.58591 41.1487
1298880955 -8.58591 41.1487
1298880956 -8.58591 41.1487
1298880957 -8.58591 41.1487
1298880958 -8.58591 41.1487
1298880959 -8.58591 41.1487
1298880960 -8.58591 41.1487
1298880961 -8.5859 41.1487
1298880962 -8.5859 41.1487
1298880963 -8.5859 41.1487
1298880964 -8.5859 41.1487
1298880965 -8.5859 41.1487
1298880966 -8.5859 41.1487
1298880967 -8.5859 41.1487
1298880968 -8.5859 41.1487
1298880969 -8.5859 41.1487
1298880970 -8.5859 41.1487
1298880971 -8.5859 41.1487
1298880972 -8.5859 41.1487
1298880973 -8.5859 41.1487
1298880974 -8.5859 41.1487
1298880975 -8.5859 41.1487
1298880976 -8.5859 41.1487
1298880977 -8.5859 41.1487
1298880978 -8.5859 41.1487
1298880979 -8.5859 41.1487
1298880980 -8.5859 41.1487
1298880981 -8.5859 41.1487
1298880982 -8.5859 41.1487
1298880983 -8.58591 41.1487
1298880984 -8.58591 41.1487
1298880985 -8.58591 41.1487
1298880986 -8.58591 41.1487
1298880987 -8.58591 41.1487
1298880988 -8.58591 41.1487
1298880989 -8.58591 41.1487
1298880990 -8.58591 41.1487
1298880991 -8.58591 41.1487
1298880992 -8.58591 41.1487
1298880993 -8.58591 41.1487
1298880994 -8.58591 41.1487
1298880995 -8.58591 41.1487
1298880996 -8.58591 41.1487
1298880997 -8.58591 41.1487
1298880998 -8.58591 41.1487
1298880999 -8.58591 41.1487
1298881000 -8.58591 41.1487
1298881001 -8.58591 41.1487
1298881002 -8.58592 41.1487
1298881003 -8.58592 41.1487
1298881004 -8.58592 41.1487
1298881005 -8.58592 41.1487
1298881006 -8.58592 41.1487
1298881007 -8.58591 41.1487
1298881008 -8.58591 41.1487
1298881009 -8.58591 41.1487
1298881010 -8.58591 41.1487
1298881011 -8.58591 41.1487
1298881012 -8.58591 41.1487
1298881013 -8.58592 41.1487
1298881014 -8.58592 41.1487
1298881015 -8.58592 41.1487
1298881016 -8.58592 41.1487
1298881017 -8.58592 41.1487
1298881018 -8.58592 41.1487
1298881019 -8.58592 41.1487
1298881020 -8.58592 41.1487
1298881021 -8.58592 41.1487
1298881022 -8.58592 41.1487
1298881023 -8.58592 41.1487
1298881024 -8.58592 41.1487
1298881025 -8.58592 41.1487
1298881026 -8.58592 41.1487
1298881027 -8.58592 41.1487
1298881028 -8.58592 41.1487
1298881029 -8.58592 41.1487
1298881030 -8.58592 41.1487
1298881031 -8.58592 41.1487
1298881032 -8.58592 41.1487
1298881033 -8.58592 41.1487
1298881034 -8.58592 41.1487
1298881035 -8.58592 41.1487
1298881036 -8.58592 41.1487
1298881037 -8.58592 41.1487
1298881038 -8.58592 41.1487
1298881039 -8.58592 41.1487
1298881040 -8.58592 41.1487
1298881041 -8.58592 41.1487
1298881042 -8.58592 41.1487
1298881043 -8.58592 41.1487
1298881044 -8.58592 41.1487
1298881045 -8.58592 41.1487
1298881046 -8.58592 41.1487
1298881047 -8.58592 41.1487
1298881048 -8.58592 41.1487
1298881049 -8.58592 41.1487
1298881050 -8.58592 41.1487
1298881051 -8.58592 41.1487
1298881052 -8.58592 41.1487
1298881053 -8.58592 41.1487
1298881054 -8.58592 41.1487
1298881055 -8.58592 41.1487
1298881056 -8.58592 41.1487
1298881057 -8.58592 41.1487
1298881058 -8.58592 41.1487
1298881059 -8.58592 41.1487
1298881060 -8.58593 41.1487
1298881061 -8.58593 41.1487
1298881062 -8.58593 41.1487
1298881063 -8.58593 41.1487
1298881064 -8.58593 41.1487
1298881065 -8.58593 41.1487
1298881066 -8.58593 41.1487
1298881067 -8.58593 41.1487
1298881068 -8.58593 41.1487
1298881069 -8.58594 41.1487
1298881070 -8.58594 41.1487
1298881071 -8.58594 41.1487
1298881072 -8.58594 41.1487
1298881073 -8.58593 41.1487
1298881074 -8.58593 41.1487
1298881075 -8.58593 41.1487
1298881076 -8.58593 41.1487
1298881077 -8.58593 41.1487
1298881078 -8.58593 41.1487
1298881079 -8.58593 41.1487
1298881080 -8.58593 41.1487
1298881081 -8.58593 41.1487
1298881082 -8.58593 41.1487
1298881083 -8.58593 41.1487
1298881084 -8.58593 41.1487
1298881085 -8.58593 41.1487
1298881086 -8.58594 41.1487
1298881087 -8.58594 41.1487
1298881088 -8.58594 41.1487
1298881089 -8.58594 41.1487
1298881090 -8.58594 41.1487
1298881091 -8.58594 41.1487
1298881092 -8.58594 41.1487
1298881093 -8.58594 41.1487
1298881094 -8.58594 41.1487
1298881095 -8.58594 41.1487
1298881096 -8.58594 41.1487
1298881097 -8.58595 41.1487
1298881098 -8.58595 41.1487
1298881099 -8.58595 41.1487
1298881100 -8.58595 41.1487
1298881101 -8.58595 41.1487
1298881102 -8.58595 41.1487
1298881103 -8.58595 41.1487
1298881104 -8.58595 41.1487
1298881105 -8.58595 41.1487
1298881106 -8.58595 41.1487
1298881107 -8.58595 41.1487
1298881108 -8.58595 41.1487
1298881109 -8.58595 41.1487
1298881110 -8.58596 41.1487
1298881111 -8.58596 41.1487
1298881112 -8.58596 41.1487
1298881113 -8.58596 41.1487
1298881114 -8.58596 41.1487
1298881115 -8.58596 41.1487
1298881116 -8.58596 41.1486
1298881117 -8.58596 41.1486
1298881118 -8.58596 41.1486
1298881119 -8.58596 41.1486
1298881120 -8.58596 41.1486
1298881121 -8.58596 41.1486
1298881122 -8.58596 41.1486
1298881123 -8.58596 41.1486
1298881124 -8.58596 41.1486
1298881125 -8.58596 41.1486
1298881126 -8.58596 41.1486
1298881127 -8.58596 41.1486
1298881128 -8.58596 41.1486
1298881129 -8.58596 41.1486
1298881130 -8.58596 41.1486
1298881131 -8.58596 41.1486
1298881132 -8.58596 41.1486
1298881133 -8.58596 41.1486
1298881134 -8.58596 41.1486
1298881135 -8.58596 41.1486
1298881136 -8.58596 41.1486
1298881137 -8.58596 41.1486
1298881138 -8.58596 41.1486
1298881139 -8.58596 41.1486
1298881140 -8.58596 41.1486
1298881141 -8.58596 41.1486
1298881142 -8.58596 41.1486
1298881143 -8.58596 41.1486
1298881144 -8.58596 41.1486
1298881145 -8.58596 41.1486
1298881146 -8.58597 41.1486
1298881147 -8.58597 41.1486
1298881148 -8.58597 41.1486
1298881149 -8.58597 41.1486
1298881150 -8.58597 41.1486
1298881151 -8.58597 41.1486
1298881152 -8.58597 41.1486
1298881153 -8.58597 41.1486
1298881154 -8.58597 41.1486
1298881155 -8.58597 41.1486
1298881156 -8.58597 41.1486
1298881157 -8.58597 41.1486
1298881158 -8.58597 41.1486
1298881159 -8.58597 41.1486
1298881160 -8.58596 41.1486
1298881161 -8.58596 41.1486
1298881162 -8.58596 41.1486
1298881163 -8.58596 41.1486
1298881164 -8.58596 41.1486
1298881165 -8.58596 41.1486
1298881166 -8.58596 41.1486
1298881167 -8.58596 41.1486
1298881168 -8.58596 41.1486
1298881169 -8.58595 41.1486
1298881170 -8.58595 41.1486
1298881171 -8.58595 41.1486
1298881172 -8.58594 41.1486
1298881173 -8.58594 41.1487
1298881174 -8.58594 41.1487
1298881175 -8.58594 41.1487
1298881176 -8.58594 41.1487
1298881177 -8.58594 41.1487
1298881178 -8.58593 41.1487
1298881179 -8.58593 41.1487
1298881180 -8.58593 41.1487
1298881181 -8.58593 41.1487
1298881182 -8.58593 41.1487
1298881183 -8.58592 41.1487
1298881184 -8.58592 41.1487
1298881185 -8.58592 41.1487
1298881186 -8.58592 41.1487
1298881187 -8.58592 41.1487
1298881188 -8.58592 41.1487
1298881189 -8.58592 41.1487
1298881190 -8.58592 41.1487
1298881191 -8.58592 41.1487
1298881192 -8.58592 41.1487
1298881193 -8.58592 41.1487
1298881194 -8.58592 41.1487
1298881195 -8.58591 41.1487
1298881196 -8.58591 41.1487
1298881197 -8.58592 41.1487
1298881198 -8.58592 41.1487
1298881199 -8.58592 41.1487
1298881200 -8.58592 41.1487
