:break:
1298880072 -8.65031 41.154
1298880073 -8.65034 41.154
1298880074 -8.65037 41.1539
1298880075 -8.6504 41.1539
1298880076 -8.65042 41.1539
1298880077 -8.65041 41.1538
1298880078 -8.65039 41.1537
1298880079 -8.65035 41.1537
1298880080 -8.65031 41.1536
1298880081 -8.65029 41.1536
1298880082 -8.65026 41.1536
1298880083 -8.65022 41.1535
1298880084 -8.65019 41.1535
1298880085 -8.65015 41.1534
1298880086 -8.65013 41.1534
1298880087 -8.65008 41.1533
1298880088 -8.65004 41.1533
1298880089 -8.65002 41.1533
1298880090 -8.64995 41.1532
1298880091 -8.64995 41.1532
1298880092 -8.64996 41.1531
1298880093 -8.64998 41.1531
1298880094 -8.64999 41.1531
1298880095 -8.65001 41.1531
1298880096 -8.65001 41.153
1298880097 -8.65002 41.153
1298880098 -8.65004 41.153
1298880099 -8.65004 41.153
1298880100 -8.65007 41.153
1298880101 -8.65009 41.153
1298880102 -8.65013 41.153
1298880103 -8.65015 41.1529
1298880104 -8.65018 41.1529
1298880105 -8.6502 41.1529
1298880106 -8.6502 41.1529
1298880107 -8.65019 41.1529
1298880108 -8.65019 41.1529
1298880109 -8.65018 41.1529
1298880110 -8.65018 41.1529
1298880111 -8.65016 41.1528
1298880112 -8.65015 41.1528
1298880113 -8.65014 41.1528
1298880114 -8.65014 41.1528
1298880115 -8.65013 41.1528
1298880116 -8.6501 41.1528
1298880117 -8.65007 41.1528
1298880118 -8.65004 41.1527
1298880119 -8.65 41.1527
1298880120 -8.64996 41.1527
1298880121 -8.64995 41.1527
1298880122 -8.64994 41.1526
1298880123 -8.64992 41.1526
1298880124 -8.64991 41.1526
1298880125 -8.64991 41.1526
1298880126 -8.64991 41.1526
1298880127 -8.64992 41.1526
1298880128 -8.6499 41.1526
1298880129 -8.64991 41.1526
1298880130 -8.6499 41.1527
1298880131 -8.6499 41.1527
1298880132 -8.64989 41.1527
1298880133 -8.64989 41.1527
1298880134 -8.64988 41.1527
1298880135 -8.64988 41.1527
1298880136 -8.64989 41.1527
1298880137 -8.64992 41.1527
1298880138 -8.64994 41.1527
1298880139 -8.64995 41.1527
1298880140 -8.64996 41.1527
1298880141 -8.64997 41.1527
1298880142 -8.64997 41.1527
1298880143 -8.64997 41.1527
1298880144 -8.64996 41.1527
1298880145 -8.64995 41.1527
1298880146 -8.64994 41.1527
1298880147 -8.64992 41.1526
1298880148 -8.6499 41.1526
1298880149 -8.64988 41.1526
1298880150 -8.64987 41.1526
1298880151 -8.64987 41.1526
1298880152 -8.64986 41.1526
1298880153 -8.64987 41.1526
1298880154 -8.64987 41.1526
1298880155 -8.64987 41.1526
1298880156 -8.64988 41.1526
1298880157 -8.64988 41.1526
1298880158 -8.64988 41.1526
1298880159 -8.64988 41.1526
1298880160 -8.64988 41.1526
1298880161 -8.64987 41.1526
1298880162 -8.64988 41.1526
1298880163 -8.64988 41.1526
1298880164 -8.64988 41.1526
1298880165 -8.64988 41.1526
1298880166 -8.64988 41.1525
1298880167 -8.64989 41.1525
1298880168 -8.64989 41.1525
1298880169 -8.64989 41.1525
1298880170 -8.64989 41.1525
1298880171 -8.6499 41.1525
1298880172 -8.6499 41.1525
1298880173 -8.6499 41.1525
1298880174 -8.64991 41.1525
1298880175 -8.64991 41.1525
1298880176 -8.64991 41.1525
1298880177 -8.64992 41.1525
1298880178 -8.64992 41.1525
1298880179 -8.64993 41.1525
1298880180 -8.64994 41.1525
1298880181 -8.64995 41.1525
1298880182 -8.64995 41.1525
1298880183 -8.64995 41.1525
1298880184 -8.64995 41.1525
1298880185 -8.64995 41.1525
1298880186 -8.64995 41.1525
1298880187 -8.64995 41.1525
1298880188 -8.64996 41.1525
1298880189 -8.64996 41.1525
1298880190 -8.64996 41.1525
1298880191 -8.64996 41.1525
1298880192 -8.64996 41.1525
1298880193 -8.64996 41.1525
1298880194 -8.64996 41.1525
1298880195 -8.64996 41.1525
1298880196 -8.64996 41.1525
1298880197 -8.64995 41.1525
1298880198 -8.64995 41.1525
1298880199 -8.64995 41.1525
1298880200 -8.64995 41.1525
1298880201 -8.64995 41.1525
1298880202 -8.64995 41.1525
1298880203 -8.64995 41.1525
1298880204 -8.64995 41.1525
1298880205 -8.64995 41.1525
1298880206 -8.64995 41.1525
1298880207 -8.64996 41.1525
1298880208 -8.64996 41.1525
1298880209 -8.64996 41.1525
1298880210 -8.64996 41.1525
1298880211 -8.64996 41.1525
1298880212 -8.64996 41.1525
1298880213 -8.64996 41.1525
1298880214 -8.64995 41.1525
1298880215 -8.64995 41.1525
1298880216 -8.64995 41.1525
1298880217 -8.64995 41.1525
1298880218 -8.64996 41.1525
1298880219 -8.64995 41.1525
1298880220 -8.64996 41.1525
1298880221 -8.64996 41.1525
1298880222 -8.64996 41.1525
1298880223 -8.64996 41.1525
1298880224 -8.64996 41.1525
1298880225 -8.64996 41.1525
1298880226 -8.64997 41.1525
1298880227 -8.64997 41.1525
1298880228 -8.64998 41.1525
1298880229 -8.65001 41.1525
1298880230 -8.65003 41.1525
1298880231 -8.65004 41.1526
1298880232 -8.65007 41.1526
1298880233 -8.65009 41.1526
1298880234 -8.65012 41.1527
1298880235 -8.65013 41.1527
1298880236 -8.65014 41.1527
1298880237 -8.65015 41.1527
1298880238 -8.65015 41.1527
1298880239 -8.65015 41.1527
1298880240 -8.65016 41.1527
1298880241 -8.65016 41.1528
1298880242 -8.65016 41.1528
1298880243 -8.65015 41.1528
1298880244 -8.65013 41.1529
1298880245 -8.6501 41.1529
1298880246 -8.65006 41.1529
1298880247 -8.65004 41.153
1298880248 -8.65 41.153
1298880249 -8.64995 41.153
1298880250 -8.64991 41.153
1298880251 -8.64989 41.153
1298880252 -8.64988 41.153
1298880253 -8.64987 41.153
1298880254 -8.64986 41.153
1298880255 -8.64985 41.153
1298880256 -8.64983 41.153
1298880257 -8.6498 41.153
1298880258 -8.64977 41.153
1298880259 -8.64974 41.153
1298880260 -8.64968 41.1529
1298880261 -8.64965 41.1528
1298880262 -8.64959 41.1528
1298880263 -8.64954 41.1527
1298880264 -8.64948 41.1526
1298880265 -8.6494 41.1526
1298880266 -8.64935 41.1525
1298880267 -8.64931 41.1525
1298880268 -8.6493 41.1525
1298880269 -8.64929 41.1525
1298880270 -8.64928 41.1524
1298880271 -8.64926 41.1524
1298880272 -8.64924 41.1524
1298880273 -8.64923 41.1524
1298880274 -8.64922 41.1524
1298880275 -8.64922 41.1524
1298880276 -8.64922 41.1524
1298880277 -8.64923 41.1523
1298880278 -8.64926 41.1523
1298880279 -8.64927 41.1522
1298880280 -8.64932 41.1521
1298880281 -8.64936 41.1521
1298880282 -8.6494 41.152
1298880283 -8.64943 41.1519
1298880284 -8.64948 41.1518
1298880285 -8.64951 41.1517
1298880286 -8.64957 41.1516
1298880287 -8.64962 41.1515
1298880288 -8.64967 41.1514
1298880289 -8.64972 41.1513
1298880290 -8.64977 41.1512
1298880291 -8.64984 41.1512
1298880292 -8.64992 41.1511
1298880293 -8.65002 41.1511
1298880294 -8.65013 41.151
1298880295 -8.65026 41.151
1298880296 -8.65039 41.1509
1298880297 -8.65052 41.1509
1298880298 -8.65065 41.1508
1298880299 -8.65076 41.1507
1298880300 -8.65086 41.1507
1298880301 -8.65096 41.1506
1298880302 -8.65106 41.1506
1298880303 -8.65116 41.1505
1298880304 -8.65126 41.1504
1298880305 -8.65138 41.1504
1298880306 -8.65148 41.1503
1298880307 -8.65161 41.1503
1298880308 -8.65172 41.1502
1298880309 -8.65184 41.1502
1298880310 -8.65196 41.1501
1298880311 -8.65208 41.1501
1298880312 -8.65219 41.15
1298880313 -8.6523 41.1499
1298880314 -8.65241 41.1498
1298880315 -8.65252 41.1497
1298880316 -8.65262 41.1496
1298880317 -8.6527 41.1495
1298880318 -8.65278 41.1494
1298880319 -8.65282 41.1493
1298880320 -8.65287 41.1492
1298880321 -8.65291 41.1491
1298880322 -8.65294 41.149
1298880323 -8.65297 41.1489
1298880324 -8.65298 41.1488
1298880325 -8.65299 41.1488
1298880326 -8.65301 41.1487
1298880327 -8.65302 41.1487
1298880328 -8.65303 41.1487
1298880329 -8.65303 41.1487
1298880330 -8.65304 41.1487
1298880331 -8.65304 41.1487
1298880332 -8.65304 41.1487
1298880333 -8.65304 41.1487
1298880334 -8.65304 41.1487
1298880335 -8.65304 41.1487
1298880336 -8.65305 41.1487
1298880337 -8.65305 41.1487
1298880338 -8.65305 41.1487
1298880339 -8.65306 41.1487
1298880340 -8.65306 41.1487
1298880341 -8.65306 41.1487
1298880342 -8.65307 41.1487
1298880343 -8.65307 41.1487
1298880344 -8.65307 41.1487
1298880345 -8.65307 41.1487
1298880346 -8.65308 41.1487
1298880347 -8.65308 41.1487
1298880348 -8.65309 41.1487
1298880349 -8.6531 41.1487
1298880350 -8.6531 41.1487
1298880351 -8.6531 41.1487
1298880352 -8.6531 41.1487
1298880353 -8.6531 41.1487
1298880354 -8.65311 41.1487
1298880355 -8.65312 41.1487
1298880356 -8.65312 41.1486
1298880357 -8.65314 41.1486
1298880358 -8.65318 41.1486
1298880359 -8.65323 41.1486
1298880360 -8.65328 41.1486
1298880361 -8.65336 41.1486
1298880362 -8.65344 41.1487
1298880363 -8.65353 41.1488
1298880364 -8.65362 41.1489
1298880365 -8.6537 41.149
1298880366 -8.65379 41.1491
1298880367 -8.65388 41.1491
1298880368 -8.65397 41.1493
1298880369 -8.65407 41.1494
1298880370 -8.6542 41.1495
1298880371 -8.65433 41.1496
1298880372 -8.65446 41.1497
1298880373 -8.6546 41.1498
1298880374 -8.65474 41.1499
1298880375 -8.65486 41.15
1298880376 -8.65502 41.1501
1298880377 -8.65519 41.1502
1298880378 -8.65536 41.1502
1298880379 -8.65553 41.1503
1298880380 -8.6557 41.1503
1298880381 -8.65583 41.1504
1298880382 -8.65596 41.1505
1298880383 -8.65606 41.1506
1298880384 -8.65616 41.1507
1298880385 -8.65625 41.1508
1298880386 -8.65631 41.1508
1298880387 -8.65634 41.1508
1298880388 -8.65634 41.1508
1298880389 -8.65634 41.1508
1298880390 -8.65633 41.1508
1298880391 -8.65633 41.1508
1298880392 -8.65632 41.1508
1298880393 -8.65632 41.1508
1298880394 -8.65631 41.1508
1298880395 -8.65631 41.1508
1298880396 -8.65631 41.1508
1298880397 -8.65631 41.1508
1298880398 -8.65631 41.1508
1298880399 -8.65631 41.1508
1298880400 -8.65631 41.1508
1298880401 -8.65631 41.1508
1298880402 -8.65631 41.1508
1298880403 -8.65631 41.1508
1298880404 -8.65631 41.1508
1298880405 -8.65631 41.1508
1298880406 -8.65631 41.1508
1298880407 -8.65631 41.1508
1298880408 -8.65631 41.1508
1298880409 -8.65631 41.1508
1298880410 -8.65631 41.1508
1298880411 -8.65632 41.1508
1298880412 -8.65632 41.1508
1298880413 -8.65632 41.1508
1298880414 -8.65632 41.1508
1298880415 -8.65632 41.1508
1298880416 -8.65632 41.1508
1298880417 -8.65632 41.1508
1298880418 -8.65632 41.1508
1298880419 -8.65632 41.1508
1298880420 -8.65632 41.1508
1298880421 -8.65632 41.1508
1298880422 -8.65633 41.1508
1298880423 -8.65635 41.1508
1298880424 -8.65641 41.1508
1298880425 -8.65646 41.1509
1298880426 -8.65652 41.1509
1298880427 -8.65659 41.1509
1298880428 -8.65667 41.151
1298880429 -8.65678 41.151
1298880430 -8.6569 41.151
1298880431 -8.65703 41.1511
1298880432 -8.65716 41.1511
1298880433 -8.65732 41.1511
1298880434 -8.65745 41.1511
1298880435 -8.65758 41.1511
1298880436 -8.65769 41.151
1298880437 -8.65782 41.151
1298880438 -8.65795 41.151
1298880439 -8.65809 41.1509
1298880440 -8.65822 41.1509
1298880441 -8.65836 41.1509
1298880442 -8.65852 41.1509
1298880443 -8.65871 41.1509
1298880444 -8.6589 41.1509
1298880445 -8.6591 41.1508
1298880446 -8.65932 41.1508
1298880447 -8.65953 41.1507
1298880448 -8.65975 41.1507
1298880449 -8.65997 41.1507
1298880450 -8.6602 41.1506
1298880451 -8.66042 41.1506
1298880452 -8.66064 41.1506
1298880453 -8.66084 41.1505
1298880454 -8.66104 41.1505
1298880455 -8.66122 41.1505
1298880456 -8.66137 41.1505
1298880457 -8.66154 41.1505
1298880458 -8.66168 41.1505
1298880459 -8.66181 41.1505
1298880460 -8.66192 41.1505
1298880461 -8.662 41.1505
1298880462 -8.66204 41.1505
1298880463 -8.66205 41.1505
1298880464 -8.66205 41.1505
1298880465 -8.66205 41.1505
1298880466 -8.66205 41.1505
1298880467 -8.66206 41.1505
1298880468 -8.66206 41.1505
1298880469 -8.66206 41.1505
1298880470 -8.66206 41.1505
1298880471 -8.66206 41.1505
1298880472 -8.66206 41.1505
1298880473 -8.66206 41.1505
1298880474 -8.66206 41.1505
1298880475 -8.66206 41.1505
1298880476 -8.66206 41.1505
1298880477 -8.66206 41.1505
1298880478 -8.66206 41.1505
1298880479 -8.66206 41.1505
1298880480 -8.66206 41.1505
1298880481 -8.66206 41.1505
1298880482 -8.66206 41.1505
1298880483 -8.66206 41.1505
1298880484 -8.66206 41.1505
1298880485 -8.66206 41.1505
1298880486 -8.66206 41.1505
1298880487 -8.66206 41.1505
1298880488 -8.66206 41.1505
1298880489 -8.66206 41.1505
1298880490 -8.66206 41.1505
1298880491 -8.66205 41.1505
1298880492 -8.66206 41.1505
1298880493 -8.66206 41.1505
1298880494 -8.66206 41.1505
1298880495 -8.66205 41.1505
1298880496 -8.66205 41.1505
1298880497 -8.66205 41.1505
1298880498 -8.66205 41.1505
1298880499 -8.66205 41.1505
1298880500 -8.66205 41.1505
1298880501 -8.66205 41.1505
1298880502 -8.66205 41.1505
1298880503 -8.66205 41.1505
1298880504 -8.66204 41.1505
1298880505 -8.66204 41.1505
1298880506 -8.66205 41.1505
1298880507 -8.66208 41.1505
1298880508 -8.66213 41.1505
1298880509 -8.66221 41.1505
1298880510 -8.66229 41.1505
1298880511 -8.66237 41.1505
1298880512 -8.66247 41.1505
1298880513 -8.66259 41.1505
1298880514 -8.66272 41.1505
1298880515 -8.66284 41.1505
1298880516 -8.66297 41.1505
1298880517 -8.6631 41.1505
1298880518 -8.66325 41.1505
1298880519 -8.66339 41.1505
1298880520 -8.66354 41.1506
1298880521 -8.6637 41.1506
1298880522 -8.66385 41.1506
1298880523 -8.664 41.1506
1298880524 -8.66417 41.1506
1298880525 -8.66435 41.1506
1298880526 -8.66452 41.1507
1298880527 -8.6647 41.1507
1298880528 -8.66488 41.1507
1298880529 -8.66507 41.1508
1298880530 -8.66525 41.1508
1298880531 -8.66543 41.1509
1298880532 -8.66561 41.1509
1298880533 -8.66579 41.151
1298880534 -8.66596 41.151
1298880535 -8.66614 41.1511
1298880536 -8.66631 41.1511
1298880537 -8.66649 41.1512
1298880538 -8.66666 41.1512
1298880539 -8.66683 41.1513
1298880540 -8.667 41.1513
1298880541 -8.66717 41.1514
1298880542 -8.66733 41.1515
1298880543 -8.6675 41.1515
1298880544 -8.66767 41.1516
1298880545 -8.66784 41.1517
1298880546 -8.66802 41.1518
1298880547 -8.66818 41.1518
1298880548 -8.66833 41.1519
1298880549 -8.66849 41.152
1298880550 -8.66864 41.1521
1298880551 -8.66879 41.1522
1298880552 -8.66893 41.1522
1298880553 -8.66906 41.1523
1298880554 -8.6692 41.1524
1298880555 -8.66933 41.1525
1298880556 -8.66946 41.1525
1298880557 -8.66957 41.1526
1298880558 -8.66969 41.1527
1298880559 -8.66981 41.1528
1298880560 -8.66991 41.1528
1298880561 -8.67001 41.1529
1298880562 -8.6701 41.153
1298880563 -8.67019 41.153
1298880564 -8.67027 41.1531
1298880565 -8.67034 41.1531
1298880566 -8.67039 41.1532
1298880567 -8.67043 41.1532
1298880568 -8.67047 41.1532
1298880569 -8.6705 41.1533
1298880570 -8.67053 41.1533
1298880571 -8.67056 41.1533
1298880572 -8.6706 41.1533
1298880573 -8.67065 41.1534
1298880574 -8.6707 41.1534
1298880575 -8.67075 41.1535
1298880576 -8.67083 41.1535
1298880577 -8.67091 41.1536
1298880578 -8.671 41.1536
1298880579 -8.67109 41.1537
1298880580 -8.67117 41.1538
1298880581 -8.67126 41.1539
1298880582 -8.67133 41.1539
1298880583 -8.67141 41.154
1298880584 -8.67149 41.1541
1298880585 -8.67156 41.1541
1298880586 -8.67164 41.1542
1298880587 -8.67171 41.1543
1298880588 -8.67178 41.1543
1298880589 -8.67183 41.1544
1298880590 -8.67188 41.1544
1298880591 -8.67192 41.1545
1298880592 -8.67195 41.1545
1298880593 -8.67199 41.1545
1298880594 -8.67201 41.1546
1298880595 -8.67204 41.1546
1298880596 -8.67206 41.1546
1298880597 -8.67207 41.1546
1298880598 -8.67208 41.1546
1298880599 -8.67209 41.1546
1298880600 -8.67211 41.1547
1298880601 -8.67214 41.1547
1298880602 -8.67218 41.1547
1298880603 -8.67221 41.1547
1298880604 -8.67224 41.1548
1298880605 -8.67225 41.1548
1298880606 -8.67226 41.1548
1298880607 -8.67226 41.1548
1298880608 -8.67225 41.1549
1298880609 -8.67224 41.1549
1298880610 -8.67221 41.1549
1298880611 -8.67219 41.155
1298880612 -8.67217 41.155
1298880613 -8.67215 41.1551
1298880614 -8.67214 41.1551
1298880615 -8.67214 41.1552
1298880616 -8.67215 41.1552
1298880617 -8.67217 41.1553
1298880618 -8.6722 41.1554
1298880619 -8.67225 41.1555
1298880620 -8.67229 41.1555
1298880621 -8.67234 41.1555
1298880622 -8.67238 41.1556
1298880623 -8.67243 41.1556
1298880624 -8.67248 41.1556
1298880625 -8.67254 41.1557
1298880626 -8.67259 41.1557
1298880627 -8.67263 41.1557
1298880628 -8.67265 41.1557
1298880629 -8.67266 41.1557
1298880630 -8.67266 41.1557
1298880631 -8.67266 41.1557
1298880632 -8.67266 41.1557
1298880633 -8.67266 41.1557
1298880634 -8.67266 41.1557
1298880635 -8.67266 41.1557
1298880636 -8.67266 41.1557
1298880637 -8.67266 41.1557
1298880638 -8.67266 41.1557
1298880639 -8.67266 41.1557
1298880640 -8.67265 41.1557
1298880641 -8.67265 41.1557
1298880642 -8.67265 41.1557
1298880643 -8.67265 41.1557
1298880644 -8.67265 41.1557
1298880645 -8.67265 41.1557
1298880646 -8.67266 41.1557
1298880647 -8.67268 41.1557
1298880648 -8.67271 41.1557
1298880649 -8.67276 41.1557
1298880650 -8.67283 41.1556
1298880651 -8.6729 41.1556
1298880652 -8.67298 41.1556
1298880653 -8.67306 41.1555
1298880654 -8.67313 41.1554
1298880655 -8.67318 41.1553
1298880656 -8.6732 41.1552
1298880657 -8.6732 41.1551
1298880658 -8.67317 41.155
1298880659 -8.6731 41.1549
1298880660 -8.67302 41.1549
1298880661 -8.67291 41.1548
1298880662 -8.67281 41.1548
1298880663 -8.67269 41.1547
1298880664 -8.67259 41.1547
1298880665 -8.67249 41.1547
1298880666 -8.6724 41.1547
1298880667 -8.67232 41.1547
1298880668 -8.67225 41.1547
1298880669 -8.67218 41.1546
1298880670 -8.67212 41.1545
1298880671 -8.67203 41.1544
1298880672 -8.67194 41.1543
1298880673 -8.67185 41.1543
1298880674 -8.67175 41.1542
1298880675 -8.67164 41.1541
1298880676 -8.67154 41.154
1298880677 -8.67142 41.1539
1298880678 -8.67131 41.1538
1298880679 -8.6712 41.1537
1298880680 -8.67109 41.1536
1298880681 -8.67097 41.1535
1298880682 -8.67085 41.1534
1298880683 -8.67074 41.1533
1298880684 -8.67062 41.1532
1298880685 -8.67049 41.1532
1298880686 -8.67037 41.1531
1298880687 -8.67025 41.153
1298880688 -8.67012 41.1529
1298880689 -8.67 41.1528
1298880690 -8.66987 41.1527
1298880691 -8.66975 41.1527
1298880692 -8.66962 41.1526
1298880693 -8.6695 41.1525
1298880694 -8.66941 41.1524
1298880695 -8.66936 41.1524
1298880696 -8.66931 41.1523
1298880697 -8.66929 41.1522
1298880698 -8.66929 41.1522
1298880699 -8.66932 41.1521
1298880700 -8.66935 41.152
1298880701 -8.66939 41.152
1298880702 -8.66946 41.1519
1298880703 -8.66955 41.1518
1298880704 -8.66964 41.1518
1298880705 -8.66975 41.1517
1298880706 -8.66983 41.1517
1298880707 -8.66992 41.1517
1298880708 -8.67 41.1516
1298880709 -8.67008 41.1516
1298880710 -8.67017 41.1516
1298880711 -8.67023 41.1516
1298880712 -8.67028 41.1515
1298880713 -8.67033 41.1515
1298880714 -8.67037 41.1515
1298880715 -8.67039 41.1514
1298880716 -8.67041 41.1514
1298880717 -8.67044 41.1513
1298880718 -8.67044 41.1513
1298880719 -8.67043 41.1512
1298880720 -8.67037 41.1512
1298880721 -8.67036 41.1511
1298880722 -8.67037 41.1511
1298880723 -8.6704 41.1511
1298880724 -8.67043 41.1511
1298880725 -8.67048 41.151
1298880726 -8.67056 41.151
1298880727 -8.67063 41.1509
1298880728 -8.67068 41.1509
1298880729 -8.67074 41.1509
1298880730 -8.67081 41.1509
1298880731 -8.67087 41.1508
1298880732 -8.67094 41.1508
1298880733 -8.67101 41.1508
1298880734 -8.67107 41.1508
1298880735 -8.67111 41.1508
1298880736 -8.67113 41.1507
1298880737 -8.67116 41.1507
1298880738 -8.67118 41.1507
1298880739 -8.67124 41.1506
1298880740 -8.67127 41.1506
1298880741 -8.67133 41.1506
1298880742 -8.67136 41.1505
1298880743 -8.67139 41.1505
1298880744 -8.67142 41.1505
1298880745 -8.67144 41.1505
1298880746 -8.67148 41.1504
1298880747 -8.67153 41.1504
1298880748 -8.67161 41.1504
1298880749 -8.67166 41.1503
1298880750 -8.67171 41.1503
1298880751 -8.67174 41.1503
1298880752 -8.67178 41.1503
1298880753 -8.67181 41.1503
1298880754 -8.67184 41.1502
1298880755 -8.67185 41.1502
1298880756 -8.67185 41.1502
1298880757 -8.67185 41.1502
1298880758 -8.67183 41.1502
1298880759 -8.67183 41.1501
1298880760 -8.67183 41.1501
1298880761 -8.67184 41.1501
1298880762 -8.67187 41.15
1298880763 -8.67188 41.15
1298880764 -8.67188 41.15
1298880765 -8.67188 41.1499
1298880766 -8.67188 41.1499
1298880767 -8.67187 41.1499
1298880768 -8.67187 41.1499
1298880769 -8.67186 41.1498
1298880770 -8.67187 41.1498
1298880771 -8.67188 41.1498
1298880772 -8.67188 41.1498
1298880773 -8.67187 41.1498
1298880774 -8.67187 41.1498
1298880775 -8.67188 41.1498
1298880776 -8.67189 41.1498
1298880777 -8.6719 41.1497
1298880778 -8.6719 41.1497
1298880779 -8.6719 41.1497
1298880780 -8.67189 41.1497
1298880781 -8.67189 41.1497
1298880782 -8.67189 41.1497
1298880783 -8.67189 41.1497
1298880784 -8.67189 41.1497
1298880785 -8.67189 41.1497
1298880786 -8.67189 41.1497
1298880787 -8.6719 41.1497
1298880788 -8.67191 41.1497
1298880789 -8.67191 41.1496
1298880790 -8.67191 41.1496
1298880791 -8.67191 41.1496
1298880792 -8.67191 41.1496
1298880793 -8.67191 41.1495
1298880794 -8.67191 41.1495
1298880795 -8.67191 41.1495
1298880796 -8.6719 41.1494
1298880797 -8.6719 41.1494
1298880798 -8.67187 41.1494
1298880799 -8.67186 41.1494
1298880800 -8.67186 41.1494
1298880801 -8.67186 41.1494
1298880802 -8.67185 41.1493
1298880803 -8.67185 41.1493
1298880804 -8.67185 41.1493
1298880805 -8.67184 41.1493
1298880806 -8.67184 41.1493
1298880807 -8.67183 41.1493
1298880808 -8.67183 41.1493
1298880809 -8.67183 41.1493
1298880810 -8.67183 41.1493
1298880811 -8.67183 41.1493
1298880812 -8.67183 41.1493
1298880813 -8.67183 41.1493
1298880814 -8.67182 41.1493
1298880815 -8.67182 41.1493
1298880816 -8.67183 41.1493
1298880817 -8.67183 41.1493
1298880818 -8.67183 41.1493
1298880819 -8.67183 41.1493
1298880820 -8.67183 41.1493
1298880821 -8.67182 41.1493
1298880822 -8.67182 41.1493
1298880823 -8.67179 41.1493
1298880824 -8.67178 41.1493
1298880825 -8.67176 41.1493
1298880826 -8.67176 41.1493
1298880827 -8.67175 41.1493
1298880828 -8.67175 41.1493
1298880829 -8.67175 41.1493
1298880830 -8.67175 41.1493
1298880831 -8.67174 41.1493
1298880832 -8.67174 41.1493
1298880833 -8.67174 41.1493
1298880834 -8.67174 41.1493
1298880835 -8.67173 41.1493
1298880836 -8.67173 41.1493
1298880837 -8.67173 41.1493
1298880838 -8.67174 41.1493
1298880839 -8.67176 41.1493
1298880840 -8.67176 41.1493
1298880841 -8.67175 41.1493
1298880842 -8.67175 41.1493
1298880843 -8.67175 41.1493
1298880844 -8.67175 41.1493
1298880845 -8.67174 41.1493
1298880846 -8.67173 41.1493
1298880847 -8.67173 41.1493
1298880848 -8.67173 41.1493
1298880849 -8.67173 41.1493
1298880850 -8.67172 41.1493
1298880851 -8.67172 41.1493
1298880852 -8.67172 41.1493
1298880853 -8.67172 41.1493
1298880854 -8.67172 41.1493
1298880855 -8.67172 41.1493
1298880856 -8.67172 41.1493
1298880857 -8.67172 41.1493
1298880858 -8.67172 41.1493
1298880859 -8.67172 41.1493
1298880860 -8.67171 41.1493
1298880861 -8.67172 41.1493
1298880862 -8.67172 41.1493
1298880863 -8.67172 41.1493
1298880864 -8.67172 41.1493
1298880865 -8.67172 41.1493
1298880866 -8.67172 41.1493
1298880867 -8.67172 41.1493
1298880868 -8.67172 41.1493
1298880869 -8.67172 41.1493
1298880870 -8.67172 41.1493
1298880871 -8.67172 41.1493
1298880872 -8.67172 41.1493
1298880873 -8.67172 41.1493
1298880874 -8.67172 41.1493
1298880875 -8.67172 41.1493
1298880876 -8.67172 41.1493
1298880877 -8.67171 41.1493
1298880878 -8.67171 41.1493
1298880879 -8.67171 41.1493
1298880880 -8.67171 41.1493
1298880881 -8.67171 41.1493
1298880882 -8.6717 41.1493
1298880883 -8.6717 41.1493
1298880884 -8.6717 41.1493
1298880885 -8.6717 41.1493
1298880886 -8.6717 41.1493
1298880887 -8.67169 41.1493
1298880888 -8.67169 41.1493
1298880889 -8.67169 41.1493
1298880890 -8.67169 41.1493
1298880891 -8.67169 41.1493
1298880892 -8.67169 41.1493
1298880893 -8.67169 41.1493
1298880894 -8.67169 41.1493
1298880895 -8.67169 41.1493
1298880896 -8.67168 41.1493
1298880897 -8.67169 41.1493
1298880898 -8.67169 41.1493
1298880899 -8.67169 41.1492
1298880900 -8.67168 41.1492
1298880901 -8.67168 41.1493
1298880902 -8.67167 41.1492
1298880903 -8.67167 41.1492
1298880904 -8.67167 41.1492
1298880905 -8.67167 41.1492
1298880906 -8.67168 41.1492
1298880907 -8.6717 41.1492
1298880908 -8.67171 41.1492
1298880909 -8.67173 41.1492
1298880910 -8.67173 41.1492
1298880911 -8.67174 41.1491
1298880912 -8.67175 41.1491
1298880913 -8.67173 41.1491
1298880914 -8.67173 41.1491
1298880915 -8.67174 41.1491
1298880916 -8.67176 41.1491
1298880917 -8.67177 41.1491
1298880918 -8.67179 41.1491
1298880919 -8.67181 41.1491
1298880920 -8.67185 41.1491
1298880921 -8.67191 41.1491
1298880922 -8.67197 41.1491
1298880923 -8.67204 41.1491
1298880924 -8.67212 41.1491
1298880925 -8.67222 41.1491
1298880926 -8.67233 41.1491
1298880927 -8.67246 41.1491
1298880928 -8.6726 41.1491
1298880929 -8.67272 41.1491
1298880930 -8.67286 41.1491
1298880931 -8.67299 41.1492
1298880932 -8.67314 41.1492
1298880933 -8.67328 41.1493
1298880934 -8.67343 41.1493
1298880935 -8.67359 41.1494
1298880936 -8.67375 41.1494
1298880937 -8.67393 41.1494
1298880938 -8.6741 41.1494
1298880939 -8.67428 41.1494
1298880940 -8.67446 41.1494
1298880941 -8.67464 41.1494
1298880942 -8.67482 41.1494
1298880943 -8.675 41.1494
1298880944 -8.67518 41.1494
1298880945 -8.67534 41.1494
1298880946 -8.67549 41.1494
1298880947 -8.67561 41.1495
1298880948 -8.6757 41.1496
1298880949 -8.67577 41.1497
1298880950 -8.67583 41.1498
1298880951 -8.67586 41.1499
1298880952 -8.67591 41.1499
1298880953 -8.67595 41.15
1298880954 -8.67598 41.1501
1298880955 -8.67604 41.1502
1298880956 -8.6761 41.1503
1298880957 -8.67616 41.1504
1298880958 -8.67623 41.1505
1298880959 -8.6763 41.1506
1298880960 -8.67639 41.1507
1298880961 -8.67647 41.1508
1298880962 -8.67655 41.1509
1298880963 -8.67662 41.151
1298880964 -8.67669 41.1511
1298880965 -8.67679 41.1512
1298880966 -8.67688 41.1512
1298880967 -8.67694 41.1513
1298880968 -8.67698 41.1514
1298880969 -8.67702 41.1514
1298880970 -8.67705 41.1515
1298880971 -8.67706 41.1515
1298880972 -8.67707 41.1516
1298880973 -8.67708 41.1516
1298880974 -8.67711 41.1517
1298880975 -8.67715 41.1517
1298880976 -8.67722 41.1518
1298880977 -8.67731 41.1519
1298880978 -8.67741 41.152
1298880979 -8.6775 41.1521
1298880980 -8.67759 41.1522
1298880981 -8.67768 41.1523
1298880982 -8.67778 41.1524
1298880983 -8.67789 41.1524
1298880984 -8.678 41.1525
1298880985 -8.67807 41.1526
1298880986 -8.67812 41.1528
1298880987 -8.67821 41.1529
1298880988 -8.6783 41.153
1298880989 -8.67836 41.1531
1298880990 -8.67844 41.1532
1298880991 -8.67853 41.1533
1298880992 -8.67862 41.1534
1298880993 -8.6787 41.1535
1298880994 -8.67879 41.1536
1298880995 -8.67888 41.1537
1298880996 -8.67897 41.1538
1298880997 -8.67907 41.1539
1298880998 -8.67917 41.1541
1298880999 -8.67927 41.1542
1298881000 -8.67938 41.1543
1298881001 -8.67947 41.1544
1298881002 -8.67957 41.1546
1298881003 -8.67967 41.1547
1298881004 -8.67978 41.1548
1298881005 -8.67988 41.1549
1298881006 -8.67998 41.155
1298881007 -8.68006 41.1551
1298881008 -8.68014 41.1552
1298881009 -8.6802 41.1553
1298881010 -8.68026 41.1554
1298881011 -8.6803 41.1554
1298881012 -8.68035 41.1555
1298881013 -8.68038 41.1555
1298881014 -8.68044 41.1556
1298881015 -8.68047 41.1556
1298881016 -8.68051 41.1556
1298881017 -8.68054 41.1556
1298881018 -8.68055 41.1557
1298881019 -8.68058 41.1557
1298881020 -8.68062 41.1557
1298881021 -8.68066 41.1558
1298881022 -8.68072 41.1558
1298881023 -8.68078 41.1559
1298881024 -8.68086 41.156
1298881025 -8.68086 41.1561
1298881026 -8.68093 41.1562
1298881027 -8.68099 41.1563
1298881028 -8.68106 41.1563
1298881029 -8.68114 41.1564
1298881030 -8.68121 41.1565
1298881031 -8.68126 41.1566
1298881032 -8.68129 41.1566
1298881033 -8.68131 41.1567
1298881034 -8.68134 41.1567
1298881035 -8.68137 41.1567
1298881036 -8.68141 41.1568
1298881037 -8.68143 41.1568
1298881038 -8.68145 41.1568
1298881039 -8.68145 41.1568
1298881040 -8.68145 41.1568
1298881041 -8.68145 41.1568
1298881042 -8.68144 41.1568
1298881043 -8.68144 41.1568
1298881044 -8.68143 41.1568
1298881045 -8.68142 41.1568
1298881046 -8.68142 41.1568
1298881047 -8.68141 41.1568
1298881048 -8.68141 41.1568
1298881049 -8.68141 41.1568
1298881050 -8.68141 41.1568
1298881051 -8.68141 41.1568
1298881052 -8.68141 41.1568
1298881053 -8.68142 41.1568
1298881054 -8.68142 41.1568
1298881055 -8.68142 41.1568
1298881056 -8.68142 41.1568
1298881057 -8.68142 41.1568
1298881058 -8.68142 41.1568
1298881059 -8.68142 41.1568
1298881060 -8.68143 41.1568
1298881061 -8.68143 41.1568
1298881062 -8.68143 41.1568
1298881063 -8.68143 41.1568
1298881064 -8.68143 41.1568
1298881065 -8.68144 41.1568
1298881066 -8.68144 41.1568
1298881067 -8.68144 41.1568
1298881068 -8.68144 41.1568
1298881069 -8.68144 41.1568
1298881070 -8.68144 41.1568
1298881071 -8.68144 41.1568
1298881072 -8.68144 41.1568
1298881073 -8.68144 41.1568
1298881074 -8.68144 41.1568
1298881075 -8.68144 41.1568
1298881076 -8.68145 41.1568
1298881077 -8.68147 41.1568
1298881078 -8.6815 41.1568
1298881079 -8.68154 41.1569
1298881080 -8.68157 41.1569
1298881081 -8.68162 41.157
1298881082 -8.68166 41.1571
1298881083 -8.68173 41.1571
1298881084 -8.68181 41.1572
1298881085 -8.68191 41.1573
1298881086 -8.682 41.1574
1298881087 -8.68208 41.1575
1298881088 -8.68217 41.1576
1298881089 -8.68226 41.1577
1298881090 -8.68235 41.1578
1298881091 -8.68244 41.1579
1298881092 -8.68253 41.158
1298881093 -8.68263 41.1581
1298881094 -8.68271 41.1582
1298881095 -8.68279 41.1583
1298881096 -8.68287 41.1584
1298881097 -8.68294 41.1585
1298881098 -8.68301 41.1586
1298881099 -8.68309 41.1587
1298881100 -8.68316 41.1588
1298881101 -8.68322 41.1589
1298881102 -8.68328 41.1589
1298881103 -8.68333 41.159
1298881104 -8.68337 41.159
1298881105 -8.68342 41.1591
1298881106 -8.68344 41.1591
1298881107 -8.68347 41.1592
1298881108 -8.68349 41.1592
1298881109 -8.68352 41.1592
1298881110 -8.68354 41.1593
1298881111 -8.68357 41.1593
1298881112 -8.68359 41.1593
1298881113 -8.6836 41.1593
1298881114 -8.6836 41.1593
1298881115 -8.6836 41.1594
1298881116 -8.6836 41.1594
1298881117 -8.68358 41.1594
1298881118 -8.68353 41.1594
1298881119 -8.68349 41.1594
1298881120 -8.68342 41.1595
1298881121 -8.68336 41.1595
1298881122 -8.6833 41.1595
1298881123 -8.68324 41.1596
1298881124 -8.68316 41.1596
1298881125 -8.6831 41.1596
1298881126 -8.68304 41.1596
1298881127 -8.68298 41.1596
1298881128 -8.68293 41.1596
1298881129 -8.68289 41.1596
1298881130 -8.68286 41.1596
1298881131 -8.68283 41.1596
1298881132 -8.6828 41.1596
1298881133 -8.68277 41.1595
1298881134 -8.68272 41.1595
1298881135 -8.6827 41.1595
1298881136 -8.68265 41.1594
1298881137 -8.6826 41.1593
1298881138 -8.68253 41.1593
1298881139 -8.68246 41.1592
1298881140 -8.68242 41.1591
1298881141 -8.68234 41.159
1298881142 -8.68226 41.1589
1298881143 -8.68216 41.1588
1298881144 -8.68205 41.1587
1298881145 -8.68195 41.1586
1298881146 -8.68187 41.1585
1298881147 -8.6818 41.1584
1298881148 -8.68172 41.1583
1298881149 -8.68164 41.1582
1298881150 -8.68155 41.1581
1298881151 -8.68146 41.158
1298881152 -8.68139 41.1579
1298881153 -8.68131 41.1579
1298881154 -8.68122 41.1578
1298881155 -8.68116 41.1577
1298881156 -8.68108 41.1576
1298881157 -8.68099 41.1576
1298881158 -8.68091 41.1575
1298881159 -8.68084 41.1574
1298881160 -8.68078 41.1574
1298881161 -8.68073 41.1573
1298881162 -8.68068 41.1572
1298881163 -8.68064 41.1571
1298881164 -8.68058 41.1571
1298881165 -8.68054 41.157
1298881166 -8.68049 41.1569
1298881167 -8.68044 41.1569
1298881168 -8.68039 41.1568
1298881169 -8.68035 41.1568
1298881170 -8.68029 41.1567
1298881171 -8.68026 41.1567
1298881172 -8.68023 41.1566
1298881173 -8.68021 41.1566
1298881174 -8.68019 41.1566
1298881175 -8.68017 41.1565
1298881176 -8.68013 41.1565
1298881177 -8.68004 41.1565
1298881178 -8.67998 41.1566
1298881179 -8.6799 41.1566
1298881180 -8.67983 41.1566
1298881181 -8.67974 41.1566
1298881182 -8.67966 41.1567
1298881183 -8.67959 41.1567
1298881184 -8.67954 41.1568
1298881185 -8.6795 41.1568
1298881186 -8.67949 41.1568
1298881187 -8.67949 41.1568
1298881188 -8.67948 41.1568
1298881189 -8.67947 41.1568
1298881190 -8.67943 41.1568
1298881191 -8.67938 41.1568
1298881192 -8.67933 41.1569
1298881193 -8.67928 41.1569
1298881194 -8.67921 41.1569
1298881195 -8.67915 41.157
1298881196 -8.67908 41.157
1298881197 -8.679 41.1571
1298881198 -8.67891 41.1571
1298881199 -8.67881 41.1572
1298881200 -8.67871 41.1572
