:break:
1298880091 -8.60744 41.1441
1298880092 -8.60744 41.1441
1298880093 -8.60744 41.1441
1298880094 -8.60744 41.1441
1298880095 -8.60744 41.1441
1298880096 -8.60744 41.1441
1298880097 -8.60744 41.1441
1298880098 -8.60744 41.1441
1298880099 -8.60744 41.1441
1298880100 -8.60744 41.1441
1298880101 -8.60744 41.1441
1298880102 -8.60744 41.1441
1298880103 -8.60744 41.1442
1298880104 -8.60744 41.1442
1298880105 -8.60744 41.1442
1298880106 -8.60744 41.1442
1298880107 -8.60744 41.1442
1298880108 -8.60744 41.1442
1298880109 -8.60744 41.1442
1298880110 -8.60744 41.1442
1298880111 -8.60743 41.1442
1298880112 -8.60743 41.1442
1298880113 -8.60743 41.1442
1298880114 -8.60743 41.1442
1298880115 -8.60743 41.1442
1298880116 -8.60743 41.1442
1298880117 -8.60743 41.1442
1298880118 -8.60743 41.1442
1298880119 -8.60743 41.1442
1298880120 -8.60743 41.1442
1298880121 -8.60743 41.1442
1298880122 -8.60743 41.1442
1298880123 -8.60743 41.1442
1298880124 -8.60743 41.1442
1298880125 -8.60743 41.1442
1298880126 -8.60743 41.1442
1298880127 -8.60743 41.1442
1298880128 -8.60743 41.1442
1298880129 -8.60743 41.1442
1298880130 -8.60743 41.1442
1298880131 -8.60743 41.1442
1298880132 -8.60743 41.1442
1298880133 -8.60743 41.1442
1298880134 -8.60743 41.1442
1298880135 -8.60743 41.1442
1298880136 -8.60743 41.1442
1298880137 -8.60743 41.1442
1298880138 -8.60743 41.1442
1298880139 -8.60743 41.1442
1298880140 -8.60743 41.1442
1298880141 -8.60744 41.1442
1298880142 -8.60744 41.1442
1298880143 -8.60744 41.1442
1298880144 -8.60744 41.1442
1298880145 -8.60744 41.1442
1298880146 -8.60744 41.1442
1298880147 -8.60744 41.1442
1298880148 -8.60744 41.1442
1298880149 -8.60744 41.1442
1298880150 -8.60744 41.1442
1298880151 -8.60744 41.1442
1298880152 -8.60744 41.1442
1298880153 -8.60744 41.1442
1298880154 -8.60744 41.1442
1298880155 -8.60745 41.1441
1298880156 -8.60745 41.1441
1298880157 -8.60746 41.1441
1298880158 -8.60746 41.1441
1298880159 -8.60746 41.1441
1298880160 -8.60747 41.1441
1298880161 -8.60747 41.1441
1298880162 -8.60747 41.1441
1298880163 -8.60747 41.1441
1298880164 -8.60748 41.1441
1298880165 -8.60748 41.1441
1298880166 -8.60749 41.1441
1298880167 -8.6075 41.1441
1298880168 -8.60752 41.1441
1298880169 -8.60755 41.144
1298880170 -8.60758 41.144
1298880171 -8.60763 41.1439
1298880172 -8.60767 41.1439
1298880173 -8.60773 41.1438
1298880174 -8.60777 41.1438
1298880175 -8.60781 41.1437
1298880176 -8.60784 41.1436
1298880177 -8.60787 41.1436
1298880178 -8.60788 41.1436
1298880179 -8.60789 41.1436
1298880180 -8.60789 41.1435
1298880181 -8.60789 41.1435
1298880182 -8.60789 41.1435
1298880183 -8.60789 41.1435
1298880184 -8.60789 41.1435
1298880185 -8.60789 41.1435
1298880186 -8.60789 41.1435
1298880187 -8.60789 41.1435
1298880188 -8.60789 41.1435
1298880189 -8.60788 41.1435
1298880190 -8.60788 41.1435
1298880191 -8.60788 41.1435
1298880192 -8.60788 41.1435
1298880193 -8.60788 41.1436
1298880194 -8.60788 41.1436
1298880195 -8.60788 41.1436
1298880196 -8.60787 41.1436
1298880197 -8.60787 41.1436
1298880198 -8.60787 41.1436
1298880199 -8.60787 41.1436
1298880200 -8.60787 41.1436
1298880201 -8.60786 41.1436
1298880202 -8.60786 41.1436
1298880203 -8.60786 41.1436
1298880204 -8.60786 41.1436
1298880205 -8.60785 41.1436
1298880206 -8.60785 41.1436
1298880207 -8.60785 41.1436
1298880208 -8.60785 41.1436
1298880209 -8.60784 41.1436
1298880210 -8.60784 41.1436
1298880211 -8.60784 41.1436
1298880212 -8.60784 41.1436
1298880213 -8.60784 41.1436
1298880214 -8.60784 41.1436
1298880215 -8.60784 41.1436
1298880216 -8.60783 41.1436
1298880217 -8.60783 41.1436
1298880218 -8.60783 41.1436
1298880219 -8.60783 41.1436
1298880220 -8.60783 41.1436
1298880221 -8.60783 41.1436
1298880222 -8.60783 41.1436
1298880223 -8.60783 41.1436
1298880224 -8.60783 41.1436
1298880225 -8.60783 41.1436
1298880226 -8.60783 41.1436
1298880227 -8.60784 41.1436
1298880228 -8.60784 41.1436
1298880229 -8.60784 41.1436
1298880230 -8.60784 41.1436
1298880231 -8.60784 41.1436
1298880232 -8.60785 41.1436
1298880233 -8.60785 41.1436
1298880234 -8.60786 41.1435
1298880235 -8.60787 41.1435
1298880236 -8.60788 41.1435
1298880237 -8.60791 41.1435
1298880238 -8.60793 41.1434
1298880239 -8.60797 41.1434
1298880240 -8.608 41.1433
1298880241 -8.60803 41.1432
1298880242 -8.60807 41.1432
1298880243 -8.6081 41.1431
1298880244 -8.60811 41.1431
1298880245 -8.60812 41.143
1298880246 -8.6081 41.143
1298880247 -8.60805 41.1429
1298880248 -8.60798 41.1429
1298880249 -8.60789 41.1428
1298880250 -8.60779 41.1428
1298880251 -8.60768 41.1427
1298880252 -8.60756 41.1426
1298880253 -8.60745 41.1426
1298880254 -8.60731 41.1425
1298880255 -8.60718 41.1424
1298880256 -8.60703 41.1424
1298880257 -8.60687 41.1424
1298880258 -8.60671 41.1423
1298880259 -8.60655 41.1423
1298880260 -8.60639 41.1423
1298880261 -8.60623 41.1424
1298880262 -8.60608 41.1424
1298880263 -8.60594 41.1425
1298880264 -8.60581 41.1425
1298880265 -8.6057 41.1426
1298880266 -8.60561 41.1427
1298880267 -8.60554 41.1428
1298880268 -8.60548 41.1428
1298880269 -8.60543 41.1429
1298880270 -8.60539 41.143
1298880271 -8.60536 41.143
1298880272 -8.60533 41.1431
1298880273 -8.6053 41.1431
1298880274 -8.60529 41.1432
1298880275 -8.60526 41.1433
1298880276 -8.60524 41.1433
1298880277 -8.60522 41.1433
1298880278 -8.60521 41.1433
1298880279 -8.60521 41.1433
1298880280 -8.60521 41.1433
1298880281 -8.60521 41.1433
1298880282 -8.60521 41.1433
1298880283 -8.60521 41.1433
1298880284 -8.60522 41.1433
1298880285 -8.60522 41.1433
1298880286 -8.60522 41.1433
1298880287 -8.60522 41.1434
1298880288 -8.60521 41.1434
1298880289 -8.6052 41.1434
1298880290 -8.60518 41.1435
1298880291 -8.60516 41.1435
1298880292 -8.60513 41.1436
1298880293 -8.60511 41.1437
1298880294 -8.60508 41.1437
1298880295 -8.60505 41.1438
1298880296 -8.60503 41.1439
1298880297 -8.605 41.1439
1298880298 -8.60498 41.144
1298880299 -8.60497 41.144
1298880300 -8.60496 41.144
1298880301 -8.60496 41.1441
1298880302 -8.60499 41.1441
1298880303 -8.60504 41.1441
1298880304 -8.60512 41.1442
1298880305 -8.60521 41.1442
1298880306 -8.60531 41.1442
1298880307 -8.60543 41.1443
1298880308 -8.60555 41.1443
1298880309 -8.60567 41.1444
1298880310 -8.60579 41.1444
1298880311 -8.60591 41.1444
1298880312 -8.60603 41.1445
1298880313 -8.60614 41.1445
1298880314 -8.60625 41.1446
1298880315 -8.60637 41.1446
1298880316 -8.60648 41.1446
1298880317 -8.60659 41.1447
1298880318 -8.6067 41.1447
1298880319 -8.6068 41.1447
1298880320 -8.6069 41.1448
1298880321 -8.60698 41.1448
1298880322 -8.60704 41.1449
1298880323 -8.6071 41.1449
1298880324 -8.60715 41.145
1298880325 -8.60721 41.1451
1298880326 -8.60728 41.1452
1298880327 -8.60733 41.1452
1298880328 -8.60739 41.1453
1298880329 -8.60744 41.1454
1298880330 -8.60746 41.1455
1298880331 -8.60746 41.1456
1298880332 -8.60744 41.1456
1298880333 -8.60738 41.1457
1298880334 -8.60732 41.1457
1298880335 -8.60726 41.1458
1298880336 -8.6072 41.1459
1298880337 -8.60714 41.1459
1298880338 -8.60711 41.146
1298880339 -8.6071 41.1461
1298880340 -8.60711 41.1461
1298880341 -8.60711 41.1462
1298880342 -8.6071 41.1463
1298880343 -8.60707 41.1464
1298880344 -8.60704 41.1465
1298880345 -8.607 41.1466
1298880346 -8.60695 41.1467
1298880347 -8.60691 41.1467
1298880348 -8.60687 41.1468
1298880349 -8.60684 41.1468
1298880350 -8.60683 41.1469
1298880351 -8.60683 41.1469
1298880352 -8.60683 41.1469
1298880353 -8.60682 41.1469
1298880354 -8.60682 41.1469
1298880355 -8.60682 41.1469
1298880356 -8.60682 41.1469
1298880357 -8.60681 41.1469
1298880358 -8.60681 41.1469
1298880359 -8.60681 41.1469
1298880360 -8.6068 41.1469
1298880361 -8.6068 41.1469
1298880362 -8.6068 41.1469
1298880363 -8.6068 41.1469
1298880364 -8.60679 41.1469
1298880365 -8.60679 41.1469
1298880366 -8.60678 41.1469
1298880367 -8.60678 41.1469
1298880368 -8.60677 41.1469
1298880369 -8.60677 41.1469
1298880370 -8.60677 41.1469
1298880371 -8.60677 41.1469
1298880372 -8.60676 41.1469
1298880373 -8.60676 41.1469
1298880374 -8.60676 41.1469
1298880375 -8.60677 41.1469
1298880376 -8.60678 41.1469
1298880377 -8.60678 41.1469
1298880378 -8.60678 41.1469
1298880379 -8.60678 41.1469
1298880380 -8.60678 41.1469
1298880381 -8.60679 41.1469
1298880382 -8.60679 41.147
1298880383 -8.6068 41.147
1298880384 -8.6068 41.147
1298880385 -8.6068 41.147
1298880386 -8.6068 41.147
1298880387 -8.60682 41.147
1298880388 -8.60683 41.147
1298880389 -8.60687 41.1471
1298880390 -8.60693 41.1471
1298880391 -8.60701 41.1471
1298880392 -8.60711 41.1472
1298880393 -8.60723 41.1472
1298880394 -8.60736 41.1472
1298880395 -8.60749 41.1472
1298880396 -8.60762 41.1473
1298880397 -8.60774 41.1473
1298880398 -8.60787 41.1473
1298880399 -8.60798 41.1473
1298880400 -8.60809 41.1473
1298880401 -8.60816 41.1474
1298880402 -8.60824 41.1474
1298880403 -8.60829 41.1474
1298880404 -8.60834 41.1474
1298880405 -8.60837 41.1474
1298880406 -8.6084 41.1474
1298880407 -8.60842 41.1474
1298880408 -8.60843 41.1474
1298880409 -8.60844 41.1474
1298880410 -8.60845 41.1474
1298880411 -8.60845 41.1474
1298880412 -8.60846 41.1474
1298880413 -8.60846 41.1474
1298880414 -8.60846 41.1474
1298880415 -8.60847 41.1474
1298880416 -8.60848 41.1474
1298880417 -8.60849 41.1474
1298880418 -8.60849 41.1474
1298880419 -8.6085 41.1474
1298880420 -8.60851 41.1474
1298880421 -8.60851 41.1474
1298880422 -8.60852 41.1474
1298880423 -8.60852 41.1474
1298880424 -8.60851 41.1474
1298880425 -8.60852 41.1474
1298880426 -8.60853 41.1474
1298880427 -8.60854 41.1474
1298880428 -8.60857 41.1474
1298880429 -8.60862 41.1475
1298880430 -8.60868 41.1475
1298880431 -8.60875 41.1474
1298880432 -8.60883 41.1475
1298880433 -8.60892 41.1475
1298880434 -8.60902 41.1475
1298880435 -8.60913 41.1475
1298880436 -8.60924 41.1476
1298880437 -8.60935 41.1476
1298880438 -8.60946 41.1476
1298880439 -8.60958 41.1476
1298880440 -8.60969 41.1477
1298880441 -8.6098 41.1477
1298880442 -8.60988 41.1477
1298880443 -8.60993 41.1477
1298880444 -8.60998 41.1477
1298880445 -8.61 41.1477
1298880446 -8.61003 41.1477
1298880447 -8.61005 41.1477
1298880448 -8.61007 41.1477
1298880449 -8.61008 41.1477
1298880450 -8.61009 41.1477
1298880451 -8.6101 41.1477
1298880452 -8.6101 41.1477
1298880453 -8.61011 41.1477
1298880454 -8.61011 41.1477
1298880455 -8.61014 41.1477
1298880456 -8.61017 41.1477
1298880457 -8.61023 41.1477
1298880458 -8.61027 41.1478
1298880459 -8.61032 41.1478
1298880460 -8.61035 41.1478
1298880461 -8.61038 41.1478
1298880462 -8.61039 41.1478
1298880463 -8.61039 41.1478
1298880464 -8.61039 41.1478
1298880465 -8.61039 41.1478
1298880466 -8.61039 41.1478
1298880467 -8.61039 41.1478
1298880468 -8.61039 41.1478
1298880469 -8.61039 41.1478
1298880470 -8.61039 41.1478
1298880471 -8.61039 41.1478
1298880472 -8.61039 41.1478
1298880473 -8.61039 41.1478
1298880474 -8.61039 41.1478
1298880475 -8.61039 41.1478
1298880476 -8.61039 41.1478
1298880477 -8.61038 41.1478
1298880478 -8.61038 41.1478
1298880479 -8.61038 41.1478
1298880480 -8.61038 41.1478
1298880481 -8.61038 41.1478
1298880482 -8.61038 41.1478
1298880483 -8.61038 41.1478
1298880484 -8.61038 41.1478
1298880485 -8.61037 41.1478
1298880486 -8.61037 41.1478
1298880487 -8.61037 41.1478
1298880488 -8.61037 41.1478
1298880489 -8.61037 41.1478
1298880490 -8.61037 41.1478
1298880491 -8.61037 41.1478
1298880492 -8.61037 41.1478
1298880493 -8.61037 41.1478
1298880494 -8.61037 41.1478
1298880495 -8.61037 41.1478
1298880496 -8.61038 41.1478
1298880497 -8.61039 41.1478
1298880498 -8.61039 41.1478
1298880499 -8.6104 41.1478
1298880500 -8.6104 41.1478
1298880501 -8.61041 41.1478
1298880502 -8.61044 41.1478
1298880503 -8.61049 41.1478
1298880504 -8.61054 41.1478
1298880505 -8.61061 41.1479
1298880506 -8.61068 41.1479
1298880507 -8.61075 41.1479
1298880508 -8.61084 41.1479
1298880509 -8.61093 41.1479
1298880510 -8.61104 41.1479
1298880511 -8.61114 41.1479
1298880512 -8.61125 41.1479
1298880513 -8.61135 41.1479
1298880514 -8.61145 41.1479
1298880515 -8.61152 41.1479
1298880516 -8.61156 41.1479
1298880517 -8.61161 41.1479
1298880518 -8.61164 41.1479
1298880519 -8.61169 41.148
1298880520 -8.61172 41.148
1298880521 -8.61177 41.148
1298880522 -8.61181 41.148
1298880523 -8.61186 41.148
1298880524 -8.6119 41.148
1298880525 -8.61196 41.148
1298880526 -8.61201 41.148
1298880527 -8.61208 41.148
1298880528 -8.61215 41.148
1298880529 -8.61222 41.1481
1298880530 -8.61231 41.1481
1298880531 -8.61242 41.1481
1298880532 -8.61254 41.1482
1298880533 -8.61267 41.1482
1298880534 -8.6128 41.1482
1298880535 -8.61294 41.1483
1298880536 -8.61309 41.1483
1298880537 -8.61327 41.1484
1298880538 -8.61349 41.1485
:break:
1298880571 -8.6205 41.1476
1298880572 -8.62069 41.1476
1298880573 -8.62081 41.1476
1298880574 -8.62097 41.1476
1298880575 -8.62111 41.1475
1298880576 -8.62124 41.1475
1298880577 -8.62133 41.1476
1298880578 -8.62144 41.1476
1298880579 -8.62155 41.1476
1298880580 -8.62168 41.1476
1298880581 -8.62178 41.1476
1298880582 -8.62189 41.1476
1298880583 -8.62198 41.1477
1298880584 -8.62207 41.1477
1298880585 -8.62217 41.1477
1298880586 -8.62228 41.1477
1298880587 -8.6224 41.1478
1298880588 -8.62252 41.1478
1298880589 -8.62266 41.1478
1298880590 -8.6228 41.1479
1298880591 -8.62295 41.1479
1298880592 -8.62312 41.148
1298880593 -8.62329 41.148
1298880594 -8.62346 41.1481
1298880595 -8.62363 41.1481
1298880596 -8.6238 41.1482
1298880597 -8.62395 41.1482
1298880598 -8.62411 41.1483
1298880599 -8.62428 41.1483
1298880600 -8.62443 41.1484
1298880601 -8.62458 41.1484
1298880602 -8.62473 41.1485
1298880603 -8.62486 41.1485
1298880604 -8.62501 41.1486
1298880605 -8.62514 41.1486
1298880606 -8.62528 41.1487
1298880607 -8.62538 41.1487
1298880608 -8.62547 41.1488
1298880609 -8.62551 41.1489
1298880610 -8.62555 41.149
1298880611 -8.62557 41.1491
1298880612 -8.6256 41.1492
1298880613 -8.62563 41.1493
1298880614 -8.62565 41.1494
1298880615 -8.62568 41.1496
1298880616 -8.62571 41.1497
1298880617 -8.62574 41.1498
1298880618 -8.62576 41.15
1298880619 -8.6258 41.1501
1298880620 -8.62583 41.1502
1298880621 -8.62585 41.1503
1298880622 -8.62588 41.1504
1298880623 -8.6259 41.1505
1298880624 -8.62592 41.1506
1298880625 -8.62595 41.1507
1298880626 -8.62596 41.1508
1298880627 -8.62595 41.1509
1298880628 -8.62593 41.151
1298880629 -8.6259 41.1511
1298880630 -8.62586 41.1512
1298880631 -8.62583 41.1513
1298880632 -8.62582 41.1514
1298880633 -8.62583 41.1515
1298880634 -8.62585 41.1516
1298880635 -8.62588 41.1517
1298880636 -8.62591 41.1518
1298880637 -8.62593 41.1519
1298880638 -8.62597 41.152
1298880639 -8.62601 41.1522
1298880640 -8.62605 41.1523
1298880641 -8.62609 41.1524
1298880642 -8.62614 41.1526
1298880643 -8.62619 41.1527
1298880644 -8.62624 41.1528
1298880645 -8.62629 41.153
1298880646 -8.62634 41.1531
1298880647 -8.62638 41.1533
1298880648 -8.62643 41.1534
1298880649 -8.62647 41.1535
1298880650 -8.62651 41.1536
1298880651 -8.62654 41.1538
1298880652 -8.62657 41.1539
1298880653 -8.6266 41.154
1298880654 -8.62663 41.1541
1298880655 -8.62665 41.1542
1298880656 -8.62667 41.1542
1298880657 -8.62669 41.1543
1298880658 -8.62671 41.1544
1298880659 -8.62673 41.1545
1298880660 -8.62676 41.1546
1298880661 -8.62679 41.1547
1298880662 -8.62682 41.1548
1298880663 -8.62683 41.1548
1298880664 -8.62685 41.1549
1298880665 -8.62687 41.155
1298880666 -8.62688 41.155
1298880667 -8.62685 41.1551
1298880668 -8.62681 41.1551
1298880669 -8.62674 41.1551
1298880670 -8.62668 41.1551
1298880671 -8.62662 41.1551
1298880672 -8.62655 41.1551
1298880673 -8.62648 41.1551
1298880674 -8.62641 41.1552
1298880675 -8.62634 41.1552
1298880676 -8.62626 41.1552
1298880677 -8.62618 41.1552
1298880678 -8.62612 41.1553
1298880679 -8.62606 41.1553
1298880680 -8.62601 41.1553
1298880681 -8.62595 41.1553
1298880682 -8.62589 41.1553
1298880683 -8.62583 41.1554
1298880684 -8.62576 41.1554
1298880685 -8.62568 41.1554
1298880686 -8.62561 41.1555
1298880687 -8.62556 41.1555
1298880688 -8.62549 41.1555
1298880689 -8.62545 41.1555
1298880690 -8.6254 41.1556
1298880691 -8.62536 41.1556
1298880692 -8.6253 41.1556
1298880693 -8.62524 41.1556
1298880694 -8.62516 41.1556
1298880695 -8.62507 41.1556
1298880696 -8.62498 41.1556
1298880697 -8.62488 41.1556
1298880698 -8.62478 41.1556
1298880699 -8.62469 41.1555
1298880700 -8.62459 41.1555
1298880701 -8.62451 41.1555
1298880702 -8.62443 41.1555
1298880703 -8.62436 41.1555
1298880704 -8.62429 41.1555
1298880705 -8.62421 41.1556
1298880706 -8.62415 41.1556
1298880707 -8.62408 41.1556
1298880708 -8.62401 41.1556
1298880709 -8.62394 41.1556
1298880710 -8.62389 41.1556
1298880711 -8.62385 41.1556
1298880712 -8.62382 41.1556
1298880713 -8.62381 41.1556
1298880714 -8.62381 41.1556
1298880715 -8.62381 41.1556
1298880716 -8.62381 41.1556
1298880717 -8.6238 41.1556
1298880718 -8.62379 41.1556
1298880719 -8.62378 41.1556
1298880720 -8.62378 41.1556
1298880721 -8.62377 41.1556
1298880722 -8.62376 41.1556
1298880723 -8.62375 41.1556
1298880724 -8.62373 41.1556
1298880725 -8.6237 41.1556
1298880726 -8.62367 41.1556
1298880727 -8.62366 41.1556
1298880728 -8.62362 41.1557
1298880729 -8.62358 41.1557
1298880730 -8.62353 41.1557
1298880731 -8.62347 41.1557
1298880732 -8.6234 41.1557
1298880733 -8.62333 41.1558
1298880734 -8.62328 41.1558
1298880735 -8.62323 41.1558
1298880736 -8.6232 41.1558
1298880737 -8.62317 41.1558
1298880738 -8.62316 41.1558
1298880739 -8.62316 41.1558
1298880740 -8.62316 41.1558
1298880741 -8.62316 41.1558
1298880742 -8.62317 41.1558
1298880743 -8.62317 41.1558
1298880744 -8.62317 41.1558
1298880745 -8.62317 41.1558
1298880746 -8.62317 41.1558
1298880747 -8.62318 41.1558
1298880748 -8.62318 41.1558
1298880749 -8.62318 41.1558
1298880750 -8.62318 41.1558
1298880751 -8.62318 41.1558
1298880752 -8.62318 41.1558
1298880753 -8.62318 41.1558
1298880754 -8.62318 41.1558
1298880755 -8.62318 41.1558
1298880756 -8.62318 41.1558
1298880757 -8.62318 41.1558
1298880758 -8.62318 41.1558
1298880759 -8.62318 41.1558
1298880760 -8.62318 41.1558
1298880761 -8.62319 41.1558
1298880762 -8.62319 41.1558
1298880763 -8.62319 41.1558
1298880764 -8.62319 41.1558
1298880765 -8.62319 41.1558
1298880766 -8.6232 41.1558
1298880767 -8.6232 41.1558
1298880768 -8.6232 41.1558
1298880769 -8.6232 41.1558
1298880770 -8.6232 41.1558
1298880771 -8.6232 41.1558
1298880772 -8.6232 41.1558
1298880773 -8.6232 41.1558
1298880774 -8.6232 41.1558
1298880775 -8.6232 41.1558
1298880776 -8.6232 41.1558
1298880777 -8.6232 41.1558
1298880778 -8.6232 41.1558
1298880779 -8.62319 41.1558
1298880780 -8.62319 41.1558
1298880781 -8.62319 41.1558
1298880782 -8.62319 41.1558
1298880783 -8.62319 41.1558
1298880784 -8.62319 41.1558
1298880785 -8.62319 41.1558
1298880786 -8.62319 41.1558
1298880787 -8.62318 41.1558
1298880788 -8.62318 41.1558
1298880789 -8.62317 41.1558
1298880790 -8.62317 41.1558
1298880791 -8.62317 41.1558
1298880792 -8.62317 41.1558
1298880793 -8.62317 41.1558
1298880794 -8.62317 41.1558
1298880795 -8.62316 41.1558
1298880796 -8.62316 41.1558
1298880797 -8.62316 41.1558
1298880798 -8.62315 41.1558
1298880799 -8.62315 41.1558
1298880800 -8.62315 41.1558
1298880801 -8.62315 41.1558
1298880802 -8.62315 41.1558
1298880803 -8.62315 41.1558
1298880804 -8.62316 41.1558
1298880805 -8.62315 41.1558
1298880806 -8.62314 41.1558
1298880807 -8.62312 41.1558
1298880808 -8.6231 41.1558
1298880809 -8.62304 41.1558
1298880810 -8.62299 41.1558
1298880811 -8.62293 41.1558
1298880812 -8.62285 41.1558
1298880813 -8.62278 41.1558
1298880814 -8.62269 41.1558
1298880815 -8.6226 41.1558
1298880816 -8.6225 41.1558
1298880817 -8.6224 41.1559
1298880818 -8.6223 41.1559
1298880819 -8.62219 41.1559
1298880820 -8.62208 41.1559
1298880821 -8.62196 41.156
1298880822 -8.62184 41.156
1298880823 -8.62171 41.156
1298880824 -8.6216 41.156
1298880825 -8.62151 41.156
1298880826 -8.62142 41.156
1298880827 -8.62134 41.1559
1298880828 -8.62127 41.1559
1298880829 -8.62122 41.1558
1298880830 -8.62115 41.1558
1298880831 -8.6211 41.1557
1298880832 -8.62105 41.1557
1298880833 -8.62099 41.1556
1298880834 -8.62096 41.1556
1298880835 -8.62094 41.1555
1298880836 -8.62092 41.1555
1298880837 -8.62091 41.1554
1298880838 -8.62091 41.1553
1298880839 -8.62091 41.1552
1298880840 -8.62092 41.1552
1298880841 -8.62092 41.1551
1298880842 -8.62093 41.155
1298880843 -8.62093 41.155
1298880844 -8.62094 41.1549
1298880845 -8.62094 41.1548
1298880846 -8.62094 41.1547
1298880847 -8.62095 41.1547
1298880848 -8.62096 41.1545
1298880849 -8.62097 41.1545
1298880850 -8.62099 41.1544
1298880851 -8.62101 41.1542
1298880852 -8.62103 41.1541
1298880853 -8.62103 41.1541
1298880854 -8.62102 41.154
1298880855 -8.62102 41.1539
1298880856 -8.62103 41.1538
1298880857 -8.62104 41.1537
1298880858 -8.62106 41.1536
1298880859 -8.62106 41.1535
1298880860 -8.62104 41.1534
1298880861 -8.62101 41.1533
1298880862 -8.62098 41.1532
1298880863 -8.62095 41.1531
1298880864 -8.62092 41.153
1298880865 -8.6209 41.153
1298880866 -8.62089 41.153
1298880867 -8.62087 41.1529
1298880868 -8.62087 41.1529
1298880869 -8.62087 41.1529
1298880870 -8.62087 41.1529
1298880871 -8.62087 41.1529
1298880872 -8.62087 41.1529
1298880873 -8.62087 41.1529
1298880874 -8.62086 41.1529
1298880875 -8.62086 41.1529
1298880876 -8.62086 41.1529
1298880877 -8.62086 41.1529
1298880878 -8.62085 41.1529
1298880879 -8.62085 41.1529
1298880880 -8.62085 41.1529
1298880881 -8.62085 41.1529
1298880882 -8.62085 41.1529
1298880883 -8.62085 41.1529
1298880884 -8.62084 41.1529
1298880885 -8.62084 41.1529
1298880886 -8.62084 41.1529
1298880887 -8.62084 41.1529
1298880888 -8.62083 41.1529
1298880889 -8.62083 41.1529
1298880890 -8.62084 41.1529
1298880891 -8.62084 41.1529
1298880892 -8.62084 41.1529
1298880893 -8.62084 41.1529
1298880894 -8.62084 41.1529
1298880895 -8.62085 41.1529
1298880896 -8.62085 41.1529
1298880897 -8.62085 41.1529
1298880898 -8.62084 41.1529
1298880899 -8.62083 41.1528
1298880900 -8.62081 41.1528
1298880901 -8.62079 41.1527
1298880902 -8.62078 41.1527
1298880903 -8.62076 41.1526
1298880904 -8.62075 41.1525
1298880905 -8.62077 41.1525
1298880906 -8.62081 41.1524
1298880907 -8.62086 41.1523
1298880908 -8.62091 41.1522
1298880909 -8.62096 41.1521
1298880910 -8.621 41.1521
1298880911 -8.62106 41.152
1298880912 -8.62112 41.1519
1298880913 -8.62118 41.1519
1298880914 -8.62122 41.1518
1298880915 -8.62125 41.1518
1298880916 -8.62128 41.1517
1298880917 -8.62132 41.1516
1298880918 -8.62136 41.1516
1298880919 -8.62142 41.1516
1298880920 -8.62151 41.1515
1298880921 -8.6216 41.1515
1298880922 -8.62169 41.1514
1298880923 -8.62179 41.1514
1298880924 -8.62188 41.1514
1298880925 -8.62196 41.1513
1298880926 -8.62204 41.1513
1298880927 -8.62211 41.1512
1298880928 -8.62217 41.1512
1298880929 -8.62223 41.1512
1298880930 -8.6223 41.1511
1298880931 -8.62235 41.1511
1298880932 -8.6224 41.1511
1298880933 -8.62241 41.1511
1298880934 -8.62243 41.1511
1298880935 -8.62243 41.1511
1298880936 -8.62244 41.1511
1298880937 -8.62244 41.1511
1298880938 -8.62244 41.1511
1298880939 -8.62245 41.1511
1298880940 -8.62245 41.1511
1298880941 -8.62245 41.1511
1298880942 -8.62246 41.1511
1298880943 -8.62246 41.1511
1298880944 -8.62246 41.1511
1298880945 -8.62246 41.1511
1298880946 -8.62246 41.1511
1298880947 -8.62246 41.1511
1298880948 -8.62246 41.1511
1298880949 -8.62246 41.1511
1298880950 -8.62246 41.1511
1298880951 -8.62246 41.1511
1298880952 -8.62246 41.1511
1298880953 -8.62246 41.1511
1298880954 -8.62246 41.1511
1298880955 -8.62246 41.1511
1298880956 -8.62246 41.1511
1298880957 -8.62246 41.1511
1298880958 -8.62246 41.1511
1298880959 -8.62246 41.1511
1298880960 -8.62246 41.1511
1298880961 -8.62246 41.1511
1298880962 -8.62246 41.1511
1298880963 -8.62246 41.1511
1298880964 -8.62245 41.1511
1298880965 -8.62245 41.1511
1298880966 -8.62245 41.1511
1298880967 -8.62245 41.1511
1298880968 -8.62245 41.1511
1298880969 -8.62245 41.1511
1298880970 -8.62245 41.1511
1298880971 -8.62244 41.1511
1298880972 -8.62244 41.1511
1298880973 -8.62244 41.1511
1298880974 -8.62244 41.1511
1298880975 -8.62244 41.1511
1298880976 -8.62244 41.1511
1298880977 -8.62244 41.1511
1298880978 -8.62244 41.1511
1298880979 -8.62244 41.1511
1298880980 -8.62244 41.1511
1298880981 -8.62244 41.1511
1298880982 -8.62245 41.1511
1298880983 -8.62245 41.1511
1298880984 -8.62245 41.1511
1298880985 -8.62245 41.1511
1298880986 -8.62246 41.1511
1298880987 -8.62246 41.1511
1298880988 -8.62247 41.1511
1298880989 -8.62247 41.1511
1298880990 -8.62247 41.1511
1298880991 -8.62248 41.1511
1298880992 -8.62248 41.1511
1298880993 -8.6225 41.1511
1298880994 -8.62252 41.1511
1298880995 -8.62255 41.1511
1298880996 -8.62259 41.1511
1298880997 -8.62261 41.151
1298880998 -8.62263 41.151
1298880999 -8.62264 41.151
1298881000 -8.62266 41.151
1298881001 -8.62267 41.151
1298881002 -8.6227 41.151
1298881003 -8.62272 41.1509
1298881004 -8.62275 41.1509
1298881005 -8.62277 41.1509
1298881006 -8.62281 41.1509
1298881007 -8.62284 41.1509
1298881008 -8.62285 41.1509
1298881009 -8.62285 41.1508
1298881010 -8.62286 41.1508
1298881011 -8.62286 41.1508
1298881012 -8.62286 41.1508
1298881013 -8.62286 41.1508
1298881014 -8.62287 41.1508
1298881015 -8.62288 41.1508
1298881016 -8.6229 41.1508
1298881017 -8.62292 41.1508
1298881018 -8.62294 41.1508
1298881019 -8.62296 41.1508
1298881020 -8.62299 41.1508
1298881021 -8.62303 41.1508
1298881022 -8.62307 41.1507
1298881023 -8.6231 41.1507
1298881024 -8.62311 41.1507
1298881025 -8.62312 41.1507
1298881026 -8.62312 41.1507
1298881027 -8.62312 41.1507
1298881028 -8.62312 41.1507
1298881029 -8.62312 41.1507
1298881030 -8.62312 41.1507
1298881031 -8.62312 41.1507
1298881032 -8.62312 41.1507
1298881033 -8.62312 41.1507
1298881034 -8.62312 41.1507
1298881035 -8.62312 41.1507
1298881036 -8.62312 41.1507
1298881037 -8.62312 41.1507
1298881038 -8.62312 41.1507
1298881039 -8.62312 41.1507
1298881040 -8.62312 41.1507
1298881041 -8.62312 41.1507
1298881042 -8.62312 41.1507
1298881043 -8.62312 41.1507
1298881044 -8.62312 41.1507
1298881045 -8.62312 41.1507
1298881046 -8.62312 41.1507
1298881047 -8.62312 41.1506
1298881048 -8.62312 41.1506
1298881049 -8.62311 41.1506
1298881050 -8.62311 41.1506
1298881051 -8.62311 41.1506
1298881052 -8.62311 41.1506
1298881053 -8.6231 41.1506
1298881054 -8.62309 41.1505
1298881055 -8.62309 41.1505
1298881056 -8.62308 41.1505
1298881057 -8.62309 41.1505
1298881058 -8.62309 41.1505
1298881059 -8.62309 41.1504
1298881060 -8.62308 41.1504
1298881061 -8.62308 41.1504
1298881062 -8.62307 41.1504
1298881063 -8.62306 41.1504
1298881064 -8.62306 41.1503
1298881065 -8.62306 41.1503
1298881066 -8.62306 41.1503
1298881067 -8.62306 41.1503
1298881068 -8.62306 41.1503
1298881069 -8.62305 41.1503
1298881070 -8.62304 41.1502
1298881071 -8.62303 41.1502
1298881072 -8.62303 41.1502
1298881073 -8.62302 41.1501
1298881074 -8.62301 41.1501
1298881075 -8.623 41.15
1298881076 -8.623 41.15
1298881077 -8.62299 41.15
1298881078 -8.62299 41.1499
1298881079 -8.62298 41.1499
1298881080 -8.62298 41.1499
1298881081 -8.62298 41.1499
1298881082 -8.62297 41.1498
1298881083 -8.62297 41.1498
1298881084 -8.62296 41.1498
1298881085 -8.62297 41.1498
1298881086 -8.62297 41.1498
1298881087 -8.62297 41.1498
1298881088 -8.62297 41.1498
1298881089 -8.62297 41.1498
1298881090 -8.62297 41.1498
1298881091 -8.62297 41.1498
1298881092 -8.62297 41.1498
1298881093 -8.62297 41.1498
1298881094 -8.62298 41.1497
1298881095 -8.62298 41.1497
1298881096 -8.62298 41.1497
1298881097 -8.62298 41.1497
1298881098 -8.62297 41.1497
1298881099 -8.62297 41.1497
1298881100 -8.62297 41.1496
1298881101 -8.62296 41.1496
1298881102 -8.62296 41.1496
1298881103 -8.62295 41.1495
1298881104 -8.62294 41.1494
1298881105 -8.62293 41.1494
1298881106 -8.62292 41.1493
1298881107 -8.62292 41.1493
1298881108 -8.6229 41.1492
1298881109 -8.62289 41.1492
1298881110 -8.62288 41.1491
1298881111 -8.62285 41.1491
1298881112 -8.62279 41.149
1298881113 -8.62277 41.149
1298881114 -8.62277 41.149
1298881115 -8.62277 41.149
1298881116 -8.62277 41.149
1298881117 -8.62277 41.149
1298881118 -8.62277 41.149
1298881119 -8.62277 41.1489
1298881120 -8.62278 41.1489
1298881121 -8.62278 41.1489
1298881122 -8.62278 41.1489
1298881123 -8.62278 41.1489
1298881124 -8.62279 41.1489
1298881125 -8.62279 41.1489
1298881126 -8.62279 41.1489
1298881127 -8.62279 41.1489
1298881128 -8.62279 41.1489
1298881129 -8.62278 41.1489
1298881130 -8.62278 41.1489
1298881131 -8.62278 41.1489
1298881132 -8.62278 41.1489
1298881133 -8.62278 41.1489
1298881134 -8.62277 41.1489
1298881135 -8.62277 41.1489
1298881136 -8.62276 41.1488
1298881137 -8.62276 41.1488
1298881138 -8.62276 41.1488
1298881139 -8.62275 41.1487
1298881140 -8.62274 41.1487
1298881141 -8.62273 41.1486
1298881142 -8.62272 41.1486
1298881143 -8.62271 41.1485
1298881144 -8.6227 41.1485
1298881145 -8.62269 41.1484
1298881146 -8.62268 41.1483
1298881147 -8.62269 41.1483
1298881148 -8.62268 41.1482
1298881149 -8.62268 41.1482
1298881150 -8.62268 41.1481
1298881151 -8.62267 41.1481
1298881152 -8.62267 41.1481
1298881153 -8.62266 41.148
1298881154 -8.62266 41.148
1298881155 -8.62266 41.148
1298881156 -8.62266 41.148
1298881157 -8.62267 41.148
1298881158 -8.62267 41.148
1298881159 -8.62267 41.148
1298881160 -8.62268 41.148
1298881161 -8.62268 41.148
1298881162 -8.62268 41.148
1298881163 -8.62268 41.148
1298881164 -8.62268 41.148
1298881165 -8.62268 41.148
1298881166 -8.62268 41.148
1298881167 -8.62268 41.148
1298881168 -8.62269 41.148
1298881169 -8.62269 41.148
1298881170 -8.62269 41.148
1298881171 -8.62269 41.148
1298881172 -8.62269 41.148
1298881173 -8.62269 41.148
1298881174 -8.62269 41.148
1298881175 -8.62269 41.148
1298881176 -8.62269 41.148
1298881177 -8.62269 41.148
1298881178 -8.62269 41.148
1298881179 -8.62269 41.148
1298881180 -8.62269 41.148
1298881181 -8.62269 41.148
1298881182 -8.62269 41.148
1298881183 -8.62269 41.148
1298881184 -8.62269 41.148
1298881185 -8.62269 41.148
1298881186 -8.62269 41.148
1298881187 -8.62269 41.148
1298881188 -8.62269 41.148
1298881189 -8.62269 41.148
1298881190 -8.62269 41.148
1298881191 -8.62269 41.148
1298881192 -8.62269 41.148
1298881193 -8.62269 41.148
1298881194 -8.6227 41.148
1298881195 -8.6227 41.148
1298881196 -8.6227 41.148
1298881197 -8.6227 41.148
1298881198 -8.6227 41.148
1298881199 -8.62271 41.148
1298881200 -8.62271 41.148
