:break:
1298880157 -8.63134 41.1365
1298880158 -8.63138 41.1365
1298880159 -8.63138 41.1366
1298880160 -8.63137 41.1366
1298880161 -8.63138 41.1366
1298880162 -8.63138 41.1366
1298880163 -8.63138 41.1366
1298880164 -8.63139 41.1366
1298880165 -8.6314 41.1366
1298880166 -8.63139 41.1366
1298880167 -8.63139 41.1366
1298880168 -8.63139 41.1366
1298880169 -8.63138 41.1366
1298880170 -8.63137 41.1366
1298880171 -8.63135 41.1366
1298880172 -8.63134 41.1366
1298880173 -8.63133 41.1366
1298880174 -8.63132 41.1366
1298880175 -8.6313 41.1366
1298880176 -8.63128 41.1366
1298880177 -8.63127 41.1366
1298880178 -8.63126 41.1366
1298880179 -8.63125 41.1366
1298880180 -8.63124 41.1366
1298880181 -8.63124 41.1366
1298880182 -8.63124 41.1366
1298880183 -8.63125 41.1366
1298880184 -8.63126 41.1366
1298880185 -8.63126 41.1366
1298880186 -8.63126 41.1366
1298880187 -8.63125 41.1366
1298880188 -8.63125 41.1366
1298880189 -8.63126 41.1366
1298880190 -8.63126 41.1366
1298880191 -8.63126 41.1366
1298880192 -8.63125 41.1366
1298880193 -8.63125 41.1366
1298880194 -8.63124 41.1366
1298880195 -8.63123 41.1366
1298880196 -8.63123 41.1365
1298880197 -8.63123 41.1365
1298880198 -8.63123 41.1365
1298880199 -8.63123 41.1365
1298880200 -8.63122 41.1365
1298880201 -8.63122 41.1365
1298880202 -8.63122 41.1365
1298880203 -8.63122 41.1365
1298880204 -8.63122 41.1365
1298880205 -8.63121 41.1365
1298880206 -8.63121 41.1366
1298880207 -8.63121 41.1366
1298880208 -8.6312 41.1366
1298880209 -8.6312 41.1366
1298880210 -8.6312 41.1366
1298880211 -8.63121 41.1366
1298880212 -8.6312 41.1366
1298880213 -8.63121 41.1366
1298880214 -8.63121 41.1366
1298880215 -8.63122 41.1366
1298880216 -8.63123 41.1366
1298880217 -8.63123 41.1366
1298880218 -8.63123 41.1366
1298880219 -8.63123 41.1366
1298880220 -8.63123 41.1366
1298880221 -8.63124 41.1366
1298880222 -8.63125 41.1366
1298880223 -8.63125 41.1366
1298880224 -8.63125 41.1366
1298880225 -8.63126 41.1366
1298880226 -8.63127 41.1366
1298880227 -8.63127 41.1366
1298880228 -8.63127 41.1366
1298880229 -8.63127 41.1366
1298880230 -8.63126 41.1366
1298880231 -8.63126 41.1366
1298880232 -8.63125 41.1366
1298880233 -8.63124 41.1366
1298880234 -8.63123 41.1366
1298880235 -8.63123 41.1366
1298880236 -8.63122 41.1366
1298880237 -8.6312 41.1365
1298880238 -8.63119 41.1365
1298880239 -8.63118 41.1365
1298880240 -8.63118 41.1365
1298880241 -8.63118 41.1365
1298880242 -8.63119 41.1365
1298880243 -8.63119 41.1365
1298880244 -8.63119 41.1365
1298880245 -8.63119 41.1365
1298880246 -8.63119 41.1365
1298880247 -8.63119 41.1365
1298880248 -8.63119 41.1365
1298880249 -8.6312 41.1365
1298880250 -8.6312 41.1365
1298880251 -8.63121 41.1365
1298880252 -8.63121 41.1365
1298880253 -8.63121 41.1365
1298880254 -8.63121 41.1365
1298880255 -8.63121 41.1365
1298880256 -8.6312 41.1365
1298880257 -8.63121 41.1365
1298880258 -8.63121 41.1365
1298880259 -8.63122 41.1365
1298880260 -8.63122 41.1365
1298880261 -8.63123 41.1365
1298880262 -8.63122 41.1365
1298880263 -8.63122 41.1365
1298880264 -8.63122 41.1365
1298880265 -8.63122 41.1365
1298880266 -8.63121 41.1365
1298880267 -8.63121 41.1365
1298880268 -8.63121 41.1365
1298880269 -8.63122 41.1365
1298880270 -8.63122 41.1365
1298880271 -8.63122 41.1365
1298880272 -8.63121 41.1365
1298880273 -8.63121 41.1365
